1 0.315436 0.433655 0.046980 0.124246
1 0.210291 0.425814 0.031320 0.096502
1 0.115213 0.448130 0.029083 0.104946
1 0.794743 0.808203 0.059284 0.260555
1 0.060403 0.428830 0.024609 0.107358
1 0.035235 0.425814 0.027964 0.110977
1 0.259508 0.434258 0.024609 0.094089
1 0.418345 0.434861 0.040268 0.124246
1 0.552573 0.435464 0.038031 0.127865
7 0.088926 0.449940 0.030201 0.125452
7 0.187360 0.451749 0.030201 0.131484
7 0.282438 0.452955 0.025727 0.124246
7 0.385906 0.453559 0.024609 0.125452
7 0.584452 0.454162 0.025727 0.124246
1 0.508949 0.440893 0.031320 0.078408
7 0.483221 0.452352 0.026846 0.127865