7 0.220660 0.191650 0.145477 0.189409
7 0.323655 0.220790 0.045844 0.048193
7 0.587103 0.569347 0.052567 0.059961
7 0.731510 0.308910 0.159841 0.112356
7 0.803331 0.348697 0.125000 0.088820
7 0.421913 0.646400 0.224022 0.054357
7 0.816167 0.403334 0.129279 0.088820
7 0.839700 0.474082 0.114609 0.085178
7 0.872097 0.516671 0.105440 0.072850
7 0.909535 0.552676 0.121638 0.083217
7 0.859413 0.850378 0.061125 0.097506
1 0.345813 0.218128 0.014976 0.015410
1 0.342910 0.200616 0.016504 0.015130
1 0.526589 0.635332 0.011002 0.013729
1 0.664884 0.341973 0.017421 0.014290
1 0.779493 0.449566 0.013142 0.009807
1 0.753209 0.374335 0.015587 0.012328
7 0.116748 0.051135 0.086186 0.080415