7 0.222353 0.110497 0.101176 0.033149
7 0.411176 0.120626 0.071765 0.101289
7 0.475882 0.259208 0.149412 0.058011
7 0.479412 0.373849 0.090588 0.042357
7 0.154706 0.531768 0.107059 0.054328
7 0.444706 0.578729 0.134118 0.111418
7 0.463529 0.686464 0.258824 0.186924
7 0.529412 0.754144 0.082353 0.055249
7 0.700000 0.868324 0.421176 0.182320
1 0.428824 0.135820 0.029412 0.032228
1 0.426471 0.259669 0.048235 0.022099
1 0.562353 0.926796 0.040000 0.052486
1 0.512353 0.948435 0.052941 0.029466
1 0.514706 0.929098 0.055294 0.029466
1 0.515882 0.914365 0.045882 0.022099
1 0.520588 0.895028 0.060000 0.029466
1 0.512353 0.879374 0.055294 0.027624
1 0.579412 0.869245 0.031765 0.036832
1 0.561765 0.874309 0.024706 0.030387
1 0.637647 0.850368 0.030588 0.035912
1 0.620588 0.905157 0.034118 0.040516
1 0.668235 0.892726 0.021176 0.034070
1 0.734706 0.871547 0.031765 0.039595
1 0.743529 0.826888 0.028235 0.031308
1 0.778235 0.865101 0.022353 0.035912
1 0.841176 0.800645 0.028235 0.026703
1 0.905294 0.777164 0.022353 0.023941
7 0.223529 0.038674 0.075294 0.040516