1 0.222850 0.139618 0.016507 0.028640
7 0.288010 0.455847 0.112076 0.195704
7 0.445699 0.462411 0.104257 0.208831
7 0.846221 0.256563 0.107732 0.035800
7 0.719374 0.104415 0.029540 0.056086
7 0.825369 0.587112 0.114683 0.040573
7 0.813206 0.443317 0.118158 0.060859
7 0.818419 0.794749 0.151173 0.073986
1 0.304952 0.121718 0.015639 0.033413
1 0.930495 0.081146 0.029540 0.023866
1 0.704605 0.099045 0.020851 0.038186
1 0.804083 0.273270 0.025195 0.019093
1 0.304952 0.514320 0.019114 0.052506
7 0.066898 0.541766 0.053866 0.233890