1 0.665882 0.802486 0.016471 0.024862
1 0.322941 0.360958 0.031765 0.014733
1 0.328824 0.287753 0.031765 0.015654
7 0.848824 0.435543 0.060000 0.046041
7 0.753529 0.355893 0.104706 0.043278
7 0.661765 0.284991 0.062353 0.074586
7 0.646471 0.819521 0.031765 0.064457
7 0.494706 0.731584 0.109412 0.069061
7 0.417647 0.651934 0.084706 0.033149
7 0.291176 0.358195 0.078824 0.031308
7 0.284706 0.277164 0.117647 0.046041
7 0.337059 0.177716 0.071765 0.038674
7 0.686471 0.066298 0.085882 0.029466
7 0.400588 0.133517 0.088235 0.040516