7 0.617913 0.646630 0.082630 0.163934
1 0.464415 0.443078 0.026538 0.048270
1 0.481906 0.458106 0.059107 0.111111
1 0.442099 0.423497 0.047045 0.092896
1 0.386309 0.369763 0.022316 0.041894
1 0.397165 0.403005 0.039204 0.075592
1 0.207479 0.211293 0.030157 0.058288
1 0.142943 0.195355 0.022919 0.042805
1 0.091074 0.134335 0.028951 0.050091
1 0.036490 0.115209 0.025935 0.046448
7 0.651387 0.679872 0.073583 0.153916
7 0.570265 0.603370 0.068154 0.163024
7 0.539807 0.576958 0.088058 0.172131
7 0.501508 0.541894 0.082630 0.165756
7 0.463209 0.507286 0.085645 0.173042
7 0.423100 0.468579 0.080217 0.166667
7 0.384801 0.433971 0.082027 0.170310
7 0.333233 0.387523 0.097105 0.183060
7 0.259047 0.320583 0.139324 0.218579
7 0.188179 0.256375 0.091677 0.173953
7 0.132690 0.201730 0.097708 0.177596
7 0.078709 0.152095 0.083836 0.169399
1 0.509047 0.519126 0.026538 0.052823
1 0.560917 0.529144 0.022919 0.041894
1 0.598914 0.566940 0.034982 0.070128
1 0.672497 0.664390 0.051870 0.102914
1 0.764475 0.742259 0.025935 0.049180
1 0.801568 0.825592 0.022919 0.046448
1 0.820265 0.777322 0.025332 0.046448
1 0.849517 0.777778 0.074186 0.138434
1 0.899578 0.836976 0.027141 0.049180
7 0.952654 0.929872 0.068154 0.132969
7 0.909530 0.902550 0.085645 0.156648
7 0.867913 0.872040 0.071170 0.153916
7 0.828408 0.825137 0.083836 0.149362
7 0.694511 0.716758 0.085042 0.174863
7 0.734017 0.751366 0.092883 0.180328
7 0.041315 0.113843 0.080217 0.183971