7 0.639596 0.550691 0.058824 0.052535
7 0.704126 0.656221 0.066725 0.062673
7 0.735294 0.702765 0.069359 0.065438
7 0.763828 0.743779 0.061457 0.057143
7 0.798946 0.791244 0.075505 0.069124
7 0.834065 0.852995 0.071993 0.067281
7 0.863916 0.897235 0.064969 0.065438
7 0.897278 0.947465 0.061457 0.057143
1 0.146620 0.039171 0.084284 0.074654
1 0.171203 0.096313 0.068481 0.061751
1 0.282704 0.052535 0.042142 0.038710
1 0.190079 0.129032 0.044776 0.038710
1 0.295874 0.108756 0.036874 0.049770
1 0.325285 0.105991 0.035996 0.044240
1 0.356014 0.214747 0.060579 0.066359
1 0.339333 0.299539 0.057068 0.071889
1 0.298946 0.298157 0.039508 0.034101
1 0.402107 0.269585 0.036874 0.041475
1 0.435909 0.322581 0.043020 0.047926
1 0.402985 0.434101 0.036874 0.038710
1 0.470588 0.371889 0.040386 0.043318
7 0.600527 0.503226 0.075505 0.068203
7 0.568042 0.447926 0.064969 0.058986
7 0.530729 0.397696 0.071115 0.061751
7 0.511414 0.626728 0.076383 0.081106
7 0.142669 0.068664 0.058824 0.054378
7 0.176910 0.120276 0.058824 0.054378
7 0.205004 0.172350 0.062335 0.062673
7 0.268657 0.272350 0.064969 0.063594
7 0.305531 0.323502 0.063213 0.060829
7 0.341089 0.370968 0.060579 0.054378
7 0.373134 0.424424 0.064969 0.059908
7 0.415277 0.473733 0.064969 0.060829
7 0.447322 0.524424 0.067603 0.068203
7 0.543898 0.675576 0.071115 0.068203
7 0.501756 0.343779 0.071115 0.060829
7 0.573310 0.730876 0.082529 0.075576
7 0.612818 0.770507 0.063213 0.058986
7 0.645742 0.819355 0.057068 0.053456
7 0.667252 0.880645 0.080773 0.074654
7 0.697981 0.927650 0.082529 0.076498
7 0.320457 0.083410 0.089552 0.102304
7 0.379719 0.175576 0.083406 0.085714
7 0.430202 0.243318 0.064969 0.062673
7 0.467076 0.292627 0.061457 0.054378
1 0.227392 0.190323 0.029851 0.030415
1 0.355575 0.165438 0.038630 0.035945
1 0.367867 0.355300 0.026339 0.035945
1 0.359526 0.386175 0.035996 0.033180
1 0.736172 0.766820 0.035996 0.040553
1 0.446005 0.448848 0.038630 0.051613
1 0.459614 0.570507 0.030729 0.029493
1 0.480246 0.582488 0.040386 0.029493
1 0.578578 0.653456 0.033363 0.040553
1 0.640913 0.749309 0.035119 0.047926
1 0.709394 0.846544 0.031607 0.039631
1 0.865672 0.965438 0.038630 0.048848
1 0.837138 0.921659 0.035996 0.044240
1 0.766462 0.816590 0.031607 0.036866
1 0.685250 0.633641 0.043020 0.037788
1 0.666374 0.609677 0.029851 0.019355
1 0.652327 0.601382 0.028095 0.024885
1 0.608867 0.569124 0.035996 0.047005
7 0.093942 0.023963 0.071993 0.046083