1 0.079568 0.869770 0.008841 0.019278
1 0.243615 0.693396 0.024558 0.008614
1 0.276523 0.776251 0.027505 0.007793
1 0.240914 0.775226 0.028978 0.008203
1 0.240422 0.765587 0.028978 0.007793
1 0.274312 0.767022 0.022102 0.006563
1 0.276277 0.755127 0.018173 0.007383
1 0.243615 0.745283 0.028487 0.006563
1 0.277014 0.745898 0.026523 0.007793
1 0.243369 0.734619 0.026031 0.008203
1 0.242633 0.723954 0.030452 0.008203
1 0.243861 0.713290 0.027996 0.007383
1 0.278733 0.714110 0.027996 0.006563
1 0.243124 0.704266 0.026523 0.007383
1 0.277259 0.705701 0.019155 0.006153
1 0.244352 0.683552 0.029961 0.007793
1 0.274804 0.796760 0.024067 0.008614
1 0.278487 0.684372 0.026523 0.007793
1 0.276523 0.673298 0.023576 0.006973
1 0.244106 0.672683 0.030452 0.008203
1 0.241650 0.663864 0.033399 0.006153
1 0.280206 0.662428 0.027014 0.010664
1 0.282417 0.644791 0.013752 0.004922
1 0.281189 0.623872 0.018173 0.005742
1 0.246316 0.622231 0.029961 0.009024
1 0.278733 0.603363 0.020138 0.006563
1 0.282417 0.591058 0.021611 0.005742
1 0.247790 0.590648 0.025049 0.006563
1 0.247790 0.581419 0.025049 0.006973
1 0.278487 0.582445 0.018664 0.005742
1 0.278487 0.786710 0.027505 0.008203
1 0.240422 0.806604 0.029961 0.008614
1 0.343566 0.592699 0.027014 0.007383
1 0.156680 0.794504 0.017682 0.013946
1 0.346022 0.572600 0.023084 0.007383
1 0.381631 0.554553 0.028487 0.009844
1 0.366650 0.539582 0.040766 0.011075
1 0.384332 0.588392 0.032908 0.009434
1 0.339145 0.603979 0.036837 0.008614
1 0.166012 0.567678 0.028487 0.026251
1 0.139980 0.615669 0.009823 0.027892
1 0.166012 0.651354 0.029470 0.023790
1 0.173379 0.661813 0.035363 0.028302
1 0.163310 0.694217 0.028978 0.025021
1 0.168468 0.729902 0.039293 0.033224
1 0.169450 0.746924 0.032417 0.027892
1 0.160609 0.778097 0.034381 0.028712
1 0.173134 0.782609 0.020138 0.017227
1 0.239194 0.816448 0.023576 0.006973
1 0.160609 0.818499 0.033399 0.029122
1 0.173625 0.826087 0.034872 0.027892
1 0.153733 0.866284 0.012770 0.035275
1 0.235511 0.877153 0.024067 0.006973
1 0.241159 0.867514 0.024558 0.009844
1 0.269892 0.869975 0.019155 0.005742
1 0.240422 0.857260 0.025049 0.008203
1 0.273821 0.858080 0.025049 0.006563
1 0.273330 0.837777 0.025049 0.007793
1 0.240177 0.837162 0.028487 0.007383
1 0.239931 0.826702 0.027996 0.007793
1 0.270874 0.829368 0.016208 0.005742
1 0.274804 0.821780 0.023084 0.006973
1 0.249263 0.569524 0.019155 0.006973
1 0.240668 0.559680 0.016699 0.006153
1 0.274558 0.559065 0.039293 0.009024
1 0.155697 0.090033 0.009823 0.033224
1 0.566798 0.344135 0.023576 0.070550
1 0.607809 0.273585 0.086935 0.019688
1 0.668713 0.310090 0.022102 0.095160
1 0.688605 0.311116 0.023576 0.094750
1 0.056974 0.706932 0.019646 0.047990
1 0.057466 0.633306 0.019646 0.054143
1 0.061149 0.559475 0.020138 0.056604
1 0.063114 0.488310 0.020138 0.071780
1 0.064833 0.403610 0.019646 0.065628
1 0.052063 0.150328 0.012770 0.010254
1 0.045187 0.155045 0.020629 0.016407
1 0.053291 0.172067 0.022102 0.014356
1 0.165521 0.093519 0.009823 0.031173
1 0.165275 0.062141 0.012279 0.031583
1 0.044204 0.211034 0.016699 0.006153
1 0.125000 0.048400 0.023084 0.029532
7 0.922642 0.702420 0.012279 0.296555
7 0.889244 0.792453 0.008350 0.126333
7 0.824411 0.677810 0.065324 0.418786
7 0.723723 0.676579 0.083006 0.421247
7 0.596513 0.698934 0.038802 0.393765
7 0.474951 0.689089 0.094303 0.323216
7 0.360511 0.713084 0.070727 0.344135
7 0.255894 0.720673 0.069745 0.322395
7 0.156434 0.716571 0.059430 0.324036
7 0.274558 0.387818 0.020629 0.173503
7 0.162574 0.384742 0.020629 0.174733
7 0.281434 0.167760 0.023576 0.210008
1 0.530697 0.333060 0.016208 0.049221
1 0.514980 0.342904 0.026031 0.068909
1 0.614931 0.348646 0.039293 0.014766
1 0.456778 0.336957 0.031434 0.066038
1 0.035855 0.202830 0.019646 0.012715
1 0.065324 0.208573 0.014735 0.006153
1 0.075884 0.217596 0.019155 0.006153
1 0.084234 0.224979 0.035855 0.008614
1 0.085462 0.235234 0.036346 0.008614
1 0.181729 0.327317 0.031434 0.053322
1 0.181238 0.239130 0.020629 0.064807
1 0.199165 0.240156 0.022102 0.062756
1 0.216601 0.243232 0.020629 0.056604
1 0.267191 0.244873 0.017682 0.042658
1 0.269155 0.191961 0.019646 0.042658
1 0.267436 0.145201 0.024067 0.044299
1 0.271120 0.092084 0.017682 0.053733
1 0.298379 0.085726 0.017191 0.046760
1 0.297642 0.159147 0.022593 0.063167
1 0.294450 0.241181 0.021120 0.064807
1 0.314833 0.230927 0.026523 0.086957
1 0.380894 0.228671 0.036837 0.095570
1 0.405943 0.229491 0.044695 0.093109
1 0.467338 0.228056 0.055501 0.106645
1 0.486984 0.238720 0.043713 0.085316
1 0.256385 0.445857 0.025540 0.066448
1 0.291012 0.429040 0.022102 0.093519
1 0.330796 0.329984 0.025049 0.052092
1 0.350688 0.328138 0.016699 0.044299
1 0.421169 0.334701 0.020138 0.059065
1 0.439342 0.333675 0.027014 0.057014
1 0.347250 0.583880 0.022593 0.006973
1 0.382122 0.611362 0.034381 0.009434
1 0.093566 0.869155 0.010314 0.022149
1 0.681974 0.796760 0.014244 0.029122
1 0.812132 0.598646 0.026031 0.019278
1 0.849705 0.605619 0.039293 0.029122
1 0.807466 0.659147 0.031434 0.028712
1 0.847741 0.683142 0.042240 0.029122
1 0.846267 0.777071 0.019646 0.058655
1 0.157662 0.160993 0.008841 0.025841
1 0.149067 0.160788 0.009332 0.026251
1 0.154224 0.182116 0.025540 0.009024
1 0.743861 0.709803 0.030943 0.020919
1 0.683939 0.732773 0.015226 0.028302
1 0.742878 0.733183 0.012279 0.029122
1 0.683202 0.762920 0.012770 0.030353
1 0.742141 0.764356 0.013752 0.030763
1 0.741405 0.798400 0.014244 0.030763
1 0.810413 0.582034 0.038310 0.027071
1 0.680010 0.836751 0.015226 0.029532
1 0.740914 0.832240 0.015226 0.030353
1 0.679764 0.876128 0.012770 0.030353
1 0.738703 0.865258 0.011788 0.029943
1 0.752701 0.890279 0.037819 0.011895
1 0.632367 0.897252 0.037819 0.011895
1 0.608055 0.877974 0.011788 0.030763
1 0.609037 0.844750 0.013752 0.031583
1 0.574902 0.801477 0.017191 0.045939
1 0.578094 0.746103 0.016699 0.045119
1 0.616405 0.791427 0.025540 0.053733
1 0.589882 0.700164 0.012770 0.041838
1 0.614194 0.645201 0.010314 0.023790
1 0.848723 0.583060 0.034381 0.029943
1 0.851670 0.544709 0.037328 0.022149
1 0.345039 0.624897 0.023084 0.006973
1 0.710462 0.643970 0.034872 0.023790
1 0.067289 0.866284 0.008841 0.022149
1 0.048379 0.843724 0.013261 0.039377
1 0.049116 0.799836 0.011788 0.029532
1 0.051572 0.756563 0.013752 0.031583
1 0.936149 0.888433 0.018664 0.057424
1 0.905452 0.881255 0.010314 0.030763
1 0.803291 0.852543 0.019155 0.046349
1 0.840864 0.880025 0.017682 0.052912
1 0.881139 0.855209 0.008841 0.018868
1 0.883104 0.820345 0.011788 0.028712
1 0.709971 0.685603 0.027014 0.022559
1 0.707760 0.669401 0.037328 0.021329
1 0.708251 0.656071 0.032417 0.026661
1 0.746071 0.656891 0.035363 0.025021
1 0.811640 0.528712 0.037819 0.024610
1 0.747053 0.642535 0.036346 0.024200
1 0.746316 0.620591 0.029961 0.019688
1 0.745088 0.582855 0.023576 0.017227
1 0.708988 0.565628 0.037819 0.021329
1 0.713654 0.555373 0.035363 0.025431
1 0.750000 0.543478 0.031434 0.022149
1 0.717338 0.516612 0.026031 0.029122
1 0.748772 0.516202 0.028978 0.031583
1 0.708497 0.482978 0.012279 0.026661
1 0.735020 0.462674 0.061395 0.013126
1 0.844303 0.513331 0.021611 0.013536
1 0.803536 0.488515 0.019646 0.032814
1 0.859528 0.485029 0.013752 0.031583
1 0.595285 0.595775 0.008841 0.020098
1 0.616650 0.600492 0.014244 0.031993
1 0.593320 0.562141 0.017682 0.022559
1 0.384823 0.728876 0.013261 0.004922
1 0.374754 0.841879 0.033399 0.010254
1 0.338654 0.818909 0.023084 0.007793
1 0.338163 0.809065 0.025049 0.006153
1 0.368124 0.804963 0.018173 0.006153
1 0.337917 0.797375 0.023576 0.006563
1 0.338900 0.788966 0.017682 0.006153
1 0.378193 0.795939 0.033399 0.009434
1 0.339637 0.777071 0.026031 0.007793
1 0.373527 0.783429 0.027014 0.008203
1 0.339882 0.768048 0.025540 0.006973
1 0.375491 0.772970 0.032908 0.009434
1 0.340619 0.747539 0.021120 0.007793
1 0.375246 0.750615 0.019646 0.005742
1 0.338409 0.714520 0.016699 0.004922
1 0.616405 0.567473 0.011788 0.024200
1 0.340373 0.695447 0.026523 0.008614
1 0.343566 0.706727 0.024067 0.007383
1 0.377210 0.714930 0.031434 0.008203
1 0.377701 0.703856 0.026523 0.008203
1 0.378193 0.691756 0.035363 0.009434
1 0.341601 0.687039 0.017191 0.005742
1 0.340619 0.674323 0.016208 0.005742
1 0.380648 0.681296 0.037328 0.009844
1 0.341356 0.665505 0.025540 0.007793
1 0.378684 0.657506 0.029470 0.008203
1 0.341601 0.644791 0.026031 0.007383
1 0.344548 0.634126 0.024067 0.007383
1 0.380403 0.634742 0.034872 0.009434
1 0.374018 0.853979 0.031925 0.007383
1 0.338163 0.849672 0.023084 0.007793
1 0.338654 0.871206 0.023084 0.006563
1 0.389980 0.892125 0.020629 0.008203
1 0.597741 0.525841 0.010806 0.036916
1 0.619352 0.529737 0.012770 0.040607
1 0.611739 0.505127 0.018173 0.006973
1 0.464145 0.544709 0.034381 0.027892
1 0.503193 0.558860 0.034872 0.029122
1 0.460707 0.562961 0.043222 0.038966
1 0.496807 0.587572 0.033890 0.028302
1 0.459234 0.606645 0.034381 0.031173
1 0.496316 0.631665 0.038802 0.031173
1 0.456041 0.671862 0.036837 0.034454
1 0.453340 0.687449 0.033399 0.030353
1 0.497053 0.711444 0.039293 0.033224
1 0.450393 0.729081 0.033399 0.029122
1 0.455796 0.757178 0.035363 0.031173
1 0.491650 0.758409 0.030452 0.027071
1 0.454568 0.773790 0.029961 0.025021
1 0.453094 0.799221 0.035855 0.031583
1 0.445727 0.812551 0.034872 0.031173
1 0.476424 0.831419 0.006876 0.012305
1 0.491159 0.799016 0.035363 0.029532
1 0.493861 0.815012 0.029961 0.025431
1 0.569990 0.875308 0.022102 0.052502
1 0.543959 0.895201 0.037819 0.011075
1 0.489440 0.866489 0.013261 0.031583
1 0.503438 0.893150 0.040275 0.011895
1 0.416994 0.892740 0.032417 0.009434
1 0.391208 0.885972 0.013261 0.005742
7 0.155943 0.157916 0.043713 0.225595