7 0.976722 0.539359 0.044005 0.052660
7 0.864158 0.422638 0.104592 0.083062
7 0.828125 0.350163 0.112883 0.098806
7 0.755740 0.293431 0.088010 0.075461
7 0.654018 0.366721 0.097577 0.185125
7 0.495536 0.289359 0.119898 0.128122
7 0.460140 0.352606 0.177934 0.091748
7 0.528380 0.444625 0.106505 0.058632
7 0.441008 0.554560 0.095026 0.052660
7 0.442921 0.637351 0.049107 0.041260
7 0.501276 0.683496 0.088010 0.071661
7 0.529656 0.834962 0.052934 0.039088
7 0.163265 0.831433 0.019133 0.068947
7 0.129145 0.826276 0.040179 0.070575
7 0.069515 0.821390 0.016582 0.065147
7 0.019452 0.798317 0.037628 0.048317