7 0.967155 0.266135 0.016488 0.083593
7 0.539780 0.678849 0.060455 0.112753
7 0.112667 0.888997 0.055745 0.080482
7 0.127584 0.852061 0.056791 0.073484
7 0.161999 0.800933 0.090029 0.108087
7 0.226511 0.699844 0.050510 0.152411
7 0.265899 0.665047 0.046585 0.127916
7 0.301492 0.639580 0.033499 0.147745
7 0.341534 0.601477 0.031929 0.143857
7 0.546846 0.627527 0.042659 0.074650
7 0.875425 0.251166 0.058623 0.090202
7 0.581523 0.602061 0.029835 0.062597
7 0.623135 0.567457 0.028788 0.063375
7 0.650353 0.542574 0.035069 0.064152
7 0.690919 0.503305 0.048155 0.073484
7 0.738027 0.477255 0.073279 0.102255
7 0.757524 0.407271 0.052604 0.048600
7 0.792594 0.360809 0.043182 0.066096
7 0.808165 0.335731 0.068045 0.083593
7 0.825308 0.288103 0.056791 0.071540