1 0.954057 0.169143 0.009547 0.028846
7 0.434964 0.786713 0.014320 0.027972
7 0.456146 0.287150 0.024463 0.119755
7 0.430191 0.283654 0.029833 0.121503
7 0.407816 0.277098 0.025656 0.122378
7 0.378282 0.281906 0.020286 0.105769
7 0.342482 0.276661 0.022673 0.107517
7 0.695704 0.829545 0.015513 0.026224
7 0.675716 0.825612 0.020883 0.025350
7 0.681683 0.763112 0.093675 0.057692
7 0.652745 0.819493 0.021480 0.032343
7 0.558174 0.806381 0.014916 0.028846
7 0.462112 0.791521 0.014916 0.027098
7 0.412888 0.782780 0.015513 0.027098
7 0.489558 0.715035 0.013723 0.034965
7 0.383055 0.780157 0.014320 0.028846
7 0.367243 0.776661 0.011337 0.027098
7 0.335024 0.772290 0.012530 0.025350
7 0.312053 0.765734 0.019093 0.034965
7 0.288186 0.767483 0.015513 0.022727
7 0.256265 0.762238 0.012530 0.020979
7 0.241050 0.759178 0.014320 0.023601
7 0.244630 0.685315 0.020286 0.033217
7 0.265215 0.683566 0.013723 0.040210
7 0.293854 0.688811 0.013723 0.038462
7 0.317422 0.690997 0.011933 0.037587
7 0.475835 0.284528 0.025656 0.111014
7 0.501193 0.279283 0.029833 0.131993
7 0.527745 0.270542 0.025656 0.142483
7 0.554594 0.266171 0.024463 0.152972
7 0.213902 0.327360 0.042363 0.081294
7 0.192124 0.350087 0.042959 0.083042
7 0.159606 0.372815 0.038783 0.070804
7 0.125298 0.434003 0.052506 0.060315
7 0.097852 0.524476 0.045346 0.031469
7 0.122912 0.649476 0.029833 0.048951
7 0.109487 0.790210 0.034010 0.050699
7 0.098150 0.859703 0.030430 0.053322
7 0.094570 0.932255 0.026850 0.055070
7 0.180788 0.749126 0.015513 0.022727
7 0.980907 0.197115 0.015513 0.039336
7 0.943317 0.180944 0.017900 0.050699
7 0.878878 0.156469 0.021480 0.048951
7 0.802804 0.141171 0.019690 0.046329
7 0.780728 0.150350 0.012530 0.043706
7 0.835621 0.144668 0.032816 0.051573
7 0.748210 0.160402 0.047733 0.060315
7 0.703759 0.169580 0.013723 0.050699
7 0.674224 0.178759 0.014320 0.048077
7 0.643795 0.184441 0.015513 0.050699
7 0.619332 0.259615 0.027446 0.145105
7 0.600239 0.271416 0.023866 0.121503
7 0.573986 0.266608 0.026253 0.146853
7 0.337411 0.697115 0.014916 0.027098
7 0.508652 0.718094 0.014916 0.034091
1 0.796539 0.133304 0.014320 0.034091
1 0.347554 0.705857 0.010143 0.025350
1 0.573986 0.799825 0.010740 0.026224
1 0.549523 0.798951 0.010740 0.027972
1 0.512232 0.795892 0.010143 0.023601
1 0.479714 0.777535 0.017900 0.014860
1 0.453162 0.788024 0.010143 0.025350
1 0.445704 0.718531 0.010740 0.036713
1 0.373807 0.706731 0.012530 0.037587
1 0.394093 0.711976 0.008950 0.025350
1 0.419749 0.716346 0.007757 0.025350
1 0.404236 0.779720 0.011337 0.022727
1 0.312351 0.765734 0.012530 0.027972
1 0.309666 0.697552 0.009547 0.027972
7 0.465990 0.711538 0.013126 0.033217
1 0.260740 0.706294 0.015513 0.015734
1 0.221659 0.753497 0.008950 0.026224
1 0.192124 0.745629 0.007160 0.024476
1 0.708532 0.769231 0.010143 0.026224
1 0.725239 0.772290 0.007757 0.023601
1 0.082637 0.944930 0.008950 0.027972
1 0.107697 0.651224 0.022076 0.036713
1 0.187947 0.312500 0.016706 0.027098
1 0.213007 0.296329 0.016706 0.027972
1 0.714200 0.151661 0.010740 0.034091
1 0.760740 0.145105 0.009547 0.029720
1 0.608890 0.805070 0.008950 0.024476
1 0.621718 0.809878 0.007160 0.030594
1 0.681384 0.760927 0.009547 0.027098
1 0.673628 0.763112 0.009547 0.026224
7 0.412291 0.705420 0.013126 0.034965
7 0.387232 0.701486 0.010740 0.035839
7 0.366050 0.700175 0.012530 0.040210
7 0.556086 0.725524 0.016706 0.038462
7 0.584427 0.727710 0.012530 0.032343
7 0.614857 0.744318 0.026850 0.034091
7 0.213604 0.677885 0.011933 0.023601
1 0.652148 0.169580 0.010740 0.031469
1 0.666766 0.167395 0.008950 0.028846
1 0.590095 0.208479 0.010740 0.027098
1 0.563246 0.200612 0.009547 0.025350
1 0.539379 0.208479 0.008353 0.027098
1 0.553699 0.200612 0.008353 0.021853
1 0.451969 0.235577 0.007757 0.018357
1 0.438842 0.240385 0.011337 0.027972
1 0.402446 0.236014 0.010143 0.024476
1 0.526850 0.744755 0.020286 0.013986
1 0.553401 0.747815 0.017303 0.013112
1 0.566229 0.733392 0.008353 0.024476
1 0.576372 0.739073 0.009547 0.025350
1 0.621122 0.755245 0.017900 0.015734
1 0.643795 0.756993 0.010740 0.033217
1 0.664678 0.760052 0.010740 0.030594
7 0.293258 0.272727 0.019690 0.113636