7 0.953143 0.759377 0.013714 0.168494
7 0.442381 0.221581 0.016952 0.174264
7 0.116476 0.350837 0.020000 0.342758
7 0.185714 0.277553 0.028190 0.480092
7 0.224857 0.235430 0.030286 0.466244
7 0.297048 0.243220 0.016190 0.272937
7 0.342476 0.188690 0.019048 0.228505
7 0.373714 0.218696 0.019048 0.211194
7 0.414000 0.213791 0.009333 0.215234
7 0.470857 0.221870 0.014857 0.224466
7 0.926476 0.467975 0.035429 0.592037
7 0.552667 0.233122 0.034476 0.310444
7 0.610095 0.422966 0.016000 0.139642
7 0.685524 0.277553 0.036952 0.474322
7 0.779524 0.565782 0.023429 0.170225
7 0.824762 0.404501 0.033143 0.440854
7 0.843619 0.625216 0.010286 0.175995
7 0.876190 0.618580 0.011048 0.213503
7 0.066190 0.312752 0.028381 0.468552