1 0.194909 0.110604 0.036595 0.010642
1 0.607001 0.100722 0.015911 0.015964
1 0.636436 0.126568 0.022275 0.020525
1 0.624503 0.121247 0.012729 0.011403
1 0.609785 0.121627 0.018298 0.015964
1 0.597056 0.121247 0.021480 0.018244
1 0.583134 0.118776 0.019093 0.015583
1 0.569212 0.115355 0.018298 0.014063
1 0.554495 0.114975 0.019093 0.014823
1 0.541766 0.112125 0.015911 0.013683
1 0.513126 0.108704 0.017502 0.014443
1 0.648767 0.104333 0.019889 0.017864
1 0.620127 0.100722 0.018298 0.019004
1 0.593477 0.098062 0.019093 0.017484
1 0.669053 0.104713 0.030231 0.027746
1 0.579554 0.096731 0.016706 0.014063
1 0.565632 0.093691 0.020684 0.018624
1 0.552108 0.093120 0.017502 0.014443
1 0.538186 0.094071 0.013524 0.011022
1 0.523469 0.090460 0.017502 0.013683
1 0.510740 0.085519 0.022275 0.019764
1 0.881464 0.081528 0.031822 0.008742
1 0.653540 0.133789 0.015115 0.017484
1 0.544948 0.156404 0.035004 0.008742
1 0.541368 0.224439 0.015115 0.011783
1 0.432776 0.275371 0.020684 0.017864
1 0.418457 0.275181 0.014320 0.012163
1 0.439141 0.228620 0.011138 0.009502
1 0.451870 0.231661 0.017502 0.014823
1 0.465394 0.231851 0.014320 0.010642
1 0.503580 0.237552 0.019093 0.013683
1 0.515513 0.241543 0.023866 0.019384
1 0.531822 0.242113 0.019889 0.015203
1 0.545346 0.243824 0.015115 0.011022
1 0.562450 0.242303 0.028640 0.023945
1 0.554097 0.226530 0.018298 0.014443
1 0.514718 0.221209 0.019093 0.015203
1 0.528640 0.166857 0.029435 0.007602
1 0.500796 0.220068 0.016706 0.013683
1 0.487271 0.217218 0.016706 0.014823
1 0.461018 0.214367 0.018298 0.014443
1 0.434368 0.211136 0.019093 0.014063
1 0.454654 0.172178 0.019889 0.016724
1 0.516706 0.179970 0.021480 0.017864
1 0.530628 0.179780 0.017502 0.013683
1 0.543755 0.183960 0.023071 0.018244
1 0.573190 0.187381 0.023071 0.018244
1 0.592681 0.187761 0.020684 0.017484
1 0.560064 0.170658 0.027049 0.007602
1 0.120923 0.189852 0.019093 0.006461
7 0.239459 0.671608 0.182975 0.025086
7 0.466587 0.702775 0.038982 0.010642
7 0.450278 0.725960 0.049324 0.019004
7 0.446301 0.742873 0.041368 0.011022
7 0.424821 0.769669 0.041368 0.013683
7 0.420843 0.791904 0.052506 0.014823
7 0.397375 0.873812 0.031026 0.012163
7 0.159109 0.961612 0.047733 0.038008
7 0.204057 0.892436 0.078759 0.063094
7 0.243039 0.797986 0.056484 0.011783
7 0.307478 0.723489 0.015115 0.029266
7 0.231901 0.697834 0.185362 0.025086
7 0.320605 0.613075 0.125696 0.042569
7 0.488862 0.662866 0.046937 0.011403
7 0.346062 0.564044 0.122514 0.042569
7 0.370326 0.514253 0.121718 0.042569
7 0.389419 0.458951 0.131265 0.037628
7 0.345664 0.289434 0.115354 0.020144
7 0.400557 0.404599 0.143994 0.047510
7 0.435561 0.350057 0.136038 0.050171
7 0.483691 0.291904 0.168656 0.058533
7 0.486078 0.227290 0.165473 0.050171
7 0.501591 0.176359 0.183771 0.044850
7 0.531026 0.150513 0.169451 0.022805
7 0.572792 0.106423 0.190931 0.066135
7 0.485282 0.683200 0.089101 0.025466
7 0.507160 0.644812 0.051710 0.017104
7 0.787192 0.257317 0.061257 0.015964
7 0.959029 0.034208 0.080350 0.041809
7 0.918854 0.065374 0.070008 0.016724
7 0.916866 0.082288 0.070804 0.014063
7 0.900159 0.096541 0.088305 0.022045
7 0.870326 0.113835 0.058870 0.017104
7 0.852426 0.143672 0.072395 0.025086
7 0.845664 0.165716 0.070008 0.014443
7 0.835720 0.183960 0.069212 0.015964
7 0.826969 0.207716 0.085123 0.022425
7 0.812649 0.223299 0.083532 0.026986
7 0.799523 0.241923 0.063644 0.015583
7 0.774861 0.279552 0.038186 0.023185
7 0.527049 0.626948 0.094670 0.032307
7 0.733492 0.305777 0.035004 0.041429
7 0.725537 0.347586 0.074781 0.030027
7 0.709228 0.366971 0.080350 0.016344
7 0.687351 0.384835 0.076372 0.023945
7 0.637232 0.418852 0.042959 0.045610
7 0.624901 0.455340 0.081941 0.023565
7 0.591488 0.474914 0.031026 0.021665
7 0.602228 0.493729 0.046142 0.013683
7 0.600239 0.520715 0.073986 0.028126
7 0.565235 0.556823 0.085123 0.048651
7 0.531822 0.594831 0.051710 0.040289
1 0.462609 0.278601 0.024662 0.018244
1 0.509149 0.283542 0.023866 0.018244
1 0.551313 0.291714 0.017502 0.014823
1 0.616150 0.418092 0.035800 0.012163
1 0.173429 0.115165 0.033413 0.008362
1 0.175418 0.097491 0.048528 0.011783
1 0.162689 0.106994 0.040573 0.009502
1 0.388624 0.137020 0.029435 0.015583
1 0.361973 0.135500 0.028640 0.014063
1 0.340891 0.135310 0.021480 0.012163
1 0.307080 0.108704 0.044551 0.008362
1 0.893795 0.074876 0.032617 0.010642
1 0.661496 0.402699 0.019889 0.007222
1 0.627685 0.407830 0.025457 0.009122
1 0.530628 0.576777 0.031822 0.009502
1 0.197693 0.139301 0.024662 0.011022
1 0.368735 0.610034 0.013524 0.010642
1 0.462609 0.677879 0.024662 0.008742
1 0.461814 0.688712 0.029435 0.009882
1 0.387430 0.872862 0.027049 0.008742
1 0.391806 0.912201 0.038982 0.012163
1 0.387430 0.919232 0.036595 0.011022
1 0.384248 0.925884 0.035004 0.010642
1 0.377088 0.933295 0.035004 0.011022
1 0.364360 0.954200 0.028640 0.009502
1 0.198886 0.920753 0.031822 0.007982
1 0.199682 0.911631 0.036595 0.008742
1 0.204455 0.144622 0.028640 0.017864
1 0.244232 0.146142 0.015911 0.018624
1 0.539379 0.317750 0.014320 0.011403
1 0.153938 0.306727 0.007160 0.009122
1 0.098648 0.186621 0.022275 0.006842
1 0.089101 0.200114 0.017502 0.011783
1 0.038186 0.235462 0.019093 0.004181
1 0.038982 0.210946 0.023866 0.006081
1 0.070008 0.212467 0.019093 0.004561
1 0.064041 0.220258 0.021480 0.005701
1 0.113365 0.243444 0.029435 0.005701
1 0.109387 0.248005 0.024662 0.004941
1 0.113365 0.312049 0.008751 0.009122
1 0.168258 0.306537 0.008751 0.010262
1 0.161098 0.305207 0.007160 0.010642
1 0.145982 0.308438 0.010342 0.011022
1 0.037391 0.153934 0.022275 0.012923
1 0.133254 0.311669 0.010342 0.010642
1 0.105012 0.311288 0.007955 0.009122
1 0.039777 0.316610 0.011138 0.009122
1 0.022673 0.315849 0.008751 0.008362
1 0.015115 0.316040 0.009547 0.009502
1 0.007558 0.316040 0.010342 0.009502
1 0.128481 0.321931 0.023071 0.004561
1 0.162291 0.320981 0.025457 0.004941
1 0.036993 0.227290 0.029435 0.005321
1 0.079157 0.229190 0.026253 0.006842
1 0.099045 0.196123 0.031026 0.014443
1 0.209626 0.897567 0.021480 0.005701
1 0.215593 0.891866 0.041368 0.012543
1 0.216388 0.884835 0.030231 0.009882
1 0.406126 0.355188 0.016706 0.012543
1 0.420843 0.417332 0.017502 0.013683
1 0.443914 0.401558 0.020684 0.016344
1 0.445505 0.422273 0.017502 0.015964
1 0.468576 0.413341 0.027049 0.025466
1 0.448290 0.340745 0.023071 0.018624
1 0.473349 0.344546 0.019093 0.015583
1 0.486874 0.346826 0.020684 0.016344
1 0.502784 0.349107 0.017502 0.015583
1 0.493636 0.368301 0.023071 0.020525
1 0.436356 0.360129 0.018298 0.015583
1 0.418854 0.358609 0.018298 0.015583
1 0.224344 0.877233 0.041368 0.011403
1 0.303103 0.295705 0.015911 0.020525
1 0.319809 0.292854 0.011138 0.015583
1 0.338902 0.296655 0.017502 0.023185
1 0.352824 0.294375 0.013524 0.019384
1 0.371122 0.295515 0.018298 0.023185
1 0.389021 0.295135 0.019093 0.022425
1 0.406523 0.294375 0.022275 0.019384
1 0.437947 0.297415 0.023071 0.019384
1 0.483294 0.301786 0.019889 0.015964
1 0.510740 0.307298 0.022275 0.018624
1 0.526651 0.309768 0.023866 0.020525
1 0.429992 0.400418 0.015115 0.012543
1 0.394988 0.412391 0.016706 0.012163
1 0.381066 0.410870 0.015911 0.012923
1 0.377884 0.392626 0.017502 0.015203
1 0.224741 0.869251 0.037391 0.009882
1 0.236675 0.853858 0.029435 0.008742
1 0.288783 0.699734 0.011138 0.009882
1 0.207239 0.671418 0.011933 0.009502
1 0.159905 0.668757 0.012729 0.011783
1 0.313842 0.731661 0.016706 0.017484
1 0.293556 0.599772 0.017502 0.012163
1 0.325776 0.606613 0.013524 0.012923
1 0.320605 0.554162 0.014320 0.010642
1 0.326571 0.570696 0.016706 0.013303
1 0.386237 0.576587 0.015115 0.011403
1 0.368337 0.576587 0.017502 0.012923
1 0.408115 0.567465 0.025457 0.022045
1 0.317820 0.519194 0.019889 0.016724
1 0.332140 0.520144 0.011933 0.009502
1 0.350040 0.520334 0.014320 0.012923
1 0.379475 0.524895 0.014320 0.010642
1 0.396579 0.526036 0.011933 0.010642
1 0.401750 0.509502 0.014320 0.013303
1 0.437550 0.463132 0.025457 0.020144
1 0.390613 0.458951 0.014320 0.011022
1 0.363166 0.454580 0.019889 0.015203
1 0.355211 0.408020 0.015115 0.011783
7 0.495625 0.043710 0.241846 0.057013