7 0.562203 0.463501 0.021247 0.045624
7 0.589880 0.490706 0.010064 0.018925
7 0.617696 0.498986 0.015935 0.027374
7 0.638664 0.506252 0.013699 0.024333
7 0.660330 0.513518 0.012860 0.018587
7 0.679480 0.520277 0.015376 0.018587
7 0.704501 0.530585 0.015656 0.019601
7 0.752866 0.537006 0.012301 0.020953
7 0.773973 0.548327 0.015376 0.028050
7 0.794660 0.570801 0.014817 0.014870
7 0.851132 0.600710 0.027118 0.030754
7 0.879368 0.637209 0.037182 0.027374
7 0.902712 0.829672 0.021806 0.022981
7 0.867487 0.908753 0.032429 0.044610
7 0.779424 0.905711 0.021806 0.033795
7 0.747554 0.897770 0.014537 0.021967
7 0.725748 0.887631 0.014537 0.017911
7 0.700028 0.875634 0.014537 0.012842
7 0.682695 0.862454 0.020129 0.023657
7 0.657115 0.844711 0.008107 0.011828
7 0.314649 0.307874 0.011462 0.018249
7 0.174448 0.105441 0.018451 0.016222
7 0.196254 0.151403 0.023483 0.023657
7 0.208415 0.176242 0.029354 0.025346
7 0.220436 0.205306 0.028795 0.021291
7 0.230780 0.228118 0.034945 0.027712
7 0.246156 0.262251 0.035505 0.030416
7 0.272016 0.286414 0.024042 0.030754
7 0.277467 0.306691 0.019290 0.032781
7 0.299273 0.297736 0.009785 0.013518
7 0.334778 0.360595 0.011462 0.020277
7 0.354906 0.370057 0.016494 0.026360
7 0.380347 0.385434 0.019290 0.022643
7 0.398379 0.395573 0.012860 0.023319
7 0.413195 0.408922 0.013978 0.018249
7 0.442270 0.421933 0.016774 0.024670
7 0.469667 0.425989 0.010064 0.021291
7 0.487839 0.429199 0.016774 0.029740
7 0.509226 0.436803 0.013140 0.021967
7 0.540257 0.450152 0.021526 0.035823
7 0.643276 0.839811 0.017333 0.021629
7 0.621890 0.839473 0.014817 0.012166
7 0.596310 0.827644 0.018451 0.022305
7 0.577439 0.806860 0.013699 0.015208
7 0.316606 0.701081 0.017613 0.022643
7 0.555773 0.791822 0.007269 0.009463
7 0.533827 0.786752 0.020967 0.019601
7 0.522225 0.773741 0.006710 0.009801
7 0.466313 0.756844 0.013978 0.017236
7 0.449679 0.752619 0.010903 0.012166
7 0.440593 0.745353 0.008387 0.007773
7 0.419765 0.735891 0.012021 0.020615
7 0.400895 0.732342 0.016215 0.016222
7 0.379228 0.722541 0.013699 0.012842
7 0.302209 0.742312 0.018451 0.020615
7 0.280542 0.759378 0.015935 0.017574
7 0.292703 0.750084 0.011742 0.018587
7 0.277327 0.778641 0.014537 0.012842
7 0.262650 0.811423 0.080235 0.037175
7 0.166900 0.086516 0.017333 0.016898