8 0.740625 0.788000 0.017250 0.017000
8 0.543500 0.524250 0.011000 0.014500
8 0.717875 0.334000 0.018750 0.012000
8 0.722375 0.340375 0.021250 0.015250
8 0.905375 0.546125 0.012250 0.027750
2 0.811125 0.853000 0.011750 0.013500
2 0.819750 0.864625 0.012000 0.012750
8 0.504125 0.882500 0.017250 0.013000
8 0.458125 0.680250 0.011250 0.005500
8 0.449875 0.642875 0.012250 0.019250
8 0.445375 0.627500 0.009750 0.010500
8 0.537875 0.512625 0.010250 0.011750
8 0.540875 0.518375 0.009750 0.012750
8 0.546375 0.530375 0.010750 0.015250
8 0.548000 0.538625 0.009500 0.012250
8 0.558375 0.272500 0.009250 0.027500
8 0.538625 0.282250 0.012750 0.033500
8 0.569500 0.594875 0.011500 0.013750
8 0.587250 0.640750 0.012500 0.008500
8 0.623125 0.695000 0.010750 0.020500
8 0.708250 0.751375 0.009000 0.008750
8 0.768000 0.820000 0.009000 0.010000
8 0.790000 0.846750 0.014500 0.019000
8 0.141875 0.668500 0.018750 0.009000
2 0.904000 0.107500 0.012500 0.013000