0 0.678237 0.920605 0.015395 0.036186
0 0.222253 0.346743 0.013436 0.030226
0 0.261721 0.868668 0.013996 0.034483
0 0.218684 0.589613 0.013296 0.032354
0 0.219244 0.550447 0.013576 0.031503
0 0.220994 0.512133 0.010637 0.031503
0 0.221484 0.422946 0.011617 0.031077
0 0.221484 0.385696 0.011896 0.033206
0 0.222253 0.308642 0.011756 0.029800
0 0.275297 0.785015 0.013436 0.041720
0 0.223303 0.269476 0.013856 0.031503
0 0.222813 0.230098 0.014556 0.029374
0 0.190413 0.298212 0.013856 0.032780
0 0.189363 0.375053 0.013996 0.032354
0 0.189013 0.449979 0.012736 0.031503
0 0.171029 0.512346 0.010357 0.041294
0 0.254164 0.726266 0.012876 0.038314
0 0.272008 0.715837 0.010777 0.032780
0 0.187754 0.623031 0.013576 0.030226
0 0.281316 0.123457 0.013156 0.029800
0 0.307838 0.440613 0.013856 0.031503
0 0.307348 0.408685 0.012876 0.029800
0 0.307628 0.339719 0.012036 0.028097
0 0.326522 0.234355 0.014556 0.042997
0 0.310497 0.271818 0.011337 0.025968
0 0.322533 0.128778 0.013576 0.028523
0 0.276137 0.239464 0.011197 0.027671
0 0.271938 0.678587 0.010637 0.033206
0 0.276977 0.273946 0.010357 0.022563
0 0.273828 0.444444 0.013016 0.028948
0 0.273898 0.501277 0.012316 0.028523
0 0.273618 0.536611 0.013156 0.033631
0 0.273758 0.607493 0.012316 0.032354
0 0.272568 0.643891 0.010497 0.031928
0 0.170189 0.587484 0.011756 0.043423
0 0.217915 0.666667 0.013716 0.030651
0 0.632400 0.915070 0.012456 0.031928
0 0.048705 0.777778 0.011477 0.027246
0 0.087264 0.480417 0.016095 0.047254
0 0.106018 0.538101 0.014696 0.037463
0 0.103639 0.587484 0.013856 0.034057
0 0.068439 0.584291 0.012316 0.049808
0 0.101889 0.725628 0.014836 0.034483
0 0.101959 0.767348 0.015255 0.039591
0 0.046606 0.729246 0.010637 0.032354
0 0.070469 0.336100 0.014976 0.045551
0 0.050665 0.604300 0.013156 0.030226
0 0.050105 0.565134 0.013436 0.031928
0 0.052834 0.426564 0.011057 0.027246
0 0.053884 0.391443 0.014556 0.037037
0 0.052344 0.355470 0.009517 0.025543
0 0.051714 0.284376 0.009657 0.024691
0 0.070329 0.420817 0.013296 0.045551
0 0.102589 0.229885 0.012036 0.034057
0 0.188244 0.702001 0.015395 0.037463
0 0.136249 0.378459 0.013576 0.034908
0 0.151505 0.746701 0.012176 0.044274
0 0.124003 0.854619 0.014276 0.028523
0 0.133590 0.688591 0.014696 0.036186
0 0.134570 0.527033 0.014696 0.034908
0 0.137159 0.488506 0.013996 0.031928
0 0.135549 0.425713 0.014136 0.029800
0 0.136949 0.331418 0.013576 0.031928
0 0.106858 0.263729 0.013576 0.031928
0 0.136739 0.255215 0.013436 0.033631
0 0.137579 0.219242 0.010357 0.029800
0 0.138209 0.183695 0.013296 0.032780
0 0.107068 0.384845 0.013996 0.034057
0 0.107348 0.342060 0.014556 0.037037
0 0.105738 0.302469 0.013296 0.031928
0 0.304269 0.539591 0.011197 0.027671
0 0.303849 0.574926 0.011756 0.031928
0 0.303499 0.612175 0.011896 0.028097
0 0.480896 0.634100 0.015675 0.038740
0 0.598950 0.715411 0.019454 0.062580
0 0.599720 0.500213 0.009517 0.026394
0 0.597131 0.078544 0.009657 0.021711
0 0.570749 0.112175 0.014556 0.037037
0 0.527152 0.244998 0.006578 0.021711
0 0.512316 0.567263 0.010777 0.034483
0 0.480336 0.683482 0.011756 0.031928
0 0.629951 0.835036 0.012316 0.028523
0 0.481176 0.733078 0.013436 0.030651
0 0.478936 0.830992 0.014276 0.035760
0 0.447166 0.827586 0.011197 0.033206
0 0.450315 0.777991 0.009937 0.030226
0 0.423723 0.695615 0.015255 0.047680
0 0.483345 0.395062 0.011617 0.031503
0 0.600280 0.775862 0.012876 0.031077
0 0.634920 0.707535 0.028411 0.073223
0 0.302939 0.646871 0.012176 0.031928
0 0.903289 0.365262 0.015115 0.047680
0 0.599930 0.839719 0.018894 0.050660
0 0.838978 0.172414 0.015815 0.050234
0 0.903709 0.187527 0.010637 0.035334
0 0.917215 0.184547 0.015255 0.053214
0 0.952974 0.197105 0.023233 0.066411
0 0.916865 0.108983 0.015395 0.030651
0 0.950665 0.312899 0.009657 0.034057
0 0.751784 0.094934 0.015815 0.032354
0 0.878027 0.184547 0.010497 0.041294
0 0.864381 0.177735 0.014836 0.048957
0 0.800770 0.177735 0.010497 0.040443
0 0.787894 0.174542 0.012736 0.043423
0 0.775577 0.173904 0.008817 0.037037
0 0.806928 0.099404 0.012736 0.023414
0 0.483275 0.345892 0.010357 0.022563
0 0.482785 0.297573 0.011337 0.030651
0 0.454094 0.293955 0.013296 0.032780
0 0.387824 0.638144 0.015675 0.044274
0 0.388943 0.457003 0.012036 0.035334
0 0.389433 0.504044 0.009377 0.022137
0 0.390203 0.570668 0.013156 0.034483
0 0.358642 0.586845 0.015255 0.043848
0 0.358293 0.619200 0.008677 0.025117
0 0.356683 0.654321 0.011617 0.031503
0 0.387264 0.673691 0.013156 0.031928
0 0.484255 0.199447 0.011197 0.021711
0 0.386634 0.701788 0.012456 0.032780
0 0.398041 0.883355 0.013716 0.032354
0 0.356893 0.764155 0.011197 0.030651
0 0.345766 0.726692 0.008537 0.021286
0 0.302239 0.718817 0.013016 0.030226
0 0.303289 0.684334 0.012036 0.029374
0 0.388803 0.422307 0.011197 0.028097
0 0.361232 0.425287 0.008118 0.020434
0 0.360182 0.394423 0.010777 0.024266
0 0.390483 0.356322 0.013436 0.027246
0 0.359272 0.368242 0.008677 0.019583
0 0.360462 0.342912 0.011057 0.024266
0 0.359832 0.316518 0.008677 0.024266
0 0.359972 0.291826 0.008118 0.020860
0 0.390483 0.285015 0.010077 0.025117
0 0.360182 0.266709 0.008537 0.020009
0 0.360322 0.242656 0.009937 0.027246
0 0.390553 0.258834 0.010217 0.023840
0 0.381526 0.134738 0.013716 0.031077
0 0.421204 0.137080 0.012176 0.028948
0 0.507978 0.069817 0.011337 0.026394
0 0.519104 0.138995 0.012316 0.032780
0 0.452274 0.196892 0.013296 0.031077
0 0.054304 0.202427 0.012316 0.029374