1 0.255337 0.484835 0.009551 0.054228
1 0.051404 0.414982 0.007303 0.006434
1 0.071348 0.335478 0.005618 0.016544
1 0.028933 0.185202 0.011798 0.015625
1 0.101685 0.456801 0.006742 0.016544
1 0.103652 0.329044 0.005056 0.018382
1 0.100281 0.385110 0.009551 0.018382
1 0.241292 0.510110 0.005056 0.016544
1 0.245787 0.502757 0.003933 0.014706
1 0.368258 0.518382 0.008427 0.022059
1 0.122753 0.394301 0.046629 0.465074
2 0.566573 0.669118 0.018539 0.027574
2 0.584831 0.655331 0.017978 0.027574
2 0.597472 0.681985 0.010674 0.016544
2 0.603933 0.704963 0.010112 0.014706
2 0.571910 0.703125 0.014607 0.018382
2 0.592978 0.714614 0.014045 0.019301
2 0.578371 0.726103 0.014045 0.018382
7 0.187921 0.409926 0.106180 0.621324
7 0.051966 0.786765 0.101685 0.194853
2 0.526124 0.793199 0.016292 0.023897
1 0.364888 0.417279 0.014045 0.027574