7 0.137749 0.881460 0.044961 0.015587
7 0.113307 0.814192 0.012372 0.015587
8 0.747586 0.449549 0.394387 0.164069
8 0.851841 0.445447 0.190706 0.108285
8 0.658570 0.515997 0.197043 0.091879
8 0.118588 0.651354 0.079662 0.047580
8 0.118739 0.683757 0.082981 0.046760
7 0.136844 0.278917 0.023838 0.016407
7 0.147858 0.329779 0.024744 0.032814
7 0.133826 0.458983 0.017803 0.010664
7 0.121907 0.511895 0.024744 0.009844
7 0.113911 0.535275 0.017200 0.017227
7 0.118135 0.599262 0.014786 0.017227
7 0.117230 0.761280 0.006940 0.011485