1 0.320781 0.868453 0.044630 0.041413
1 0.603905 0.559683 0.036262 0.042631
1 0.759414 0.168088 0.059972 0.017052
1 0.755927 0.176614 0.058577 0.014616
1 0.753835 0.185749 0.054393 0.018270
1 0.746862 0.194884 0.051604 0.014616
1 0.750349 0.207065 0.047420 0.012180
1 0.751743 0.215591 0.058577 0.012180
1 0.750349 0.225335 0.055788 0.007308
1 0.713389 0.208283 0.012552 0.046285
1 0.746165 0.235688 0.055788 0.008526
1 0.665969 0.472594 0.051604 0.031669
1 0.423291 0.693666 0.032078 0.042631
1 0.311715 0.860536 0.046025 0.040195
1 0.412134 0.688185 0.034868 0.046285
1 0.375174 0.636419 0.061367 0.035323
1 0.370293 0.642509 0.057183 0.032887
1 0.353556 0.644945 0.054393 0.030451
1 0.347978 0.649208 0.051604 0.026797
1 0.343096 0.655907 0.055788 0.030451
1 0.339609 0.665043 0.057183 0.031669
1 0.336123 0.672351 0.052999 0.029233
1 0.336820 0.681486 0.057183 0.032887
1 0.331241 0.690621 0.054393 0.031669
1 0.762901 0.160171 0.058577 0.015834