2 0.275918 0.566793 0.005434 0.004948
1 0.183004 0.341967 0.072593 0.029686
1 0.254727 0.320431 0.046946 0.020373
1 0.360465 0.550204 0.020213 0.096333
1 0.373614 0.475262 0.038253 0.140861
1 0.311128 0.431170 0.020648 0.098079
1 0.328950 0.524884 0.014127 0.060827
1 0.321887 0.522410 0.016083 0.069849
2 0.271789 0.567811 0.004999 0.005239
1 0.178113 0.384168 0.060204 0.026193
2 0.264182 0.570285 0.005868 0.004948
2 0.259617 0.570867 0.004564 0.004948
2 0.384156 0.753201 0.006303 0.008149
2 0.656379 0.579889 0.006955 0.008440
2 0.243534 0.410797 0.024560 0.024156
2 0.269289 0.422439 0.024343 0.026484
1 0.220930 0.069558 0.061074 0.028522
7 0.232015 0.080035 0.005868 0.015134
2 0.275049 0.458673 0.024560 0.026193
2 0.301348 0.542782 0.002825 0.003492
1 0.423821 0.474534 0.025647 0.099243
1 0.434797 0.461438 0.036731 0.137078
2 0.303521 0.537544 0.002391 0.003492
2 0.300696 0.538853 0.003260 0.003201
2 0.298087 0.538999 0.002391 0.003492
2 0.295588 0.540600 0.003043 0.003201
2 0.303956 0.541764 0.002825 0.004948
2 0.298413 0.543655 0.003478 0.003492
7 0.139970 0.105937 0.006520 0.017462
2 0.295697 0.543801 0.002825 0.003783
2 0.293849 0.544820 0.002173 0.003492
2 0.291350 0.545256 0.002825 0.003783
2 0.288850 0.546857 0.003912 0.002910
7 0.085742 0.117579 0.016735 0.009313
2 0.248968 0.447177 0.025864 0.024738
2 0.254075 0.481374 0.024777 0.025029
7 0.460769 0.522555 0.035644 0.159197
2 0.208976 0.551077 0.018909 0.017753
2 0.194088 0.652648 0.025212 0.025320
2 0.168442 0.657305 0.020430 0.017753
2 0.145729 0.663417 0.019344 0.017171
2 0.214084 0.586583 0.019126 0.017753
2 0.191154 0.592549 0.024995 0.024447
2 0.164747 0.600407 0.025212 0.024447
2 0.138122 0.607538 0.025864 0.024738
2 0.185394 0.557334 0.025647 0.023283
2 0.179635 0.693830 0.019344 0.018044
2 0.158661 0.565047 0.025647 0.025320
2 0.132580 0.572031 0.026081 0.024156
2 0.206586 0.484866 0.031515 0.036088
2 0.168442 0.495634 0.033906 0.034924
2 0.131167 0.505384 0.033254 0.034633
2 0.199196 0.434808 0.032384 0.034924
2 0.161704 0.445285 0.033906 0.035506
2 0.153119 0.697905 0.025429 0.026193
2 0.202021 0.688446 0.019778 0.018917
2 0.280483 0.493452 0.024995 0.025902
2 0.260052 0.813882 0.033688 0.035797
2 0.260052 0.517462 0.024560 0.025611
2 0.271137 0.553696 0.011085 0.009604
2 0.258639 0.557189 0.011302 0.009022
2 0.300478 0.691211 0.034558 0.034924
2 0.302869 0.741851 0.034123 0.036088
2 0.294827 0.791909 0.033254 0.034342
2 0.287546 0.849680 0.033471 0.035797
2 0.256466 0.756839 0.034340 0.036380
2 0.171702 0.758149 0.032167 0.034924
2 0.249294 0.706927 0.033906 0.034924
2 0.223321 0.873399 0.033688 0.036671
2 0.216257 0.823196 0.032167 0.037544
2 0.187568 0.857538 0.032602 0.036380
2 0.209194 0.780268 0.024560 0.025029
2 0.179309 0.807771 0.033471 0.034633
2 0.202891 0.744907 0.025429 0.025320
7 0.366225 0.522846 0.040426 0.201688
1 0.464138 0.454453 0.038470 0.139406
2 0.801674 0.697905 0.007607 0.007567
7 0.981634 0.482829 0.004999 0.009895
1 0.480439 0.499127 0.005434 0.037253
1 0.748207 0.049476 0.009780 0.006403
1 0.535970 0.626455 0.020865 0.072468
1 0.537818 0.819412 0.008042 0.012515
1 0.498696 0.940192 0.004130 0.009604
1 0.528581 0.700087 0.014779 0.062573
1 0.523038 0.692229 0.015866 0.063737
7 0.473267 0.099971 0.010215 0.007276
1 0.469463 0.122672 0.017388 0.071304
1 0.463052 0.131548 0.023691 0.097788
1 0.456966 0.135186 0.014562 0.064319
1 0.452076 0.147410 0.023038 0.097497
1 0.446207 0.155995 0.017822 0.077416
2 0.124429 0.456781 0.031950 0.034633