2 0.774096 0.923378 0.062847 0.070756
1 0.591761 0.951822 0.110378 0.066844
1 0.627608 0.311822 0.123977 0.311111
2 0.402561 0.886756 0.024030 0.025600
2 0.421112 0.766933 0.020993 0.022756
2 0.399063 0.814667 0.031027 0.029689
2 0.438606 0.674667 0.024030 0.024178
2 0.372062 0.706311 0.035120 0.036267
2 0.333047 0.714400 0.042910 0.044267
2 0.356087 0.565600 0.026934 0.035022
2 0.442105 0.434667 0.020993 0.025600
2 0.429562 0.456356 0.018088 0.025600
2 0.410549 0.452178 0.022049 0.028267
2 0.386586 0.459644 0.021917 0.026844
2 0.370082 0.482578 0.025086 0.035022
2 0.341035 0.485156 0.033008 0.037689
2 0.276076 0.473067 0.029047 0.032356
2 0.406588 0.310844 0.047927 0.055289
2 0.328558 0.231644 0.051888 0.064711
2 0.280103 0.253956 0.055057 0.065956
2 0.342553 0.122578 0.043966 0.059200
2 0.300106 0.144089 0.043042 0.053867
2 0.775152 0.856444 0.031951 0.033244
2 0.456826 0.751111 0.021653 0.018489
2 0.492078 0.732533 0.021125 0.017956
2 0.464748 0.778222 0.019805 0.019378
2 0.401835 0.692711 0.022841 0.017956
2 0.420055 0.683378 0.022049 0.018844
2 0.455704 0.667200 0.021257 0.018844
2 0.473858 0.661244 0.017164 0.015467
2 0.488645 0.653956 0.017428 0.015111
2 0.504027 0.646667 0.017032 0.015467
2 0.405532 0.667289 0.022577 0.017956
2 0.423158 0.658667 0.022181 0.018489
2 0.441114 0.650311 0.022181 0.018844
2 0.458542 0.642578 0.022445 0.018667
2 0.476367 0.633333 0.019805 0.017956
2 0.495379 0.626133 0.022709 0.019911
2 0.518748 0.639822 0.017164 0.013867
2 0.387048 0.675822 0.023633 0.017600
2 0.309216 0.626756 0.041986 0.041067
2 0.349419 0.614756 0.032348 0.030578
2 0.377608 0.599644 0.027462 0.030578
2 0.410549 0.587022 0.031027 0.030578
2 0.439860 0.573333 0.029179 0.027733
2 0.467058 0.561067 0.029971 0.027022
2 0.430948 0.526311 0.022445 0.021156
2 0.474122 0.740622 0.021125 0.018844
2 0.439134 0.759911 0.021917 0.018311
2 0.402759 0.779644 0.022577 0.019022
2 0.744917 0.868711 0.031687 0.032889
2 0.750594 0.831200 0.024558 0.025067
2 0.724518 0.831467 0.024690 0.024533
2 0.518286 0.840533 0.016504 0.015644
2 0.399723 0.918222 0.025482 0.020622
2 0.422168 0.907822 0.022049 0.017956
2 0.442105 0.898578 0.022313 0.019378
2 0.462239 0.891289 0.019012 0.016889
2 0.447056 0.871822 0.019541 0.015644
2 0.469501 0.866667 0.017692 0.015289
2 0.490692 0.876356 0.017824 0.014400
2 0.485345 0.852889 0.016636 0.015111
2 0.502112 0.852444 0.017428 0.014222
2 0.526208 0.876533 0.012015 0.011200
2 0.528981 0.858578 0.008846 0.008356
2 0.427185 0.878844 0.021257 0.019022
2 0.383153 0.897511 0.024294 0.021511
2 0.378334 0.927644 0.024690 0.022400
2 0.360246 0.824089 0.041326 0.043200
2 0.426657 0.802222 0.028387 0.026133
2 0.485279 0.779200 0.021785 0.018489
2 0.451347 0.795022 0.022577 0.019556
2 0.381304 0.782756 0.022709 0.020622
2 0.453657 0.525689 0.024030 0.020267
2 0.470029 0.508800 0.024030 0.021333
2 0.409031 0.541956 0.029575 0.027556
2 0.382163 0.554844 0.029707 0.027733
1 0.654938 0.087467 0.028651 0.019200
1 0.652693 0.080444 0.030235 0.020089
1 0.662398 0.097067 0.128070 0.071467
1 0.680156 0.107822 0.098363 0.060267
1 0.637972 0.218844 0.045419 0.070044
1 0.900977 0.433422 0.010562 0.033422
1 0.708476 0.061067 0.047003 0.030400
1 0.613480 0.132267 0.039741 0.027022
2 0.501650 0.552356 0.008318 0.007822
7 0.486467 0.964089 0.036044 0.060444
2 0.432202 0.400889 0.021785 0.023111
2 0.328624 0.579200 0.028519 0.028089
2 0.303340 0.577867 0.020201 0.019022
2 0.311460 0.510133 0.027462 0.030044
2 0.284988 0.509244 0.031027 0.034311
2 0.297795 0.457422 0.030235 0.032711
2 0.328162 0.449333 0.029971 0.031111
2 0.350607 0.430133 0.029443 0.030400
2 0.373779 0.430756 0.022973 0.021333
2 0.396290 0.417689 0.025482 0.022578
2 0.411804 0.399289 0.024822 0.021333
2 0.358397 0.332089 0.043966 0.051911
7 0.579813 0.924622 0.029707 0.055822
2 0.311460 0.354578 0.043834 0.051022
2 0.265051 0.376444 0.042910 0.051733
2 0.231780 0.279111 0.051360 0.056533
2 0.375165 0.211556 0.052416 0.056889
2 0.381172 0.105422 0.044626 0.047644
2 0.209203 0.189689 0.050832 0.056889
2 0.257526 0.164356 0.043966 0.056711