7 0.875440 0.277967 0.062182 0.222981
1 0.452092 0.232082 0.008604 0.023512
1 0.378373 0.456959 0.013688 0.012893
1 0.936449 0.629503 0.023856 0.016686
1 0.595033 0.191126 0.059054 0.016686
7 0.598749 0.288775 0.061009 0.181646
7 0.485139 0.308495 0.059054 0.133106
7 0.871725 0.353242 0.035980 0.004171
1 0.887955 0.160030 0.055925 0.017444
1 0.929605 0.683921 0.020336 0.020099
1 0.735041 0.179560 0.048103 0.017065
7 0.569613 0.503982 0.008213 0.011377
7 0.568831 0.536595 0.007431 0.010618
7 0.511146 0.232461 0.004693 0.021236
7 0.484357 0.231703 0.004302 0.021236
7 0.457567 0.231703 0.003911 0.021236
7 0.733086 0.283276 0.076261 0.197194
1 0.753422 0.200986 0.026985 0.010618
1 0.711185 0.199279 0.030113 0.010239
1 0.754986 0.217103 0.037935 0.013273
1 0.752640 0.232272 0.034024 0.010997
1 0.753226 0.249526 0.034415 0.015169
1 0.711185 0.249336 0.028549 0.010239
1 0.752444 0.296928 0.035980 0.013652
1 0.578217 0.225446 0.029331 0.010239
1 0.707665 0.313045 0.033242 0.010997
1 0.705710 0.379029 0.026203 0.008722
1 0.706101 0.344141 0.030896 0.010997
1 0.679507 0.396094 0.019163 0.011756
1 0.575675 0.209708 0.028940 0.010618
1 0.621040 0.226962 0.033633 0.012514
1 0.574892 0.255783 0.030504 0.009480
1 0.616738 0.256731 0.029722 0.011377
1 0.578999 0.268487 0.025420 0.010618
1 0.613805 0.286500 0.022292 0.009480
1 0.580759 0.286310 0.024247 0.007584
1 0.578999 0.315510 0.023856 0.008343
1 0.578217 0.326507 0.019945 0.007584
1 0.747947 0.359499 0.030113 0.010618
1 0.756942 0.379788 0.045757 0.017823
1 0.753813 0.345658 0.041064 0.014790
1 0.806609 0.922450 0.021510 0.022374
1 0.840438 0.757490 0.018772 0.026166
1 0.834376 0.551574 0.020727 0.023132
1 0.875049 0.184680 0.040282 0.013652
1 0.873680 0.219568 0.036762 0.011377
1 0.872311 0.239477 0.034024 0.013273
1 0.868987 0.274744 0.041455 0.013273
1 0.870747 0.309063 0.039499 0.014410
1 0.868792 0.326128 0.037935 0.012893
1 0.867423 0.344900 0.044583 0.012514
1 0.935862 0.728290 0.018772 0.015548
1 0.899687 0.835798 0.018381 0.022753
1 0.858623 0.864240 0.020727 0.022753
1 0.867814 0.971179 0.022683 0.021995
1 0.614978 0.330110 0.028549 0.011756
1 0.608526 0.345848 0.021901 0.008343
1 0.577434 0.344520 0.026985 0.009480
1 0.468518 0.304133 0.021118 0.008343
1 0.461087 0.751232 0.014079 0.029579
1 0.465780 0.370686 0.025811 0.010239
1 0.497262 0.357603 0.019945 0.008343
1 0.468518 0.344710 0.020336 0.008343
1 0.498240 0.345089 0.026594 0.010618
1 0.498827 0.331437 0.022292 0.009101
1 0.468322 0.332196 0.024638 0.013652
1 0.467736 0.319113 0.019554 0.007964
1 0.501955 0.305461 0.023856 0.010239
1 0.572155 0.359499 0.032069 0.012893
1 0.470082 0.293136 0.020336 0.008343
1 0.500978 0.292567 0.025811 0.009480
1 0.503911 0.280243 0.026203 0.009101
1 0.500000 0.267539 0.025420 0.010997
1 0.469887 0.265453 0.023856 0.012135
1 0.469887 0.253129 0.023074 0.009480
1 0.501564 0.252939 0.023856 0.009101
1 0.505280 0.226394 0.009386 0.025028
1 0.490418 0.232651 0.007822 0.018582
1 0.477513 0.226583 0.010168 0.027683
1 0.464803 0.230186 0.008213 0.023512
1 0.612632 0.375047 0.024638 0.008343
1 0.570004 0.373341 0.027767 0.010239
1 0.612045 0.358362 0.027376 0.009860