2 0.481329 0.754617 0.059246 0.056430
7 0.125314 0.118673 0.117774 0.235294
7 0.222262 0.160397 0.182406 0.199726
7 0.367145 0.317202 0.174865 0.167237
1 0.672711 0.680917 0.096589 0.071819
7 0.676840 0.696990 0.142190 0.093023
1 0.636086 0.411765 0.232316 0.300274
2 0.384022 0.830198 0.058528 0.055746
2 0.328546 0.924077 0.016517 0.016416
2 0.328725 0.881669 0.041293 0.039672
1 0.450090 0.522914 0.008977 0.011628
1 0.390844 0.668605 0.006822 0.008208
2 0.398743 0.744699 0.024776 0.024282
7 0.022262 0.186047 0.028007 0.045144