2 0.835188 0.447613 0.006359 0.005259
2 0.389507 0.626416 0.015898 0.011731
2 0.448331 0.582524 0.010599 0.007282
2 0.441706 0.591828 0.010069 0.008091
2 0.422629 0.580502 0.018548 0.014563
2 0.410175 0.596076 0.015898 0.012540
2 0.431638 0.604773 0.015368 0.012136
2 0.400636 0.610437 0.015898 0.012136
2 0.421834 0.618932 0.014838 0.011327
2 0.411235 0.634911 0.015898 0.011731
2 0.398516 0.650485 0.015898 0.012136
2 0.436142 0.403115 0.016958 0.013350
2 0.378378 0.642193 0.014838 0.011731
2 0.332538 0.593244 0.021728 0.016586
2 0.316905 0.614684 0.022258 0.017395
2 0.375994 0.687298 0.014308 0.011327
2 0.354266 0.679207 0.014308 0.011327
2 0.365395 0.701659 0.016428 0.010922
2 0.344727 0.692961 0.016428 0.012136
2 0.356386 0.716222 0.015368 0.011731
2 0.454690 0.573018 0.008479 0.007686
2 0.432962 0.564320 0.019078 0.013754
2 0.461049 0.564118 0.009539 0.007686
2 0.467939 0.554409 0.009539 0.007686
2 0.448066 0.427184 0.014308 0.010518
2 0.425013 0.418285 0.014838 0.011327
2 0.405140 0.410194 0.012189 0.010518
2 0.429783 0.454288 0.020138 0.015372
2 0.403021 0.443770 0.021728 0.016990
2 0.377054 0.433859 0.021728 0.017395
2 0.416004 0.474110 0.021198 0.016181
2 0.389772 0.463997 0.021728 0.016990
2 0.395866 0.503034 0.021198 0.015777
2 0.369104 0.492314 0.020668 0.016990
2 0.382353 0.523261 0.020668 0.015777
2 0.355591 0.511529 0.022258 0.016586
2 0.330154 0.502225 0.021198 0.016586
2 0.330949 0.546926 0.015368 0.012136
2 0.350556 0.549555 0.015368 0.010922
2 0.366985 0.556028 0.011129 0.009304
2 0.444356 0.548746 0.018548 0.013350
2 0.334923 0.707727 0.015898 0.011731
2 0.325649 0.722290 0.015368 0.012540
2 0.346847 0.730380 0.015368 0.011731
2 0.213037 0.729773 0.016958 0.012945
2 0.192634 0.722087 0.017488 0.012945
2 0.211977 0.785396 0.027557 0.021440
2 0.177530 0.772047 0.028617 0.022249
2 0.193959 0.811489 0.027557 0.021845
2 0.159512 0.798139 0.028617 0.022654
2 0.177001 0.838390 0.027557 0.021440
2 0.142289 0.824231 0.028087 0.021440
2 0.159512 0.864684 0.027557 0.021440
2 0.124536 0.850728 0.027557 0.021845
2 0.141229 0.890777 0.027027 0.021036
2 0.106518 0.876820 0.027557 0.021440
2 0.122946 0.917071 0.028617 0.021036
2 0.088500 0.902710 0.028617 0.021440
2 0.202703 0.706513 0.016428 0.013350
2 0.223370 0.714199 0.016428 0.012540
2 0.316110 0.736448 0.016428 0.012540
2 0.243243 0.722290 0.016958 0.012540
2 0.337308 0.744741 0.015368 0.012136
2 0.306836 0.750809 0.015898 0.012136
2 0.328299 0.759709 0.015368 0.011327
2 0.318495 0.774070 0.015898 0.012540
2 0.296767 0.764968 0.015898 0.012136
2 0.290938 0.606998 0.018018 0.012540
2 0.304452 0.588794 0.017488 0.014159
2 0.269740 0.598503 0.018018 0.013350
2 0.279014 0.680623 0.020668 0.015777
2 0.292528 0.661812 0.020138 0.015372
2 0.267621 0.651699 0.020138 0.015372
2 0.242183 0.642193 0.020138 0.015777
2 0.254902 0.670914 0.020138 0.015777
2 0.229995 0.661003 0.020138 0.015372
2 0.253312 0.745550 0.015898 0.013754
2 0.263911 0.729976 0.015898 0.013350
2 0.232644 0.737662 0.015898 0.012540
2 0.415474 0.394822 0.012719 0.009709
2 0.458400 0.412015 0.016958 0.013350
1 0.940382 0.028722 0.070482 0.024272
2 0.479597 0.493932 0.015898 0.012136
2 0.562533 0.370146 0.015368 0.012945
2 0.575517 0.394215 0.015898 0.011731
2 0.552199 0.385518 0.015898 0.012136
2 0.524642 0.468851 0.015898 0.012136
2 0.501590 0.460154 0.016428 0.013350
2 0.512719 0.485841 0.016428 0.012136
2 0.490726 0.477144 0.015898 0.012540
2 0.501590 0.502832 0.016428 0.012945
2 0.489931 0.519215 0.015368 0.011731
2 0.319025 0.325040 0.014838 0.012540
2 0.467144 0.511327 0.015368 0.011327
2 0.571277 0.244134 0.008479 0.006877
2 0.560148 0.239482 0.009539 0.007282
2 0.547695 0.234830 0.012189 0.009304
2 0.563858 0.257079 0.008479 0.006877
2 0.552464 0.252629 0.009009 0.006877
2 0.540011 0.247775 0.011659 0.009304
2 0.539746 0.291464 0.007949 0.006877
2 0.584791 0.378843 0.015368 0.012540
2 0.573927 0.353155 0.015898 0.011327
2 0.596449 0.361853 0.016428 0.012540
2 0.585851 0.335963 0.015368 0.012540
2 0.654213 0.276294 0.015368 0.012136
2 0.631691 0.267799 0.015898 0.012136
2 0.642289 0.293487 0.015898 0.011731
2 0.620032 0.285396 0.014838 0.011731
2 0.692369 0.306432 0.017488 0.013350
2 0.630631 0.310477 0.015898 0.012540
2 0.608638 0.301780 0.015368 0.012136
2 0.618972 0.327468 0.015898 0.011731
2 0.683095 0.327670 0.018018 0.012945
2 0.674351 0.346076 0.017488 0.012540
2 0.625331 0.409992 0.018018 0.014159
2 0.639905 0.432646 0.017488 0.014159
2 0.616852 0.426578 0.019078 0.013350
2 0.511924 0.979773 0.006359 0.005663
2 0.515898 0.971885 0.007949 0.006068
2 0.597244 0.318568 0.015898 0.012540
2 0.607843 0.344256 0.015898 0.012136
2 0.528352 0.286812 0.008479 0.006472
2 0.546900 0.280138 0.008479 0.006877
2 0.535771 0.276092 0.008479 0.006877
2 0.425013 0.260316 0.012719 0.010113
2 0.447536 0.228155 0.012189 0.009709
2 0.420244 0.217233 0.012719 0.009709
2 0.408850 0.233414 0.013249 0.010518
2 0.398516 0.249393 0.012719 0.010113
2 0.378378 0.224717 0.020138 0.016586
2 0.378378 0.344660 0.015898 0.012136
2 0.358506 0.336772 0.016428 0.012540
2 0.387652 0.329895 0.016428 0.012540
2 0.368574 0.322209 0.016428 0.012540
2 0.397986 0.315534 0.015898 0.012136
2 0.378113 0.307443 0.015368 0.012945
2 0.407525 0.300769 0.015898 0.012540
2 0.387387 0.292880 0.015898 0.012136
2 0.358241 0.266990 0.015898 0.012136
2 0.348172 0.281351 0.015898 0.012540
2 0.338633 0.296117 0.015898 0.012136
2 0.329094 0.310680 0.015898 0.012136
2 0.436407 0.243932 0.013249 0.009709
2 0.438262 0.366505 0.014838 0.012136
2 0.516163 0.281958 0.011659 0.008900
2 0.447006 0.350526 0.018548 0.014159
2 0.523582 0.271238 0.011659 0.009304
2 0.500530 0.277104 0.014308 0.010518
2 0.509274 0.264968 0.013778 0.010518
2 0.492846 0.258495 0.013778 0.010518
2 0.484102 0.270631 0.013249 0.010518
2 0.512189 0.336772 0.015368 0.011731
2 0.522523 0.321400 0.015898 0.012540
2 0.493376 0.329490 0.015898 0.011731
2 0.503445 0.313714 0.015898 0.012540
2 0.484367 0.306028 0.015898 0.012540
2 0.465819 0.298948 0.013778 0.011327
2 0.474563 0.322006 0.016428 0.012945
2 0.454955 0.314118 0.015368 0.011731
2 0.489401 0.367718 0.016428 0.012945
2 0.479862 0.382686 0.015368 0.012136
2 0.468733 0.359426 0.017488 0.014159
2 0.457870 0.373989 0.015898 0.012540