2 0.576336 0.292473 0.039186 0.032380
1 0.349873 0.717830 0.021883 0.051304
1 0.337659 0.717410 0.022901 0.048780
1 0.371247 0.817283 0.033079 0.069386
1 0.398219 0.925568 0.024936 0.054668
2 0.566158 0.248318 0.039186 0.033221
2 0.609415 0.234020 0.020865 0.017241
2 0.614758 0.259672 0.021374 0.017241
2 0.621374 0.285324 0.021374 0.017241
2 0.586768 0.336627 0.039695 0.032380
2 0.627226 0.310976 0.020865 0.016400
2 0.633588 0.336417 0.021374 0.017662
2 0.681934 0.526283 0.031552 0.025652
1 0.359033 0.675988 0.036132 0.009672
1 0.358779 0.669260 0.036641 0.008831
1 0.357761 0.662742 0.034606 0.007569
1 0.358270 0.656224 0.035623 0.007990
1 0.358524 0.649495 0.036132 0.007149
1 0.394656 0.650547 0.024936 0.011775
1 0.391603 0.644659 0.022901 0.011775
1 0.389313 0.636880 0.023410 0.010513
2 0.470992 0.558032 0.021883 0.018503
2 0.504580 0.350925 0.040204 0.032380
2 0.446819 0.361228 0.039695 0.032801
2 0.494911 0.306770 0.039186 0.033221
2 0.483969 0.262195 0.040712 0.032380
2 0.420356 0.110597 0.018321 0.015980
2 0.389313 0.120479 0.019338 0.017241
2 0.359542 0.130572 0.018830 0.016400
2 0.318830 0.148024 0.038168 0.031960
2 0.271247 0.164214 0.039695 0.032380