2 0.799047 0.653819 0.006144 0.007475
1 0.277013 0.167718 0.069280 0.096239
1 0.299576 0.302616 0.010169 0.015183
1 0.293750 0.011563 0.020127 0.019855
1 0.334640 0.344779 0.054449 0.069143
1 0.322246 0.051507 0.042373 0.055828
1 0.265148 0.326442 0.006568 0.006307
1 0.284216 0.159075 0.018432 0.024293
7 0.264831 0.284046 0.011017 0.010278
7 0.255826 0.279257 0.009958 0.009110
1 0.236123 0.281126 0.005297 0.005373
7 0.275953 0.292221 0.009110 0.005139
1 0.270233 0.298295 0.006144 0.006073
1 0.270339 0.321887 0.006356 0.006541
1 0.271186 0.299696 0.005085 0.004672
1 0.252119 0.316398 0.003814 0.003971
1 0.253390 0.315230 0.005085 0.004438
1 0.254343 0.314179 0.004449 0.003737
1 0.255508 0.313245 0.005085 0.004205
1 0.364513 0.393016 0.011653 0.012847
1 0.406568 0.168535 0.042797 0.055361
1 0.462924 0.248540 0.057203 0.074749
2 0.793326 0.658841 0.006144 0.007241
1 0.158263 0.174142 0.011864 0.011913
1 0.160275 0.176010 0.007415 0.007241
1 0.168962 0.169937 0.007415 0.007708
1 0.131568 0.171222 0.003390 0.005606
1 0.130508 0.172390 0.003390 0.006073
7 0.166949 0.134782 0.023729 0.031301
1 0.185699 0.174726 0.005297 0.005139
1 0.177648 0.167134 0.009110 0.009110
1 0.111441 0.163396 0.005085 0.005840
1 0.113665 0.161644 0.006144 0.006073
1 0.167585 0.142840 0.005508 0.007708
1 0.169068 0.145410 0.006356 0.007241
1 0.171610 0.147279 0.005085 0.005840
1 0.114619 0.159893 0.004661 0.004438
1 0.125000 0.172039 0.002542 0.004438
1 0.127013 0.146461 0.004449 0.003737
1 0.127966 0.147395 0.004237 0.003737
1 0.167161 0.248306 0.006356 0.009344
1 0.169915 0.247839 0.008051 0.011680
1 0.172140 0.246321 0.007415 0.009577
1 0.174153 0.245036 0.007627 0.009344
1 0.137818 0.178930 0.006568 0.007008
1 0.148411 0.166550 0.009110 0.009344
1 0.146716 0.164798 0.009958 0.009577
1 0.162924 0.136183 0.006780 0.007942
7 0.118114 0.087947 0.010805 0.015183
1 0.122352 0.088414 0.009110 0.012380
1 0.117373 0.083742 0.006780 0.008176
7 0.143326 0.103948 0.020551 0.018687
1 0.152331 0.109904 0.003390 0.006307
1 0.162288 0.123569 0.016949 0.021957
1 0.156886 0.124504 0.006144 0.007942
1 0.155297 0.125905 0.005508 0.007475
1 0.164195 0.134548 0.005508 0.007008
1 0.161653 0.137585 0.006356 0.007942
7 0.143114 0.165732 0.018856 0.017052
1 0.160064 0.139103 0.006144 0.007708
1 0.133369 0.141556 0.008263 0.008409
1 0.134958 0.142840 0.007203 0.006774
1 0.136229 0.144943 0.008898 0.008176
1 0.144915 0.158374 0.008898 0.008409
1 0.146081 0.160710 0.008686 0.008409
1 0.151695 0.128591 0.005932 0.007708
1 0.150106 0.129993 0.005720 0.008176
1 0.153814 0.126723 0.004237 0.006307
1 0.175742 0.243401 0.007839 0.009344
1 0.178284 0.242233 0.008686 0.010278
1 0.175742 0.262088 0.005297 0.009811
1 0.211017 0.274819 0.003814 0.005373
1 0.217585 0.254613 0.013559 0.018220
1 0.213136 0.251927 0.007627 0.009577
1 0.211758 0.254263 0.008263 0.009577
1 0.195763 0.275403 0.001695 0.006073
1 0.211229 0.271782 0.005085 0.006307
1 0.213347 0.269096 0.005085 0.004672
1 0.216208 0.265943 0.005720 0.005840
1 0.219492 0.263256 0.004661 0.005139
1 0.197246 0.275169 0.001271 0.004205
7 0.237076 0.238379 0.014831 0.019388
1 0.169597 0.222728 0.004449 0.005840
1 0.232733 0.235342 0.004449 0.005373
1 0.236547 0.240248 0.003602 0.004438
1 0.239936 0.244919 0.004449 0.005373
1 0.231144 0.255548 0.007203 0.007008
1 0.230508 0.253679 0.005508 0.005606
1 0.171292 0.222378 0.005297 0.007475
1 0.177754 0.261271 0.003814 0.007708
1 0.194068 0.233824 0.007627 0.008876
1 0.179767 0.261037 0.004873 0.011446
1 0.181886 0.260103 0.002754 0.007708
1 0.182309 0.274702 0.005297 0.008409
1 0.184322 0.273534 0.005932 0.009344
7 0.187394 0.228451 0.016737 0.021957
1 0.188136 0.225648 0.007627 0.009811
1 0.189936 0.223896 0.006992 0.008643
1 0.191419 0.222144 0.006992 0.008409
1 0.193008 0.220392 0.007203 0.008176
1 0.195975 0.232189 0.007627 0.008876
1 0.193856 0.206494 0.005085 0.006073
1 0.197458 0.230203 0.007627 0.008643
1 0.208686 0.220042 0.007627 0.010278
1 0.180508 0.221911 0.004661 0.005606
1 0.191525 0.237328 0.007203 0.008876
1 0.189725 0.239196 0.007839 0.010278
1 0.198941 0.205443 0.004237 0.005840
1 0.197987 0.206727 0.005297 0.007475
1 0.184534 0.215954 0.004237 0.004438
1 0.189089 0.212100 0.005297 0.005139
1 0.821186 0.519038 0.025000 0.021490
1 0.819809 0.450128 0.021822 0.012614
1 0.843750 0.440668 0.022246 0.012380
1 0.866737 0.430974 0.022458 0.012614
1 0.868538 0.434595 0.018008 0.010512
1 0.869492 0.438566 0.022458 0.011913
1 0.823199 0.523476 0.021822 0.018687
1 0.824682 0.528264 0.023941 0.021257
1 0.827225 0.532002 0.020975 0.018921
1 0.786758 0.428638 0.012500 0.017286
1 0.777436 0.338472 0.004025 0.016819
1 0.780191 0.337421 0.005297 0.019855
1 0.783475 0.337421 0.005508 0.018921
1 0.786547 0.337888 0.005720 0.020322
1 0.784216 0.360313 0.004449 0.016118
1 0.780720 0.382154 0.007203 0.026629
1 0.777013 0.382154 0.005720 0.020556
1 0.778178 0.407732 0.005508 0.019388
1 0.765466 0.942887 0.063559 0.083392
1 0.800212 0.447793 0.017797 0.023826
1 0.829343 0.535389 0.020975 0.019154
1 0.867267 0.442537 0.008686 0.004905
1 0.846398 0.510512 0.019068 0.017519
1 0.847669 0.514833 0.019915 0.018687
1 0.907415 0.873628 0.076695 0.100911
2 0.205720 0.203457 0.003390 0.003737
2 0.208792 0.207428 0.003602 0.003737
2 0.211441 0.211166 0.003390 0.004205
2 0.214301 0.215253 0.003178 0.003971
2 0.585275 0.731722 0.005297 0.006307
2 0.594809 0.744803 0.005297 0.006307
2 0.785699 0.634782 0.006992 0.007241
2 0.792585 0.643541 0.008898 0.010745
2 0.783263 0.651016 0.009322 0.009811
2 0.788559 0.663046 0.003390 0.004438
1 0.850424 0.517519 0.018644 0.017519
1 0.893008 0.435529 0.018220 0.009110
1 0.868750 0.496029 0.020127 0.018921
1 0.870657 0.499299 0.018856 0.017986
1 0.887500 0.422682 0.019068 0.010512
1 0.888453 0.426302 0.015890 0.008876
1 0.889513 0.429573 0.018856 0.009811
1 0.891102 0.432492 0.018644 0.009577
1 0.905720 0.415324 0.017797 0.010278
1 0.887924 0.478743 0.020763 0.018921
1 0.905720 0.419295 0.018220 0.010278
1 0.909110 0.421747 0.021610 0.011913
1 0.921504 0.413455 0.008263 0.010278
1 0.933686 0.430390 0.008051 0.009577
1 0.927436 0.450128 0.016314 0.015417
1 0.912394 0.463210 0.016314 0.015884
1 0.909958 0.460990 0.016102 0.014716
1 0.908475 0.457837 0.016949 0.014950
1 0.889407 0.482598 0.019915 0.017753
1 0.775106 0.338122 0.004025 0.015651
1 0.772458 0.338239 0.004237 0.015884
1 0.699258 0.352605 0.015042 0.014249
1 0.718326 0.795609 0.008263 0.009811
1 0.728178 0.616445 0.016525 0.022892
1 0.716314 0.597641 0.012712 0.017052
1 0.702013 0.579771 0.016737 0.021023
1 0.705085 0.543565 0.040678 0.053259
1 0.680826 0.472436 0.019703 0.025461
1 0.693008 0.345480 0.016525 0.014950
1 0.695021 0.348050 0.016737 0.015417
1 0.697352 0.350269 0.013347 0.012380
1 0.701695 0.354473 0.013983 0.013315
1 0.670127 0.646111 0.010593 0.014483
1 0.712818 0.327961 0.015466 0.014015
1 0.713453 0.331932 0.017161 0.015884
1 0.714936 0.335552 0.018856 0.017052
1 0.716737 0.338706 0.015254 0.014015
1 0.720021 0.340575 0.020127 0.017286
1 0.686653 0.559916 0.018220 0.024761
1 0.662182 0.373044 0.015890 0.015417
1 0.603814 0.721093 0.040678 0.053726
1 0.604767 0.418477 0.023941 0.010979
1 0.606144 0.422214 0.023305 0.010979
1 0.626165 0.406914 0.012500 0.012614
1 0.642267 0.392198 0.021398 0.021023
1 0.644703 0.395936 0.016525 0.016351
1 0.664619 0.375029 0.015254 0.014716
1 0.677225 0.359612 0.017585 0.016118
1 0.664725 0.380051 0.022246 0.015884
1 0.672881 0.381687 0.034746 0.021957
1 0.679555 0.362065 0.018008 0.016819
1 0.682415 0.364284 0.016949 0.015651
1 0.684534 0.366737 0.016949 0.015417
1 0.686864 0.368956 0.013136 0.011446
1 0.655826 0.517169 0.022246 0.028498
1 0.672352 0.537842 0.014195 0.018921
1 0.769809 0.295375 0.013347 0.017986
1 0.767161 0.297127 0.013559 0.018220
1 0.764089 0.298528 0.012500 0.016351
1 0.761441 0.300747 0.012712 0.016118
1 0.782309 0.313361 0.016314 0.021257
1 0.776483 0.318500 0.014831 0.019855
1 0.773517 0.320369 0.014831 0.018921
1 0.770657 0.322121 0.012500 0.016351
1 0.747352 0.307171 0.015466 0.014015
1 0.755932 0.289769 0.014831 0.013782
1 0.744386 0.305069 0.016737 0.015417
1 0.783051 0.692595 0.011441 0.014483
1 0.697352 0.495562 0.021398 0.027330
1 0.713242 0.519855 0.013347 0.017519
1 0.723623 0.514249 0.015042 0.022191
1 0.720339 0.516585 0.016102 0.022191
1 0.716631 0.518570 0.018008 0.025228
1 0.759534 0.660827 0.019915 0.025695
1 0.743750 0.638169 0.018432 0.024293
1 0.731462 0.544265 0.018432 0.024761
1 0.742373 0.302149 0.015678 0.014249
1 0.734746 0.541579 0.016102 0.021724
1 0.749470 0.568909 0.019703 0.027330
1 0.753814 0.567157 0.019068 0.027564
1 0.758475 0.566456 0.013983 0.021957
1 0.761970 0.564705 0.015466 0.026863
1 0.764936 0.561084 0.016314 0.028965
1 0.728178 0.314529 0.014831 0.013315
1 0.728708 0.318033 0.015042 0.012847
1 0.730932 0.320252 0.016525 0.014015
1 0.066737 0.024527 0.024153 0.024293