1 0.292147 0.663905 0.108704 0.025711
1 0.870392 0.436240 0.071764 0.023498
1 0.299331 0.615621 0.114687 0.026547
1 0.873485 0.416532 0.082238 0.023048
1 0.296034 0.639898 0.107430 0.022237
1 0.870626 0.392467 0.099887 0.025413
1 0.311287 0.540658 0.102366 0.019872
1 0.320640 0.515940 0.075050 0.017106
1 0.344528 0.366352 0.092836 0.025440
0 0.920667 0.610436 0.048482 0.019193
0 0.866825 0.610836 0.038875 0.015894
0 0.096705 0.546121 0.040524 0.017702
1 0.875274 0.369446 0.092694 0.022550
1 0.320267 0.491679 0.077175 0.019046
0 0.889799 0.851342 0.037997 0.018025
1 0.322842 0.415863 0.103986 0.025443
1 0.929919 0.523531 0.047683 0.018418
0 0.946830 0.416992 0.048444 0.017492
1 0.303895 0.590648 0.112694 0.021870
0 0.695416 0.955170 0.041261 0.017545
1 0.313865 0.693465 0.063082 0.020855
1 0.326343 0.466936 0.074816 0.017437
1 0.522340 0.545626 0.052924 0.018738
0 0.876900 0.906477 0.042420 0.016122
1 0.608275 0.397978 0.096243 0.024592
0 0.794464 0.106675 0.025585 0.031704
0 0.839864 0.102325 0.020408 0.029687
0 0.787240 0.047588 0.044696 0.018131
0 0.915950 0.685594 0.053206 0.018959
1 0.941139 0.470627 0.048254 0.015181
1 0.740492 0.749712 0.071962 0.017817
0 0.904667 0.751053 0.041092 0.017481
0 0.905881 0.734555 0.037551 0.017149
1 0.106862 0.441039 0.028113 0.057309
0 0.690005 0.837753 0.049135 0.019782
0 0.927463 0.909930 0.039602 0.017448
0 0.595927 0.954608 0.041521 0.020811
1 0.802355 0.872122 0.057694 0.020554
1 0.864618 0.345170 0.057374 0.021928
0 0.879671 0.475668 0.040349 0.014622
0 0.703865 0.934679 0.042975 0.016514
0 0.926576 0.575997 0.043216 0.017871
0 0.923689 0.557071 0.042418 0.016452
1 0.304342 0.566670 0.114599 0.023894
1 0.932765 0.506635 0.046912 0.017490
0 0.736578 0.838159 0.038218 0.017540
