0 0.249687 0.792284 0.022858 0.053447
1 0.419971 0.356032 0.036460 0.093838
1 0.713043 0.199948 0.031153 0.094100
1 0.788234 0.438885 0.032306 0.089581
1 0.675330 0.631108 0.033196 0.091887
1 0.307075 0.685385 0.029508 0.076230
1 0.546510 0.432412 0.063855 0.063952
1 0.402868 0.364855 0.033371 0.092753
1 0.300105 0.419159 0.032488 0.095885
1 0.659680 0.641493 0.034962 0.098972
0 0.665444 0.800438 0.022151 0.045826
1 0.841302 0.409153 0.035459 0.097379
1 0.340216 0.668566 0.027823 0.071025
1 0.543010 0.294043 0.032508 0.093479
1 0.709208 0.614097 0.036473 0.095310
1 0.802419 0.155974 0.037499 0.094215
1 0.506285 0.311785 0.032747 0.094158
0 0.420548 0.800134 0.021150 0.049859
1 0.559971 0.288440 0.032567 0.096759
1 0.109719 0.577760 0.049242 0.041939
1 0.525620 0.301621 0.031569 0.094121
1 0.628636 0.245812 0.034705 0.096168
1 0.783806 0.161962 0.034287 0.094660
1 0.282972 0.428860 0.030729 0.095377
1 0.719204 0.476399 0.036985 0.098158
1 0.646221 0.236983 0.032489 0.096220
1 0.317684 0.410050 0.032631 0.096574
1 0.749434 0.181966 0.035325 0.098543
1 0.725513 0.603653 0.039766 0.099399
1 0.680858 0.504646 0.034764 0.098191
1 0.354813 0.658078 0.029090 0.075466
1 0.536851 0.496432 0.057810 0.049050
1 0.731160 0.192803 0.032872 0.096867
1 0.437629 0.343375 0.029978 0.075903
1 0.372251 0.650473 0.031048 0.086914
1 0.577124 0.276361 0.033612 0.098296
1 0.323977 0.676516 0.030043 0.075615
1 0.692000 0.623891 0.034167 0.090312
1 0.663460 0.228154 0.033279 0.097832
1 0.858633 0.399459 0.036171 0.099117
1 0.248667 0.447590 0.035718 0.099287
1 0.335964 0.401091 0.034969 0.100610
1 0.266835 0.437091 0.034979 0.099978
1 0.306649 0.593206 0.030541 0.081209
1 0.230703 0.457685 0.034272 0.094618
1 0.214737 0.473650 0.028411 0.092392
1 0.823444 0.419178 0.035208 0.096775
0 0.413821 0.707461 0.020561 0.047098
0 0.434016 0.795716 0.020818 0.046376
0 0.214641 0.646494 0.019484 0.045541
1 0.439347 0.609009 0.036594 0.089358
0 0.542339 0.783936 0.027859 0.035109
1 0.274271 0.702805 0.030005 0.076694
1 0.699025 0.501944 0.034868 0.101609
0 0.494167 0.813870 0.029996 0.034030
1 0.754528 0.459359 0.034644 0.098536
0 0.462907 0.781685 0.022036 0.047366
1 0.611732 0.255932 0.035900 0.096827
1 0.627666 0.664918 0.033875 0.091032
0 0.490858 0.763937 0.019271 0.049544
1 0.324318 0.586369 0.030548 0.076845
0 0.681827 0.792363 0.026321 0.053308
0 0.868035 0.693594 0.023091 0.046055
0 0.126840 0.515128 0.019335 0.049658
1 0.611624 0.674594 0.034118 0.088561
0 0.046855 0.387336 0.018246 0.044016
0 0.344439 0.744154 0.020758 0.048211
1 0.235964 0.620146 0.028445 0.074175
0 0.607965 0.748096 0.030670 0.035853
0 0.019074 0.558611 0.020783 0.051759
0 0.697298 0.779828 0.021001 0.045762
1 0.575118 0.690878 0.034805 0.097228
0 0.168978 0.954323 0.021141 0.043750
0 0.426023 0.696757 0.022495 0.044676
0 0.459359 0.832098 0.030129 0.032932
0 0.378138 0.828102 0.021594 0.054745
0 0.108034 0.523645 0.020536 0.042824
0 0.461108 0.497982 0.022588 0.054798
0 0.032063 0.405230 0.020477 0.050859
1 0.387145 0.632354 0.035716 0.097638
0 0.154957 0.644916 0.029193 0.030999
0 0.868524 0.951926 0.019666 0.051822
0 0.316014 0.759977 0.020697 0.054007
0 0.477581 0.768220 0.018983 0.051076
1 0.256510 0.714354 0.032131 0.093659
0 0.323112 0.331203 0.033468 0.039089
0 0.266702 0.302777 0.030130 0.032776
1 0.446310 0.205599 0.065337 0.058391
