0 0.760735 0.426390 0.032566 0.023832
0 0.593366 0.498340 0.032057 0.020719
0 0.641790 0.448449 0.033495 0.023798
0 0.749201 0.436591 0.029751 0.020863
0 0.722138 0.372654 0.028959 0.019975
0 0.682256 0.409562 0.028740 0.019870
0 0.720157 0.464102 0.034296 0.024463
0 0.700393 0.390770 0.032476 0.021504
0 0.634293 0.457991 0.029694 0.020583
0 0.739672 0.445845 0.035459 0.022199
0 0.583493 0.509110 0.031847 0.019858
0 0.675276 0.419644 0.030791 0.020952
0 0.679834 0.502314 0.035394 0.025313
0 0.610826 0.477701 0.033319 0.022354
0 0.672566 0.512806 0.031981 0.022188
0 0.664607 0.430877 0.029127 0.020312
0 0.701353 0.482707 0.035050 0.022317
0 0.710318 0.474491 0.034905 0.023137
0 0.655715 0.441386 0.032422 0.022592
0 0.662553 0.521445 0.031761 0.020924
0 0.601965 0.487798 0.028154 0.020445
0 0.729203 0.455805 0.035234 0.021222
