1 0.747006 0.193573 0.056062 0.044170
1 0.530983 0.572529 0.041814 0.028340
1 0.104364 0.391499 0.039458 0.028099
1 0.104746 0.408569 0.040369 0.028721
1 0.793406 0.241236 0.042787 0.037001
1 0.787033 0.255080 0.040829 0.034033
1 0.544353 0.735419 0.040560 0.023821
1 0.088960 0.421563 0.044313 0.030582
1 0.791127 0.189715 0.042226 0.033867
1 0.682097 0.260289 0.038768 0.034164
1 0.274278 0.529552 0.063717 0.038187
1 0.708013 0.462460 0.034011 0.046856
1 0.120446 0.556229 0.027067 0.079114
1 0.765056 0.296031 0.038392 0.035273
1 0.679316 0.219881 0.038164 0.031168
1 0.055510 0.442905 0.028412 0.016895
1 0.754114 0.215126 0.031988 0.028762
1 0.167013 0.595165 0.022976 0.053258
1 0.268137 0.356000 0.023966 0.065429
1 0.638827 0.530497 0.029137 0.032412
1 0.151694 0.582877 0.029958 0.062390
1 0.086608 0.464457 0.033873 0.019400
1 0.292921 0.570579 0.041355 0.028382
1 0.532015 0.749999 0.042029 0.021775
1 0.705134 0.217776 0.053338 0.038229
1 0.774335 0.281887 0.035741 0.032718
0 0.816640 0.225726 0.028909 0.024262
1 0.311533 0.495560 0.042025 0.029093
0 0.657491 0.189776 0.028566 0.025817
1 0.552322 0.718815 0.041053 0.024826
1 0.088009 0.484443 0.032154 0.020470
1 0.631027 0.570097 0.028216 0.036322
1 0.822458 0.214819 0.031142 0.023516
1 0.283679 0.482803 0.034942 0.025547
1 0.672230 0.488069 0.050737 0.069506
1 0.627410 0.501054 0.035476 0.045142
0 0.692645 0.189813 0.026869 0.025359
1 0.781642 0.268054 0.038689 0.031645
1 0.746488 0.306056 0.043426 0.035784
0 0.900588 0.443642 0.020599 0.013246
0 0.694113 0.345059 0.018651 0.023371
0 0.711001 0.240844 0.028163 0.026413
1 0.749340 0.229703 0.029477 0.025242
1 0.052270 0.403659 0.030890 0.025717
1 0.719524 0.209127 0.034862 0.028273
0 0.983808 0.398765 0.018313 0.021591
0 0.650850 0.242916 0.029228 0.029200
0 0.970836 0.461362 0.021928 0.018941
1 0.799398 0.178911 0.037996 0.030040
0 0.712326 0.357941 0.017351 0.022091
1 0.681584 0.289925 0.032082 0.030242
1 0.056693 0.456931 0.027463 0.018555
0 0.705041 0.292048 0.026720 0.028317
0 0.682491 0.201134 0.025973 0.025641
0 0.703728 0.351897 0.018874 0.023479
0 0.728454 0.486958 0.024498 0.028828
0 0.364800 0.687469 0.028647 0.022525
1 0.509470 0.666815 0.028989 0.015329
0 0.662652 0.272485 0.020485 0.020206
0 0.628329 0.224398 0.027662 0.026851
1 0.707507 0.515706 0.024239 0.029841
