1 0.519517 0.888252 0.025343 0.030367
1 0.637208 0.263589 0.053981 0.013866
1 0.629142 0.762780 0.062149 0.021356
1 0.676331 0.179913 0.060624 0.015183
1 0.651903 0.876315 0.015458 0.032427
1 0.665933 0.875805 0.017475 0.032546
1 0.666912 0.202572 0.055331 0.012874
1 0.646686 0.238279 0.057233 0.014016
1 0.680210 0.171063 0.057979 0.011704
1 0.564686 0.671437 0.038668 0.020516
1 0.395250 0.289730 0.055787 0.012162
1 0.517727 0.686834 0.034064 0.015494
1 0.623564 0.290557 0.050440 0.014529
1 0.680528 0.875766 0.016585 0.032859
1 0.586056 0.883055 0.023978 0.034762
1 0.489632 0.710696 0.037703 0.015616
1 0.470079 0.129694 0.059616 0.012684
1 0.623992 0.731637 0.062703 0.023501
1 0.483336 0.139400 0.028667 0.009879
1 0.701522 0.754990 0.017565 0.030945
1 0.413582 0.254301 0.034527 0.010170
1 0.536448 0.888593 0.022263 0.031795
1 0.356031 0.199967 0.022384 0.031168
1 0.617455 0.713470 0.062725 0.021516
1 0.446881 0.134697 0.036191 0.011096
1 0.368254 0.302684 0.052456 0.012475
1 0.662836 0.193758 0.047714 0.011868
1 0.464580 0.161111 0.044464 0.010921
1 0.449462 0.184066 0.032049 0.008822
1 0.618199 0.713063 0.059864 0.020112
1 0.505957 0.698314 0.038231 0.015827
