1 0.322180 0.140540 0.073760 0.052746
1 0.313825 0.171582 0.069730 0.052042
1 0.305817 0.203657 0.068202 0.051454
1 0.299005 0.270454 0.069432 0.047615
1 0.299527 0.236748 0.070141 0.049770
1 0.333288 0.113337 0.066283 0.048734
1 0.293930 0.298349 0.069064 0.049160
1 0.594623 0.136012 0.055550 0.039499
1 0.714017 0.186741 0.052478 0.039502
1 0.470696 0.303050 0.053146 0.037964
1 0.441731 0.978609 0.053852 0.038509
0 0.663302 0.165220 0.034855 0.032353
1 0.446834 0.202697 0.049421 0.051745
1 0.859466 0.359201 0.032019 0.077037
1 0.044922 0.812936 0.052117 0.036204
1 0.367514 0.154157 0.043404 0.098671
1 0.258024 0.197326 0.034218 0.061762
1 0.838503 0.355198 0.032762 0.078306
1 0.354508 0.433080 0.041518 0.077325
1 0.927447 0.513295 0.061859 0.156051
1 0.932844 0.498309 0.050475 0.116418
1 0.880979 0.365632 0.033036 0.073006
0 0.094963 0.831046 0.040908 0.033626
