1 0.084172 0.466247 0.042729 0.059693
1 0.097172 0.427109 0.043224 0.052860
1 0.754249 0.772709 0.044988 0.031640
1 0.712695 0.693010 0.044933 0.041568
1 0.123100 0.294800 0.045255 0.060506
1 0.958366 0.109344 0.058078 0.043201
1 0.957808 0.044572 0.047469 0.045831
1 0.848011 0.789728 0.046223 0.040537
1 0.716511 0.664655 0.046136 0.043758
1 0.755181 0.741838 0.045202 0.037380
1 0.857919 0.379041 0.047142 0.050430
1 0.959355 0.073739 0.051889 0.046674
1 0.864657 0.749717 0.044704 0.040623
1 0.816632 0.184025 0.036203 0.052634
1 0.815154 0.707473 0.045866 0.038325
1 0.872470 0.727095 0.043801 0.042287
1 0.760770 0.714897 0.046136 0.039121
1 0.946857 0.018814 0.062453 0.037627
0 0.253832 0.615281 0.013656 0.043603
1 0.911144 0.773604 0.046769 0.048791
0 0.675774 0.057828 0.019739 0.034169
1 0.899625 0.802477 0.047601 0.034540
1 0.826545 0.076874 0.046848 0.058771
0 0.696153 0.078199 0.020384 0.033986
0 0.887827 0.245024 0.021897 0.034319
1 0.719721 0.207565 0.033072 0.041706
1 0.762101 0.683830 0.044430 0.041532
1 0.482005 0.538071 0.043453 0.037414
1 0.770447 0.216562 0.024122 0.034767
