1 0.324678 0.707101 0.045549 0.010163
1 0.315988 0.472739 0.033301 0.037535
1 0.749820 0.296758 0.035830 0.035980
1 0.735130 0.321435 0.036995 0.036107
1 0.214788 0.631376 0.032618 0.036360
1 0.481095 0.301701 0.030319 0.034371
1 0.339480 0.681982 0.046140 0.009842
1 0.685520 0.558518 0.043124 0.010637
1 0.719213 0.346380 0.036349 0.037095
1 0.190977 0.669709 0.032994 0.034601
1 0.326344 0.460780 0.035532 0.038237
1 0.728571 0.669288 0.029315 0.038512
1 0.778591 0.247514 0.036723 0.037612
1 0.742120 0.308423 0.036096 0.036215
1 0.828735 0.413471 0.038106 0.010080
1 0.839204 0.401231 0.040982 0.010116
1 0.818741 0.426010 0.035367 0.010589
1 0.756469 0.284390 0.035598 0.036064
1 0.318646 0.719388 0.044871 0.010169
1 0.360403 0.645088 0.050127 0.009936
1 0.272147 0.708082 0.046504 0.009975
1 0.287420 0.682193 0.046013 0.010262
1 0.206554 0.644606 0.033299 0.035673
1 0.773486 0.413562 0.043435 0.010853
1 0.742380 0.559040 0.040699 0.010614
1 0.858188 0.363894 0.038078 0.010150
1 0.380159 0.620252 0.049069 0.010397
1 0.302496 0.657728 0.046048 0.009781
1 0.295024 0.747515 0.042103 0.015630
1 0.265935 0.561920 0.034257 0.038946
1 0.821636 0.340099 0.042719 0.010207
1 0.799755 0.375924 0.041790 0.009905
1 0.487781 0.609509 0.028261 0.030279
1 0.791653 0.388941 0.042774 0.010047
1 0.279878 0.694772 0.046452 0.010113
1 0.814014 0.352350 0.042092 0.010166
1 0.682516 0.646395 0.035407 0.027046
1 0.854611 0.376342 0.039030 0.010265
1 0.784009 0.401393 0.042288 0.010194
1 0.804737 0.364457 0.042702 0.009968
1 0.850389 0.388750 0.039245 0.010374
1 0.624948 0.621808 0.034337 0.026266
1 0.324488 0.621356 0.045241 0.009903
1 0.300638 0.498485 0.034633 0.037363
1 0.862939 0.352761 0.037993 0.010227
1 0.429203 0.534966 0.050992 0.009564
1 0.306797 0.645426 0.045742 0.010475
1 0.733284 0.572315 0.038917 0.010965
1 0.331272 0.608325 0.045373 0.010114
1 0.693076 0.654835 0.032064 0.025645
1 0.727147 0.333227 0.036422 0.035894
1 0.397296 0.583526 0.051241 0.009822
1 0.405457 0.571541 0.049888 0.010515
1 0.338294 0.595887 0.044675 0.010380
1 0.811758 0.437639 0.037167 0.010132
1 0.701396 0.533802 0.043136 0.010575
1 0.763624 0.522522 0.040718 0.010071
1 0.763487 0.437034 0.045078 0.009669
1 0.294504 0.512045 0.034042 0.037899
1 0.382410 0.608317 0.049717 0.009808
1 0.850097 0.291489 0.041252 0.009802
1 0.467208 0.648933 0.026332 0.030471
1 0.843899 0.303671 0.043272 0.010135
1 0.695644 0.545409 0.042569 0.010439
1 0.682664 0.288544 0.027735 0.010357
1 0.638649 0.628434 0.036654 0.026041
1 0.421267 0.547349 0.048447 0.009526
1 0.458354 0.486411 0.051653 0.009257
1 0.843625 0.213128 0.029906 0.038396
1 0.870039 0.340691 0.037427 0.010492
1 0.444322 0.510836 0.049879 0.009312
1 0.347725 0.669504 0.051470 0.010399
1 0.368072 0.633273 0.050327 0.010801
0 0.843908 0.053077 0.010516 0.017565
1 0.833652 0.315838 0.043617 0.010740
1 0.655926 0.633425 0.031426 0.025134
1 0.421234 0.722245 0.026584 0.029861
1 0.286358 0.523239 0.033783 0.037756
1 0.481511 0.623025 0.026309 0.030412
1 0.544758 0.326590 0.030312 0.036998
1 0.451667 0.672441 0.025944 0.029680
1 0.199019 0.655942 0.033696 0.035269
1 0.858628 0.278828 0.042373 0.010221
1 0.354386 0.657227 0.050546 0.010342
1 0.747288 0.461548 0.047303 0.009249
1 0.346785 0.583762 0.045419 0.010094
1 0.723070 0.498398 0.043714 0.009698
1 0.451504 0.498368 0.050884 0.009302
1 0.271535 0.547204 0.033629 0.036905
1 0.406977 0.748630 0.026682 0.029657
1 0.417896 0.461793 0.042285 0.009367
0 0.800415 0.115970 0.012498 0.019007
0 0.820150 0.121133 0.012049 0.017106
1 0.335958 0.694621 0.046110 0.010114
1 0.828665 0.327235 0.042935 0.011132
1 0.675692 0.300736 0.027159 0.011122
1 0.666977 0.641075 0.034875 0.026562
1 0.279518 0.535200 0.033821 0.037397
0 0.815434 0.095056 0.011202 0.017232
1 0.792625 0.474702 0.041250 0.010068
1 0.361298 0.560165 0.044752 0.009408
0 0.705825 0.083930 0.012028 0.018579
0 0.779185 0.115867 0.012107 0.019089
1 0.375874 0.535485 0.044272 0.009164
1 0.649397 0.210878 0.023029 0.027330
1 0.458966 0.659262 0.027123 0.029766
1 0.438615 0.522385 0.050955 0.010244
