1 0.408813 0.672439 0.039128 0.019016
1 0.503666 0.529775 0.043809 0.022355
1 0.369082 0.539696 0.043602 0.021009
1 0.296803 0.605240 0.039737 0.019274
1 0.294976 0.803306 0.040468 0.020328
1 0.295787 0.643436 0.039791 0.020114
1 0.498438 0.864740 0.043704 0.027690
1 0.410868 0.897551 0.046651 0.022422
1 0.408355 0.691180 0.039168 0.018366
1 0.295430 0.664081 0.040748 0.019575
1 0.406112 0.827253 0.040759 0.019426
1 0.367423 0.615225 0.042484 0.018891
1 0.406497 0.808481 0.040344 0.019850
1 0.408177 0.710498 0.039269 0.018766
1 0.503670 0.549833 0.044354 0.020198
1 0.366902 0.653063 0.043424 0.019061
1 0.366686 0.634049 0.043795 0.018641
1 0.498914 0.843077 0.043980 0.025033
1 0.407407 0.729640 0.038846 0.018460
1 0.409998 0.595252 0.040767 0.019837
1 0.409237 0.651900 0.040604 0.020280
1 0.296295 0.624820 0.039598 0.019800
1 0.406341 0.789430 0.040052 0.019593
1 0.410152 0.557580 0.040936 0.020196
1 0.501745 0.571599 0.043174 0.021377
1 0.406224 0.846765 0.039719 0.018366
1 0.367816 0.577865 0.042964 0.019551
1 0.409710 0.633250 0.040281 0.019442
1 0.295506 0.684696 0.040739 0.018385
1 0.498861 0.780808 0.042954 0.022963
1 0.502029 0.653693 0.042416 0.020643
1 0.292829 0.863988 0.040700 0.020475
1 0.292864 0.883042 0.040166 0.018235
1 0.501363 0.674960 0.042647 0.020576
1 0.292112 0.902924 0.040630 0.020274
1 0.393917 0.868089 0.040256 0.019857
1 0.406715 0.769157 0.040021 0.017545
1 0.364274 0.732156 0.042111 0.019667
1 0.264664 0.416349 0.013875 0.067976
1 0.364213 0.712165 0.042351 0.018454
1 0.294436 0.765103 0.039470 0.019541
1 0.364571 0.692761 0.041582 0.020149
1 0.499005 0.823079 0.043848 0.022460
1 0.364274 0.790773 0.041231 0.019283
1 0.501874 0.592416 0.042052 0.020554
1 0.410075 0.576378 0.040968 0.020121
1 0.808557 0.470425 0.014207 0.066245
1 0.295272 0.704368 0.040585 0.018621
1 0.296880 0.527016 0.039319 0.018775
1 0.364354 0.751854 0.040894 0.018568
1 0.500835 0.632880 0.041392 0.022349
1 0.853060 0.471957 0.013999 0.072529
1 0.410017 0.613812 0.040738 0.019663
1 0.364575 0.771574 0.041318 0.018452
1 0.296823 0.546880 0.039101 0.018881
1 0.363850 0.829125 0.041366 0.019576
1 0.342594 0.414742 0.012382 0.064608
1 0.793826 0.469059 0.014617 0.068476
1 0.762784 0.472141 0.014297 0.059486
1 0.367485 0.596609 0.042552 0.019071
1 0.294544 0.724051 0.040024 0.020114
1 0.839063 0.472049 0.013505 0.070485
1 0.460221 0.840593 0.013117 0.061193
1 0.297355 0.507693 0.039258 0.019023
1 0.367906 0.559327 0.043369 0.018932
1 0.407520 0.749561 0.039771 0.018761
1 0.407241 0.416987 0.012530 0.064365
1 0.747686 0.467415 0.014110 0.066799
1 0.294691 0.744355 0.040317 0.016982
1 0.823395 0.469397 0.014508 0.069200
1 0.439473 0.833660 0.014401 0.066384
1 0.366783 0.672301 0.043068 0.019168
1 0.292956 0.843297 0.039504 0.018034
1 0.294818 0.783857 0.040442 0.021072
1 0.410154 0.537793 0.040681 0.018773
1 0.294887 0.823868 0.041279 0.020023
1 0.278294 0.411738 0.013499 0.067932
1 0.500271 0.695983 0.042824 0.021185
1 0.297197 0.585708 0.040134 0.020598
1 0.363900 0.848177 0.041103 0.021086
1 0.381492 0.416167 0.012789 0.066392
0 0.486645 0.955718 0.025703 0.052702
