0 0.811611 0.954461 0.022472 0.023318
0 0.130173 0.149607 0.019058 0.010260
0 0.100816 0.224681 0.021687 0.012017
0 0.916501 0.957335 0.021331 0.023846
0 0.132180 0.061947 0.022013 0.011462
0 0.126044 0.291318 0.024616 0.012886
0 0.101239 0.169493 0.022982 0.012011
0 0.744240 0.952869 0.020208 0.025971
0 0.129319 0.114565 0.020782 0.010183
0 0.101958 0.156560 0.023380 0.011673
0 0.131247 0.038895 0.022167 0.011712
0 0.134661 0.014942 0.022063 0.011661
0 0.127536 0.236895 0.021463 0.011135
0 0.100950 0.184103 0.021771 0.011819
0 0.724356 0.955042 0.020702 0.030586
0 0.127517 0.224356 0.019977 0.009817
0 0.126630 0.212838 0.020955 0.010991
0 0.099731 0.254885 0.026574 0.012407
0 0.100725 0.199614 0.020546 0.010794
0 0.103317 0.057927 0.021928 0.011464
0 0.104686 0.114152 0.022355 0.011113
0 0.117385 0.308832 0.025027 0.012660
0 0.130995 0.138221 0.020793 0.011228
0 0.989537 0.162783 0.018161 0.012370
0 0.104939 0.030622 0.022932 0.011117
0 0.101709 0.239958 0.022256 0.011911
0 0.910149 0.103464 0.016427 0.010242
0 0.126137 0.199731 0.020753 0.010741
0 0.104662 0.072211 0.021720 0.012058
0 0.126623 0.173277 0.021687 0.011317
0 0.127599 0.248771 0.022850 0.011462
0 0.106242 0.017891 0.022249 0.011671
0 0.106917 0.045088 0.020930 0.011919
0 0.098252 0.284470 0.025080 0.012886
0 0.102857 0.101553 0.023952 0.011715
0 0.131371 0.050496 0.020900 0.010748
0 0.987347 0.180246 0.020924 0.012410
0 0.132560 0.026956 0.021421 0.011502
0 0.906958 0.118207 0.017491 0.010492
0 0.131985 0.100862 0.022566 0.011531
