0 0.061982 0.103791 0.029837 0.021033
0 0.081030 0.229386 0.026562 0.020942
0 0.730211 0.657493 0.031248 0.022499
0 0.857049 0.801877 0.016165 0.022755
0 0.818008 0.777101 0.032005 0.014096
0 0.095053 0.506727 0.022380 0.019953
0 0.209011 0.200261 0.027565 0.020707
0 0.818354 0.877169 0.029073 0.021915
0 0.780130 0.375953 0.015386 0.021850
0 0.121306 0.478502 0.023989 0.021596
0 0.919172 0.823314 0.015877 0.021994
0 0.888998 0.234312 0.023267 0.020150
0 0.851168 0.662229 0.027433 0.023703
0 0.933899 0.195490 0.027790 0.021533
0 0.840188 0.733396 0.016216 0.025407
0 0.894318 0.766188 0.016490 0.023689
0 0.246174 0.876100 0.026018 0.022432
0 0.158851 0.166425 0.026083 0.019293
0 0.107070 0.248217 0.027703 0.023859
0 0.930760 0.787324 0.017020 0.022703
0 0.871747 0.853042 0.016767 0.021750
0 0.815290 0.742286 0.030185 0.019542
0 0.134130 0.245039 0.026213 0.021043
0 0.182728 0.181680 0.027991 0.020109
0 0.244232 0.223500 0.026180 0.017620
0 0.480263 0.684811 0.029889 0.011052
0 0.082149 0.452480 0.026209 0.022535
0 0.817694 0.837636 0.034994 0.011255
0 0.137529 0.151239 0.025342 0.018565
0 0.819064 0.853743 0.034140 0.011952
0 0.067014 0.121463 0.025892 0.018291
0 0.190324 0.806829 0.024135 0.019822
0 0.818901 0.822917 0.034132 0.011807
0 0.689183 0.295466 0.029261 0.011940
0 0.089566 0.120494 0.029421 0.020265
0 0.609362 0.056370 0.036163 0.026544
0 0.814571 0.760847 0.032734 0.018703
0 0.859514 0.744950 0.015409 0.021400
0 0.380923 0.717723 0.027893 0.021533
0 0.131662 0.264778 0.026063 0.019748
0 0.817992 0.808456 0.030476 0.010543
0 0.804727 0.528052 0.017861 0.019497
0 0.876821 0.756153 0.016335 0.021293
0 0.328102 0.479285 0.014629 0.021971
0 0.899811 0.816728 0.016847 0.022696
0 0.946882 0.795030 0.016629 0.021185
0 0.566582 0.677793 0.026552 0.011266
0 0.913342 0.777720 0.016355 0.020682
