2 0.458403 0.507568 0.035154 0.040218
2 0.480537 0.302128 0.049099 0.059952
2 0.511289 0.344702 0.026434 0.030768
2 0.764453 0.077108 0.037686 0.045669
2 0.466771 0.568546 0.039566 0.050481
2 0.532848 0.487730 0.040831 0.047864
2 0.783343 0.390374 0.030376 0.030209
2 0.540490 0.531292 0.035446 0.037870
2 0.466331 0.748183 0.026227 0.026987
2 0.375651 0.592111 0.031835 0.036245
2 0.634808 0.825694 0.023275 0.024702
2 0.802145 0.493852 0.028452 0.032192
2 0.789774 0.425335 0.025182 0.025118
2 0.774737 0.320155 0.029562 0.032047
2 0.519405 0.389555 0.040422 0.044061
2 0.430968 0.311596 0.044478 0.053458
2 0.532005 0.287383 0.039363 0.048099
2 0.354250 0.515011 0.032428 0.036089
2 0.797781 0.459278 0.026883 0.033118
2 0.320890 0.286668 0.018717 0.024407
2 0.622981 0.770632 0.018092 0.017298
