2 0.189317 0.534678 0.035134 0.110943
2 0.088810 0.513029 0.045926 0.124596
2 0.026495 0.601631 0.041464 0.117749
2 0.204946 0.231810 0.026248 0.078542
2 0.427968 0.681619 0.024766 0.082048
2 0.299017 0.302626 0.039918 0.119433
2 0.139277 0.516928 0.028056 0.084718
2 0.662558 0.685008 0.031665 0.095132
2 0.158011 0.531954 0.023531 0.077130
2 0.716531 0.672357 0.026841 0.094696
2 0.142513 0.239296 0.034501 0.100023
2 0.177265 0.234014 0.027424 0.080781
2 0.452314 0.681190 0.021513 0.062953
2 0.933035 0.700033 0.050902 0.159485
2 0.494937 0.510948 0.026214 0.073132
2 0.162800 0.284421 0.030830 0.097483
2 0.403997 0.685522 0.021505 0.063421
2 0.800933 0.681216 0.023712 0.073026
2 0.323680 0.247144 0.025636 0.075013
2 0.279978 0.249904 0.022634 0.063088
2 0.480040 0.544284 0.015377 0.043003
2 0.471592 0.680711 0.019160 0.057994
2 0.450098 0.523977 0.023985 0.069797
2 0.492228 0.676060 0.023466 0.074148
2 0.450054 0.524623 0.023159 0.066119
2 0.688414 0.711840 0.019704 0.054274
