2 0.746925 0.271163 0.057178 0.036999
2 0.321122 0.823079 0.038624 0.033208
2 0.242198 0.654930 0.040601 0.033657
2 0.797154 0.247033 0.054733 0.035729
2 0.259941 0.538663 0.035419 0.029681
2 0.318421 0.723257 0.034602 0.031351
2 0.269579 0.498611 0.032874 0.032033
2 0.246521 0.616672 0.035888 0.030573
2 0.844161 0.220905 0.054764 0.035672
2 0.698562 0.293207 0.047644 0.033361
2 0.355575 0.668080 0.032566 0.029721
2 0.887389 0.199504 0.058835 0.042667
2 0.384569 0.512518 0.037859 0.033696
2 0.565508 0.391699 0.035456 0.031919
2 0.683990 0.209575 0.052106 0.036048
2 0.365505 0.587538 0.036414 0.032205
2 0.637233 0.233223 0.052508 0.032776
2 0.337863 0.645675 0.035942 0.033013
2 0.779465 0.162931 0.046850 0.034268
2 0.306317 0.800521 0.032747 0.032068
2 0.730948 0.187713 0.054570 0.037659
2 0.826100 0.136741 0.038400 0.026448
2 0.376698 0.550358 0.040745 0.033585
0 0.631222 0.989423 0.010627 0.012196
0 0.471280 0.857426 0.024943 0.009058
2 0.653584 0.317515 0.048590 0.033335
2 0.575021 0.353272 0.036759 0.033355
