0 0.239624 0.949703 0.030894 0.027693
0 0.030061 0.844914 0.028395 0.019139
0 0.110318 0.787337 0.030561 0.019912
0 0.036111 0.166885 0.028429 0.018707
0 0.032384 0.597230 0.028228 0.017162
0 0.031476 0.645888 0.030479 0.019098
0 0.036316 0.331839 0.025816 0.018610
0 0.110869 0.579698 0.029787 0.021108
0 0.035089 0.267227 0.027355 0.020997
0 0.034863 0.547700 0.028270 0.019704
0 0.110527 0.813724 0.029393 0.021306
0 0.032966 0.620786 0.029462 0.018109
0 0.028421 0.820142 0.026180 0.019464
0 0.094963 0.023664 0.012684 0.040510
0 0.109519 0.887105 0.030492 0.021058
0 0.030820 0.770127 0.028731 0.019993
0 0.034823 0.522824 0.027665 0.018790
0 0.031830 0.576206 0.029477 0.020482
0 0.029554 0.744636 0.028845 0.019946
0 0.110886 0.761727 0.030902 0.021064
0 0.034995 0.405936 0.029755 0.020020
0 0.039689 0.243674 0.027571 0.019380
0 0.035146 0.356460 0.028646 0.019866
0 0.246094 0.925842 0.030094 0.024621
0 0.063501 0.021513 0.012922 0.037228
0 0.036615 0.498726 0.028413 0.020901
0 0.028917 0.718918 0.027341 0.021960
0 0.237456 0.975074 0.033313 0.028430
0 0.112252 0.624014 0.029665 0.020019
0 0.112206 0.550520 0.031613 0.020060
0 0.036054 0.431753 0.024838 0.017765
0 0.037212 0.381068 0.028845 0.019732
0 0.116320 0.250657 0.030381 0.020592
0 0.015554 0.019520 0.010388 0.030179
0 0.028258 0.871247 0.030435 0.022726
0 0.112258 0.934715 0.031632 0.021238
0 0.116861 0.222503 0.029849 0.020600
0 0.107817 0.673939 0.033989 0.020275
0 0.113986 0.497384 0.030357 0.021596
0 0.032936 0.795695 0.030900 0.019954
0 0.113081 0.723513 0.030412 0.021947
0 0.110628 0.836363 0.030122 0.019248
