2 0.322088 0.463797 0.031352 0.019229
2 0.335539 0.875205 0.027507 0.020008
2 0.820532 0.378828 0.038734 0.029117
2 0.846603 0.398361 0.033671 0.022177
2 0.669126 0.522417 0.033989 0.022754
2 0.783385 0.433125 0.035395 0.021288
2 0.479495 0.714255 0.030592 0.017744
2 0.708726 0.383911 0.044046 0.029564
2 0.762023 0.901756 0.027786 0.021663
2 0.611131 0.842988 0.027514 0.020255
2 0.741716 0.325426 0.034844 0.023100
2 0.318695 0.337202 0.030849 0.022994
2 0.548608 0.436721 0.034413 0.024558
2 0.527635 0.640894 0.034533 0.019631
2 0.750169 0.483324 0.030227 0.019269
2 0.592274 0.803267 0.032845 0.023743
2 0.392069 0.459198 0.030843 0.016009
2 0.742487 0.574621 0.036054 0.024745
2 0.769413 0.342067 0.033526 0.022121
2 0.262270 0.477554 0.032482 0.020023
2 0.650945 0.415574 0.031854 0.021109
2 0.725779 0.466656 0.037400 0.024226
2 0.366616 0.222137 0.037514 0.024895
2 0.590137 0.739134 0.035153 0.018572
2 0.675614 0.810959 0.031264 0.022037
2 0.602063 0.823784 0.026835 0.017338
2 0.407066 0.710682 0.032279 0.016353
2 0.493855 0.698238 0.034285 0.017632
2 0.531946 0.805016 0.027350 0.023464
2 0.299410 0.807457 0.029161 0.019424
2 0.220136 0.683089 0.034024 0.019615
2 0.351177 0.741345 0.024099 0.013716
2 0.511051 0.764124 0.031041 0.022203
2 0.517868 0.167043 0.039548 0.025336
2 0.375694 0.835567 0.027338 0.019263
2 0.775931 0.500259 0.032791 0.022019
2 0.626772 0.398678 0.033516 0.022039
2 0.871998 0.416357 0.032866 0.020874
2 0.624567 0.241966 0.041381 0.028491
2 0.229123 0.484026 0.034326 0.019273
2 0.796127 0.361087 0.035068 0.022986
2 0.407906 0.252270 0.036929 0.023689
2 0.898326 0.432568 0.035485 0.022014
2 0.495596 0.646544 0.033636 0.018666
2 0.795340 0.898204 0.028635 0.020387
2 0.628581 0.731906 0.036583 0.020824
2 0.356405 0.458960 0.032748 0.018028
2 0.670315 0.451596 0.034603 0.023225
2 0.364339 0.814226 0.029532 0.019905
2 0.692724 0.538962 0.036176 0.022576
2 0.558579 0.864717 0.028846 0.020115
2 0.595778 0.471106 0.035875 0.022083
2 0.830075 0.465605 0.030793 0.020625
2 0.721134 0.484124 0.032090 0.021753
2 0.494903 0.315987 0.032147 0.022541
2 0.751817 0.738510 0.029842 0.019540
2 0.364334 0.934727 0.028482 0.021443
2 0.458878 0.322700 0.031934 0.022122
2 0.603634 0.381276 0.033532 0.021529
2 0.822533 0.535174 0.035371 0.023733
2 0.291414 0.471914 0.033682 0.021880
2 0.924187 0.453168 0.038824 0.024335
2 0.694628 0.466637 0.033110 0.020509
2 0.411103 0.913931 0.028745 0.022287
2 0.657974 0.348128 0.038448 0.023376
2 0.301318 0.849016 0.022193 0.019316
2 0.541467 0.825997 0.027732 0.019431
2 0.325894 0.070089 0.034622 0.023050
2 0.382433 0.855599 0.029452 0.021697
2 0.084639 0.368697 0.031243 0.019329
2 0.362817 0.717972 0.029003 0.014648
2 0.643809 0.504496 0.029332 0.019037
2 0.345432 0.896191 0.028501 0.021905
2 0.758134 0.756724 0.023244 0.016136
2 0.767778 0.775108 0.028193 0.020966
2 0.809119 0.450123 0.028747 0.018542
2 0.619810 0.487798 0.032771 0.021972
2 0.813810 0.713629 0.020456 0.010205
2 0.549974 0.845980 0.025931 0.019900
2 0.436355 0.724518 0.026036 0.015536
2 0.325087 0.855104 0.026677 0.019354
2 0.106437 0.403069 0.020333 0.015818
2 0.410204 0.615068 0.042716 0.026386
2 0.619111 0.863422 0.025104 0.020257
2 0.744374 0.877347 0.032742 0.019228
2 0.549629 0.845408 0.027952 0.019642
2 0.794710 0.535895 0.030641 0.021064
2 0.772530 0.871827 0.027164 0.019858
2 0.625034 0.675253 0.027532 0.014836
2 0.732230 0.398906 0.030237 0.017851
2 0.684063 0.364844 0.036193 0.021175
2 0.031714 0.394063 0.019343 0.015013
2 0.627923 0.731928 0.036475 0.020122
2 0.732600 0.399182 0.031432 0.018454
2 0.071220 0.491026 0.017197 0.012881
