1 0.593968 0.499160 0.052769 0.065337
1 0.403623 0.630777 0.056563 0.068856
0 0.969787 0.830588 0.031254 0.028532
1 0.452263 0.408605 0.048931 0.059951
0 0.489894 0.776291 0.039449 0.032752
0 0.973957 0.665445 0.034186 0.031515
1 0.572822 0.740531 0.054637 0.063865
0 0.898514 0.783043 0.038706 0.032436
1 0.733722 0.586196 0.049954 0.062912
1 0.618827 0.512820 0.050805 0.063021
0 0.644313 0.874482 0.035289 0.030787
0 0.318113 0.663451 0.036616 0.031061
1 0.536212 0.716236 0.050900 0.063892
0 0.944975 0.709884 0.035618 0.028676
1 0.575182 0.479824 0.042950 0.057222
1 0.525089 0.453166 0.049484 0.062018
0 0.914298 0.752417 0.035483 0.029373
0 0.261518 0.723000 0.028183 0.034796
1 0.432094 0.393962 0.048047 0.057178
0 0.279292 0.640180 0.039325 0.032433
1 0.643075 0.527355 0.051113 0.062063
1 0.663434 0.542266 0.051201 0.062171
1 0.495996 0.687524 0.051119 0.065316
0 0.935004 0.724494 0.039099 0.030796
0 0.715811 0.801796 0.031036 0.041011
0 0.351488 0.685847 0.039495 0.034010
1 0.756424 0.601392 0.049142 0.061153
1 0.547891 0.469423 0.049717 0.063108
0 0.187682 0.671047 0.031166 0.034890
0 0.447812 0.839852 0.028526 0.035029
0 0.553845 0.909204 0.029443 0.032751
0 0.777279 0.840538 0.028988 0.031646
0 0.494735 0.869677 0.032064 0.038355
0 0.835287 0.880164 0.025810 0.034009
1 0.687945 0.552998 0.045992 0.055433
0 0.232694 0.701967 0.030458 0.036287
0 0.418114 0.823611 0.029548 0.033736
0 0.432109 0.833635 0.029794 0.034514
0 0.681361 0.896008 0.036521 0.035030
0 0.310593 0.751355 0.032747 0.042954
1 0.779006 0.614840 0.050469 0.061415
0 0.866295 0.895995 0.029542 0.036586
1 0.408618 0.382445 0.049892 0.063833
0 0.684200 0.785124 0.025551 0.030195
0 0.761003 0.945995 0.038620 0.036778
0 0.670293 0.777194 0.030791 0.035621
0 0.609128 0.855696 0.027659 0.024807
1 0.262052 0.329612 0.096752 0.119099
1 0.508251 0.429198 0.037269 0.044654
0 0.654726 0.770077 0.031358 0.033262
0 0.948154 0.964969 0.029336 0.041608
0 0.903759 0.766039 0.034141 0.028776
0 0.245120 0.716060 0.031805 0.037482
1 0.612948 0.765827 0.048520 0.061538
1 0.710358 0.572355 0.049786 0.061453
0 0.762177 0.831874 0.026732 0.031388
0 0.852879 0.891104 0.026181 0.031651
0 0.838680 0.717046 0.030470 0.026774
0 0.855038 0.689168 0.039508 0.028692
1 0.713075 0.670062 0.029481 0.063917
1 0.260220 0.284805 0.051228 0.061167
0 0.805563 0.623124 0.029083 0.029878
0 0.928913 0.990012 0.028055 0.019817
0 0.838111 0.716768 0.033117 0.027925
