1 0.122643 0.417283 0.079091 0.062652
1 0.652759 0.617632 0.079949 0.056184
1 0.653128 0.728188 0.078553 0.061384
1 0.653768 0.698012 0.080740 0.061021
1 0.121113 0.362737 0.077857 0.061207
1 0.812069 0.360774 0.079522 0.060965
1 0.893120 0.729610 0.082568 0.061161
1 0.574244 0.434019 0.081757 0.057467
1 0.571297 0.792574 0.076977 0.060333
1 0.122219 0.469808 0.076567 0.057485
1 0.578162 0.486794 0.081862 0.061498
1 0.651329 0.643981 0.081702 0.047777
1 0.120243 0.225153 0.081357 0.057548
1 0.566959 0.343871 0.077114 0.058344
1 0.809722 0.746269 0.078124 0.057651
1 0.893450 0.310041 0.081067 0.059736
1 0.568200 0.595748 0.078609 0.060179
1 0.403116 0.556637 0.084769 0.043807
1 0.401364 0.416155 0.084878 0.044157
1 0.656533 0.841370 0.078258 0.060928
1 0.897037 0.341119 0.078328 0.054505
1 0.650840 0.807991 0.082870 0.061937
1 0.894271 0.561281 0.081010 0.055870
1 0.400366 0.125237 0.083267 0.062656
1 0.563480 0.818687 0.078511 0.058671
1 0.568203 0.650731 0.080251 0.054450
1 0.805638 0.445019 0.080340 0.059523
1 0.406388 0.217364 0.084882 0.049137
1 0.567999 0.122958 0.080749 0.059662
1 0.566269 0.678490 0.076399 0.052975
1 0.400038 0.278229 0.085628 0.046095
1 0.880379 0.511017 0.078696 0.052075
1 0.400535 0.308468 0.082278 0.042733
1 0.130798 0.247610 0.079616 0.056999
1 0.651165 0.560451 0.080139 0.058386
0 0.015214 0.074722 0.030428 0.021226
1 0.308711 0.471737 0.083138 0.041646
1 0.570732 0.513285 0.080393 0.055003
1 0.405807 0.246310 0.084148 0.047659
0 0.011735 0.399689 0.023437 0.016240
0 0.012287 0.611164 0.024383 0.016071
1 0.401829 0.445980 0.084209 0.035151
1 0.895069 0.619024 0.079192 0.056265
1 0.305381 0.361293 0.086079 0.042835
1 0.400987 0.664543 0.085805 0.045118
1 0.889172 0.815527 0.081705 0.059859
1 0.305644 0.445792 0.083781 0.041617
1 0.303632 0.749140 0.088040 0.046335
0 0.014708 0.093384 0.029417 0.023824
1 0.809727 0.805612 0.081524 0.056609
0 0.011507 0.628028 0.022913 0.014956
1 0.304333 0.280746 0.085509 0.039389
1 0.406543 0.498863 0.084060 0.040990
1 0.402609 0.527927 0.073331 0.038967
1 0.401467 0.717898 0.085309 0.048276
1 0.299699 0.175957 0.081309 0.058462
0 0.012353 0.380208 0.024584 0.017709
1 0.399917 0.690987 0.084406 0.044066
1 0.305969 0.640400 0.084729 0.041861
0 0.012156 0.324856 0.024190 0.016483
1 0.399210 0.636791 0.084865 0.042148
1 0.301446 0.253575 0.086659 0.044746
0 0.012602 0.542623 0.025011 0.018257
1 0.645414 0.777487 0.086829 0.054977
1 0.400619 0.610366 0.086738 0.042729
1 0.308998 0.308624 0.084262 0.039426
0 0.163026 0.914391 0.017972 0.037528
1 0.302858 0.390987 0.084408 0.042405
1 0.808851 0.774545 0.076241 0.055476
0 0.013588 0.273601 0.026862 0.017197
1 0.304124 0.614638 0.084605 0.043102
1 0.124256 0.497785 0.076664 0.056201
1 0.401319 0.716736 0.084718 0.044601
1 0.306015 0.335091 0.085065 0.044673
1 0.304789 0.583708 0.085452 0.043597
1 0.815583 0.661969 0.081508 0.058683
0 0.013705 0.290478 0.027409 0.019188
0 0.013050 0.575932 0.026086 0.016244
1 0.307936 0.775656 0.071254 0.032566
1 0.127725 0.550937 0.076084 0.052026
0 0.012056 0.163680 0.024111 0.021363
1 0.379463 0.923063 0.089047 0.038946
1 0.630004 0.216616 0.075471 0.061537
0 0.014311 0.502293 0.028621 0.017209
0 0.014088 0.361353 0.028176 0.018306
1 0.310833 0.526476 0.084542 0.043474
1 0.894481 0.590362 0.080216 0.052385
1 0.130118 0.579318 0.067017 0.049956
1 0.403884 0.583188 0.083900 0.043945
1 0.310189 0.498184 0.082576 0.040588
0 0.011716 0.560099 0.022801 0.015912
0 0.011590 0.643488 0.023053 0.015067
1 0.308373 0.667701 0.087500 0.043186
