0 0.593856 0.127243 0.012676 0.018141
0 0.008014 0.437251 0.011981 0.015828
0 0.517907 0.875101 0.013507 0.016492
0 0.320627 0.020802 0.009826 0.015325
0 0.877782 0.113197 0.012191 0.017005
0 0.006793 0.698903 0.010702 0.013563
0 0.970426 0.099843 0.010427 0.015272
0 0.457171 0.899332 0.012144 0.014256
0 0.057279 0.140359 0.008329 0.013889
0 0.554638 0.916870 0.011660 0.013315
0 0.557179 0.132888 0.010560 0.015535
0 0.385235 0.151396 0.010923 0.016985
0 0.790797 0.059891 0.010871 0.016647
0 0.364791 0.152336 0.012124 0.017122
0 0.595405 0.844752 0.010660 0.012990
0 0.251772 0.164755 0.011101 0.016472
0 0.286136 0.023879 0.010325 0.015178
0 0.327713 0.080817 0.012554 0.008336
0 0.706896 0.116876 0.008984 0.015224
0 0.451436 0.143874 0.011209 0.015840
0 0.540530 0.923003 0.012245 0.012312
0 0.914938 0.357778 0.010325 0.015485
0 0.038202 0.440014 0.012514 0.015140
0 0.825838 0.071727 0.012566 0.016062
0 0.026123 0.730742 0.013474 0.015150
0 0.917542 0.992043 0.014033 0.015914
0 0.342471 0.019748 0.010099 0.013916
0 0.095102 0.075454 0.010105 0.013566
0 0.989134 0.199200 0.011305 0.016019
0 0.429533 0.012040 0.008978 0.014027
0 0.074811 0.466626 0.012364 0.011650
