1 0.456746 0.374273 0.070303 0.091175
1 0.249800 0.682346 0.046612 0.118533
1 0.277648 0.727296 0.047311 0.113204
1 0.095208 0.530707 0.047136 0.112635
1 0.464834 0.147134 0.066871 0.087485
1 0.512896 0.299374 0.062084 0.107197
0 0.329390 0.537263 0.030616 0.039729
1 0.375441 0.814510 0.049971 0.113412
0 0.323626 0.637920 0.029766 0.048456
1 0.130453 0.547051 0.049660 0.113363
0 0.276825 0.480126 0.029392 0.041632
1 0.215078 0.638641 0.048696 0.108443
1 0.538741 0.345617 0.060005 0.114019
1 0.479350 0.118829 0.066965 0.093439
1 0.750374 0.367146 0.078903 0.066304
1 0.202448 0.607251 0.037178 0.083985
0 0.581628 0.618457 0.031013 0.039935
1 0.559395 0.363562 0.054950 0.113642
0 0.230472 0.532693 0.031908 0.040645
1 0.525702 0.324802 0.057638 0.103355
1 0.395228 0.836461 0.043607 0.109642
0 0.270198 0.578386 0.033755 0.041359
1 0.146614 0.565441 0.045772 0.111047
1 0.169679 0.573013 0.043592 0.113900
0 0.381479 0.699695 0.033162 0.041968
1 0.420406 0.454917 0.074404 0.086300
1 0.186095 0.589990 0.035833 0.083288
1 0.075336 0.035865 0.083511 0.067114
0 0.634604 0.494158 0.029388 0.035928
0 0.614402 0.540664 0.035368 0.039623
0 0.591193 0.589891 0.036538 0.041559
0 0.242279 0.550719 0.030189 0.035719
1 0.155417 0.139287 0.083011 0.162705
0 0.353382 0.665967 0.034005 0.050070
0 0.407725 0.731326 0.028236 0.035558
1 0.705358 0.504949 0.075674 0.081575
