1 0.854399 0.613214 0.045562 0.060955
1 0.878122 0.698790 0.043254 0.063589
1 0.372608 0.300982 0.048222 0.034011
1 0.173752 0.291252 0.046074 0.034160
1 0.870864 0.672923 0.045521 0.061457
1 0.317196 0.337894 0.046450 0.027529
1 0.864274 0.640916 0.044459 0.065214
1 0.304265 0.287457 0.047460 0.036013
1 0.108785 0.274726 0.047029 0.035520
0 0.803257 0.554804 0.025523 0.044641
1 0.108815 0.310603 0.049060 0.031989
1 0.116510 0.248407 0.047720 0.040882
1 0.172105 0.318577 0.045702 0.029084
1 0.602379 0.286021 0.019083 0.064712
1 0.928744 0.751706 0.027750 0.070746
0 0.762903 0.623022 0.015315 0.042260
1 0.634177 0.290890 0.020211 0.066177
1 0.893200 0.725155 0.037041 0.069865
0 0.416193 0.626579 0.029484 0.025496
0 0.748686 0.404377 0.030930 0.037690
0 0.705315 0.628894 0.028747 0.037069
1 0.617480 0.288269 0.020252 0.066205
1 0.670627 0.292621 0.024507 0.068224
0 0.729994 0.456345 0.028098 0.023366
1 0.911666 0.730213 0.033443 0.068517
0 0.790118 0.343827 0.029831 0.024603
0 0.760825 0.680512 0.018028 0.052325
0 0.746435 0.623022 0.015647 0.049831
0 0.416826 0.679927 0.027318 0.023287
0 0.496270 0.624045 0.014890 0.043439
0 0.624816 0.545872 0.029266 0.020267
0 0.927930 0.488873 0.026414 0.019599
0 0.841938 0.475544 0.025743 0.018255
0 0.380731 0.563783 0.031177 0.024899
0 0.835026 0.418616 0.027513 0.022155
0 0.613029 0.441850 0.027490 0.020789
0 0.770504 0.466378 0.027954 0.020707
0 0.794649 0.410690 0.034284 0.025615
0 0.806126 0.472137 0.027788 0.020849
1 0.651146 0.291039 0.020975 0.069496
0 0.828503 0.345687 0.027503 0.020790
1 0.964196 0.979226 0.042600 0.032957
1 0.587347 0.284718 0.018270 0.065466
0 0.497867 0.568234 0.013750 0.043500
0 0.478209 0.677131 0.015797 0.045838
0 0.418012 0.512156 0.027401 0.022279
0 0.869224 0.421462 0.026976 0.021605
0 0.874517 0.481578 0.030213 0.022147
