0 0.812375 0.638628 0.031909 0.033259
0 0.891523 0.524919 0.032320 0.031173
0 0.866864 0.559585 0.030397 0.031289
0 0.144256 0.870248 0.034903 0.025374
0 0.344177 0.881660 0.038135 0.025166
0 0.189293 0.815031 0.039142 0.026268
0 0.962299 0.608686 0.035689 0.023076
0 0.758852 0.848179 0.031945 0.033483
0 0.778361 0.815011 0.029060 0.031221
0 0.082073 0.765747 0.039204 0.024417
0 0.987526 0.404077 0.024949 0.030124
0 0.184239 0.886952 0.041648 0.027846
0 0.426717 0.989719 0.038723 0.020562
0 0.300957 0.939030 0.035350 0.023748
0 0.431992 0.919740 0.043021 0.027155
0 0.685662 0.848587 0.030306 0.031641
