1 0.296631 0.696493 0.052490 0.048842
1 0.262801 0.733902 0.058371 0.037781
1 0.365366 0.488291 0.051392 0.058344
1 0.811881 0.471809 0.056263 0.047424
1 0.579904 0.658924 0.053572 0.053790
1 0.378251 0.641531 0.045283 0.036902
1 0.532633 0.435146 0.055580 0.052871
1 0.397709 0.513534 0.050889 0.053703
1 0.252288 0.833358 0.058850 0.027471
1 0.233033 0.522587 0.046721 0.040466
1 0.421214 0.338433 0.049306 0.046387
1 0.570898 0.234613 0.039579 0.069218
0 0.835986 0.601471 0.028786 0.026726
0 0.329096 0.320187 0.029733 0.031755
1 0.504811 0.406118 0.056939 0.051175
1 0.550989 0.631752 0.053425 0.057227
1 0.818916 0.453117 0.055958 0.044987
1 0.463012 0.567823 0.055430 0.053968
1 0.251132 0.808571 0.058721 0.029382
1 0.634381 0.533580 0.044089 0.044689
1 0.530993 0.615948 0.052955 0.055380
1 0.497757 0.592468 0.051620 0.054807
1 0.414289 0.527079 0.053026 0.056412
1 0.463300 0.358647 0.057360 0.051064
1 0.197099 0.498824 0.048037 0.036029
1 0.094811 0.641323 0.031339 0.071350
1 0.566049 0.463148 0.058485 0.052846
1 0.416592 0.672137 0.046007 0.038421
1 0.767157 0.349331 0.040921 0.068530
1 0.754312 0.564306 0.050287 0.052882
1 0.422117 0.162605 0.038925 0.070881
1 0.430708 0.539552 0.051613 0.055328
1 0.767972 0.547286 0.051818 0.054622
1 0.349796 0.281185 0.050303 0.047137
0 0.208416 0.703136 0.030137 0.023921
1 0.485614 0.393926 0.055656 0.048315
1 0.789557 0.507724 0.052459 0.049829
1 0.777808 0.525810 0.056201 0.055347
1 0.471921 0.378645 0.055464 0.047391
1 0.447221 0.551493 0.051238 0.055013
1 0.623463 0.266602 0.038447 0.071280
0 0.448738 0.839105 0.028753 0.024724
1 0.601261 0.262644 0.041807 0.071407
1 0.714152 0.314866 0.040811 0.067770
0 0.880747 0.417055 0.021600 0.035248
1 0.149231 0.650194 0.028551 0.069660
0 0.431227 0.784413 0.028113 0.030412
0 0.828218 0.380488 0.024068 0.034180
0 0.409753 0.749629 0.027201 0.031895
1 0.732315 0.328063 0.040247 0.068205
1 0.625965 0.514647 0.053096 0.054095
0 0.303585 0.293268 0.026238 0.033379
0 0.359724 0.344369 0.030296 0.028529
1 0.513360 0.209535 0.043224 0.066356
0 0.376362 0.707216 0.026790 0.034895
0 0.477297 0.112191 0.022683 0.040507
1 0.533283 0.214221 0.041413 0.071154
0 0.851242 0.568374 0.029452 0.029201
1 0.588698 0.244592 0.039598 0.069025
1 0.368276 0.297204 0.052367 0.048902
1 0.127227 0.652552 0.032255 0.069750
1 0.372839 0.066416 0.039939 0.059643
1 0.550530 0.448499 0.056707 0.052707
1 0.276203 0.901122 0.040477 0.064902
1 0.750112 0.334753 0.040134 0.068174
1 0.526923 0.144720 0.068484 0.053850
0 0.861921 0.406541 0.023328 0.036046
0 0.350196 0.443557 0.028596 0.031443
1 0.106607 0.741769 0.049352 0.029902
1 0.435338 0.353482 0.048414 0.047508
1 0.111048 0.645187 0.033286 0.075432
0 0.394172 0.374205 0.027506 0.028868
1 0.059671 0.626049 0.029747 0.069372
0 0.733185 0.651076 0.035094 0.019558
1 0.784358 0.362234 0.042324 0.067304
1 0.074831 0.645387 0.026739 0.060256
0 0.609946 0.906564 0.028873 0.019173
1 0.337025 0.610642 0.043845 0.038403
0 0.354413 0.678478 0.027397 0.033137
0 0.086931 0.784708 0.028026 0.024592
0 0.445781 0.820164 0.030006 0.028727
0 0.955276 0.920733 0.020263 0.037334
1 0.435364 0.353692 0.048795 0.046785
0 0.215980 0.665366 0.026954 0.023122
0 0.646392 0.549198 0.028955 0.032168
1 0.601014 0.485447 0.055588 0.052498
0 0.857919 0.552331 0.027755 0.027677
1 0.183335 0.813172 0.038677 0.025258
0 0.843171 0.585091 0.029848 0.029198
1 0.799995 0.490783 0.055794 0.048599
0 0.605054 0.859929 0.029801 0.019510
0 0.344604 0.428020 0.024723 0.028134
1 0.432742 0.191276 0.029882 0.054276
0 0.437958 0.801473 0.031110 0.032751
0 0.059089 0.497971 0.034155 0.032634
0 0.955343 0.595441 0.029614 0.030558
0 0.437942 0.802163 0.030268 0.032543
1 0.106857 0.700550 0.046516 0.029159
0 0.321925 0.394651 0.028849 0.031763
1 0.356464 0.626780 0.045493 0.037557
0 0.646381 0.914152 0.025086 0.017003
1 0.252516 0.878697 0.053782 0.052268
0 0.020645 0.532232 0.030685 0.034198
0 0.202361 0.723787 0.030897 0.026564
0 0.936616 0.633311 0.030115 0.025923
