0 0.641270 0.439649 0.039940 0.031848
0 0.480196 0.743026 0.038952 0.033858
0 0.754598 0.475561 0.038022 0.029685
0 0.502867 0.419733 0.037428 0.032475
0 0.536729 0.490999 0.039161 0.029635
0 0.502569 0.575216 0.038008 0.029034
0 0.329312 0.525072 0.037925 0.030459
0 0.232830 0.623741 0.040624 0.031260
0 0.498518 0.803825 0.051630 0.036690
0 0.559851 0.414648 0.047342 0.035646
0 0.523771 0.509636 0.042596 0.035702
0 0.515497 0.534517 0.044304 0.031925
0 0.427173 0.846674 0.046527 0.035327
0 0.452254 0.441446 0.046750 0.037099
0 0.353451 0.503810 0.036868 0.029194
0 0.579515 0.399332 0.038813 0.031806
0 0.487553 0.474115 0.036747 0.030331
0 0.481681 0.890778 0.039564 0.029607
0 0.303601 0.624089 0.040586 0.027325
1 0.409661 0.498623 0.081199 0.063459
0 0.711332 0.286020 0.033814 0.026827
0 0.701376 0.638243 0.049563 0.036533
0 0.711631 0.412973 0.050575 0.039598
0 0.605001 0.642225 0.047000 0.036958
0 0.677609 0.965970 0.049572 0.037528
0 0.620601 0.474205 0.038210 0.031706
0 0.579510 0.473073 0.050074 0.037266
0 0.527263 0.386003 0.037369 0.029589
0 0.512347 0.819148 0.049194 0.036829
1 0.712062 0.553815 0.073793 0.062151
0 0.648649 0.344992 0.055044 0.041279
0 0.316654 0.676630 0.049371 0.027455
0 0.600005 0.894966 0.050338 0.037842
0 0.685501 0.417835 0.046468 0.038296
0 0.489874 0.540549 0.029483 0.024766
0 0.578700 0.875025 0.049127 0.039443
0 0.607566 0.356086 0.058062 0.048756
0 0.508807 0.704059 0.051606 0.038422
0 0.411534 0.619884 0.052167 0.042359
1 0.772867 0.329282 0.082861 0.059625
0 0.685404 0.315715 0.054784 0.041365
1 0.444216 0.741730 0.070427 0.062486
0 0.769917 0.983829 0.053860 0.031967
1 0.423818 0.759075 0.079256 0.059527
0 0.545539 0.771534 0.051257 0.036485
0 0.476139 0.550932 0.035567 0.028839
