1 0.518325 0.557665 0.080103 0.073519
0 0.825529 0.402560 0.032083 0.049733
1 0.272800 0.370992 0.073675 0.083344
1 0.232520 0.333281 0.070426 0.076937
0 0.068068 0.152321 0.051951 0.048899
1 0.333061 0.405964 0.066951 0.077044
0 0.282693 0.107438 0.045399 0.064522
0 0.525005 0.034903 0.041072 0.049511
0 0.052349 0.170691 0.048039 0.050691
0 0.303137 0.122979 0.048145 0.057874
0 0.943528 0.650749 0.037185 0.046268
0 0.691344 0.088835 0.041271 0.047048
0 0.548353 0.118601 0.039588 0.042602
0 0.623185 0.208129 0.040003 0.053803
0 0.768112 0.160838 0.046715 0.043048
0 0.891181 0.600946 0.048174 0.052263
0 0.945199 0.348521 0.047065 0.053681
0 0.578253 0.084053 0.047415 0.059287
0 0.903555 0.620867 0.036682 0.051069
0 0.395923 0.203507 0.050442 0.067633
1 0.363272 0.430358 0.077326 0.088208
1 0.496778 0.578669 0.083659 0.080837
0 0.120516 0.512217 0.038184 0.047377
0 0.556909 0.068570 0.044025 0.052654
0 0.498966 0.029416 0.035499 0.043164
0 0.920838 0.299974 0.048385 0.049353
1 0.250718 0.349790 0.074815 0.081002
0 0.933926 0.281056 0.051025 0.051421
0 0.730900 0.125057 0.045873 0.051968
0 0.849455 0.575215 0.043158 0.051721
0 0.748004 0.313877 0.053562 0.065069
0 0.648668 0.060917 0.044114 0.053093
1 0.610593 0.464618 0.067202 0.065416
0 0.943229 0.259296 0.048163 0.044663
1 0.409825 0.231974 0.061197 0.069263
0 0.707959 0.272679 0.037768 0.043526
0 0.534871 0.233206 0.045175 0.049412
0 0.725200 0.289454 0.043616 0.048969
1 0.467598 0.286705 0.070265 0.080440
0 0.679981 0.267355 0.051887 0.062365
1 0.592469 0.355687 0.065193 0.062964
1 0.588209 0.485376 0.069597 0.066353
0 0.578184 0.083937 0.048400 0.058246
0 0.657895 0.236186 0.041071 0.052071
0 0.924221 0.632314 0.044051 0.055707
0 0.445641 0.269352 0.059451 0.063206
0 0.898907 0.317469 0.065865 0.057568
0 0.653975 0.402506 0.069224 0.066027
