1 0.520976 0.491680 0.063409 0.065598
1 0.381509 0.622805 0.085501 0.036063
1 0.496603 0.413479 0.067667 0.058807
1 0.551004 0.826028 0.074439 0.031391
1 0.517368 0.372926 0.068298 0.059084
1 0.498034 0.299299 0.062160 0.065621
1 0.660849 0.531573 0.073997 0.079146
1 0.373939 0.594026 0.094346 0.043761
1 0.552753 0.360501 0.056742 0.063036
1 0.636095 0.766746 0.028807 0.088543
1 0.529904 0.545466 0.065184 0.071559
1 0.658427 0.466847 0.060419 0.070918
1 0.562296 0.908742 0.082857 0.037960
1 0.660497 0.381015 0.052147 0.070921
1 0.540036 0.778701 0.075284 0.033411
1 0.671679 0.689119 0.080953 0.043678
1 0.669658 0.594287 0.063856 0.063167
1 0.681387 0.714027 0.076170 0.041321
1 0.257263 0.557370 0.044474 0.079492
1 0.523348 0.628106 0.049154 0.034021
1 0.506968 0.449014 0.068531 0.057031
1 0.677310 0.903917 0.029833 0.071599
1 0.501575 0.332242 0.062888 0.057150
1 0.214908 0.581355 0.036562 0.074581
1 0.568515 0.929242 0.080778 0.038138
1 0.757398 0.967940 0.074267 0.033797
1 0.652848 0.503901 0.057549 0.064005
1 0.543174 0.750686 0.076870 0.038547
1 0.580037 0.950069 0.075514 0.037851
1 0.671044 0.556313 0.064209 0.068821
1 0.145502 0.610963 0.035363 0.075678
1 0.755238 0.945103 0.075827 0.033406
1 0.497790 0.386692 0.063620 0.064879
1 0.381212 0.676065 0.091915 0.038215
1 0.745294 0.884225 0.076233 0.035896
1 0.081685 0.638863 0.028328 0.052489
1 0.553414 0.887379 0.077303 0.036083
1 0.752172 0.923973 0.078962 0.033904
1 0.060125 0.648107 0.032420 0.049937
0 0.301958 0.744983 0.020802 0.033815
1 0.598690 0.265491 0.026093 0.087721
1 0.385557 0.766001 0.044756 0.073064
1 0.623444 0.607168 0.026186 0.053435
1 0.347267 0.771634 0.037975 0.082370
0 0.522821 0.236628 0.025937 0.037366
1 0.720446 0.794384 0.029673 0.091992
0 0.085479 0.782105 0.020392 0.037498
1 0.581482 0.307649 0.023351 0.052782
1 0.553976 0.887240 0.076301 0.034404
1 0.526443 0.595259 0.085187 0.069896
0 0.226740 0.737354 0.025163 0.038933
1 0.739526 0.819001 0.020496 0.063161
1 0.666819 0.778313 0.019359 0.072127
0 0.267306 0.722319 0.041620 0.020304
0 0.323472 0.759382 0.022568 0.033897
1 0.545791 0.288147 0.031230 0.068371
