0 0.038937 0.398153 0.022641 0.023065
0 0.709903 0.897484 0.020948 0.023442
0 0.509355 0.089532 0.020743 0.025304
0 0.605919 0.696239 0.019980 0.023423
0 0.656153 0.677722 0.021960 0.022327
0 0.595853 0.665026 0.019952 0.022960
0 0.044299 0.410182 0.023098 0.025647
0 0.662921 0.938893 0.020861 0.025020
0 0.498669 0.264801 0.021602 0.025223
0 0.420254 0.612599 0.017946 0.023838
0 0.615260 0.510634 0.022604 0.024423
0 0.827954 0.973399 0.020121 0.020447
0 0.511301 0.328363 0.019598 0.023404
0 0.647156 0.643052 0.021811 0.024590
0 0.659715 0.921703 0.019914 0.024494
0 0.627302 0.559657 0.023614 0.026212
0 0.652696 0.884894 0.023082 0.026261
0 0.747025 0.171600 0.021764 0.018533
0 0.658508 0.693935 0.020797 0.021956
0 0.908986 0.953958 0.019169 0.019708
0 0.619348 0.527732 0.023505 0.026614
0 0.638950 0.613241 0.021808 0.024512
0 0.515502 0.103484 0.019381 0.020375
0 0.448249 0.580004 0.020731 0.026902
0 0.532185 0.172316 0.021889 0.024531
0 0.795826 0.984081 0.020223 0.018905
0 0.638541 0.838265 0.018744 0.022145
0 0.460700 0.113475 0.021676 0.023333
0 0.645724 0.871497 0.019002 0.022390
0 0.960154 0.942091 0.019227 0.020958
0 0.634527 0.596585 0.022014 0.023665
0 0.048478 0.431250 0.021722 0.022591
1 0.428992 0.649815 0.059151 0.025396
0 0.652315 0.194656 0.021075 0.018061
0 0.400911 0.592492 0.019494 0.028014
0 0.545031 0.439762 0.019381 0.020720
0 0.609470 0.710601 0.021118 0.024826
0 0.530537 0.393623 0.021168 0.025302
0 0.477328 0.576327 0.019673 0.026082
0 0.619142 0.753216 0.020168 0.022388
0 0.537548 0.426296 0.019765 0.023775
0 0.927637 0.950423 0.019215 0.018139
0 0.466450 0.600914 0.018359 0.022919
0 0.622424 0.202707 0.019427 0.017280
0 0.976905 0.938311 0.020115 0.021073
0 0.829062 0.479455 0.018901 0.018600
0 0.600473 0.681080 0.019604 0.024402
0 0.812159 0.976849 0.017733 0.019220
0 0.527075 0.156116 0.023563 0.024922
0 0.624533 0.787736 0.016589 0.020902
0 0.583917 0.376340 0.017992 0.026872
0 0.608411 0.495158 0.020404 0.023891
0 0.652490 0.886478 0.020892 0.025867
0 0.653677 0.905725 0.020628 0.027269
0 0.550313 0.477350 0.019391 0.024109
0 0.453897 0.601017 0.018522 0.025154
0 0.958134 0.121044 0.020425 0.017752
0 0.522855 0.359127 0.020838 0.024294
0 0.032234 0.385529 0.025996 0.028339
0 0.603341 0.206568 0.023924 0.017452
0 0.941170 0.125801 0.018558 0.017562
0 0.436091 0.012140 0.021494 0.024281
