1 0.701003 0.110792 0.084215 0.052937
1 0.319537 0.257055 0.052104 0.181878
1 0.404706 0.829456 0.135219 0.118681
1 0.523975 0.675828 0.136989 0.127515
1 0.394294 0.243253 0.054978 0.183892
1 0.548762 0.889849 0.135830 0.130486
1 0.241149 0.280519 0.054760 0.188885
1 0.780937 0.741854 0.092625 0.170271
1 0.708443 0.253359 0.096333 0.169538
1 0.400822 0.782253 0.135127 0.115460
1 0.505637 0.738487 0.104159 0.099172
1 0.416974 0.914240 0.114095 0.113175
1 0.402880 0.859134 0.132115 0.117982
1 0.809063 0.788794 0.108230 0.179050
