0 0.121438 0.709600 0.014239 0.029460
0 0.611425 0.828605 0.024144 0.035194
0 0.745263 0.981326 0.019258 0.026514
0 0.100069 0.287759 0.019671 0.028182
0 0.071117 0.540219 0.013915 0.029740
0 0.200991 0.385242 0.019134 0.025598
0 0.402081 0.577708 0.021315 0.026855
0 0.176631 0.856500 0.018592 0.017164
0 0.427145 0.602053 0.019446 0.024134
0 0.347364 0.663745 0.019694 0.025263
0 0.295645 0.703040 0.020604 0.021058
0 0.048537 0.325017 0.020877 0.033549
0 0.340278 0.604207 0.015230 0.030171
0 0.067181 0.263006 0.021880 0.024573
0 0.588939 0.808917 0.023036 0.031333
0 0.239986 0.854610 0.019262 0.023672
0 0.770568 0.947711 0.019668 0.027126
0 0.404324 0.708089 0.021568 0.023759
0 0.041712 0.507048 0.017506 0.038877
0 0.251482 0.735539 0.018629 0.023308
0 0.117804 0.871390 0.020353 0.025133
0 0.700335 0.862766 0.023433 0.033146
0 0.027124 0.262106 0.010675 0.027097
0 0.266542 0.479013 0.022309 0.027101
0 0.230783 0.805039 0.018416 0.023459
0 0.670152 0.889952 0.023601 0.030432
0 0.154740 0.342614 0.017520 0.024381
0 0.362407 0.706657 0.020046 0.026057
0 0.492865 0.864744 0.017145 0.031730
0 0.184517 0.402475 0.021753 0.026486
0 0.230807 0.750477 0.018509 0.026712
0 0.801015 0.979603 0.020657 0.025628
0 0.650555 0.870345 0.017428 0.025545
0 0.032392 0.351377 0.015211 0.027145
0 0.251821 0.792416 0.018220 0.023078
