1 0.356755 0.416984 0.060556 0.071955
1 0.576949 0.420881 0.087531 0.073333
1 0.323012 0.417420 0.073842 0.085118
1 0.261253 0.466954 0.065111 0.073370
1 0.446216 0.249320 0.069876 0.085020
1 0.469164 0.234230 0.069049 0.085445
1 0.189442 0.531768 0.078509 0.082458
1 0.655761 0.533164 0.092837 0.073696
1 0.372550 0.398741 0.062186 0.072577
1 0.299799 0.430038 0.072151 0.083362
1 0.493950 0.333169 0.079376 0.083971
1 0.246381 0.491630 0.071884 0.081007
1 0.441406 0.512679 0.085746 0.057996
1 0.517443 0.361898 0.086959 0.077835
1 0.593117 0.440103 0.082825 0.076294
1 0.559945 0.401425 0.086872 0.073205
1 0.541490 0.381884 0.089396 0.074311
1 0.610570 0.460562 0.086638 0.073095
1 0.414762 0.303385 0.077743 0.085247
0 0.423086 0.619619 0.037789 0.042174
1 0.623701 0.483874 0.088598 0.074807
0 0.120164 0.643028 0.035018 0.042294
1 0.217367 0.111018 0.101492 0.057581
1 0.638240 0.508678 0.089781 0.075591
1 0.225485 0.511262 0.079140 0.084787
1 0.282381 0.449446 0.072817 0.085345
1 0.433280 0.277835 0.071838 0.087213
0 0.246212 0.641227 0.040693 0.044280
