0 0.298182 0.930256 0.015763 0.015606
0 0.353035 0.968111 0.009541 0.016844
0 0.283371 0.349889 0.012824 0.010899
0 0.610288 0.104411 0.014030 0.011463
0 0.015306 0.659636 0.013222 0.014629
0 0.461293 0.264759 0.009949 0.018511
0 0.572534 0.178957 0.010883 0.018174
0 0.102870 0.467953 0.013635 0.010313
0 0.461146 0.961602 0.012263 0.014581
0 0.067330 0.543971 0.009533 0.016428
0 0.722465 0.028617 0.015125 0.012115
0 0.518507 0.201822 0.010736 0.016073
0 0.731949 0.057079 0.013806 0.012978
0 0.869520 0.531080 0.015025 0.011430
0 0.497790 0.250492 0.009730 0.016942
0 0.007710 0.636887 0.013877 0.016435
0 0.804067 0.820215 0.009350 0.016210
0 0.405784 0.931208 0.009440 0.016121
0 0.605445 0.878971 0.008713 0.016343
0 0.757081 0.795762 0.009371 0.016944
0 0.572646 0.217670 0.011219 0.016764
0 0.469586 0.877859 0.012785 0.013137
0 0.881943 0.755540 0.009664 0.016662
0 0.983368 0.849119 0.008827 0.016642
0 0.829252 0.813069 0.007959 0.016163
0 0.690885 0.078845 0.014096 0.011622
0 0.838602 0.769057 0.009164 0.017831
0 0.560073 0.222475 0.009896 0.017011
0 0.321369 0.924680 0.012152 0.015530
0 0.536767 0.231710 0.009960 0.015653
0 0.775008 0.054605 0.014318 0.011359
0 0.561060 0.184569 0.011017 0.017950
