2 0.354539 0.548270 0.110768 0.064852
2 0.531248 0.677791 0.163087 0.095748
2 0.972054 0.118825 0.055892 0.047098
2 0.567029 0.950164 0.156497 0.098401
2 0.322724 0.304597 0.130695 0.088782
2 0.490180 0.274697 0.154004 0.083132
2 0.805401 0.861842 0.118330 0.065722
2 0.228280 0.757351 0.156048 0.093883
2 0.736986 0.330850 0.160338 0.082165
2 0.750722 0.110272 0.146415 0.088424
2 0.152753 0.203603 0.128638 0.079502
2 0.152371 0.203178 0.118802 0.073392
2 0.803074 0.932936 0.138661 0.085470
2 0.787106 0.709537 0.125765 0.063577
2 0.978633 0.159285 0.042735 0.035412
2 0.808724 0.785513 0.126321 0.069680
