0 0.153599 0.933945 0.023228 0.026831
0 0.132186 0.907304 0.020777 0.023952
0 0.024698 0.791743 0.019548 0.023398
0 0.046547 0.886109 0.020423 0.024129
0 0.050742 0.817744 0.022762 0.025378
0 0.117015 0.966453 0.022428 0.026439
0 0.066752 0.907282 0.022145 0.027133
0 0.009776 0.772847 0.019551 0.026950
0 0.019151 0.632677 0.022150 0.027649
0 0.115154 0.888075 0.022898 0.025963
0 0.028522 0.866376 0.020475 0.022916
0 0.100633 0.945843 0.022946 0.025468
0 0.133429 0.987654 0.019408 0.023930
0 0.094730 0.867044 0.024336 0.027783
0 0.084968 0.925443 0.021460 0.024094
0 0.093781 0.865440 0.024861 0.028934
0 0.071784 0.841512 0.022806 0.026959
