2 0.586672 0.723629 0.106143 0.172532
2 0.272989 0.912902 0.101522 0.164551
2 0.197496 0.839702 0.098094 0.162263
2 0.298476 0.586579 0.106348 0.181245
2 0.435509 0.768587 0.110692 0.196500
2 0.361111 0.705312 0.113619 0.198494
2 0.515102 0.831513 0.102624 0.175339
2 0.868124 0.189866 0.054870 0.095322
2 0.905425 0.217714 0.033407 0.062104
2 0.985223 0.666348 0.029553 0.072114
2 0.679100 0.053062 0.041655 0.071574
2 0.931680 0.258090 0.044568 0.061560
2 0.504646 0.318107 0.040206 0.067248
2 0.508940 0.102811 0.068045 0.111258
2 0.946909 0.621529 0.058800 0.101267
2 0.121831 0.770804 0.108753 0.161359
2 0.921226 0.554747 0.049328 0.091252
2 0.701379 0.854083 0.068711 0.108586
2 0.475808 0.165308 0.069509 0.110955
2 0.608697 0.379916 0.070163 0.128912
2 0.731450 0.481942 0.072556 0.125132
