0 0.152770 0.297289 0.035662 0.022707
0 0.344840 0.198792 0.039104 0.022748
0 0.303537 0.249195 0.032525 0.020757
0 0.248254 0.313025 0.038559 0.021496
0 0.279080 0.274286 0.034969 0.021280
0 0.871382 0.898427 0.024219 0.028697
0 0.220588 0.207817 0.038036 0.024550
0 0.232518 0.195810 0.034609 0.021110
0 0.118620 0.270507 0.035833 0.027639
0 0.259503 0.298601 0.037982 0.021667
0 0.227132 0.334798 0.035594 0.021684
0 0.163306 0.282691 0.042320 0.023083
0 0.205648 0.361029 0.040895 0.025625
0 0.174218 0.268967 0.038279 0.020340
0 0.194997 0.246458 0.037603 0.020266
0 0.137613 0.309411 0.033956 0.021635
0 0.479680 0.699914 0.030103 0.024268
0 0.578615 0.795824 0.033138 0.021969
0 0.422431 0.645779 0.032195 0.023897
0 0.563981 0.785592 0.035871 0.024846
0 0.234584 0.468864 0.030294 0.026397
0 0.289620 0.509415 0.033710 0.023168
0 0.500912 0.720791 0.030141 0.021029
0 0.302390 0.522401 0.034061 0.024804
0 0.195329 0.372799 0.037497 0.021753
0 0.489472 0.711710 0.027787 0.020311
0 0.627157 0.886081 0.043735 0.027315
0 0.400317 0.127112 0.033824 0.020113
0 0.541398 0.762299 0.032978 0.023407
0 0.268119 0.485799 0.032355 0.022706
0 0.843533 0.826069 0.024748 0.033439
0 0.391479 0.138768 0.036048 0.022335
0 0.102574 0.378842 0.038441 0.022552
0 0.269941 0.148998 0.036994 0.022823
0 0.279793 0.496087 0.034705 0.022852
0 0.906258 0.889594 0.025924 0.029790
0 0.879741 0.818773 0.028606 0.026703
0 0.531982 0.751258 0.029430 0.021312
0 0.467546 0.689898 0.031542 0.023517
0 0.590003 0.807446 0.038913 0.021928
0 0.287106 0.882263 0.033494 0.022982
0 0.090439 0.369924 0.038524 0.020579
0 0.827643 0.827871 0.022909 0.029704
0 0.568905 0.716910 0.026874 0.019514
0 0.977952 0.874851 0.024930 0.024853
