2 0.202722 0.569093 0.043002 0.033035
2 0.463207 0.524395 0.038686 0.030783
2 0.418605 0.659953 0.042361 0.033723
2 0.483981 0.648000 0.043706 0.032331
2 0.157969 0.703061 0.041572 0.031057
2 0.299482 0.826193 0.066985 0.055309
2 0.245523 0.433753 0.044340 0.033706
2 0.223789 0.690151 0.046794 0.033540
2 0.310769 0.421099 0.049601 0.035755
2 0.354084 0.666024 0.045375 0.034440
2 0.658497 0.494424 0.046667 0.033888
2 0.398204 0.537624 0.046784 0.032929
2 0.529260 0.512568 0.044452 0.033080
2 0.594695 0.502540 0.046599 0.035156
2 0.376297 0.412580 0.048139 0.034936
2 0.440960 0.405378 0.042727 0.031034
2 0.332789 0.544956 0.046149 0.032802
2 0.364908 0.817011 0.069712 0.062768
2 0.268171 0.558189 0.046474 0.035726
2 0.759829 0.136219 0.104472 0.086090
2 0.289872 0.681087 0.042377 0.033527
2 0.223104 0.310885 0.044581 0.031904
2 0.179633 0.443876 0.045740 0.032190
2 0.133192 0.567295 0.044732 0.031600
2 0.547111 0.785882 0.085623 0.078198
2 0.516854 0.168736 0.094575 0.086696
