2 0.847304 0.182076 0.032557 0.043135
2 0.888566 0.327517 0.034579 0.046359
2 0.510663 0.561938 0.032713 0.045266
2 0.937608 0.403286 0.028951 0.036313
2 0.259237 0.487737 0.029368 0.040212
2 0.883397 0.202018 0.030780 0.038711
2 0.925281 0.348675 0.031415 0.040671
2 0.588998 0.345443 0.028964 0.040586
2 0.615190 0.700207 0.039227 0.045929
2 0.686800 0.393094 0.031883 0.041168
2 0.907215 0.387199 0.029965 0.038751
2 0.477339 0.541948 0.031017 0.039220
2 0.804086 0.332134 0.029138 0.039992
2 0.324926 0.350308 0.033270 0.045666
2 0.614304 0.178787 0.030889 0.038540
2 0.359422 0.452584 0.035546 0.043902
2 0.668874 0.263726 0.033949 0.046400
2 0.600000 0.227792 0.029866 0.038933
2 0.352214 0.363661 0.032159 0.042052
2 0.517891 0.213388 0.019962 0.029324
2 0.420367 0.489699 0.036394 0.042519
2 0.066752 0.630829 0.029699 0.036232
2 0.394824 0.661040 0.020219 0.026698
2 0.406260 0.425856 0.038435 0.043966
2 0.654671 0.377841 0.022284 0.035627
2 0.370773 0.634108 0.025858 0.035175
2 0.521796 0.295969 0.021238 0.028302
2 0.393809 0.725065 0.021969 0.030987
2 0.770155 0.316427 0.032812 0.040352
2 0.311742 0.644983 0.020987 0.025961
2 0.615386 0.361296 0.027919 0.039400
2 0.301053 0.533780 0.025696 0.032154
2 0.356949 0.889891 0.034264 0.045451
2 0.331980 0.584264 0.017513 0.021381
2 0.337866 0.564600 0.015453 0.018496
2 0.364180 0.661615 0.028688 0.038120
2 0.303018 0.669062 0.020514 0.025554
2 0.738055 0.242419 0.020910 0.030397
2 0.080981 0.578034 0.021840 0.028425
2 0.720169 0.414624 0.027483 0.034926
2 0.673256 0.374650 0.019575 0.027561
2 0.736687 0.294184 0.026027 0.036260
2 0.344009 0.542632 0.015318 0.019372
2 0.705867 0.279341 0.030788 0.042547
2 0.370094 0.424987 0.038744 0.046221
2 0.644158 0.364163 0.018651 0.026998
2 0.785390 0.332536 0.022617 0.031787
2 0.638754 0.243477 0.028830 0.037432
2 0.318866 0.624221 0.017413 0.019234
2 0.611060 0.346856 0.023506 0.032570
2 0.391445 0.580741 0.028818 0.037648
2 0.410874 0.735201 0.018152 0.024447
2 0.708872 0.401741 0.018089 0.023282
2 0.378679 0.390872 0.023011 0.032087
2 0.718792 0.244576 0.024595 0.032668
2 0.182385 0.618901 0.033451 0.039442
2 0.587327 0.128143 0.026406 0.037271
2 0.368610 0.480428 0.042539 0.055242
2 0.718371 0.298469 0.023594 0.032094
2 0.075421 0.603606 0.029331 0.033074
2 0.742204 0.309706 0.018721 0.028844
2 0.398948 0.456278 0.035964 0.042435
