1 0.804264 0.117606 0.033082 0.039805
1 0.470689 0.670195 0.026677 0.045562
1 0.761283 0.554949 0.023304 0.045773
1 0.846640 0.826341 0.037224 0.035529
1 0.349256 0.337176 0.023976 0.046360
1 0.695841 0.274807 0.022416 0.041911
1 0.662847 0.593775 0.025766 0.046905
1 0.632448 0.194155 0.025158 0.047401
1 0.216235 0.511913 0.025372 0.046231
1 0.652880 0.840586 0.024850 0.043471
1 0.434956 0.601639 0.024528 0.046658
1 0.566135 0.940608 0.026706 0.047184
1 0.262170 0.610194 0.025343 0.045170
1 0.311426 0.657265 0.025231 0.046308
1 0.481233 0.622082 0.025086 0.045540
1 0.222487 0.386718 0.024798 0.041727
1 0.384114 0.814142 0.025701 0.045030
1 0.376678 0.466743 0.023997 0.040211
1 0.508675 0.620216 0.020933 0.041786
1 0.682869 0.638482 0.022306 0.037852
1 0.290226 0.605840 0.024522 0.044526
1 0.207479 0.353992 0.024365 0.041290
1 0.531795 0.732365 0.024732 0.045577
1 0.259582 0.471259 0.024641 0.042767
1 0.151500 0.356616 0.020258 0.048400
1 0.733187 0.359055 0.023161 0.041531
1 0.357167 0.290568 0.019157 0.037481
1 0.601601 0.455176 0.025866 0.045217
1 0.366531 0.305363 0.020617 0.047985
1 0.658397 0.188644 0.023388 0.044795
1 0.215157 0.369848 0.024567 0.042101
1 0.360124 0.681623 0.027581 0.043564
1 0.964546 0.919042 0.032815 0.038871
1 0.860461 0.298084 0.022478 0.047878
1 0.641730 0.544814 0.025375 0.045665
1 0.372349 0.720217 0.026692 0.044252
1 0.917208 0.959553 0.033428 0.039353
1 0.457592 0.504542 0.021749 0.044211
1 0.547061 0.700417 0.022051 0.042874
1 0.343026 0.788194 0.025192 0.045660
1 0.426060 0.441989 0.020441 0.042075
1 0.381404 0.339342 0.021331 0.046520
1 0.252915 0.452036 0.024407 0.041287
1 0.681169 0.240236 0.021811 0.044543
1 0.418636 0.425113 0.018640 0.041151
1 0.273099 0.699725 0.035217 0.012686
1 0.538471 0.684926 0.022483 0.043477
1 0.516108 0.638260 0.021627 0.042088
1 0.501682 0.601945 0.021293 0.042666
1 0.341189 0.720974 0.024649 0.044386
1 0.433280 0.458903 0.021537 0.041827
1 0.763115 0.425424 0.022947 0.041102
1 0.395845 0.377471 0.019653 0.042603
1 0.584864 0.918098 0.026577 0.045333
1 0.666408 0.205706 0.023450 0.046230
1 0.809761 0.521972 0.019064 0.033647
1 0.531289 0.668781 0.022793 0.043773
1 0.317101 0.404626 0.035345 0.014115
1 0.612647 0.800759 0.036106 0.035794
1 0.523465 0.653296 0.022586 0.042296
1 0.386239 0.753835 0.026467 0.042213
1 0.387879 0.357773 0.019935 0.043236
1 0.662783 0.887691 0.031965 0.032583
1 0.324407 0.817610 0.034909 0.012595
1 0.271513 0.300871 0.036777 0.014379
1 0.514511 0.261967 0.025702 0.046961
1 0.578703 0.206922 0.034446 0.013996
1 0.441895 0.470507 0.022212 0.047717
1 0.289076 0.539471 0.024224 0.040430
1 0.404082 0.390173 0.019373 0.043140
1 0.227187 0.600087 0.035051 0.012619
1 0.703049 0.292575 0.023181 0.043884
1 0.953683 0.932219 0.033915 0.038805
1 0.622669 0.307071 0.035367 0.012489
1 0.688211 0.257731 0.022750 0.043667
1 0.305008 0.373063 0.031829 0.013677
1 0.673008 0.424427 0.036857 0.014019
1 0.448050 0.489614 0.021361 0.043922
1 0.748210 0.392248 0.022935 0.041452
1 0.830683 0.171882 0.029143 0.043207
1 0.151393 0.434416 0.036151 0.013552
1 0.171197 0.410688 0.023688 0.047235
1 0.201611 0.550302 0.035638 0.012524
1 0.392715 0.571470 0.029571 0.013074
1 0.341769 0.456133 0.026311 0.012386
1 0.493539 0.587345 0.022157 0.042808
1 0.386518 0.554776 0.029968 0.012337
1 0.631766 0.880906 0.023403 0.040273
1 0.851581 0.203002 0.026811 0.039605
1 0.757045 0.406294 0.023821 0.042114
1 0.940859 0.940484 0.034348 0.039626
1 0.793738 0.491323 0.022664 0.040615
1 0.659017 0.390597 0.036224 0.013761
1 0.275296 0.503719 0.024266 0.042404
1 0.193826 0.458267 0.026537 0.043824
1 0.678955 0.852419 0.023283 0.039089
1 0.761429 0.062862 0.027329 0.041408
1 0.244344 0.437431 0.023869 0.043686
1 0.600041 0.106766 0.036857 0.025339
1 0.159195 0.451127 0.036704 0.012992
1 0.335820 0.633160 0.025796 0.042761
1 0.326550 0.622208 0.023954 0.040795
1 0.181963 0.501491 0.035762 0.012385
1 0.478953 0.554516 0.021569 0.043143
1 0.176124 0.483898 0.036425 0.013624
1 0.347886 0.471902 0.026746 0.012773
1 0.352718 0.489067 0.031070 0.013442
1 0.779666 0.455746 0.022516 0.042257
1 0.364719 0.703463 0.026480 0.044134
1 0.801261 0.508195 0.021621 0.041214
1 0.213131 0.566828 0.035891 0.013495
1 0.411426 0.408543 0.019336 0.041806
0 0.975679 0.814796 0.017670 0.028241
1 0.415011 0.621275 0.029444 0.013304
1 0.736217 0.195518 0.036115 0.024895
1 0.378568 0.538153 0.030258 0.013521
1 0.409709 0.803847 0.027252 0.041565
1 0.393870 0.769270 0.027650 0.043559
1 0.418767 0.816347 0.028059 0.043442
1 0.452501 0.704976 0.035933 0.012187
0 0.453447 0.341488 0.021956 0.020857
1 0.725417 0.340511 0.023284 0.042861
1 0.620447 0.890609 0.026059 0.039055
1 0.422229 0.637437 0.035405 0.013271
1 0.193982 0.534504 0.035234 0.012716
1 0.266782 0.489662 0.025449 0.041370
1 0.426165 0.836809 0.025607 0.046176
1 0.234729 0.616603 0.035166 0.012140
1 0.302045 0.766620 0.034146 0.011987
1 0.629002 0.323855 0.035585 0.012827
0 0.570606 0.598185 0.019936 0.018906
1 0.237107 0.419649 0.024632 0.041271
1 0.731515 0.181374 0.035962 0.024908
1 0.430592 0.654037 0.033943 0.013147
1 0.727372 0.145577 0.037606 0.016900
1 0.614437 0.290503 0.035402 0.012822
1 0.696064 0.473429 0.036302 0.013419
1 0.740821 0.375075 0.022300 0.042129
1 0.554702 0.716623 0.021111 0.040401
1 0.218652 0.583644 0.036507 0.012264
1 0.282538 0.321751 0.031223 0.014108
1 0.370115 0.522613 0.030412 0.012936
1 0.930507 0.951238 0.033811 0.037087
1 0.800184 0.093016 0.031453 0.034453
1 0.642877 0.357140 0.033829 0.012591
1 0.703183 0.490653 0.036251 0.013507
1 0.385311 0.450289 0.024137 0.041113
1 0.770273 0.442478 0.022487 0.041614
0 0.860811 0.900202 0.014954 0.024466
1 0.594364 0.907280 0.024741 0.042668
1 0.256472 0.685298 0.035004 0.013041
1 0.607789 0.901197 0.026037 0.044082
1 0.401553 0.786650 0.025716 0.043079
1 0.717884 0.324327 0.021580 0.041319
1 0.288085 0.733822 0.034119 0.012569
1 0.786670 0.474489 0.022507 0.042635
1 0.230182 0.401455 0.024150 0.040603
1 0.987528 0.900180 0.024944 0.037233
1 0.510160 0.756077 0.021377 0.047004
1 0.488736 0.789238 0.036182 0.014793
0 0.578007 0.620937 0.018449 0.019172
1 0.318674 0.607043 0.024031 0.039842
1 0.277332 0.716624 0.035487 0.012329
0 0.919737 0.857792 0.014207 0.023427
1 0.374713 0.321355 0.020188 0.047084
0 0.616550 0.706497 0.016976 0.018374
1 0.481130 0.771881 0.035428 0.012965
1 0.312419 0.585286 0.025408 0.043058
1 0.309827 0.782802 0.034627 0.012134
1 0.166837 0.467268 0.036078 0.013671
1 0.407947 0.604871 0.028313 0.013480
0 0.600170 0.545219 0.018530 0.019443
1 0.121557 0.368323 0.035865 0.013582
1 0.934307 0.550584 0.034306 0.036448
1 0.599692 0.257082 0.035477 0.012295
1 0.979068 0.911749 0.034991 0.041249
1 0.706843 0.506288 0.035505 0.012943
1 0.288631 0.338733 0.031454 0.014639
1 0.687937 0.456645 0.035838 0.013359
0 0.619455 0.719165 0.017584 0.017961
0 0.042996 0.693928 0.014815 0.021613
1 0.813369 0.146358 0.029267 0.044124
0 0.070788 0.064232 0.020056 0.016437
0 0.757899 0.898253 0.018601 0.012932
1 0.326679 0.420808 0.029927 0.013676
0 0.559703 0.576706 0.020054 0.021881
1 0.193719 0.458855 0.025774 0.045526
0 0.749968 0.867891 0.016346 0.011143
1 0.187971 0.517598 0.034436 0.013150
1 0.317203 0.800100 0.035213 0.013163
1 0.293758 0.750560 0.034896 0.011078
0 0.754365 0.883235 0.016744 0.011000
1 0.349464 0.670932 0.028245 0.042903
1 0.134755 0.400465 0.037082 0.012715
1 0.581002 0.222780 0.035321 0.013130
0 0.538932 0.535732 0.018286 0.018643
1 0.304046 0.570553 0.024365 0.040443
1 0.662479 0.406519 0.035155 0.012821
1 0.820728 0.638840 0.036350 0.034743
1 0.141702 0.416749 0.036539 0.012656
1 0.606419 0.273783 0.035572 0.012539
1 0.554582 0.716482 0.021082 0.039097
0 0.554197 0.566410 0.018678 0.020376
1 0.486642 0.569478 0.021732 0.042287
1 0.561777 0.731554 0.020657 0.042988
1 0.333749 0.438955 0.030688 0.013451
1 0.399806 0.588002 0.028503 0.012780
