2 0.272927 0.279024 0.019170 0.021706
2 0.698234 0.145773 0.013088 0.015388
2 0.793351 0.069292 0.012746 0.014198
2 0.433365 0.083727 0.012480 0.013794
2 0.807709 0.068803 0.013314 0.015403
2 0.783577 0.145575 0.012204 0.013879
2 0.913512 0.146782 0.014306 0.017020
2 0.719119 0.101771 0.013865 0.013955
2 0.690398 0.101166 0.013020 0.013543
2 0.484865 0.071897 0.013837 0.016656
2 0.762757 0.101282 0.013347 0.014829
2 0.641825 0.196970 0.012272 0.015062
2 0.814503 0.109002 0.011204 0.014729
2 0.499683 0.071012 0.013019 0.014829
2 0.254408 0.278200 0.017559 0.020214
2 0.294679 0.065635 0.012501 0.015998
3 0.572686 0.291895 0.008039 0.016240
2 0.309749 0.064628 0.012157 0.015494
2 0.470815 0.071711 0.013314 0.016710
2 0.419184 0.083714 0.013451 0.015889
2 0.699401 0.197459 0.011308 0.015391
2 0.447855 0.085394 0.012851 0.015481
2 0.728716 0.197607 0.011766 0.015601
2 0.770733 0.146094 0.010831 0.014252
2 0.885311 0.146051 0.012518 0.015146
2 0.541645 0.451950 0.012156 0.014001
2 0.682662 0.109606 0.012591 0.013796
2 0.550419 0.089272 0.012818 0.014898
2 0.669636 0.147061 0.012745 0.015319
2 0.564690 0.331759 0.009004 0.013175
2 0.899198 0.148005 0.013752 0.018708
2 0.719656 0.069221 0.012581 0.015108
2 0.352088 0.282003 0.019146 0.018594
2 0.362837 0.273476 0.019404 0.019402
2 0.670080 0.198099 0.012195 0.013247
2 0.360045 0.083428 0.012893 0.012799
2 0.826266 0.146814 0.012034 0.014940
2 0.380711 0.328549 0.015956 0.018920
2 0.455451 0.070924 0.013549 0.015335
2 0.574798 0.562849 0.011816 0.016802
2 0.793252 0.102371 0.011236 0.014906
2 0.727311 0.145809 0.013014 0.014852
2 0.403818 0.083638 0.012281 0.014143
2 0.382556 0.070088 0.013826 0.016719
2 0.280410 0.066871 0.013755 0.016339
2 0.675758 0.101358 0.011555 0.012833
2 0.749280 0.069547 0.012688 0.013691
2 0.763545 0.069001 0.013626 0.014421
2 0.409903 0.284303 0.018127 0.020468
2 0.675965 0.069200 0.012653 0.014554
2 0.426248 0.070519 0.013873 0.014941
2 0.389111 0.084389 0.012018 0.013633
2 0.521234 0.087872 0.012676 0.014963
2 0.661424 0.068059 0.013506 0.016543
2 0.367439 0.069697 0.013551 0.016643
2 0.748649 0.101162 0.014318 0.013811
2 0.316331 0.081959 0.011528 0.012126
2 0.543741 0.072460 0.013369 0.014929
2 0.420770 0.330267 0.015684 0.019778
2 0.705595 0.069098 0.012871 0.013784
2 0.806454 0.101411 0.011675 0.013371
2 0.704921 0.101047 0.014524 0.014681
2 0.655158 0.144753 0.011850 0.014605
2 0.589905 0.327639 0.009841 0.013977
1 0.413461 0.916102 0.016123 0.014145
2 0.374876 0.084464 0.013203 0.015401
2 0.778850 0.102481 0.011810 0.016239
2 0.828894 0.111800 0.011964 0.016241
2 0.713930 0.197437 0.011450 0.017127
2 0.441576 0.070774 0.013526 0.015590
2 0.734043 0.101780 0.014633 0.014205
2 0.401035 0.329053 0.016206 0.018510
3 0.563487 0.290830 0.008226 0.015451
2 0.469479 0.288548 0.014959 0.015626
2 0.683677 0.146796 0.013867 0.016842
2 0.639946 0.146149 0.012848 0.017148
2 0.626735 0.197172 0.013751 0.014929
3 0.274135 0.137206 0.006306 0.012217
2 0.323482 0.066971 0.011537 0.016672
2 0.970029 0.184387 0.010726 0.008335
2 0.625375 0.145728 0.012723 0.015081
2 0.564729 0.088183 0.012368 0.016012
2 0.646742 0.067058 0.011711 0.013738
2 0.693030 0.180060 0.012703 0.016859
2 0.765710 0.183020 0.013283 0.015521
2 0.619886 0.178861 0.013644 0.015232
2 0.536315 0.089003 0.013276 0.015612
2 0.743552 0.197786 0.012275 0.014397
2 0.557712 0.073219 0.011759 0.015460
2 0.476836 0.087866 0.012459 0.015711
2 0.361488 0.328359 0.016991 0.020311
2 0.572686 0.291895 0.008039 0.016240
2 0.274097 0.204572 0.008853 0.018044
2 0.534127 0.462586 0.010007 0.017423
2 0.403069 0.208784 0.010105 0.019841
2 0.531036 0.360208 0.008173 0.013152
2 0.890621 0.182023 0.012676 0.014423
2 0.756214 0.147065 0.012116 0.015265
2 0.726641 0.109948 0.013652 0.013999
2 0.635265 0.181657 0.013288 0.014229
2 0.778136 0.068795 0.012719 0.014769
2 0.857071 0.111188 0.011789 0.013099
2 0.668009 0.108332 0.012133 0.015449
2 0.846718 0.198165 0.012339 0.014427
2 0.469810 0.514683 0.009724 0.014014
2 0.397908 0.069910 0.011953 0.015126
2 0.301800 0.081150 0.011464 0.014202
2 0.697267 0.110417 0.013618 0.013096
2 0.795215 0.181762 0.011540 0.015670
2 0.530314 0.560960 0.011379 0.019489
2 0.262669 0.206532 0.008110 0.015724
2 0.211937 0.188952 0.009988 0.016740
2 0.490046 0.460834 0.009539 0.015102
2 0.685419 0.198486 0.013302 0.012884
2 0.816906 0.200128 0.013253 0.013409
2 0.536711 0.328502 0.008570 0.014490
2 0.265713 0.065260 0.011406 0.014611
3 0.577880 0.364914 0.008070 0.014932
2 0.576751 0.294245 0.008354 0.013927
2 0.980149 0.078185 0.010958 0.011012
2 0.258333 0.081147 0.013282 0.015031
2 0.513478 0.515945 0.010081 0.017519
2 0.497743 0.331762 0.017553 0.018364
2 0.505670 0.087930 0.012245 0.017710
