2 0.545070 0.268295 0.020273 0.014427
2 0.866935 0.455424 0.019160 0.016688
2 0.766445 0.895141 0.016709 0.018478
2 0.815072 0.557595 0.015291 0.014114
2 0.846158 0.399488 0.020590 0.017345
2 0.208529 0.423229 0.016914 0.017679
2 0.321583 0.604845 0.017303 0.015323
2 0.403950 0.506472 0.016902 0.017141
2 0.833202 0.558469 0.014841 0.014653
2 0.641471 0.449457 0.018940 0.016726
2 0.497799 0.345770 0.019789 0.016672
2 0.270879 0.459433 0.017044 0.018353
2 0.315949 0.423503 0.016682 0.018483
2 0.686567 0.450711 0.018736 0.017502
2 0.759555 0.514901 0.015453 0.010762
2 0.415599 0.604768 0.017694 0.015114
2 0.385393 0.506995 0.016304 0.016645
2 0.664049 0.450558 0.020298 0.017650
2 0.226361 0.470414 0.016013 0.016574
2 0.841596 0.895713 0.016562 0.016069
2 0.297824 0.423540 0.016745 0.016734
2 0.610704 0.347973 0.019492 0.015969
2 0.527897 0.446106 0.020004 0.018384
2 0.835955 0.354848 0.018610 0.017270
2 0.641190 0.854703 0.014808 0.015883
2 0.722313 0.514187 0.017004 0.012528
2 0.804693 0.894244 0.018162 0.016419
2 0.548695 0.604321 0.017463 0.014265
2 0.608872 0.404834 0.019692 0.016743
2 0.472564 0.604999 0.016904 0.016426
2 0.598639 0.391553 0.020889 0.018269
2 0.510024 0.333237 0.019925 0.016871
2 0.359214 0.605093 0.017691 0.014639
2 0.740902 0.514782 0.017290 0.011464
2 0.127209 0.553355 0.017396 0.015724
2 0.621136 0.392686 0.019221 0.018664
2 0.708689 0.451472 0.019429 0.016452
2 0.507648 0.388816 0.019466 0.016931
2 0.484268 0.518987 0.016876 0.017094
2 0.333196 0.423826 0.016494 0.018929
2 0.369874 0.424588 0.015671 0.017060
2 0.877846 0.411627 0.020518 0.017508
2 0.245476 0.603262 0.016778 0.015987
2 0.633932 0.349393 0.019971 0.017418
2 0.127185 0.515671 0.016807 0.016895
2 0.753863 0.452476 0.019885 0.016656
2 0.531762 0.333832 0.020425 0.017374
2 0.519311 0.977110 0.011432 0.013220
2 0.689077 0.393625 0.020361 0.018712
2 0.554818 0.334230 0.020804 0.018082
2 0.790321 0.809071 0.013929 0.016651
3 0.891436 0.155267 0.007045 0.015104
2 0.440779 0.425708 0.017853 0.016824
2 0.728577 0.894314 0.017286 0.015976
2 0.191312 0.423089 0.016575 0.017038
2 0.226659 0.422649 0.018224 0.020491
2 0.577861 0.335319 0.018467 0.017519
2 0.777667 0.397760 0.020796 0.016267
2 0.510397 0.604367 0.017152 0.013404
2 0.883357 0.713625 0.011453 0.012264
2 0.528906 0.605256 0.016576 0.015659
2 0.813507 0.354594 0.019887 0.015936
2 0.621599 0.335637 0.021345 0.017148
2 0.269899 0.517471 0.016033 0.015519
2 0.860423 0.895584 0.015921 0.015993
2 0.404620 0.471022 0.017767 0.016145
2 0.264741 0.603680 0.017659 0.016791
2 0.645168 0.337015 0.019370 0.016131
2 0.565254 0.404112 0.020449 0.018973
2 0.493024 0.507074 0.019049 0.018133
2 0.760723 0.554016 0.013983 0.012338
2 0.689925 0.336865 0.019938 0.017348
2 0.695584 0.643574 0.010655 0.008178
2 0.811999 0.409755 0.019403 0.017736
2 0.503631 0.966372 0.010787 0.013769
2 0.858713 0.356142 0.018419 0.015884
2 0.253535 0.459237 0.017539 0.017278
2 0.375575 0.554355 0.017088 0.015993
2 0.447312 0.555377 0.015770 0.016504
2 0.485454 0.387871 0.019428 0.017569
2 0.747467 0.895026 0.016491 0.017395
2 0.671016 0.643531 0.010950 0.009990
2 0.632992 0.405683 0.020241 0.017226
2 0.671993 0.282402 0.018620 0.018804
2 0.647912 0.284292 0.021495 0.015785
2 0.591459 0.269673 0.020340 0.015392
2 0.778437 0.272392 0.020756 0.018963
2 0.475773 0.345742 0.020077 0.016671
2 0.601618 0.282479 0.019279 0.016297
2 0.620950 0.845777 0.013316 0.015873
2 0.917070 0.897835 0.018812 0.017418
2 0.497803 0.976825 0.010969 0.013197
2 0.155059 0.423097 0.016553 0.018909
2 0.279515 0.423645 0.016281 0.019511
2 0.894598 0.713806 0.011800 0.011254
2 0.889736 0.400010 0.019514 0.016924
2 0.677219 0.407117 0.019141 0.017597
2 0.658042 0.642987 0.011371 0.011114
2 0.888823 0.455780 0.018726 0.017288
2 0.369552 0.471676 0.016943 0.018111
2 0.163529 0.458169 0.017277 0.016378
2 0.343943 0.843906 0.010423 0.012793
2 0.520151 0.346490 0.021035 0.017302
2 0.776377 0.452645 0.019625 0.016315
2 0.546864 0.967137 0.010114 0.013408
2 0.639929 0.649613 0.010610 0.008996
2 0.887075 0.849506 0.012918 0.014163
2 0.590553 0.509982 0.016080 0.016613
2 0.704553 0.513837 0.015141 0.012086
2 0.379660 0.844068 0.009919 0.014069
2 0.834036 0.411019 0.018972 0.016426
2 0.216859 0.412912 0.017919 0.017237
2 0.182093 0.457814 0.017950 0.017441
2 0.873079 0.849665 0.013929 0.013267
2 0.492491 0.965417 0.011015 0.013619
2 0.572807 0.978882 0.010087 0.011575
2 0.867767 0.399124 0.019984 0.017393
2 0.496635 0.401139 0.019731 0.016796
2 0.744660 0.407125 0.018512 0.017793
2 0.263295 0.366191 0.012043 0.010656
2 0.564571 0.347095 0.015915 0.017410
2 0.595486 0.980153 0.009776 0.010563
2 0.508606 0.976334 0.010634 0.011993
2 0.536126 0.966812 0.009447 0.013252
2 0.404741 0.425013 0.016094 0.016894
2 0.666288 0.393189 0.013690 0.017237
2 0.785512 0.894904 0.016796 0.017258
2 0.164829 0.413613 0.017664 0.018107
2 0.721542 0.407497 0.018828 0.016826
2 0.252528 0.554608 0.018552 0.017189
2 0.801457 0.398185 0.019111 0.015540
2 0.541115 0.978678 0.010026 0.011934
2 0.269614 0.327728 0.012084 0.011142
2 0.694915 0.503068 0.017024 0.016890
2 0.678284 0.349790 0.019535 0.016679
2 0.227612 0.327570 0.012813 0.012137
2 0.609144 0.510612 0.016469 0.013544
2 0.302321 0.604684 0.017037 0.015791
2 0.311154 0.642149 0.013145 0.017707
2 0.295566 0.563278 0.015367 0.016008
2 0.910530 0.290068 0.018641 0.018551
2 0.652707 0.650117 0.010190 0.008266
2 0.806682 0.965405 0.009912 0.011986
2 0.476077 0.472024 0.016965 0.016366
3 0.664630 0.150278 0.006373 0.015088
2 0.798293 0.796782 0.012223 0.015230
2 0.851593 0.719879 0.012122 0.013335
2 0.851603 0.857519 0.013671 0.015777
2 0.646166 0.675308 0.010903 0.010725
2 0.482472 0.965164 0.010046 0.013198
2 0.557479 0.281394 0.017759 0.012709
2 0.367506 0.507133 0.017107 0.017015
2 0.734296 0.619214 0.010520 0.008300
3 0.902865 0.155074 0.007030 0.014749
2 0.553520 0.389538 0.020227 0.016204
2 0.146279 0.412843 0.016947 0.017435
2 0.514483 0.965264 0.010277 0.012877
2 0.350972 0.423403 0.016502 0.018168
2 0.763241 0.965993 0.009136 0.011293
3 0.490874 0.181670 0.007697 0.014965
2 0.319856 0.770469 0.009586 0.012148
2 0.665153 0.650017 0.010222 0.008383
2 0.732438 0.270990 0.016481 0.019995
2 0.857327 0.644286 0.011145 0.009683
2 0.733198 0.643957 0.011121 0.009800
2 0.278103 0.283560 0.013125 0.012894
2 0.338686 0.359636 0.013593 0.011381
2 0.797027 0.554352 0.015029 0.015589
3 0.833602 0.154536 0.006836 0.015167
2 0.785023 0.966397 0.009241 0.011592
2 0.865660 0.857844 0.013361 0.015755
2 0.136409 0.504869 0.018428 0.017767
2 0.773732 0.965446 0.008603 0.010026
2 0.588606 0.347802 0.021378 0.017967
2 0.423087 0.425164 0.015569 0.014882
2 0.557280 0.966983 0.009794 0.012791
2 0.821337 0.453773 0.018330 0.016734
2 0.627712 0.649538 0.010715 0.010391
2 0.852144 0.557895 0.012750 0.017016
2 0.214173 0.326948 0.011879 0.010444
2 0.863782 0.686987 0.012654 0.011281
2 0.678159 0.649984 0.009743 0.008162
2 0.486203 0.881193 0.011004 0.013902
2 0.550997 0.446633 0.020265 0.015944
3 0.840676 0.154935 0.006949 0.014904
2 0.351916 0.359943 0.012608 0.014132
2 0.869564 0.644609 0.011418 0.010015
2 0.576166 0.390704 0.020923 0.018515
2 0.688344 0.794085 0.013533 0.016237
2 0.708092 0.643920 0.010858 0.008622
2 0.423309 0.910171 0.009798 0.012047
2 0.694771 0.809315 0.013515 0.014261
2 0.332475 0.844030 0.010066 0.013705
2 0.645589 0.642741 0.011885 0.011835
2 0.745200 0.643661 0.011313 0.010062
2 0.283174 0.328903 0.011385 0.008452
2 0.365578 0.360256 0.014401 0.014802
2 0.546423 0.843455 0.011083 0.017469
2 0.882223 0.507687 0.018184 0.014346
2 0.578754 0.281962 0.019088 0.013918
2 0.696569 0.283639 0.020244 0.020618
3 0.809806 0.154641 0.007107 0.013526
2 0.289758 0.319259 0.012529 0.011607
2 0.216441 0.516081 0.015811 0.014923
2 0.599039 0.334940 0.020331 0.017306
2 0.497821 0.770795 0.011505 0.015375
2 0.898358 0.897152 0.017650 0.017190
2 0.618850 0.792448 0.013841 0.015727
2 0.788214 0.503982 0.018397 0.017039
2 0.501243 0.556043 0.015768 0.014467
2 0.851271 0.651582 0.010765 0.010220
2 0.417458 0.962098 0.008885 0.011912
2 0.137640 0.422164 0.017820 0.019932
2 0.290320 0.366232 0.011771 0.011263
2 0.282820 0.358107 0.013449 0.012134
2 0.385375 0.643373 0.013633 0.016151
2 0.292762 0.283858 0.013528 0.013452
2 0.795704 0.965891 0.008704 0.011148
2 0.894679 0.645639 0.012160 0.010397
2 0.881950 0.644643 0.011088 0.010329
2 0.490146 0.690412 0.011350 0.016650
2 0.543004 0.346613 0.019387 0.016274
2 0.644379 0.393743 0.019957 0.017988
2 0.807517 0.506709 0.015598 0.014373
2 0.658186 0.675701 0.011595 0.010920
2 0.683846 0.643948 0.010623 0.008813
2 0.498453 0.881124 0.011360 0.014912
2 0.200627 0.354934 0.012971 0.011879
2 0.567602 0.966393 0.009572 0.012386
2 0.355879 0.843219 0.011231 0.014059
2 0.391242 0.881394 0.010395 0.012268
2 0.789345 0.409282 0.020080 0.016780
2 0.480122 0.729719 0.008613 0.013675
2 0.579599 0.967949 0.008323 0.011547
2 0.326257 0.799868 0.010840 0.011487
2 0.615728 0.682320 0.011512 0.012272
2 0.614790 0.648678 0.010683 0.011159
2 0.487717 0.976607 0.009753 0.013294
2 0.396113 0.414623 0.016607 0.018048
2 0.741818 0.965486 0.008333 0.012100
2 0.907923 0.713420 0.010658 0.009888
2 0.460276 0.964291 0.009317 0.012523
2 0.568293 0.269006 0.020435 0.014422
2 0.825037 0.506557 0.016921 0.015073
2 0.542190 0.402934 0.020226 0.016778
2 0.845233 0.848366 0.012689 0.013161
2 0.827401 0.612924 0.009799 0.008707
2 0.422369 0.973859 0.010977 0.012324
2 0.864014 0.506735 0.015019 0.016193
2 0.453156 0.344355 0.019582 0.016465
2 0.647478 0.544719 0.016243 0.014927
2 0.498343 0.806752 0.010456 0.013905
2 0.429105 0.841825 0.012198 0.018642
2 0.409448 0.840256 0.011203 0.015922
2 0.261166 0.687700 0.016218 0.018904
3 0.816825 0.154349 0.007253 0.014708
2 0.464133 0.331396 0.021463 0.017527
3 0.653933 0.149917 0.006911 0.014570
3 0.471042 0.181162 0.007184 0.014730
2 0.715633 0.683341 0.010418 0.008693
2 0.392294 0.844208 0.011788 0.014725
2 0.739539 0.611230 0.010623 0.009298
2 0.695886 0.677175 0.010278 0.007908
2 0.278138 0.564723 0.016534 0.017801
2 0.798942 0.454093 0.019093 0.017935
2 0.689768 0.650039 0.009190 0.007892
2 0.627958 0.512544 0.015312 0.009663
2 0.726569 0.650004 0.010352 0.009669
2 0.266495 0.641947 0.012116 0.016605
2 0.783937 0.794388 0.013127 0.014931
2 0.815504 0.516162 0.015083 0.013830
2 0.227840 0.355702 0.012906 0.009313
2 0.855896 0.410473 0.020655 0.018373
2 0.529841 0.977931 0.009898 0.011182
2 0.720000 0.965158 0.008091 0.011523
2 0.235243 0.317569 0.011514 0.012514
2 0.714248 0.649793 0.010350 0.008810
2 0.890106 0.720686 0.010447 0.008484
2 0.770302 0.677752 0.010029 0.010784
2 0.844075 0.506482 0.016636 0.016656
2 0.727254 0.611628 0.011098 0.009914
2 0.823756 0.398699 0.019615 0.016750
2 0.667174 0.336248 0.019870 0.017594
2 0.279369 0.836804 0.009473 0.012601
3 0.883410 0.155473 0.006240 0.014817
2 0.487831 0.332954 0.020087 0.016975
2 0.248089 0.317859 0.011787 0.011312
2 0.708079 0.270826 0.021427 0.021433
2 0.814696 0.613049 0.010314 0.008494
2 0.527810 0.840404 0.012532 0.017806
2 0.728041 0.683389 0.010157 0.010497
2 0.332093 0.365898 0.012277 0.012436
2 0.797339 0.516708 0.015523 0.013385
2 0.516835 0.840383 0.011455 0.017532
2 0.413894 0.414653 0.016416 0.015642
2 0.442313 0.331092 0.019944 0.017035
2 0.444456 0.874387 0.011229 0.012890
2 0.684858 0.269055 0.017922 0.019418
2 0.767339 0.856031 0.013697 0.015798
2 0.185325 0.907231 0.015768 0.012894
