2 0.088841 0.761705 0.045643 0.052844
2 0.243411 0.763010 0.026318 0.035260
2 0.631234 0.600844 0.034650 0.038104
2 0.813736 0.330548 0.053094 0.058073
2 0.284591 0.660819 0.023069 0.024763
2 0.142588 0.536778 0.029129 0.034733
2 0.760234 0.269188 0.037597 0.044109
2 0.205543 0.618757 0.028078 0.035946
2 0.895701 0.158223 0.052358 0.053658
2 0.374385 0.800080 0.021693 0.024774
2 0.392390 0.626644 0.022631 0.027550
2 0.332185 0.796336 0.019439 0.024766
2 0.062463 0.619804 0.038431 0.044144
2 0.318132 0.708366 0.031255 0.035733
2 0.275330 0.794491 0.021532 0.028834
2 0.730950 0.491325 0.029302 0.030592
2 0.880865 0.103156 0.049488 0.059102
2 0.138363 0.578712 0.031797 0.037163
2 0.288557 0.637441 0.026600 0.028701
2 0.288175 0.683411 0.027802 0.029336
2 0.384146 0.687275 0.020768 0.025663
2 0.293801 0.804246 0.019538 0.025377
2 0.205456 0.886781 0.022698 0.028251
2 0.394699 0.649274 0.019722 0.025117
2 0.787589 0.106187 0.054054 0.069652
