1 0.857937 0.800658 0.014986 0.029078
1 0.603610 0.250071 0.032267 0.020692
1 0.177845 0.406968 0.030550 0.021980
1 0.656536 0.245298 0.029946 0.021940
1 0.611224 0.835173 0.039264 0.009341
1 0.465663 0.434609 0.017903 0.024225
1 0.496362 0.439837 0.016953 0.024541
1 0.770810 0.234268 0.027560 0.021835
1 0.610018 0.816234 0.038389 0.008819
1 0.484480 0.437207 0.018001 0.024651
1 0.372829 0.370186 0.030695 0.008683
1 0.490680 0.346837 0.012244 0.024556
1 0.391489 0.320329 0.042329 0.012225
1 0.375213 0.659423 0.041410 0.009046
1 0.187768 0.415827 0.029108 0.025162
1 0.815827 0.333263 0.032444 0.007118
1 0.475042 0.435741 0.015858 0.024462
1 0.842669 0.446139 0.032436 0.006986
1 0.807772 0.238720 0.029835 0.018341
1 0.864230 0.540649 0.029087 0.007612
1 0.317983 0.239743 0.023834 0.023723
1 0.533133 0.851056 0.024292 0.008918
1 0.318861 0.389119 0.030338 0.009464
1 0.863296 0.533201 0.031630 0.007356
1 0.362845 0.616449 0.014492 0.021188
1 0.360610 0.688071 0.025812 0.006936
1 0.354134 0.380152 0.031846 0.011188
1 0.454158 0.431993 0.018025 0.025070
1 0.378016 0.341252 0.048672 0.012916
1 0.623233 0.456719 0.031658 0.007312
1 0.673593 0.246053 0.028534 0.022137
1 0.382414 0.641284 0.037489 0.007632
1 0.679031 0.857818 0.027944 0.006361
1 0.873034 0.573297 0.031010 0.007259
1 0.699813 0.802171 0.028738 0.006752
1 0.174973 0.390403 0.029967 0.021373
1 0.377939 0.352344 0.044384 0.010883
1 0.395387 0.313329 0.042628 0.010393
1 0.400228 0.302772 0.043184 0.011707
1 0.797046 0.233695 0.026659 0.022348
