1 0.752845 0.548297 0.048126 0.042349
1 0.754717 0.572406 0.045093 0.043465
1 0.690871 0.894163 0.048609 0.036830
1 0.848811 0.263971 0.038252 0.058297
1 0.877017 0.285506 0.038087 0.057329
1 0.828131 0.513080 0.038522 0.048136
1 0.754821 0.673970 0.042478 0.054751
1 0.273699 0.430485 0.024451 0.045873
1 0.808385 0.393973 0.018159 0.058601
1 0.734684 0.871345 0.034598 0.028540
1 0.743363 0.452813 0.046443 0.042208
1 0.745565 0.909947 0.036687 0.041565
1 0.835840 0.573471 0.037966 0.046120
1 0.735279 0.401057 0.046809 0.044923
0 0.183333 0.290927 0.026035 0.028930
1 0.842025 0.769013 0.032581 0.015896
1 0.872757 0.758355 0.040551 0.026384
1 0.737517 0.890447 0.038490 0.033583
1 0.262136 0.328717 0.056057 0.048814
1 0.864764 0.516131 0.035683 0.042343
1 0.760008 0.622869 0.049870 0.044751
1 0.745118 0.498650 0.050531 0.045112
1 0.826336 0.464126 0.036407 0.041558
1 0.850855 0.731653 0.039312 0.017322
0 0.009511 0.314554 0.019022 0.030367
0 0.260167 0.184707 0.025313 0.025242
1 0.842399 0.675841 0.042857 0.018623
0 0.156709 0.313825 0.026937 0.031173
1 0.842569 0.643422 0.037946 0.046623
1 0.434359 0.215008 0.046150 0.061935
1 0.846911 0.713534 0.040006 0.015739
1 0.782628 0.754414 0.013766 0.044188
0 0.208603 0.269893 0.024396 0.028676
1 0.729216 0.848307 0.041687 0.037227
0 0.064163 0.395888 0.023687 0.027060
1 0.848299 0.693752 0.036671 0.013931
1 0.453470 0.208854 0.044785 0.061453
1 0.304836 0.208124 0.037903 0.031132
1 0.807219 0.740497 0.014332 0.050589
0 0.233372 0.252932 0.026627 0.026878
0 0.414371 0.362622 0.018509 0.029848
1 0.859518 0.477349 0.035256 0.047701
1 0.510516 0.194600 0.047415 0.065586
0 0.022287 0.302780 0.016408 0.030150
0 0.370701 0.047911 0.023602 0.024774
1 0.482834 0.894845 0.031316 0.039470
1 0.281621 0.270018 0.035175 0.058923
1 0.836413 0.476841 0.033456 0.042177
0 0.029275 0.358179 0.024684 0.028143
0 0.536716 0.140357 0.024126 0.016238
1 0.569484 0.358068 0.075548 0.055620
1 0.322358 0.978945 0.043440 0.031037
1 0.844596 0.590477 0.035942 0.041933
1 0.859586 0.388526 0.015914 0.043695
1 0.404458 0.936601 0.035194 0.036585
1 0.831399 0.433576 0.037867 0.046663
1 0.745444 0.225119 0.025737 0.048883
1 0.350608 0.295995 0.053569 0.043835
1 0.586747 0.413184 0.077658 0.054266
1 0.351166 0.248824 0.044423 0.059570
1 0.825375 0.389308 0.016657 0.052335
1 0.843157 0.614527 0.041487 0.047685
1 0.472369 0.203937 0.044521 0.060147
1 0.259590 0.438565 0.025424 0.045935
1 0.475825 0.274990 0.092691 0.064264
1 0.843429 0.384895 0.017263 0.048866
0 0.567082 0.136262 0.027887 0.018583
1 0.243575 0.291596 0.028817 0.047241
0 0.104370 0.357554 0.025220 0.027501
1 0.732322 0.372429 0.043940 0.044918
1 0.317069 0.297604 0.055564 0.055425
0 0.509122 0.142603 0.023593 0.016641
1 0.923750 0.444014 0.039264 0.015795
0 0.994224 0.104897 0.011552 0.036253
1 0.553010 0.192220 0.049047 0.065298
