0 0.180191 0.818313 0.022301 0.016588
0 0.374480 0.956633 0.017245 0.026072
0 0.299216 0.985030 0.017404 0.026293
1 0.510774 0.353505 0.044496 0.018927
0 0.349527 0.902782 0.018201 0.025131
1 0.843483 0.437966 0.014303 0.049782
1 0.348305 0.419535 0.046183 0.020413
1 0.164252 0.500258 0.043465 0.021794
0 0.393387 0.984937 0.019691 0.027269
1 0.514858 0.402858 0.046610 0.016161
0 0.939250 0.228721 0.017801 0.027194
1 0.468323 0.518189 0.020201 0.040140
0 0.262861 0.909778 0.016159 0.026010
0 0.362754 0.932313 0.016886 0.023052
0 0.221840 0.844634 0.018166 0.025952
1 0.841318 0.504333 0.013657 0.048195
0 0.229917 0.820631 0.021600 0.026704
0 0.325928 0.866324 0.012534 0.024194
1 0.517232 0.471964 0.047427 0.017078
1 0.365418 0.561967 0.050816 0.012495
1 0.517487 0.449575 0.032279 0.015277
1 0.365253 0.525428 0.048745 0.014689
0 0.858407 0.643531 0.012069 0.022846
1 0.440712 0.391627 0.034859 0.013165
0 0.860689 0.890068 0.011058 0.024753
0 0.861578 0.810228 0.009510 0.024391
0 0.342218 0.971694 0.013520 0.028159
1 0.178085 0.363842 0.040735 0.019500
0 0.008406 0.867484 0.016747 0.011799
0 0.289384 0.960185 0.016743 0.026848
0 0.251841 0.878405 0.016199 0.026704
0 0.009915 0.853393 0.019830 0.012989
1 0.193788 0.385949 0.034149 0.015885
1 0.191036 0.404131 0.055110 0.024667
0 0.264004 0.989301 0.016975 0.021398
0 0.393129 0.984081 0.019761 0.028257
0 0.053063 0.832972 0.012145 0.026610
1 0.908714 0.838743 0.014029 0.052152
0 0.321619 0.942814 0.022312 0.018899
0 0.317762 0.930278 0.019758 0.017909
1 0.416733 0.627541 0.028574 0.013017
1 0.516353 0.491790 0.049730 0.018888
0 0.007310 0.880859 0.014621 0.011668
1 0.196858 0.460963 0.034231 0.012571
1 0.354039 0.504652 0.041190 0.012557
1 0.136165 0.533692 0.043680 0.021125
0 0.197030 0.947999 0.021264 0.012690
0 0.065855 0.902403 0.018165 0.014549
1 0.157848 0.481483 0.035005 0.017463
1 0.214147 0.533469 0.056703 0.024462
1 0.035140 0.387244 0.060742 0.024560
1 0.961461 0.974460 0.015814 0.043462
1 0.107760 0.407092 0.021757 0.069196
1 0.458305 0.450874 0.014362 0.062490
1 0.047968 0.496761 0.061838 0.026249
1 0.277566 0.427646 0.009294 0.041095
0 0.010593 0.838795 0.021086 0.013419
1 0.674852 0.244003 0.052825 0.023360
1 0.361970 0.581119 0.057375 0.017051
0 0.069701 0.873921 0.020275 0.012054
1 0.516258 0.427798 0.038876 0.012805
1 0.181103 0.441228 0.031416 0.016880
