1 0.492095 0.427077 0.033135 0.029578
1 0.659746 0.246367 0.032396 0.028135
1 0.648798 0.602695 0.026432 0.031545
1 0.579122 0.581859 0.035129 0.033977
1 0.861423 0.351702 0.027497 0.027787
1 0.515628 0.448397 0.032024 0.029843
1 0.677928 0.580186 0.025503 0.029704
1 0.678823 0.404462 0.032370 0.028866
1 0.489725 0.357404 0.031907 0.028930
1 0.459125 0.439908 0.030484 0.027444
1 0.228221 0.779551 0.030547 0.032899
1 0.740973 0.324776 0.026502 0.030481
1 0.472497 0.456507 0.031616 0.029854
1 0.573161 0.460169 0.027694 0.029237
1 0.425209 0.292588 0.032643 0.029123
1 0.490465 0.482253 0.028428 0.023657
1 0.440826 0.419024 0.030721 0.027637
1 0.532742 0.471620 0.030255 0.028418
1 0.540056 0.541603 0.031513 0.028567
1 0.479906 0.403434 0.031802 0.029319
1 0.670015 0.587650 0.025135 0.028974
1 0.275573 0.870815 0.031503 0.036037
1 0.468654 0.321447 0.032630 0.029988
1 0.873706 0.424699 0.028189 0.026524
1 0.907185 0.342872 0.032346 0.030429
1 0.116953 0.304359 0.030849 0.021424
1 0.926609 0.149229 0.022159 0.029606
0 0.058250 0.643441 0.010809 0.015690
1 0.230085 0.883109 0.013040 0.026344
1 0.691701 0.241603 0.013438 0.031915
1 0.531282 0.510682 0.036386 0.031991
1 0.329675 0.759134 0.020539 0.022238
1 0.668363 0.262381 0.031439 0.026706
1 0.100191 0.229845 0.029104 0.014712
1 0.536785 0.522634 0.040691 0.037400
1 0.565888 0.560074 0.034855 0.031099
0 0.701077 0.494459 0.014569 0.015245
1 0.217961 0.451768 0.026221 0.023206
1 0.385215 0.352760 0.031371 0.027981
1 0.396788 0.366871 0.030262 0.028475
1 0.949816 0.158759 0.022805 0.028492
1 0.615747 0.635361 0.025019 0.027911
1 0.336878 0.823220 0.026575 0.030095
1 0.622314 0.628741 0.023812 0.028312
1 0.693762 0.314958 0.026690 0.030856
1 0.951681 0.228628 0.025426 0.027022
0 0.764987 0.510457 0.013524 0.015582
1 0.495849 0.491083 0.027396 0.025978
1 0.896397 0.134770 0.019566 0.026435
1 0.867849 0.343962 0.027350 0.026213
1 0.650990 0.226318 0.034773 0.031576
0 0.645592 0.501132 0.013580 0.013451
0 0.677463 0.516279 0.012757 0.014419
1 0.147957 0.287793 0.028271 0.018402
0 0.736171 0.488660 0.013117 0.015137
1 0.858120 0.438324 0.028149 0.030575
1 0.873802 0.335342 0.029975 0.028691
0 0.783458 0.495999 0.013354 0.015011
0 0.844867 0.083514 0.014366 0.013251
1 0.871699 0.262520 0.021069 0.018302
0 0.856334 0.097212 0.014948 0.013104
0 0.683853 0.510280 0.012882 0.015173
0 0.137452 0.814014 0.014942 0.013017
0 0.807207 0.476459 0.013436 0.015039
0 0.655558 0.491106 0.013214 0.015027
0 0.778690 0.428775 0.011990 0.014078
0 0.754103 0.472611 0.012330 0.014148
0 0.739066 0.465366 0.012988 0.014617
0 0.921211 0.906819 0.014402 0.016123
1 0.098043 0.243491 0.030582 0.016634
0 0.478315 0.225081 0.014075 0.012071
1 0.790106 0.197978 0.022591 0.023797
1 0.270995 0.746151 0.028479 0.030870
0 0.635722 0.524707 0.015532 0.012891
1 0.865629 0.431798 0.024826 0.029316
0 0.777488 0.500147 0.012349 0.014200
0 0.042282 0.580077 0.011455 0.017386
1 0.319788 0.838086 0.027307 0.029670
0 0.034613 0.607210 0.011171 0.016512
0 0.746454 0.523920 0.015164 0.016838
0 0.695347 0.499827 0.012553 0.014500
1 0.629775 0.622875 0.023684 0.027854
1 0.959897 0.163630 0.022765 0.030900
0 0.535844 0.177750 0.015739 0.013584
0 0.758479 0.515407 0.013308 0.015552
1 0.628920 0.622238 0.023109 0.027359
0 0.723672 0.497316 0.013935 0.014366
1 0.286345 0.867015 0.025870 0.030006
0 0.850045 0.090759 0.015056 0.013754
0 0.695682 0.523443 0.013946 0.013646
0 0.784176 0.422707 0.013610 0.016480
0 0.653615 0.536533 0.014597 0.016555
1 0.713165 0.031187 0.020699 0.019528
0 0.717079 0.478320 0.011871 0.013613
0 0.106882 0.735649 0.014727 0.008400
1 0.990996 0.180733 0.017264 0.029753
