0 0.852747 0.546729 0.025637 0.015809
0 0.896615 0.576830 0.020757 0.018044
0 0.127329 0.289843 0.024142 0.017285
0 0.512531 0.901354 0.020026 0.019048
0 0.493903 0.184385 0.016043 0.017350
0 0.269016 0.272985 0.013976 0.015522
1 0.489507 0.829470 0.023959 0.026766
0 0.708986 0.688892 0.023768 0.009367
0 0.543571 0.914667 0.021772 0.017529
0 0.860033 0.764562 0.027467 0.016423
0 0.538488 0.594404 0.020960 0.008231
0 0.144925 0.319750 0.014880 0.019762
0 0.485747 0.245746 0.014008 0.017425
0 0.830635 0.808128 0.027506 0.017799
0 0.532881 0.146204 0.012830 0.016004
0 0.514886 0.954925 0.017088 0.018703
0 0.399559 0.578727 0.020745 0.008871
0 0.593087 0.966887 0.021308 0.016364
0 0.462621 0.303338 0.012787 0.016728
0 0.581840 0.456296 0.014944 0.018747
0 0.231389 0.140309 0.014070 0.017906
0 0.182167 0.158583 0.014481 0.016834
0 0.794563 0.707884 0.025991 0.009978
0 0.810913 0.536181 0.020430 0.009061
0 0.426172 0.501251 0.013079 0.017149
0 0.612660 0.258633 0.013198 0.017338
0 0.226599 0.370648 0.014157 0.018564
0 0.505970 0.322809 0.013458 0.017054
0 0.880231 0.608828 0.021962 0.010984
0 0.410722 0.325969 0.013183 0.016929
0 0.525290 0.458266 0.015478 0.018827
0 0.617438 0.550870 0.024420 0.008941
0 0.377960 0.247587 0.015577 0.017106
0 0.042456 0.275902 0.022740 0.008510
0 0.846753 0.578916 0.021961 0.016914
0 0.729111 0.594598 0.022615 0.008122
0 0.521133 0.184281 0.013981 0.016955
0 0.541342 0.944091 0.022381 0.019212
0 0.234988 0.198358 0.014231 0.017632
0 0.401048 0.588491 0.022348 0.008850
0 0.391097 0.246083 0.013801 0.018262
0 0.263542 0.370287 0.014712 0.019221
0 0.042909 0.294861 0.022457 0.008378
0 0.506255 0.400774 0.025075 0.008916
0 0.399147 0.501799 0.012328 0.017309
0 0.590759 0.281691 0.024826 0.009821
0 0.205040 0.275184 0.016328 0.019203
0 0.416661 0.246329 0.015349 0.019574
0 0.584349 0.416493 0.016197 0.020312
0 0.836348 0.571864 0.021152 0.016161
0 0.515069 0.263591 0.012342 0.016745
0 0.563076 0.495709 0.013774 0.017171
0 0.499583 0.919563 0.024555 0.021928
0 0.713023 0.938605 0.021787 0.014772
0 0.626252 0.656792 0.024407 0.009718
0 0.533908 0.497268 0.015614 0.016980
0 0.240670 0.391475 0.013760 0.017429
0 0.391139 0.266028 0.012207 0.016599
0 0.560700 0.145924 0.014249 0.016411
0 0.140479 0.277528 0.015580 0.018159
0 0.644167 0.580603 0.025594 0.008614
0 0.424228 0.326931 0.011477 0.016840
0 0.733976 0.670148 0.021694 0.008795
0 0.260195 0.509759 0.013863 0.016688
0 0.563767 0.514840 0.012723 0.016128
0 0.845379 0.879331 0.022983 0.020773
0 0.423592 0.085649 0.014962 0.016914
0 0.558767 0.319864 0.011501 0.015992
0 0.705650 0.615985 0.023342 0.008410
0 0.971641 0.516478 0.011802 0.015700
0 0.546294 0.669643 0.022821 0.008169
0 0.459748 0.596115 0.021628 0.008679
0 0.576532 0.184692 0.014080 0.017749
0 0.584225 0.377350 0.014069 0.017178
0 0.200055 0.335122 0.015030 0.019511
0 0.732548 0.660605 0.023996 0.009125
0 0.357869 0.327300 0.014435 0.018265
0 0.808833 0.564156 0.015672 0.016957
0 0.487006 0.359870 0.013749 0.017593
0 0.487784 0.264896 0.012753 0.017260
0 0.508194 0.459456 0.015551 0.019100
0 0.507275 0.498567 0.013677 0.017186
0 0.496269 0.204767 0.013037 0.016379
0 0.340790 0.308256 0.014885 0.017940
0 0.979058 0.582252 0.023807 0.011806
0 0.266189 0.253572 0.012888 0.015326
0 0.654645 0.138679 0.021533 0.008328
0 0.583143 0.258882 0.012952 0.016854
0 0.526239 0.079641 0.014622 0.016781
0 0.564808 0.216007 0.013380 0.015809
0 0.292132 0.253102 0.012384 0.016770
0 0.653814 0.665537 0.026846 0.011021
0 0.439966 0.189905 0.012667 0.017916
0 0.642975 0.558366 0.024566 0.008898
0 0.346399 0.194048 0.012913 0.018385
0 0.386269 0.191597 0.013652 0.017071
0 0.388364 0.522210 0.012504 0.016589
0 0.498513 0.643862 0.024000 0.010255
0 0.413106 0.383950 0.012666 0.016905
0 0.169167 0.277627 0.012517 0.015954
0 0.313085 0.525224 0.015357 0.017619
0 0.574128 0.319824 0.011458 0.015355
1 0.250614 0.841883 0.051041 0.019072
0 0.374224 0.423590 0.014343 0.018840
0 0.455841 0.206594 0.012903 0.017112
0 0.643640 0.570245 0.025206 0.008398
0 0.705863 0.635887 0.024913 0.009053
0 0.478050 0.145798 0.013988 0.016113
0 0.564416 0.379111 0.015198 0.018637
0 0.569922 0.259934 0.013352 0.015114
0 0.523188 0.203516 0.012448 0.017472
0 0.790894 0.654417 0.027443 0.009879
0 0.574546 0.669169 0.020331 0.008686
0 0.727473 0.575916 0.023667 0.008506
0 0.455957 0.459662 0.012956 0.018092
0 0.795575 0.751805 0.025403 0.009100
0 0.567086 0.241743 0.013711 0.017864
0 0.543679 0.126243 0.014193 0.017839
0 0.144043 0.141770 0.014279 0.016727
0 0.451398 0.323798 0.013831 0.017817
0 0.437027 0.148610 0.014641 0.017174
0 0.656296 0.182910 0.015093 0.020337
0 0.162975 0.375560 0.015625 0.019551
0 0.406643 0.128314 0.015720 0.019552
0 0.598219 0.121651 0.014569 0.017720
0 0.512200 0.242491 0.013743 0.018064
0 0.434612 0.304192 0.016578 0.020456
0 0.108991 0.970170 0.020471 0.011240
0 0.860265 0.582683 0.022781 0.016769
0 0.285696 0.507694 0.014543 0.017562
0 0.883672 0.629133 0.029131 0.010589
0 0.363630 0.640895 0.020861 0.018606
0 0.288581 0.289636 0.022194 0.010124
0 0.581679 0.357480 0.017104 0.019547
0 0.722353 0.963419 0.020159 0.014139
0 0.549831 0.185393 0.013506 0.018260
0 0.569075 0.641742 0.022830 0.009518
0 0.574728 0.493452 0.015889 0.019115
0 0.709929 0.697983 0.023830 0.010246
0 0.414772 0.519758 0.012648 0.015608
0 0.599621 0.298506 0.012252 0.016025
0 0.341006 0.634155 0.017284 0.016405
0 0.504073 0.128753 0.013292 0.017580
0 0.730058 0.623757 0.021725 0.008706
0 0.476477 0.303606 0.013220 0.017387
0 0.589926 0.492574 0.015188 0.017001
0 0.331465 0.755575 0.027390 0.020437
0 0.505777 0.359565 0.014911 0.018204
0 0.444529 0.248564 0.013180 0.016622
0 0.301668 0.370616 0.010919 0.016226
0 0.536690 0.517260 0.012950 0.016691
0 0.473280 0.458624 0.013706 0.017483
0 0.469163 0.707703 0.024263 0.015881
0 0.419230 0.267178 0.013858 0.018523
0 0.520259 0.321445 0.012873 0.016286
0 0.784139 0.610427 0.021274 0.009049
0 0.462937 0.127642 0.015977 0.020328
0 0.785734 0.637272 0.021887 0.008981
0 0.728870 0.584925 0.024198 0.008889
0 0.418264 0.363404 0.012400 0.017374
0 0.095083 0.033592 0.026356 0.010430
0 0.042621 0.133951 0.023164 0.008382
0 0.462569 0.083465 0.014138 0.017763
0 0.558419 0.300596 0.013466 0.019043
0 0.794200 0.726643 0.025735 0.008805
0 0.135882 0.201823 0.012248 0.015061
0 0.368709 0.134787 0.012484 0.016141
0 0.762464 0.962804 0.015998 0.015623
0 0.724000 0.546333 0.023905 0.008152
0 0.599884 0.317119 0.012011 0.015835
0 0.407672 0.305940 0.013436 0.017424
0 0.479285 0.607680 0.022663 0.009627
0 0.556570 0.930293 0.021209 0.017712
0 0.574719 0.145990 0.011650 0.015627
0 0.481198 0.501239 0.015398 0.019655
0 0.672288 0.972571 0.020847 0.017568
0 0.441537 0.519377 0.012756 0.016463
0 0.440765 0.502282 0.013931 0.017672
0 0.571989 0.298665 0.013742 0.017830
0 0.574555 0.952288 0.021523 0.015852
0 0.109262 0.046670 0.022194 0.007452
0 0.058362 0.458428 0.023297 0.018000
0 0.108525 0.304941 0.026632 0.009311
0 0.378028 0.267048 0.013144 0.016937
0 0.478737 0.323534 0.012850 0.016759
0 0.618848 0.570934 0.023524 0.009082
0 0.653820 0.110779 0.019810 0.007754
0 0.374052 0.522912 0.012916 0.017091
0 0.435491 0.460939 0.013093 0.016725
0 0.586134 0.123600 0.014128 0.018955
0 0.259391 0.392724 0.012728 0.017459
0 0.984459 0.517262 0.011727 0.015563
0 0.556827 0.261009 0.014092 0.017429
0 0.632880 0.720464 0.024431 0.008237
0 0.355319 0.388172 0.013427 0.017262
0 0.428491 0.519489 0.012539 0.016874
0 0.413573 0.189864 0.012680 0.017298
0 0.520225 0.302200 0.013265 0.017871
0 0.288550 0.216896 0.015677 0.016108
0 0.505759 0.561268 0.013822 0.017210
0 0.310995 0.276861 0.013455 0.016425
0 0.184018 0.334967 0.016572 0.020055
0 0.826341 0.564522 0.019276 0.017717
0 0.155411 0.114547 0.026588 0.010824
0 0.528475 0.262729 0.011739 0.015445
0 0.370572 0.088440 0.013760 0.016790
0 0.432581 0.266719 0.012140 0.016518
0 0.449862 0.083707 0.014488 0.016530
0 0.494555 0.501629 0.012636 0.016581
0 0.546128 0.418172 0.012974 0.017037
0 0.314184 0.563953 0.027772 0.010512
0 0.399585 0.210803 0.015403 0.018013
0 0.386263 0.502544 0.011434 0.016887
0 0.656220 0.710413 0.023383 0.008722
0 0.540510 0.622827 0.026923 0.011021
0 0.592048 0.513269 0.012693 0.015971
1 0.234974 0.819976 0.068292 0.022503
0 0.379859 0.365600 0.013934 0.019184
0 0.488072 0.633879 0.026063 0.012660
0 0.453409 0.558348 0.026556 0.008807
0 0.650228 0.650199 0.023476 0.008155
0 0.534475 0.184422 0.015372 0.018356
0 0.214216 0.669375 0.028366 0.018110
0 0.540085 0.242687 0.012451 0.016920
0 0.958435 0.517723 0.012792 0.017645
0 0.165602 0.993752 0.024118 0.012496
0 0.578067 0.203317 0.013586 0.014302
0 0.400804 0.365286 0.011672 0.016807
0 0.244542 0.370343 0.015574 0.018561
0 0.549171 0.496735 0.013614 0.016532
0 0.362059 0.366233 0.015929 0.018977
0 0.048434 0.178042 0.025659 0.009660
0 0.645442 0.549543 0.021622 0.008826
0 0.797172 0.559285 0.016880 0.016687
0 0.517285 0.127919 0.012487 0.016464
0 0.375051 0.561556 0.027948 0.009837
0 0.731691 0.633861 0.025567 0.010302
0 0.484673 0.381821 0.013506 0.017817
0 0.491773 0.304188 0.014144 0.019412
0 0.591888 0.238959 0.015730 0.017164
0 0.394215 0.386232 0.016163 0.017188
0 0.838639 0.924208 0.020743 0.007760
0 0.505159 0.301638 0.013498 0.018661
1 0.357736 0.892940 0.027249 0.052927
0 0.429634 0.383503 0.013136 0.017616
0 0.416446 0.461350 0.012642 0.017660
0 0.492787 0.145296 0.013835 0.015712
0 0.468583 0.517886 0.014241 0.017625
0 0.533376 0.320023 0.013146 0.017510
0 0.471886 0.244889 0.013304 0.019195
0 0.534279 0.555168 0.023034 0.008664
0 0.538496 0.079835 0.012682 0.016775
0 0.286078 0.332692 0.012727 0.014524
0 0.944177 0.518727 0.013841 0.019822
0 0.525451 0.361485 0.014481 0.019075
0 0.503037 0.381659 0.013283 0.016387
