1 0.538857 0.550200 0.055557 0.026218
1 0.534870 0.530287 0.051626 0.028272
1 0.674520 0.558945 0.042853 0.024271
1 0.639772 0.683120 0.056763 0.028525
1 0.252735 0.824959 0.043252 0.028033
1 0.718126 0.638671 0.038897 0.020731
1 0.642224 0.700625 0.052066 0.028095
0 0.110847 0.308197 0.024554 0.026020
1 0.533275 0.703386 0.053310 0.031400
0 0.747272 0.048234 0.022520 0.025905
0 0.097145 0.312847 0.023756 0.026916
1 0.845047 0.738327 0.063914 0.037222
1 0.560233 0.567341 0.056409 0.030572
1 0.584023 0.708260 0.054875 0.026882
1 0.571634 0.605295 0.052960 0.030045
1 0.231315 0.796445 0.028426 0.034280
0 0.077913 0.322642 0.020385 0.024863
1 0.216484 0.802617 0.029971 0.037112
0 0.761373 0.117292 0.017222 0.022103
1 0.334390 0.945453 0.045174 0.026003
0 0.984472 0.162316 0.029746 0.019771
1 0.288692 0.849167 0.048072 0.027736
0 0.049628 0.641748 0.023706 0.027728
1 0.649314 0.490270 0.066388 0.028341
1 0.518383 0.666286 0.050242 0.027134
0 0.761156 0.042811 0.022089 0.025143
0 0.834025 0.099214 0.023038 0.027463
1 0.445543 0.286573 0.059379 0.029460
1 0.481491 0.583244 0.056993 0.029151
0 0.010666 0.568069 0.021333 0.027064
0 0.174282 0.782382 0.031767 0.021193
1 0.476982 0.565655 0.051728 0.028025
1 0.506766 0.483448 0.051562 0.028621
1 0.660535 0.506598 0.052335 0.025774
1 0.509841 0.500342 0.051012 0.025086
0 0.804984 0.107179 0.021370 0.027629
1 0.517003 0.648525 0.051550 0.027930
1 0.429036 0.450445 0.042892 0.060239
0 0.731554 0.054901 0.022552 0.027086
0 0.181927 0.830591 0.029472 0.019521
0 0.934314 0.063975 0.027625 0.015740
1 0.448290 0.530629 0.061125 0.033416
0 0.776066 0.115935 0.020367 0.026184
0 0.255946 0.958880 0.026890 0.017331
1 0.670492 0.541504 0.053610 0.028808
1 0.639703 0.455002 0.052608 0.027404
1 0.521642 0.684759 0.051873 0.030681
1 0.624718 0.421382 0.053719 0.026748
1 0.441098 0.513398 0.062586 0.030642
1 0.646008 0.471875 0.051602 0.025103
1 0.866745 0.692406 0.033303 0.043929
1 0.669259 0.972295 0.072716 0.037302
0 0.553945 0.232512 0.032507 0.019638
1 0.584894 0.663148 0.062306 0.030052
1 0.483651 0.603291 0.062572 0.034964
0 0.248740 0.945246 0.025052 0.014995
0 0.586600 0.112493 0.019500 0.024451
0 0.283503 0.309565 0.033092 0.017817
0 0.081944 0.706529 0.025191 0.027273
1 0.563467 0.587489 0.060821 0.031633
0 0.485066 0.243536 0.023593 0.026666
1 0.455869 0.547474 0.052275 0.030990
0 0.586830 0.308103 0.026986 0.017126
