2 0.447003 0.546591 0.017076 0.035020
2 0.632660 0.355219 0.015784 0.035540
2 0.466471 0.639787 0.013391 0.035369
2 0.266656 0.667914 0.018044 0.040520
2 0.297296 0.678181 0.013314 0.034257
2 0.835999 0.233365 0.020615 0.048511
2 0.890999 0.128940 0.015628 0.039177
2 0.035891 0.830197 0.015963 0.040940
2 0.565844 0.499360 0.017525 0.036048
2 0.844346 0.272927 0.014596 0.038096
2 0.347740 0.736512 0.017657 0.042101
2 0.331370 0.650873 0.014782 0.035853
2 0.552853 0.341286 0.017940 0.037027
2 0.807493 0.200875 0.015754 0.036746
2 0.556122 0.291491 0.014387 0.036381
2 0.232771 0.710354 0.011324 0.025766
2 0.884949 0.987666 0.015692 0.024669
2 0.776100 0.263694 0.016613 0.041000
2 0.893298 0.950800 0.014659 0.032071
2 0.938260 0.096414 0.013655 0.036501
2 0.363115 0.589586 0.016003 0.032141
2 0.364638 0.430295 0.010989 0.029010
2 0.920404 0.098056 0.012205 0.030967
2 0.303468 0.775715 0.015592 0.040422
2 0.432041 0.287256 0.014926 0.036426
2 0.426121 0.620634 0.011331 0.024759
2 0.741850 0.214975 0.015208 0.038952
2 0.707937 0.297831 0.017778 0.040425
2 0.939571 0.191345 0.011168 0.032305
2 0.254606 0.636821 0.015450 0.033552
2 0.763287 0.155193 0.012748 0.031911
2 0.553671 0.575639 0.014155 0.032813
2 0.875803 0.147516 0.012794 0.033858
2 0.685557 0.236576 0.013745 0.032525
2 0.539687 0.305433 0.015881 0.038454
2 0.276312 0.846270 0.016191 0.036718
2 0.703442 0.334325 0.016082 0.037356
2 0.756564 0.191797 0.013299 0.027016
2 0.885751 0.231543 0.013154 0.034253
2 0.485285 0.570596 0.015027 0.031582
2 0.015837 0.845547 0.017818 0.042212
2 0.064995 0.852845 0.017945 0.049965
2 0.608130 0.569645 0.014942 0.036198
2 0.431432 0.725065 0.015599 0.034330
2 0.123042 0.804777 0.015393 0.035933
2 0.774858 0.153929 0.012384 0.029099
2 0.346769 0.504182 0.010954 0.026161
2 0.318498 0.761019 0.016171 0.039573
2 0.522295 0.320216 0.018949 0.045801
2 0.380723 0.709168 0.014155 0.034576
2 0.670710 0.328152 0.016267 0.034479
2 0.753066 0.142401 0.010529 0.024725
2 0.854914 0.164266 0.020955 0.052184
2 0.384926 0.658674 0.013811 0.033939
2 0.765634 0.279229 0.011730 0.026041
2 0.406141 0.639139 0.010786 0.023712
2 0.447887 0.602692 0.012555 0.026715
2 0.565585 0.263591 0.014047 0.032267
2 0.143693 0.933522 0.018041 0.043297
2 0.909223 0.412769 0.017474 0.044719
2 0.931274 0.943875 0.013016 0.027753
2 0.412635 0.304739 0.016059 0.035820
2 0.319080 0.714052 0.011007 0.023100
2 0.175768 0.902096 0.015283 0.036555
2 0.968839 0.212930 0.010363 0.026428
2 0.865402 0.255029 0.017245 0.038871
2 0.668689 0.360598 0.014473 0.035872
2 0.401613 0.707075 0.008188 0.018410
2 0.364452 0.623806 0.012036 0.028345
2 0.682552 0.273407 0.014292 0.034793
2 0.730305 0.275278 0.015449 0.038675
2 0.454779 0.652994 0.013126 0.029920
2 0.345757 0.445050 0.013754 0.032451
2 0.413747 0.595872 0.014915 0.030171
2 0.729913 0.278410 0.014052 0.034403
2 0.679090 0.266801 0.013327 0.033211
2 0.821844 0.306737 0.011968 0.027755
2 0.966798 0.206968 0.008270 0.020635
2 0.818725 0.125943 0.014393 0.032459
2 0.205476 0.546967 0.012437 0.037942
2 0.611763 0.333542 0.016925 0.039122
