1 0.814448 0.338293 0.041742 0.042075
1 0.494830 0.286475 0.041767 0.037814
1 0.799574 0.375974 0.041471 0.041711
1 0.249595 0.498810 0.044394 0.044153
1 0.458754 0.386748 0.040240 0.038689
1 0.472147 0.345586 0.040944 0.040045
1 0.742609 0.532016 0.038517 0.040971
1 0.390224 0.581577 0.047972 0.043456
1 0.442152 0.422276 0.036226 0.036902
1 0.465828 0.366723 0.039777 0.038957
1 0.574930 0.354114 0.065865 0.025138
1 0.822121 0.319189 0.040325 0.040906
1 0.735843 0.551856 0.038511 0.039235
1 0.257441 0.459745 0.049670 0.042449
1 0.392318 0.559287 0.049131 0.047281
1 0.752333 0.339858 0.061092 0.021919
1 0.713059 0.609229 0.037468 0.038266
1 0.642655 0.629436 0.063243 0.022666
1 0.690752 0.665585 0.043469 0.041526
1 0.792235 0.396033 0.040388 0.041312
1 0.766315 0.301432 0.060057 0.019121
1 0.736738 0.378161 0.059965 0.019948
1 0.655829 0.313243 0.036598 0.032886
1 0.820264 0.596783 0.065146 0.022407
1 0.806349 0.634866 0.064819 0.022581
1 0.392910 0.388929 0.066146 0.022462
1 0.922122 0.326731 0.068869 0.020465
1 0.617281 0.239769 0.065558 0.020575
1 0.491231 0.192589 0.045733 0.022287
1 0.660561 0.572069 0.063713 0.022865
1 0.357032 0.484540 0.065597 0.022873
1 0.589273 0.314838 0.068900 0.023260
1 0.975667 0.260390 0.048666 0.027328
1 0.807721 0.358436 0.040917 0.039342
1 0.630986 0.650459 0.062972 0.023157
1 0.908181 0.364662 0.067411 0.022563
1 0.706465 0.627689 0.037741 0.039800
1 0.657827 0.589559 0.061509 0.022354
1 0.770978 0.452743 0.041405 0.039951
1 0.487259 0.586024 0.064656 0.021986
1 0.596088 0.295990 0.067436 0.021567
1 0.909876 0.526543 0.046194 0.020244
1 0.745538 0.359567 0.060907 0.021980
1 0.831454 0.738360 0.049185 0.018474
1 0.660716 0.293732 0.036105 0.036857
1 0.816539 0.614711 0.063604 0.022843
1 0.566555 0.543207 0.036945 0.037251
1 0.611017 0.257757 0.068626 0.023380
1 0.846182 0.539117 0.069893 0.024519
1 0.897132 0.564383 0.045279 0.020625
1 0.424984 0.309850 0.065629 0.025773
1 0.777842 0.434141 0.041495 0.040502
1 0.784897 0.415449 0.041652 0.040969
1 0.363833 0.465887 0.063954 0.022338
1 0.384916 0.407441 0.065396 0.023445
1 0.888753 0.422339 0.066080 0.021703
1 0.882204 0.442208 0.064576 0.022992
1 0.749484 0.510383 0.037530 0.040664
1 0.456597 0.233166 0.064844 0.022669
1 0.864347 0.642683 0.045130 0.018527
1 0.676478 0.534003 0.066490 0.023054
1 0.874161 0.461521 0.067067 0.021427
1 0.601456 0.277635 0.066277 0.020632
1 0.763901 0.472368 0.038450 0.038836
1 0.544836 0.432209 0.068651 0.022897
1 0.684040 0.513688 0.063306 0.023492
1 0.496049 0.566825 0.062695 0.023691
1 0.684460 0.684914 0.042494 0.040850
1 0.691671 0.494940 0.067615 0.023674
1 0.829866 0.576716 0.066037 0.023409
1 0.851613 0.520363 0.068582 0.022855
1 0.844084 0.699954 0.049967 0.020807
1 0.770837 0.281749 0.059721 0.019189
1 0.499634 0.548609 0.064115 0.024191
1 0.756825 0.491017 0.038341 0.038557
1 0.758471 0.321113 0.061757 0.021339
1 0.516985 0.508991 0.068397 0.021880
1 0.341988 0.523161 0.065694 0.022202
1 0.502816 0.086575 0.027838 0.038927
1 0.378633 0.426866 0.066151 0.023916
1 0.671395 0.552124 0.065515 0.022653
1 0.523589 0.489794 0.069445 0.022049
1 0.924262 0.489050 0.047216 0.019712
1 0.721560 0.417179 0.064335 0.021581
1 0.835357 0.558328 0.067231 0.024278
1 0.881738 0.603247 0.046840 0.017927
1 0.698818 0.645841 0.043753 0.042025
1 0.350516 0.503215 0.068353 0.022879
1 0.430761 0.291149 0.062887 0.024457
1 0.930882 0.469251 0.045705 0.018563
1 0.799492 0.654031 0.066357 0.022543
1 0.532782 0.470732 0.071308 0.022915
1 0.439204 0.272070 0.063824 0.023656
1 0.557778 0.395520 0.067907 0.022817
1 0.719136 0.588422 0.038728 0.041056
1 0.563177 0.374559 0.062889 0.024020
1 0.715010 0.437403 0.065401 0.021497
1 0.728745 0.398745 0.061252 0.021343
1 0.449485 0.403110 0.038104 0.036896
1 0.919105 0.507340 0.043635 0.019673
1 0.462014 0.214070 0.064326 0.022586
1 0.850510 0.680866 0.044989 0.019495
1 0.707392 0.455618 0.063488 0.022187
1 0.649583 0.610587 0.060876 0.021339
1 0.521605 0.092815 0.026735 0.040619
1 0.901323 0.384510 0.064430 0.021600
1 0.583003 0.335416 0.063235 0.022326
1 0.517964 0.229898 0.037680 0.037898
1 0.903085 0.545789 0.045799 0.020198
1 0.699193 0.475057 0.065797 0.023545
1 0.895453 0.402728 0.064316 0.023742
1 0.562652 0.375069 0.065583 0.024775
0 0.369895 0.937240 0.020553 0.024291
1 0.885621 0.585109 0.043962 0.017530
1 0.482166 0.605111 0.062145 0.021932
1 0.866525 0.480469 0.066428 0.022773
1 0.915829 0.345860 0.068682 0.023471
1 0.726703 0.569286 0.038803 0.040612
0 0.093165 0.937625 0.020764 0.024109
1 0.480318 0.325849 0.041634 0.041695
1 0.399668 0.369143 0.066677 0.022330
1 0.967606 0.373224 0.044957 0.018321
0 0.055675 0.921410 0.021589 0.025982
1 0.837903 0.718580 0.044202 0.018374
0 0.287421 0.990073 0.031291 0.019854
1 0.609418 0.425451 0.032638 0.033140
0 0.067525 0.823084 0.019796 0.025305
0 0.459165 0.974238 0.025300 0.029567
1 0.448608 0.252588 0.064448 0.022741
1 0.600889 0.446257 0.033176 0.031907
1 0.594245 0.464515 0.031729 0.030994
1 0.728553 0.666513 0.026918 0.034873
1 0.945085 0.430441 0.044777 0.017041
1 0.290521 0.215558 0.043427 0.050641
1 0.647873 0.332203 0.033220 0.032188
1 0.617371 0.409494 0.032132 0.031586
1 0.538977 0.450724 0.070316 0.023478
