1 0.820988 0.355557 0.195447 0.118527
1 0.730944 0.240224 0.200684 0.115332
1 0.700442 0.201917 0.197390 0.115991
1 0.665526 0.165334 0.195289 0.116571
1 0.630709 0.128716 0.195748 0.117898
1 0.596639 0.091354 0.198656 0.116608
1 0.512157 0.804959 0.195467 0.123105
1 0.407582 0.631010 0.198047 0.122273
1 0.761189 0.279559 0.195702 0.114410
1 0.235151 0.444607 0.194654 0.122327
1 0.200482 0.407571 0.200018 0.120179
1 0.370411 0.594431 0.195813 0.122032
1 0.416180 0.681730 0.192829 0.121773
1 0.295027 0.519657 0.188900 0.121369
1 0.846718 0.395980 0.195243 0.117895
1 0.796067 0.314856 0.198347 0.114259
1 0.331509 0.557832 0.190473 0.121391
1 0.115549 0.338081 0.204407 0.113988
1 0.262835 0.481929 0.189902 0.116662
1 0.632216 0.341055 0.150930 0.143065
1 0.147269 0.375299 0.201282 0.113125
1 0.447771 0.722418 0.192564 0.120120
1 0.847154 0.396868 0.198527 0.119058
1 0.291713 0.312423 0.153628 0.138229
0 0.130530 0.924071 0.081038 0.073315
1 0.332282 0.558178 0.192868 0.123227
0 0.081836 0.936672 0.080538 0.070220
1 0.295451 0.518560 0.187148 0.120978
0 0.906572 0.445134 0.077514 0.063221
1 0.483172 0.757600 0.188329 0.122125
1 0.795348 0.316300 0.199443 0.114604
