1 0.618530 0.526603 0.127397 0.109587
1 0.700673 0.389227 0.145589 0.122583
1 0.427403 0.880330 0.132827 0.107178
1 0.580963 0.595854 0.130973 0.108266
1 0.469307 0.809399 0.125589 0.107854
1 0.599386 0.561961 0.135176 0.111428
1 0.562259 0.631055 0.135714 0.107611
1 0.487963 0.775147 0.135610 0.111474
1 0.505190 0.738941 0.128473 0.109364
1 0.449586 0.844528 0.133878 0.108004
1 0.541692 0.667661 0.127601 0.109043
0 0.885421 0.673973 0.046365 0.070149
1 0.642534 0.492430 0.143027 0.115644
0 0.254899 0.314095 0.067326 0.041097
0 0.288470 0.054147 0.057578 0.082817
0 0.298445 0.138420 0.047316 0.079570
1 0.130737 0.829632 0.126985 0.056137
1 0.329785 0.242043 0.104054 0.053114
0 0.024174 0.513763 0.048348 0.077694
1 0.525566 0.705304 0.136160 0.112480
0 0.761396 0.508427 0.064965 0.048287
1 0.330264 0.242846 0.105052 0.049823
