1 0.692871 0.282626 0.037804 0.054749
1 0.552090 0.225839 0.008493 0.046922
1 0.208912 0.446351 0.052392 0.032301
1 0.603923 0.229222 0.009056 0.062072
1 0.514343 0.625728 0.009781 0.049850
1 0.532666 0.591309 0.009673 0.050453
1 0.937654 0.622319 0.042598 0.034359
1 0.937732 0.565447 0.039256 0.034787
0 0.873769 0.266387 0.013067 0.013167
1 0.569363 0.227619 0.009193 0.056489
1 0.946261 0.724853 0.029025 0.022419
0 0.726648 0.147527 0.014267 0.014808
1 0.952655 0.796500 0.045033 0.032417
1 0.198300 0.488577 0.054798 0.033086
1 0.525777 0.231780 0.008881 0.060752
1 0.490247 0.225622 0.008749 0.059087
1 0.238694 0.525265 0.032830 0.021798
1 0.404963 0.228603 0.008654 0.047587
1 0.152736 0.393587 0.047847 0.020852
1 0.578675 0.229522 0.009113 0.059674
1 0.116072 0.410688 0.046592 0.014445
1 0.740702 0.326805 0.035476 0.050330
1 0.509282 0.228100 0.009508 0.062168
0 0.777583 0.181864 0.012017 0.011322
1 0.464721 0.225326 0.009036 0.060347
0 0.340923 0.754259 0.006075 0.013345
1 0.147500 0.295432 0.010034 0.060630
1 0.427319 0.472290 0.053565 0.008974
1 0.118944 0.738117 0.008136 0.044104
0 0.571701 0.012493 0.011314 0.012900
0 0.321953 0.752581 0.006490 0.014155
1 0.859984 0.622878 0.009468 0.028657
1 0.213748 0.429471 0.056395 0.032566
1 0.621392 0.233054 0.009650 0.059371
0 0.134745 0.595904 0.013639 0.014807
1 0.673391 0.260667 0.034972 0.045129
0 0.820194 0.232736 0.013882 0.013197
0 0.361362 0.754338 0.006419 0.014497
1 0.428015 0.332998 0.054557 0.009667
1 0.395443 0.227858 0.008231 0.062231
0 0.372254 0.754685 0.007433 0.014721
1 0.268746 0.446829 0.031036 0.028034
0 0.403207 0.809964 0.005645 0.012235
1 0.234785 0.538624 0.031676 0.020291
1 0.165089 0.293862 0.009679 0.065845
1 0.654085 0.416557 0.043854 0.009777
0 0.310010 0.752673 0.005462 0.011814
1 0.714109 0.298702 0.035060 0.050229
0 0.424882 0.783084 0.011663 0.009591
1 0.483802 0.368296 0.052255 0.015936
0 0.064544 0.884886 0.005769 0.012315
0 0.275616 0.673527 0.009469 0.015399
1 0.214297 0.758103 0.014496 0.029484
0 0.154237 0.644588 0.010370 0.013869
0 0.303326 0.752591 0.006301 0.011893
0 0.348015 0.753958 0.006422 0.013748
1 0.776371 0.354903 0.033700 0.049043
1 0.727541 0.315303 0.037178 0.052349
