1 0.810445 0.279423 0.035445 0.036410
1 0.949244 0.236320 0.039051 0.033090
1 0.677425 0.632402 0.027527 0.042330
1 0.340584 0.503358 0.029560 0.042374
1 0.839322 0.271066 0.038209 0.033799
1 0.624708 0.314947 0.042934 0.021266
1 0.574841 0.619750 0.028145 0.041633
1 0.316847 0.695240 0.026447 0.042801
1 0.596996 0.714710 0.028686 0.042709
1 0.486208 0.685224 0.030283 0.042789
1 0.683190 0.299419 0.042286 0.019213
1 0.528907 0.720986 0.028124 0.039975
1 0.769259 0.289233 0.034262 0.039502
1 0.501350 0.743357 0.027053 0.042316
1 0.171090 0.673345 0.028274 0.042979
1 0.890440 0.255126 0.037126 0.037705
1 0.452148 0.530526 0.027800 0.041706
1 0.476085 0.648442 0.029130 0.043117
1 0.697211 0.571658 0.027675 0.040805
1 0.469209 0.606072 0.028420 0.044748
1 0.633650 0.439867 0.027931 0.042561
1 0.208705 0.824794 0.025553 0.042501
1 0.353100 0.558529 0.028383 0.042693
1 0.648320 0.365339 0.029902 0.039563
1 0.378022 0.516004 0.027483 0.040435
1 0.932795 0.239866 0.038970 0.033612
1 0.376064 0.654925 0.029591 0.041438
1 0.875983 0.260434 0.037358 0.035460
1 0.682780 0.651335 0.026297 0.042326
1 0.658325 0.399061 0.028115 0.037812
1 0.398676 0.750108 0.027169 0.042854
1 0.332721 0.462672 0.029047 0.041655
1 0.386640 0.692093 0.029184 0.041579
1 0.552095 0.524230 0.027265 0.040841
1 0.359610 0.439534 0.026954 0.040277
1 0.597743 0.577418 0.026381 0.040875
1 0.365537 0.458689 0.028516 0.042347
1 0.275073 0.523677 0.028995 0.040796
1 0.326882 0.444147 0.030259 0.041865
1 0.163114 0.496791 0.029326 0.041729
1 0.457036 0.414659 0.028407 0.040634
1 0.580317 0.661047 0.029683 0.041861
1 0.552001 0.388034 0.027893 0.041913
1 0.501754 0.603722 0.027898 0.041253
1 0.528194 0.432768 0.028250 0.042956
1 0.471581 0.628541 0.029130 0.041708
1 0.564385 0.582582 0.028854 0.045435
1 0.466461 0.451544 0.028337 0.042431
1 0.717209 0.733145 0.033079 0.015952
1 0.904591 0.251386 0.035740 0.035805
1 0.188967 0.750168 0.028119 0.041697
1 0.482674 0.529702 0.026085 0.039519
1 0.307154 0.794163 0.028675 0.040973
1 0.481725 0.665524 0.030468 0.043089
1 0.603086 0.596179 0.025210 0.039048
1 0.515149 0.662582 0.026469 0.041796
1 0.308948 0.655747 0.025484 0.039099
1 0.621885 0.673066 0.025593 0.039618
1 0.536323 0.339731 0.041835 0.020717
1 0.699623 0.591380 0.028853 0.039724
1 0.695775 0.685774 0.027207 0.043208
1 0.671050 0.455424 0.025659 0.039934
1 0.383064 0.535196 0.026705 0.038110
1 0.693434 0.771036 0.042657 0.020187
0 0.615629 0.934098 0.013015 0.020052
1 0.619063 0.385256 0.029055 0.041982
1 0.162875 0.632518 0.029665 0.040981
1 0.641924 0.477952 0.027518 0.042420
1 0.686370 0.670856 0.027504 0.043687
1 0.336031 0.770500 0.027880 0.041208
1 0.157736 0.614819 0.027105 0.041645
1 0.629326 0.421856 0.026382 0.043541
1 0.386569 0.554925 0.029424 0.045636
1 0.367876 0.615300 0.029396 0.041640
0 0.661615 0.857753 0.010817 0.019250
1 0.614629 0.367702 0.029353 0.041243
1 0.656122 0.535787 0.028934 0.042788
1 0.424730 0.416955 0.030142 0.040482
1 0.579438 0.639243 0.029256 0.041250
0 0.260467 0.964549 0.011502 0.019057
1 0.461609 0.434086 0.027850 0.038903
1 0.332056 0.751632 0.026477 0.039198
1 0.337149 0.480317 0.029761 0.041762
1 0.709524 0.627806 0.026354 0.041273
1 0.675545 0.475534 0.025096 0.039449
1 0.271310 0.641813 0.029751 0.041899
1 0.639429 0.457896 0.026839 0.040881
1 0.283845 0.697419 0.027516 0.045597
1 0.542806 0.486530 0.029097 0.044087
1 0.616184 0.655653 0.025263 0.039896
0 0.017498 0.049130 0.011385 0.019569
1 0.689419 0.532702 0.027308 0.042343
1 0.369911 0.476233 0.026928 0.040387
0 0.690465 0.871163 0.008626 0.017433
1 0.757899 0.296899 0.032280 0.040984
1 0.359204 0.576945 0.028067 0.043246
1 0.278278 0.682366 0.028413 0.042451
1 0.666481 0.435659 0.025434 0.038684
1 0.624516 0.692025 0.025582 0.041224
1 0.490327 0.543646 0.023987 0.035691
1 0.165996 0.654731 0.027741 0.040472
0 0.631962 0.825711 0.010676 0.017112
1 0.474702 0.489976 0.026834 0.039157
1 0.573652 0.484354 0.026469 0.041324
0 0.987938 0.221244 0.013760 0.020142
0 0.209248 0.246672 0.011328 0.019226
1 0.590795 0.696798 0.026875 0.042774
1 0.430345 0.434858 0.025939 0.041418
1 0.557955 0.407944 0.027735 0.039860
0 0.206664 0.227729 0.011179 0.018132
1 0.578658 0.501955 0.026106 0.039192
0 0.353326 0.031574 0.017393 0.017330
1 0.593689 0.559178 0.024067 0.037614
1 0.653724 0.381148 0.029351 0.040885
0 0.810853 0.812987 0.011010 0.019915
0 0.853799 0.867740 0.012180 0.021471
1 0.424720 0.416748 0.029682 0.041088
1 0.612294 0.635601 0.025098 0.038610
1 0.692413 0.552248 0.028510 0.039226
1 0.537556 0.466723 0.028457 0.041920
0 0.651677 0.858948 0.010631 0.018518
1 0.648336 0.497453 0.027811 0.041203
1 0.258496 0.582043 0.025565 0.040853
0 0.332880 0.965201 0.014576 0.024401
1 0.587791 0.676798 0.029219 0.041077
0 0.741010 0.899347 0.012062 0.019533
1 0.681450 0.488559 0.022212 0.031088
1 0.919322 0.246068 0.038541 0.034307
1 0.497846 0.584876 0.026444 0.043134
1 0.714571 0.644299 0.023851 0.039279
0 0.114907 0.146338 0.013364 0.023432
0 0.747572 0.853537 0.010288 0.017434
0 0.685542 0.852313 0.010122 0.018810
0 0.007745 0.050926 0.011888 0.020870
1 0.458234 0.549123 0.026774 0.040826
0 0.569861 0.840454 0.013749 0.022779
1 0.373802 0.497348 0.028257 0.040064
0 0.702072 0.845689 0.010865 0.018342
0 0.778046 0.826535 0.012212 0.021200
0 0.765919 0.893047 0.010759 0.018961
1 0.560359 0.564472 0.031194 0.044877
0 0.222216 0.956455 0.019888 0.012092
1 0.524823 0.411001 0.028787 0.040585
1 0.822541 0.273814 0.036194 0.035973
0 0.247656 0.926833 0.009200 0.018560
0 0.755111 0.790996 0.011505 0.020432
0 0.790890 0.886161 0.011143 0.020622
0 0.715310 0.864332 0.009454 0.018489
1 0.706736 0.607309 0.027267 0.039036
0 0.067188 0.035413 0.010571 0.019864
0 0.772839 0.890552 0.012002 0.020043
0 0.800274 0.777183 0.009571 0.019098
0 0.782533 0.888408 0.011371 0.018474
1 0.236603 0.799974 0.025343 0.041041
1 0.480347 0.508212 0.027048 0.039626
0 0.662934 0.812351 0.011219 0.017991
1 0.466613 0.588201 0.027815 0.045393
1 0.583498 0.521282 0.022810 0.036365
0 0.727055 0.838500 0.010528 0.018142
0 0.749445 0.896392 0.012852 0.018564
1 0.682520 0.514925 0.027080 0.039783
0 0.858906 0.822962 0.010363 0.018207
0 0.888156 0.857637 0.010076 0.019478
0 0.688390 0.804846 0.009968 0.018313
0 0.832164 0.827538 0.011531 0.019812
0 0.037860 0.063799 0.010883 0.018115
0 0.878321 0.808833 0.008877 0.017838
0 0.757533 0.894569 0.010806 0.018573
0 0.836410 0.807823 0.010782 0.018477
1 0.505440 0.787619 0.040737 0.028504
0 0.735693 0.835832 0.011069 0.020087
0 0.765473 0.851280 0.009263 0.018169
0 0.814916 0.832175 0.011192 0.018659
0 0.791800 0.776877 0.011002 0.019678
0 0.871902 0.860840 0.010358 0.019013
0 0.755000 0.852766 0.010090 0.019153
0 0.827519 0.809929 0.010093 0.017087
0 0.773316 0.850307 0.009074 0.016862
1 0.561011 0.426900 0.028432 0.040632
1 0.692243 0.552524 0.029129 0.041283
0 0.680864 0.870851 0.010101 0.017923
0 0.669778 0.856072 0.011027 0.019816
