2 0.932462 0.168115 0.032822 0.076348
2 0.490608 0.777689 0.026358 0.070958
2 0.623430 0.748902 0.026257 0.067356
2 0.715996 0.287047 0.031750 0.067265
2 0.775451 0.175835 0.029790 0.064040
2 0.167137 0.876008 0.024116 0.062503
2 0.516233 0.771029 0.028146 0.076659
2 0.048991 0.737949 0.027386 0.078688
2 0.179388 0.323479 0.029746 0.083409
2 0.110086 0.715314 0.022554 0.069881
2 0.650238 0.748095 0.026868 0.071308
2 0.771818 0.108494 0.030729 0.072259
2 0.503775 0.166791 0.017189 0.045327
2 0.778123 0.314925 0.024083 0.057763
2 0.147592 0.325607 0.026158 0.071129
2 0.093509 0.883564 0.030052 0.075364
2 0.929113 0.090586 0.031089 0.076792
2 0.944579 0.496694 0.028535 0.063317
2 0.596785 0.746916 0.022596 0.062945
2 0.541886 0.752312 0.025312 0.074401
2 0.676258 0.746213 0.024918 0.065449
2 0.884288 0.561113 0.026504 0.065001
2 0.709560 0.126091 0.028215 0.073983
2 0.491229 0.139409 0.020610 0.058924
2 0.877972 0.301543 0.031830 0.072547
2 0.789041 0.689935 0.029949 0.071211
2 0.777648 0.245299 0.028314 0.063188
2 0.713130 0.202023 0.027462 0.057070
2 0.627148 0.256090 0.020926 0.039623
2 0.876448 0.235581 0.029799 0.064517
2 0.172960 0.718845 0.018805 0.049357
2 0.195910 0.693833 0.028195 0.074892
2 0.890959 0.767106 0.027052 0.064437
2 0.707817 0.570169 0.014353 0.034618
2 0.441166 0.776434 0.018615 0.049540
2 0.554504 0.233561 0.018667 0.044958
2 0.445046 0.159557 0.018486 0.047686
2 0.258339 0.301661 0.018947 0.048527
2 0.728788 0.640862 0.021806 0.052709
2 0.873551 0.096221 0.023808 0.054379
2 0.642176 0.625234 0.021452 0.057096
2 0.948000 0.578167 0.031627 0.070172
2 0.435340 0.251614 0.017620 0.039164
2 0.471449 0.138893 0.017413 0.048241
2 0.022118 0.647523 0.028755 0.068987
2 0.570269 0.755201 0.023585 0.066938
2 0.596548 0.128945 0.020287 0.060988
2 0.872328 0.166707 0.028519 0.063447
2 0.627295 0.177801 0.018055 0.040611
2 0.578985 0.121483 0.015161 0.042592
2 0.885015 0.629023 0.027222 0.072290
2 0.139961 0.182859 0.020171 0.054072
2 0.090294 0.354305 0.016644 0.045800
2 0.108091 0.185356 0.013274 0.038938
2 0.222020 0.313981 0.017340 0.047387
2 0.702268 0.873520 0.011836 0.034290
2 0.626876 0.288592 0.012637 0.031095
2 0.441721 0.325673 0.015471 0.036779
2 0.785251 0.608950 0.027184 0.072159
2 0.331713 0.716943 0.012373 0.026544
2 0.625608 0.290896 0.016775 0.035789
