1 0.411355 0.585506 0.085404 0.026923
1 0.680212 0.741232 0.038296 0.054665
1 0.285409 0.160977 0.074754 0.024057
1 0.434381 0.641931 0.092047 0.028393
1 0.444325 0.690336 0.088743 0.025976
1 0.704475 0.680377 0.040026 0.054313
1 0.744049 0.755882 0.040929 0.054328
1 0.522052 0.608342 0.068696 0.023032
1 0.766214 0.758732 0.039129 0.057778
1 0.515730 0.585665 0.083116 0.027767
1 0.770717 0.698156 0.040794 0.055231
1 0.659152 0.673666 0.038701 0.058189
1 0.634509 0.733558 0.039166 0.053512
1 0.428707 0.609072 0.094644 0.027675
1 0.748984 0.691554 0.043391 0.058399
1 0.670472 0.612742 0.085190 0.024996
1 0.512241 0.709793 0.069835 0.046139
1 0.584856 0.618495 0.052174 0.019874
1 0.258223 0.188907 0.063851 0.020916
1 0.664781 0.153359 0.061852 0.022496
1 0.720771 0.753456 0.035787 0.054521
1 0.652706 0.860814 0.021202 0.054737
1 0.404615 0.805172 0.022587 0.052387
1 0.657388 0.737080 0.036032 0.054473
0 0.874784 0.143961 0.031603 0.012805
1 0.279884 0.632541 0.067352 0.045934
1 0.220476 0.303915 0.054627 0.045165
1 0.444985 0.676008 0.083690 0.026552
1 0.223945 0.372661 0.063555 0.050486
1 0.261515 0.506593 0.050707 0.038181
1 0.288870 0.650075 0.061859 0.045603
1 0.741715 0.878186 0.022132 0.054582
1 0.323080 0.765272 0.059171 0.049392
1 0.791905 0.699953 0.036689 0.056421
1 0.357319 0.792430 0.024094 0.052786
1 0.696068 0.874535 0.019881 0.054378
1 0.232950 0.388294 0.055234 0.042601
1 0.498453 0.074890 0.081275 0.025970
0 0.612426 0.097187 0.030174 0.014623
0 0.362763 0.357893 0.031423 0.011701
1 0.798280 0.127667 0.078587 0.024595
1 0.472014 0.822427 0.023839 0.053641
1 0.538587 0.715116 0.066781 0.046876
1 0.970034 0.205394 0.059932 0.023930
1 0.248153 0.470411 0.061563 0.047205
1 0.267569 0.173380 0.074010 0.027138
1 0.442434 0.659381 0.084031 0.026550
1 0.494817 0.827597 0.022011 0.051182
0 0.364988 0.225627 0.032621 0.013542
1 0.248014 0.447134 0.058136 0.041570
0 0.971515 0.932689 0.039096 0.016715
1 0.718691 0.876658 0.022213 0.055176
1 0.727468 0.682312 0.041392 0.054792
1 0.564871 0.719195 0.066337 0.045979
1 0.585283 0.849264 0.021316 0.052971
1 0.260163 0.553659 0.062871 0.045872
1 0.266997 0.525563 0.045996 0.035210
1 0.607440 0.854228 0.020521 0.053803
1 0.681949 0.675908 0.040133 0.055453
0 0.814835 0.864118 0.033705 0.015400
0 0.567966 0.135519 0.032265 0.013536
1 0.225231 0.344564 0.055029 0.041321
1 0.380950 0.799503 0.022131 0.053794
1 0.028614 0.777330 0.050923 0.011692
1 0.274876 0.591127 0.053421 0.042330
0 0.532475 0.128625 0.028298 0.012851
0 0.922462 0.131691 0.033998 0.014199
1 0.563555 0.844507 0.021182 0.052241
1 0.280185 0.608942 0.053155 0.037267
1 0.269484 0.173896 0.069824 0.026471
0 0.981952 0.892493 0.033597 0.014228
1 0.075843 0.840946 0.055635 0.013967
1 0.256866 0.486677 0.050399 0.039798
0 0.350782 0.242950 0.032230 0.015600
0 0.963123 0.950855 0.039473 0.016815
0 0.366977 0.347571 0.032575 0.012955
1 0.292430 0.669824 0.058802 0.044297
1 0.316658 0.744636 0.051553 0.039704
1 0.241665 0.404963 0.051621 0.039364
1 0.266037 0.574053 0.061101 0.047081
0 0.364672 0.214068 0.028126 0.012084
0 0.347164 0.252890 0.030760 0.013951
0 0.030709 0.656146 0.030655 0.010429
1 0.300025 0.686816 0.054327 0.041208
0 0.833394 0.825013 0.035182 0.014616
1 0.540176 0.838641 0.021449 0.051722
1 0.057777 0.877937 0.023958 0.039653
1 0.590924 0.725078 0.070449 0.050101
0 0.927155 0.110006 0.029137 0.011926
1 0.070651 0.806454 0.056805 0.014468
0 0.662007 0.284625 0.031486 0.013875
1 0.433705 0.626665 0.090912 0.025588
