1 0.461542 0.431510 0.108999 0.013899
1 0.460020 0.469015 0.112460 0.013257
1 0.637486 0.464419 0.027820 0.050813
1 0.534844 0.841134 0.096915 0.038738
0 0.925459 0.963136 0.040809 0.009752
0 0.620294 0.895015 0.041693 0.010914
0 0.285586 0.929437 0.039776 0.023384
1 0.461805 0.492177 0.112903 0.012691
1 0.463561 0.529868 0.111151 0.012822
0 0.871507 0.842533 0.049281 0.011892
0 0.423313 0.168463 0.025662 0.024809
1 0.469689 0.693897 0.107474 0.011705
0 0.348800 0.165303 0.027551 0.023792
1 0.470737 0.675341 0.107229 0.011462
0 0.722222 0.830963 0.041268 0.010780
0 0.397180 0.228621 0.043193 0.011131
0 0.720881 0.856601 0.042222 0.011374
1 0.465625 0.551977 0.111671 0.011812
0 0.575020 0.929896 0.046343 0.011843
1 0.466365 0.610147 0.112030 0.012323
0 0.484367 0.296525 0.045409 0.011789
0 0.263682 0.593824 0.022158 0.023922
0 0.450788 0.229233 0.044406 0.011689
0 0.923229 0.878914 0.045232 0.010869
1 0.466220 0.569965 0.112097 0.011544
0 0.264574 0.622549 0.024941 0.023427
0 0.768372 0.855934 0.044720 0.011861
0 0.921555 0.865737 0.043776 0.012509
1 0.048941 0.809484 0.086841 0.012973
0 0.580717 0.991421 0.049677 0.011988
0 0.924006 0.927386 0.045870 0.011431
0 0.251909 0.326942 0.027355 0.026856
0 0.593962 0.165941 0.030383 0.025221
0 0.456672 0.943815 0.041326 0.011287
0 0.627329 0.882020 0.050637 0.013297
0 0.769306 0.903163 0.049867 0.012538
0 0.926228 0.940165 0.041254 0.011188
1 0.464346 0.509849 0.109594 0.012546
0 0.717372 0.868535 0.039930 0.010373
1 0.481402 0.655131 0.113393 0.011880
0 0.874903 0.854885 0.046752 0.012429
0 0.928065 0.903323 0.047130 0.010607
0 0.926643 0.891268 0.053408 0.011843
0 0.770196 0.942075 0.043579 0.012572
0 0.923943 0.914672 0.046921 0.010810
1 0.452607 0.342901 0.092134 0.013010
0 0.494639 0.165060 0.024913 0.022571
0 0.565648 0.163117 0.028734 0.025405
0 0.517392 0.164644 0.021492 0.021954
0 0.469517 0.162156 0.024379 0.022770
0 0.616463 0.161666 0.027828 0.022722
0 0.926015 0.987028 0.038015 0.009189
