1 0.685018 0.496601 0.093707 0.022063
1 0.579623 0.566584 0.090417 0.021441
1 0.579607 0.446052 0.090676 0.021357
1 0.682936 0.522078 0.094451 0.020618
1 0.682116 0.613668 0.091186 0.022277
1 0.694922 0.448481 0.096272 0.023144
1 0.332574 0.840559 0.027866 0.062520
1 0.213179 0.853130 0.025597 0.061083
1 0.296389 0.840992 0.026151 0.062946
1 0.581584 0.589994 0.074445 0.020446
1 0.687521 0.548209 0.098803 0.025575
1 0.580350 0.472033 0.086569 0.019961
1 0.684861 0.662794 0.095763 0.021696
1 0.199207 0.603447 0.088221 0.025870
1 0.681242 0.638250 0.092551 0.021376
1 0.576694 0.683652 0.090832 0.021926
1 0.577013 0.658416 0.086574 0.021192
1 0.580599 0.541589 0.092423 0.022720
0 0.734177 0.370576 0.048638 0.018845
1 0.208753 0.687689 0.094385 0.029970
0 0.739914 0.254686 0.041821 0.016329
1 0.364430 0.839331 0.027857 0.060761
1 0.258299 0.845303 0.030316 0.062522
0 0.675063 0.186361 0.022061 0.032756
0 0.849168 0.273155 0.022220 0.037735
1 0.576465 0.635839 0.083566 0.020933
0 0.650172 0.866540 0.039930 0.015812
1 0.196636 0.583245 0.089378 0.024652
1 0.577500 0.709401 0.091441 0.021919
0 0.648731 0.951043 0.038627 0.016147
0 0.643813 0.186559 0.024411 0.030528
0 0.646046 0.933782 0.035358 0.015166
1 0.577408 0.613398 0.084341 0.021100
0 0.561050 0.780674 0.026865 0.032808
0 0.688904 0.306307 0.045132 0.019216
0 0.739211 0.270612 0.039217 0.016426
0 0.199376 0.512381 0.049953 0.018174
1 0.399298 0.878706 0.033083 0.099179
0 0.643440 0.914870 0.038978 0.016907
0 0.650162 0.986331 0.041141 0.016132
0 0.694485 0.289367 0.039440 0.016098
0 0.619614 0.334712 0.020589 0.033742
