1 0.761618 0.163703 0.072906 0.053871
1 0.165134 0.371960 0.073722 0.051713
1 0.801751 0.315657 0.074224 0.051601
1 0.809412 0.385803 0.077628 0.051362
1 0.212905 0.609823 0.071421 0.052065
1 0.175641 0.433736 0.072658 0.051202
0 0.415945 0.806505 0.020571 0.038355
1 0.770327 0.194804 0.074058 0.055242
1 0.160989 0.339520 0.074734 0.054356
1 0.207711 0.579656 0.071456 0.049630
1 0.171706 0.401148 0.071034 0.051077
1 0.153690 0.310105 0.076179 0.053575
0 0.397421 0.800315 0.022164 0.044224
1 0.788754 0.291894 0.073415 0.049710
1 0.217983 0.643572 0.075409 0.058261
1 0.780920 0.265188 0.070712 0.049164
1 0.599086 0.408096 0.108905 0.075426
0 0.411654 0.950414 0.029603 0.026980
1 0.354545 0.319321 0.105738 0.065101
1 0.595565 0.374693 0.103203 0.058375
0 0.435050 0.842360 0.023341 0.022681
