0 0.621805 0.249242 0.031830 0.023682
1 0.494716 0.765958 0.058813 0.058033
1 0.512003 0.754178 0.058611 0.057169
1 0.571618 0.386428 0.098661 0.057623
1 0.525675 0.740437 0.056471 0.056301
0 0.877465 0.129749 0.026365 0.024648
1 0.681885 0.452821 0.096079 0.059959
0 0.193583 0.819981 0.022816 0.020682
0 0.258502 0.907082 0.026594 0.022740
1 0.338855 0.487311 0.063807 0.053011
1 0.266872 0.890762 0.036251 0.032243
1 0.420987 0.831737 0.053121 0.050716
1 0.266161 0.198163 0.098116 0.053887
1 0.724075 0.480469 0.100466 0.057807
1 0.789313 0.521490 0.095479 0.061333
1 0.612339 0.414028 0.104917 0.055193
0 0.013225 0.709961 0.025444 0.013264
1 0.549113 0.372099 0.100085 0.053311
1 0.404298 0.842845 0.053230 0.054612
1 0.395150 0.279184 0.094957 0.055320
0 0.958350 0.697213 0.025533 0.019995
1 0.452807 0.806557 0.056820 0.054741
1 0.377975 0.869832 0.053864 0.056627
1 0.419224 0.293932 0.093574 0.057492
1 0.468135 0.794509 0.052790 0.054223
1 0.440804 0.307523 0.096342 0.058083
1 0.437995 0.821621 0.055047 0.055969
1 0.595686 0.399208 0.098734 0.054545
1 0.480436 0.781345 0.057073 0.055526
1 0.201284 0.159004 0.099199 0.054794
