1 0.436651 0.331132 0.022534 0.038220
1 0.441708 0.265989 0.021954 0.033465
1 0.640483 0.262602 0.013930 0.048848
1 0.478251 0.450776 0.023908 0.018245
1 0.388564 0.589745 0.021784 0.021311
1 0.401923 0.373976 0.023238 0.022439
1 0.572753 0.465369 0.022587 0.019868
1 0.516578 0.493778 0.023115 0.031322
1 0.658367 0.260025 0.012177 0.043343
1 0.331902 0.581117 0.022036 0.030534
1 0.521349 0.442223 0.022799 0.032701
1 0.438774 0.299464 0.021240 0.034348
1 0.543854 0.326848 0.022771 0.033461
1 0.513189 0.573622 0.022544 0.031692
1 0.575963 0.414092 0.022891 0.019102
1 0.432487 0.379938 0.020948 0.034435
1 0.434563 0.361556 0.021361 0.034422
1 0.659398 0.584298 0.022334 0.029634
1 0.428558 0.427925 0.021889 0.033047
1 0.516035 0.526202 0.022643 0.033533
1 0.419006 0.561833 0.021306 0.034262
1 0.408416 0.276032 0.023054 0.020945
1 0.391348 0.539982 0.024266 0.025819
1 0.393308 0.507018 0.022933 0.022477
1 0.658735 0.604451 0.022543 0.033375
1 0.483308 0.383788 0.022313 0.016680
1 0.407479 0.292428 0.023372 0.022292
1 0.473414 0.516843 0.022943 0.018243
1 0.476254 0.482887 0.022598 0.018800
1 0.656818 0.636219 0.022206 0.030203
1 0.853319 0.303877 0.018288 0.014687
1 0.415967 0.626942 0.023464 0.035083
1 0.596004 0.252283 0.019401 0.040046
1 0.590230 0.265384 0.020130 0.039309
1 0.747070 0.249733 0.012962 0.042009
1 0.809612 0.330668 0.015073 0.038039
1 0.613210 0.490765 0.023445 0.019541
1 0.720661 0.254030 0.011550 0.039788
1 0.570130 0.513365 0.022833 0.021333
1 0.322535 0.266473 0.012268 0.042046
1 0.853039 0.386934 0.019541 0.016104
1 0.202604 0.202881 0.026098 0.030174
1 0.354142 0.414620 0.009039 0.043753
1 0.335829 0.368740 0.008784 0.049453
1 0.854413 0.286290 0.017739 0.015025
1 0.855111 0.236599 0.020562 0.014698
1 0.396096 0.472790 0.021892 0.021939
1 0.484939 0.351262 0.021695 0.016912
1 0.729340 0.348040 0.015356 0.036924
1 0.734094 0.127378 0.007317 0.041514
1 0.397817 0.440940 0.022571 0.019394
1 0.748423 0.344046 0.014321 0.035347
1 0.427308 0.444116 0.018908 0.029568
1 0.685347 0.356234 0.013949 0.034936
1 0.512309 0.592702 0.020482 0.028750
1 0.773930 0.245262 0.015280 0.045275
0 0.709833 0.394611 0.007226 0.028838
1 0.399576 0.422238 0.021792 0.018131
1 0.352749 0.249229 0.011430 0.039777
1 0.312444 0.266124 0.012593 0.041719
1 0.765653 0.341395 0.013876 0.036606
1 0.344230 0.408396 0.008145 0.050526
1 0.605891 0.640143 0.021915 0.018180
1 0.466741 0.614512 0.023480 0.016091
1 0.472593 0.548907 0.024015 0.017879
1 0.854036 0.269206 0.019109 0.015259
1 0.791662 0.333252 0.014066 0.033759
0 0.151115 0.532577 0.009931 0.029179
1 0.695861 0.133231 0.007047 0.040325
0 0.691172 0.257322 0.009928 0.036981
1 0.719492 0.128998 0.007345 0.043574
1 0.566617 0.611625 0.022975 0.019949
