1 0.650324 0.547184 0.029017 0.033699
1 0.960269 0.227434 0.035334 0.025756
1 0.651535 0.515299 0.029317 0.034908
1 0.707526 0.725552 0.017994 0.040481
1 0.147883 0.847740 0.020113 0.037739
1 0.884739 0.512335 0.027581 0.039050
1 0.620654 0.697232 0.020821 0.039312
1 0.155783 0.777141 0.022035 0.028709
1 0.719468 0.677781 0.014415 0.038390
1 0.170816 0.847291 0.021661 0.035725
1 0.075539 0.813901 0.010904 0.039624
1 0.886161 0.462425 0.030651 0.036540
0 0.670009 0.840835 0.015718 0.014589
1 0.976493 0.132519 0.040442 0.011570
1 0.239560 0.740293 0.020450 0.029946
1 0.892018 0.245209 0.025830 0.036361
1 0.183338 0.847149 0.023891 0.035689
1 0.198065 0.845468 0.025382 0.034505
1 0.541429 0.591870 0.008705 0.042312
1 0.519820 0.590080 0.009467 0.040684
1 0.159271 0.847658 0.020312 0.036275
1 0.892645 0.265157 0.027621 0.035050
1 0.650746 0.686969 0.017579 0.039958
1 0.214494 0.740133 0.019934 0.029973
1 0.651663 0.499655 0.029602 0.033169
1 0.184277 0.771598 0.025444 0.038133
1 0.694285 0.671047 0.013767 0.039975
1 0.948194 0.393055 0.031326 0.033053
1 0.314328 0.759852 0.039840 0.008029
1 0.530532 0.590758 0.009325 0.042500
1 0.649201 0.565412 0.030891 0.034619
1 0.119791 0.849087 0.009816 0.038447
1 0.700177 0.118885 0.033524 0.025316
1 0.930936 0.072582 0.018701 0.024912
1 0.671095 0.681638 0.019202 0.040500
1 0.888273 0.383539 0.027573 0.034662
1 0.224117 0.845839 0.028905 0.035268
1 0.314968 0.732412 0.038380 0.009336
1 0.552914 0.590261 0.009065 0.042940
1 0.314295 0.782080 0.038917 0.009463
1 0.886788 0.442350 0.029753 0.034816
1 0.685044 0.607161 0.039648 0.009016
1 0.945313 0.304911 0.044725 0.048122
1 0.890997 0.287855 0.027594 0.036261
1 0.096897 0.850030 0.009892 0.038591
1 0.315319 0.749318 0.040966 0.009474
1 0.883481 0.491797 0.026649 0.034229
0 0.665098 0.859094 0.011625 0.015309
1 0.950873 0.164567 0.034393 0.010652
0 0.983555 0.823220 0.009132 0.015608
1 0.735364 0.717500 0.012778 0.040266
1 0.308523 0.825850 0.040386 0.008829
1 0.942537 0.404617 0.045603 0.047320
1 0.888820 0.400867 0.029029 0.035685
1 0.641302 0.691019 0.019481 0.039156
0 0.550714 0.853850 0.010208 0.014659
0 0.627296 0.861050 0.007722 0.013272
0 0.973160 0.860195 0.007518 0.015048
0 0.779982 0.983385 0.008495 0.014990
0 0.573723 0.856900 0.013837 0.015292
1 0.313821 0.770693 0.038507 0.009591
1 0.682595 0.678946 0.019899 0.042239
1 0.310365 0.814318 0.039824 0.008839
0 0.812395 0.867054 0.014687 0.014214
1 0.947707 0.337885 0.045895 0.046927
0 0.947030 0.818999 0.007707 0.014184
0 0.599797 0.858579 0.009530 0.013377
1 0.888870 0.364627 0.027465 0.035786
0 0.487013 0.913967 0.012415 0.015378
1 0.887026 0.424110 0.027639 0.037888
1 0.945621 0.286355 0.045228 0.042877
0 0.647195 0.932763 0.007237 0.014086
0 0.940648 0.988492 0.015067 0.007710
0 0.964037 0.860024 0.008646 0.016641
0 0.533960 0.854773 0.010103 0.015039
1 0.108084 0.850528 0.009797 0.037756
0 0.523352 0.851703 0.011989 0.014969
0 0.221401 0.289281 0.011894 0.014371
1 0.958378 0.239227 0.036443 0.027152
0 0.599694 0.960719 0.007705 0.015622
0 0.594081 0.927764 0.008329 0.014592
1 0.944642 0.354549 0.047305 0.050325
1 0.649015 0.582566 0.030985 0.034063
1 0.890770 0.306153 0.026766 0.035671
0 0.965117 0.822500 0.008092 0.014770
1 0.227111 0.739811 0.019993 0.029645
1 0.891043 0.341732 0.027050 0.037019
0 0.711106 0.824207 0.010451 0.011604
0 0.904085 0.882096 0.014920 0.007301
1 0.891093 0.324088 0.025902 0.032417
0 0.905300 0.967046 0.013376 0.016832
1 0.214608 0.842595 0.031554 0.035655
0 0.630029 0.929195 0.006895 0.013180
1 0.789552 0.142921 0.010316 0.040599
0 0.694044 0.829823 0.013660 0.015293
1 0.701074 0.118710 0.032316 0.024383
1 0.817534 0.053978 0.010281 0.027006
1 0.732806 0.674657 0.011363 0.042698
0 0.685687 0.860083 0.011696 0.015152
0 0.026990 0.575358 0.008001 0.013286
0 0.211034 0.289860 0.012920 0.016263
0 0.004851 0.602549 0.008433 0.014570
1 0.959327 0.257109 0.047531 0.041043
0 0.703290 0.826751 0.010808 0.012792
0 0.885762 0.882131 0.014888 0.007147
0 0.058043 0.908178 0.016508 0.008021
0 0.182036 0.290907 0.007770 0.015047
0 0.550459 0.925938 0.007102 0.012488
1 0.648163 0.581584 0.029813 0.033660
0 0.873109 0.965418 0.010451 0.013583
0 0.017531 0.574726 0.008321 0.013683
0 0.610119 0.857459 0.007714 0.013416
