1 0.361482 0.359918 0.048928 0.037685
1 0.420906 0.231495 0.046908 0.033512
1 0.621970 0.724961 0.041273 0.043500
1 0.548937 0.443042 0.041381 0.043887
1 0.554568 0.643277 0.042185 0.044954
1 0.747349 0.890845 0.040189 0.046377
1 0.729293 0.675467 0.041814 0.046102
1 0.493049 0.372862 0.043986 0.047684
1 0.663804 0.775705 0.040798 0.043577
0 0.927483 0.658739 0.015509 0.022980
1 0.773335 0.921241 0.041508 0.045761
0 0.073071 0.254885 0.020523 0.022514
1 0.746643 0.700614 0.039733 0.044125
1 0.648367 0.572435 0.041270 0.042471
1 0.565663 0.467425 0.040636 0.044344
0 0.116521 0.193601 0.017673 0.018991
1 0.539237 0.432082 0.043125 0.044486
1 0.672113 0.795904 0.040263 0.045228
1 0.788712 0.761526 0.043765 0.048490
1 0.572711 0.665875 0.040573 0.043462
1 0.221395 0.358720 0.034990 0.054987
1 0.691064 0.819783 0.039564 0.045267
1 0.537409 0.618031 0.043502 0.046276
1 0.639855 0.559542 0.039061 0.040987
0 0.989963 0.684223 0.016403 0.023262
0 0.147001 0.357178 0.019358 0.021290
1 0.738048 0.687884 0.042032 0.042927
1 0.756510 0.903475 0.039578 0.044098
1 0.677196 0.506054 0.039522 0.048990
1 0.763858 0.726047 0.045217 0.045528
1 0.544810 0.631829 0.041391 0.042694
1 0.235156 0.347418 0.029741 0.051892
1 0.682716 0.807801 0.041211 0.045240
1 0.511141 0.395149 0.042095 0.045098
0 0.977192 0.575355 0.014498 0.022419
0 0.176777 0.271646 0.019072 0.018429
0 0.295078 0.400440 0.016759 0.025035
0 0.306818 0.065680 0.018850 0.016621
0 0.989249 0.617910 0.015536 0.022783
1 0.521687 0.406311 0.039837 0.043588
0 0.966982 0.580667 0.015338 0.022608
1 0.585111 0.489118 0.039287 0.043193
0 0.083095 0.277716 0.015291 0.017875
1 0.619805 0.537327 0.043181 0.045686
0 0.953969 0.641179 0.015478 0.022146
1 0.773908 0.735889 0.041458 0.043792
0 0.273171 0.090227 0.018494 0.018055
1 0.470434 0.547839 0.046720 0.019101
0 0.090530 0.287791 0.016182 0.017905
0 0.258457 0.475220 0.017116 0.021922
0 0.039209 0.180041 0.021608 0.021524
0 0.202708 0.285573 0.016854 0.017395
1 0.780628 0.750825 0.041256 0.041783
0 0.130440 0.337822 0.018037 0.019299
0 0.130829 0.210974 0.018110 0.019299
0 0.105564 0.307670 0.024204 0.024171
0 0.208405 0.296107 0.024111 0.022217
1 0.527664 0.421653 0.039609 0.044745
0 0.951830 0.711529 0.015010 0.021932
0 0.377953 0.065591 0.019388 0.017641
0 0.980186 0.624794 0.015611 0.022262
0 0.962024 0.705261 0.014112 0.020014
1 0.656004 0.583425 0.041784 0.044436
1 0.317206 0.512481 0.032539 0.052944
1 0.583086 0.675645 0.041089 0.040093
1 0.603557 0.513244 0.040395 0.044460
1 0.611393 0.712150 0.040456 0.043782
1 0.593733 0.501299 0.041008 0.042548
1 0.594724 0.687387 0.035216 0.039511
1 0.630848 0.548679 0.043652 0.046604
1 0.503153 0.384918 0.039521 0.043301
0 0.274171 0.102427 0.018206 0.017020
0 0.971481 0.630341 0.013848 0.023098
0 0.987045 0.569303 0.014797 0.021028
0 0.202472 0.430666 0.017345 0.022160
1 0.372044 0.481286 0.030167 0.053020
0 0.945736 0.646083 0.014021 0.022039
0 0.970862 0.698506 0.014424 0.019794
1 0.575264 0.478375 0.041930 0.043973
0 0.327615 0.382431 0.019814 0.027567
0 0.994121 0.563313 0.011680 0.020937
1 0.754991 0.712843 0.040355 0.043209
1 0.603796 0.697724 0.037016 0.039313
0 0.123165 0.328603 0.018520 0.020840
1 0.630035 0.549429 0.042691 0.046428
0 0.263102 0.071577 0.018275 0.015887
0 0.372509 0.056430 0.018982 0.017499
0 0.168157 0.391420 0.017621 0.020084
1 0.755634 0.711844 0.042059 0.043346
0 0.937055 0.652893 0.015350 0.020072
0 0.990041 0.768961 0.019918 0.015335
