1 0.410089 0.897376 0.048123 0.022122
1 0.498462 0.864965 0.043022 0.026036
1 0.762872 0.472844 0.014979 0.062401
1 0.503996 0.530515 0.042930 0.021247
1 0.499207 0.823004 0.042996 0.021466
1 0.501417 0.633390 0.041131 0.020842
1 0.264579 0.417176 0.014047 0.065009
1 0.296936 0.527267 0.038884 0.017590
1 0.502117 0.571668 0.041144 0.019590
1 0.408159 0.673069 0.038778 0.018644
1 0.460282 0.841657 0.012977 0.060709
1 0.295013 0.663985 0.039690 0.018079
1 0.408460 0.652996 0.039792 0.018439
1 0.439433 0.833598 0.014607 0.064456
1 0.747753 0.469968 0.014095 0.066604
1 0.407377 0.710882 0.039455 0.018427
1 0.502425 0.592630 0.039944 0.020168
1 0.295656 0.643752 0.039210 0.018826
1 0.365118 0.790827 0.039500 0.018008
1 0.293262 0.765576 0.037918 0.017906
1 0.295561 0.684572 0.039161 0.018057
1 0.297357 0.507633 0.038704 0.018803
1 0.365383 0.771797 0.039214 0.017615
1 0.405048 0.847045 0.037623 0.017139
1 0.296075 0.625539 0.039274 0.019304
1 0.364672 0.732048 0.040267 0.019320
1 0.499096 0.780919 0.042035 0.022471
1 0.296635 0.586477 0.039929 0.019078
1 0.407732 0.691657 0.039085 0.017755
1 0.293374 0.784619 0.037699 0.018928
1 0.406407 0.729794 0.039197 0.017868
1 0.295060 0.704410 0.039312 0.018082
1 0.294193 0.723715 0.038948 0.019658
1 0.364738 0.829655 0.039751 0.018044
1 0.296742 0.546978 0.038934 0.018252
1 0.407017 0.749782 0.039555 0.018068
1 0.365094 0.751844 0.039194 0.018234
1 0.408987 0.634050 0.039239 0.017790
1 0.823471 0.471330 0.014237 0.068749
1 0.296327 0.605966 0.039886 0.018119
1 0.502166 0.653791 0.041739 0.020012
1 0.407154 0.416304 0.012785 0.064703
1 0.409257 0.614708 0.039249 0.017934
1 0.292333 0.902849 0.039957 0.019132
1 0.294294 0.744449 0.039313 0.016709
1 0.853394 0.473342 0.014237 0.070209
1 0.499183 0.842559 0.042805 0.022824
1 0.293981 0.824311 0.040240 0.019273
1 0.393022 0.868523 0.039939 0.019066
1 0.292776 0.863989 0.039877 0.019357
1 0.364772 0.692659 0.040442 0.020525
1 0.500571 0.758640 0.042251 0.021740
1 0.501651 0.675090 0.041296 0.019270
1 0.793186 0.469732 0.014641 0.071385
1 0.503776 0.509345 0.041371 0.022022
1 0.504290 0.550088 0.043723 0.018734
1 0.368806 0.578507 0.041309 0.020506
1 0.329153 0.413320 0.012980 0.062650
1 0.405892 0.769103 0.039705 0.016915
1 0.296902 0.566691 0.039969 0.019237
1 0.292322 0.883353 0.039092 0.017498
1 0.808301 0.472266 0.013861 0.066612
1 0.293860 0.804231 0.039016 0.018682
1 0.405742 0.789100 0.039263 0.018549
1 0.364789 0.810527 0.040565 0.018177
1 0.304224 0.414819 0.012762 0.059965
1 0.500501 0.695793 0.040983 0.020390
1 0.342583 0.415904 0.013191 0.061288
1 0.368202 0.615817 0.041118 0.019081
0 0.897280 0.355538 0.020419 0.016021
1 0.405819 0.808529 0.040176 0.018065
1 0.366762 0.653698 0.041867 0.019638
1 0.405575 0.827561 0.040016 0.017900
1 0.871594 0.434470 0.013193 0.057197
0 0.609700 0.257868 0.008637 0.028869
1 0.369589 0.559576 0.042379 0.020081
