0 0.890646 0.254733 0.028048 0.025675
0 0.848664 0.220757 0.024688 0.022133
0 0.958746 0.318310 0.025257 0.024801
0 0.968685 0.302584 0.025146 0.023068
1 0.758022 0.449123 0.056211 0.013470
1 0.207914 0.713756 0.052323 0.013493
0 0.874448 0.463591 0.020104 0.021641
0 0.937101 0.296969 0.025043 0.023464
1 0.611044 0.683930 0.022897 0.065013
1 0.757112 0.481280 0.054365 0.014324
0 0.880193 0.897915 0.013893 0.022014
1 0.527475 0.682121 0.023178 0.061447
1 0.260708 0.383936 0.060484 0.015033
0 0.760554 0.063590 0.026979 0.021231
1 0.759782 0.432003 0.055446 0.014213
1 0.238756 0.777731 0.116672 0.019753
0 0.982119 0.347101 0.020862 0.023872
0 0.068848 0.209778 0.026343 0.011765
0 0.919905 0.499981 0.032790 0.023780
0 0.804481 0.895939 0.013606 0.024353
0 0.954823 0.879136 0.024660 0.018837
0 0.835186 0.832386 0.021524 0.009991
0 0.833828 0.845234 0.024562 0.011203
1 0.553316 0.499370 0.110233 0.016504
0 0.775331 0.894079 0.011482 0.021159
0 0.852666 0.895440 0.011976 0.021720
0 0.840760 0.644625 0.027195 0.010787
0 0.894591 0.896616 0.011961 0.019846
1 0.341229 0.322289 0.025057 0.092744
0 0.842254 0.669838 0.025694 0.011671
0 0.834567 0.807251 0.023222 0.009966
0 0.840015 0.656752 0.026073 0.011663
0 0.857796 0.521751 0.026290 0.020286
1 0.659920 0.684329 0.018375 0.063998
1 0.247262 0.258407 0.116021 0.017980
0 0.834452 0.794722 0.024062 0.010034
0 0.748387 0.892094 0.012396 0.022034
0 0.838823 0.722479 0.025909 0.010283
0 0.107172 0.289561 0.012100 0.022002
0 0.836136 0.819677 0.025264 0.011242
0 0.261521 0.127013 0.032880 0.013123
0 0.798515 0.647422 0.016797 0.030433
1 0.246632 0.573386 0.118163 0.015012
0 0.106242 0.316174 0.013293 0.026448
1 0.541909 0.543903 0.089354 0.016003
1 0.221384 0.603024 0.091384 0.014009
0 0.700421 0.883517 0.014342 0.020905
1 0.242443 0.525344 0.112476 0.019325
1 0.435518 0.325700 0.117545 0.017450
0 0.839445 0.733756 0.026038 0.010490
