1 0.421471 0.773296 0.093840 0.042547
0 0.703507 0.226482 0.025051 0.074957
1 0.677806 0.694285 0.096609 0.041597
1 0.447760 0.582479 0.089922 0.041618
0 0.527213 0.214736 0.022481 0.072098
1 0.416460 0.467793 0.075740 0.046856
0 0.241275 0.480022 0.049090 0.031085
1 0.447528 0.522599 0.099661 0.040298
1 0.559595 0.703952 0.106329 0.040784
0 0.417881 0.394784 0.028257 0.076052
0 0.391367 0.396477 0.024489 0.068133
0 0.271657 0.228460 0.025468 0.069845
0 0.243027 0.549608 0.049373 0.031700
0 0.244747 0.798734 0.047287 0.030011
1 0.446880 0.648860 0.103276 0.042931
0 0.244939 0.833312 0.047206 0.032291
0 0.858761 0.382290 0.043137 0.031586
0 0.410991 0.213034 0.022225 0.083377
0 0.339008 0.209343 0.023653 0.068717
1 0.047376 0.335816 0.083128 0.039432
0 0.632574 0.392070 0.023748 0.068834
0 0.235461 0.298974 0.046547 0.028368
0 0.628729 0.223157 0.026609 0.084321
0 0.930350 0.890757 0.059868 0.045104
0 0.478603 0.205532 0.022759 0.080529
1 0.929032 0.562966 0.069863 0.035966
0 0.450550 0.211224 0.024040 0.080693
0 0.676266 0.225992 0.026696 0.077328
0 0.385977 0.216436 0.021613 0.082518
1 0.559499 0.639097 0.106113 0.041386
1 0.964733 0.335405 0.038681 0.086866
0 0.847178 0.563527 0.055128 0.034046
0 0.470126 0.388435 0.025935 0.081966
0 0.241315 0.338151 0.059239 0.037143
1 0.686975 0.928207 0.110745 0.041032
1 0.557109 0.570734 0.105811 0.041273
0 0.444115 0.386466 0.026095 0.079535
0 0.799545 0.254861 0.037904 0.082137
1 0.922921 0.523041 0.060678 0.033835
1 0.669884 0.636445 0.089627 0.039099
0 0.848243 0.495999 0.047698 0.034553
1 0.922596 0.479509 0.065632 0.038604
0 0.239957 0.444132 0.046972 0.032337
