0 0.196892 0.641601 0.044753 0.040857
0 0.590373 0.911507 0.042370 0.039853
1 0.459959 0.649579 0.119426 0.109178
0 0.654331 0.481698 0.040314 0.030564
0 0.514369 0.351244 0.050511 0.038752
0 0.163582 0.119333 0.040826 0.031384
0 0.926001 0.906930 0.044178 0.032384
0 0.078283 0.081831 0.034128 0.033552
0 0.359870 0.292016 0.034721 0.029214
0 0.397994 0.269734 0.035409 0.030435
0 0.052829 0.109026 0.041994 0.036317
0 0.381027 0.281185 0.035345 0.032302
1 0.537569 0.600331 0.117580 0.113996
0 0.628972 0.951213 0.040690 0.036782
1 0.498808 0.623374 0.121801 0.111960
0 0.259920 0.706767 0.038197 0.037809
1 0.676843 0.544191 0.070919 0.064013
0 0.936819 0.931506 0.039428 0.031293
