0 0.482864 0.636088 0.024647 0.019837
0 0.385297 0.683698 0.025932 0.021372
0 0.574954 0.616037 0.025912 0.020559
0 0.413395 0.479108 0.024843 0.021745
0 0.602964 0.283899 0.025986 0.020839
0 0.288094 0.516400 0.024579 0.019841
0 0.054448 0.828865 0.024740 0.020767
1 0.589048 0.716805 0.040584 0.041000
0 0.123765 0.854060 0.025059 0.020089
0 0.217483 0.491468 0.023468 0.021093
0 0.797843 0.248265 0.026692 0.018113
0 0.255151 0.722366 0.025509 0.020866
0 0.436090 0.410106 0.025580 0.020586
0 0.717785 0.428423 0.024781 0.020106
0 0.741324 0.252596 0.025583 0.021339
0 0.442685 0.703563 0.024976 0.019633
0 0.427732 0.483713 0.023942 0.019751
0 0.503146 0.354213 0.024928 0.019891
0 0.043011 0.559826 0.026057 0.020174
0 0.188967 0.455872 0.023976 0.019283
0 0.080639 0.496908 0.027762 0.021167
0 0.160173 0.445812 0.024012 0.019686
0 0.226808 0.866286 0.024322 0.020282
0 0.416902 0.453419 0.026580 0.021733
0 0.500622 0.723570 0.024871 0.019270
0 0.345508 0.533398 0.023435 0.018565
0 0.217506 0.808160 0.024762 0.021473
0 0.202357 0.802960 0.025835 0.019805
0 0.150614 0.759991 0.024391 0.019338
0 0.290919 0.491452 0.026463 0.021064
0 0.117615 0.751159 0.024023 0.020080
0 0.374940 0.544774 0.025151 0.020721
0 0.368312 0.704009 0.024637 0.019863
0 0.403097 0.210472 0.025801 0.021261
0 0.296538 0.677718 0.027655 0.021582
0 0.148788 0.783290 0.025369 0.019632
0 0.766301 0.179274 0.025748 0.019407
0 0.769934 0.263833 0.025695 0.020282
0 0.040456 0.823564 0.025041 0.020071
0 0.443011 0.810544 0.028543 0.022169
0 0.320133 0.607318 0.024552 0.019238
0 0.215866 0.385993 0.025601 0.019612
0 0.079581 0.839976 0.024750 0.020365
0 0.228583 0.733722 0.025549 0.020028
0 0.062712 0.898809 0.025707 0.019660
0 0.323385 0.366601 0.028333 0.021637
0 0.582741 0.434624 0.025590 0.021559
0 0.384875 0.789888 0.025306 0.019719
0 0.533002 0.255494 0.024205 0.018172
0 0.111823 0.824102 0.026621 0.020345
0 0.366882 0.360262 0.029811 0.023465
0 0.226102 0.415290 0.024696 0.019882
0 0.415090 0.691511 0.025251 0.020424
0 0.120017 0.773261 0.024582 0.019469
0 0.356788 0.434715 0.024026 0.019780
0 0.092980 0.907607 0.025686 0.021267
0 0.179852 0.532762 0.029232 0.022542
0 0.387073 0.765707 0.024688 0.020954
0 0.404322 0.447487 0.023663 0.018911
0 0.638432 0.478534 0.026309 0.021306
0 0.199208 0.722319 0.025682 0.019603
0 0.212859 0.645099 0.025000 0.020072
0 0.216944 0.467217 0.024273 0.019060
0 0.076222 0.757465 0.025776 0.020319
0 0.267779 0.665546 0.025524 0.020107
0 0.668758 0.464478 0.025051 0.019416
0 0.268695 0.884095 0.026055 0.022338
0 0.367578 0.597365 0.025029 0.021462
0 0.708124 0.398541 0.024326 0.020321
0 0.711902 0.242281 0.024492 0.019540
0 0.211278 0.862915 0.025410 0.021255
0 0.313994 0.419611 0.025840 0.020332
0 0.849224 0.226760 0.015540 0.019456
0 0.338531 0.691326 0.026581 0.020453
0 0.353995 0.672569 0.024367 0.019564
0 0.335081 0.826427 0.023981 0.018771
0 0.504528 0.327830 0.023604 0.019166
0 0.480413 0.316457 0.026042 0.022033
0 0.799003 0.295713 0.023384 0.020916
0 0.208292 0.540749 0.025519 0.021469
0 0.521731 0.439320 0.025127 0.020196
0 0.317621 0.525075 0.022248 0.018699
0 0.619025 0.553012 0.026065 0.021032
0 0.285613 0.626308 0.033266 0.016721
0 0.510498 0.647138 0.025286 0.019329
0 0.421729 0.404504 0.026471 0.019937
0 0.286048 0.753442 0.025797 0.021659
0 0.211743 0.623454 0.023613 0.018984
0 0.432343 0.542764 0.024627 0.019633
0 0.649020 0.379165 0.025267 0.021046
0 0.532481 0.339436 0.023554 0.019735
0 0.167966 0.846592 0.024716 0.019744
0 0.276833 0.486107 0.025995 0.019942
0 0.494379 0.666162 0.024258 0.018700
0 0.377094 0.282342 0.027904 0.020827
0 0.378849 0.388564 0.024002 0.021300
0 0.532529 0.598516 0.024788 0.020701
0 0.035924 0.719039 0.027114 0.021865
0 0.595408 0.226935 0.026042 0.020940
0 0.183084 0.634955 0.024885 0.020495
0 0.311348 0.445418 0.024293 0.019595
0 0.347220 0.511610 0.025476 0.019447
0 0.295369 0.896259 0.024456 0.020335
0 0.192079 0.559277 0.024272 0.019560
0 0.248823 0.476584 0.026037 0.019926
0 0.095602 0.820638 0.025579 0.020586
0 0.688361 0.312389 0.024734 0.019682
0 0.432497 0.564618 0.025399 0.020088
0 0.496130 0.427706 0.024769 0.021945
0 0.366884 0.620945 0.024278 0.021085
0 0.562366 0.371656 0.024791 0.020665
0 0.515123 0.273728 0.025792 0.018905
0 0.480948 0.420903 0.023697 0.019269
0 0.434269 0.645689 0.025151 0.020173
0 0.486876 0.744803 0.027142 0.020514
0 0.726007 0.248465 0.025110 0.020597
0 0.533285 0.577405 0.023453 0.019686
0 0.690098 0.417137 0.025452 0.020719
0 0.766263 0.288032 0.023687 0.021119
0 0.524671 0.415618 0.024322 0.019431
0 0.318916 0.502163 0.023989 0.021058
0 0.549469 0.343601 0.024505 0.020162
0 0.298646 0.439162 0.023743 0.019394
0 0.033513 0.529604 0.032464 0.016264
0 0.394744 0.845814 0.024103 0.020168
0 0.438629 0.384755 0.027001 0.021077
0 0.632984 0.396985 0.020782 0.017023
0 0.088732 0.765647 0.025485 0.020993
0 0.414153 0.798075 0.026622 0.021424
0 0.255247 0.638717 0.023671 0.019106
0 0.700851 0.340692 0.024236 0.019724
0 0.513809 0.491230 0.027094 0.020176
0 0.411743 0.848122 0.022153 0.018738
0 0.373666 0.762062 0.023169 0.019139
0 0.173467 0.476210 0.023638 0.020629
0 0.718108 0.321455 0.022231 0.018644
0 0.637631 0.240761 0.027268 0.021651
0 0.343242 0.773770 0.025125 0.019165
0 0.520672 0.569860 0.023932 0.019236
0 0.573542 0.273055 0.025597 0.020502
0 0.489609 0.347069 0.024853 0.019004
0 0.736122 0.276779 0.024248 0.019650
0 0.270529 0.426655 0.024872 0.020582
0 0.046666 0.746977 0.025962 0.019505
0 0.557501 0.505783 0.027942 0.020751
0 0.347861 0.854241 0.024862 0.020805
0 0.458202 0.470409 0.027170 0.021152
0 0.230395 0.710548 0.025243 0.020364
0 0.491189 0.561839 0.025163 0.019969
0 0.402303 0.770527 0.025585 0.020206
0 0.122529 0.917564 0.023968 0.018777
0 0.473916 0.580692 0.024947 0.021707
0 0.069776 0.809124 0.025553 0.019852
0 0.789628 0.132447 0.026534 0.019835
0 0.590438 0.596718 0.024537 0.020182
0 0.301116 0.757123 0.025335 0.020678
0 0.760620 0.364284 0.026296 0.019472
0 0.294121 0.572788 0.024639 0.019437
0 0.777820 0.209670 0.023837 0.021312
0 0.179273 0.553639 0.025391 0.020025
0 0.505738 0.565062 0.022897 0.019500
0 0.219865 0.570482 0.023690 0.018329
0 0.226595 0.651860 0.024034 0.020118
0 0.572059 0.511503 0.022923 0.018202
0 0.307473 0.579177 0.024356 0.019885
0 0.050579 0.891525 0.021987 0.018003
0 0.571835 0.295821 0.025876 0.020113
0 0.515200 0.514382 0.023046 0.020686
0 0.410204 0.612624 0.026093 0.020558
0 0.025192 0.817128 0.026130 0.019398
0 0.720430 0.189295 0.024274 0.020351
0 0.663357 0.383870 0.022035 0.019431
0 0.609208 0.445082 0.024405 0.019060
0 0.330242 0.745245 0.025613 0.021341
0 0.364207 0.835933 0.024411 0.020257
0 0.331898 0.743780 0.024952 0.019623
0 0.499769 0.485069 0.025619 0.020533
0 0.789697 0.347744 0.026687 0.022715
0 0.705130 0.316308 0.024913 0.018960
0 0.441739 0.489505 0.023908 0.019924
0 0.626770 0.448226 0.024408 0.018889
0 0.207351 0.563350 0.023869 0.018181
0 0.498723 0.510456 0.023202 0.020030
0 0.699215 0.474096 0.023499 0.018782
0 0.659376 0.324992 0.024494 0.018786
0 0.564266 0.348744 0.023465 0.020115
0 0.284697 0.433821 0.024055 0.019536
0 0.436437 0.301397 0.025378 0.018297
0 0.379048 0.841512 0.025509 0.020396
0 0.519331 0.356972 0.024144 0.018642
0 0.270887 0.748513 0.025407 0.019316
0 0.354454 0.459440 0.024522 0.019911
0 0.784957 0.289774 0.021817 0.019378
0 0.240385 0.871726 0.023788 0.019062
0 0.537320 0.658991 0.023384 0.018401
0 0.604652 0.388710 0.022797 0.018175
0 0.247688 0.818603 0.023354 0.018487
0 0.461295 0.314345 0.027593 0.021982
0 0.240793 0.634150 0.025251 0.020801
0 0.297882 0.653470 0.026685 0.019697
0 0.708888 0.267181 0.024594 0.019221
0 0.647084 0.533342 0.024603 0.020365
0 0.720553 0.404415 0.024868 0.020861
0 0.353693 0.592517 0.024059 0.019646
0 0.548343 0.581304 0.024761 0.020068
0 0.157875 0.601981 0.027552 0.021693
0 0.256862 0.421868 0.023835 0.019730
0 0.686390 0.335463 0.026356 0.020991
0 0.645177 0.297390 0.023241 0.020294
0 0.605047 0.601142 0.025242 0.020325
0 0.292327 0.810580 0.023160 0.019534
0 0.216833 0.703586 0.025749 0.020842
0 0.747160 0.438638 0.023691 0.020497
0 0.639045 0.454085 0.024737 0.019971
0 0.137647 0.601118 0.026210 0.021063
0 0.505275 0.588594 0.022006 0.019143
0 0.287127 0.730265 0.024498 0.019744
0 0.720442 0.084937 0.027731 0.021876
0 0.151006 0.865285 0.024873 0.019461
0 0.300616 0.735230 0.022509 0.019014
0 0.395030 0.392022 0.023135 0.019317
0 0.567885 0.214362 0.024133 0.019796
0 0.420834 0.640863 0.025727 0.021516
0 0.403869 0.638394 0.022620 0.019548
0 0.159033 0.469347 0.023958 0.019553
0 0.393558 0.607538 0.023967 0.018196
0 0.369902 0.463399 0.025509 0.020286
0 0.728342 0.352291 0.026734 0.020768
0 0.318315 0.845503 0.022684 0.019725
0 0.259708 0.504588 0.025899 0.020421
0 0.343199 0.751574 0.026087 0.019669
0 0.359010 0.539965 0.023552 0.020174
0 0.305554 0.279045 0.027165 0.021847
0 0.231784 0.471268 0.026565 0.020479
0 0.606109 0.600163 0.025322 0.019899
0 0.389583 0.526528 0.027797 0.021690
0 0.566054 0.431504 0.024668 0.019517
0 0.233917 0.576174 0.025065 0.019345
0 0.458545 0.576234 0.024627 0.019406
0 0.388994 0.632364 0.023553 0.018262
0 0.447481 0.731263 0.023637 0.019230
0 0.472072 0.713797 0.025314 0.021190
0 0.594095 0.464725 0.021945 0.018541
0 0.607191 0.364421 0.024539 0.019406
0 0.153848 0.628041 0.025326 0.019941
0 0.108525 0.506466 0.027103 0.020584
0 0.556498 0.506160 0.028502 0.021230
0 0.763703 0.336054 0.025443 0.020961
0 0.352450 0.697203 0.025729 0.020827
0 0.833108 0.328244 0.014755 0.019323
0 0.126040 0.830540 0.026647 0.020210
0 0.192757 0.773986 0.025969 0.020924
0 0.577750 0.352811 0.023549 0.019595
0 0.197069 0.855597 0.026799 0.020627
0 0.263839 0.823962 0.025904 0.020967
0 0.262214 0.802247 0.023673 0.018499
0 0.461691 0.551225 0.025108 0.020262
0 0.736844 0.192693 0.025831 0.019788
0 0.371527 0.784500 0.026765 0.020141
0 0.845649 0.154710 0.019646 0.018896
0 0.419732 0.536226 0.024307 0.019266
0 0.152378 0.521030 0.026313 0.021677
0 0.249668 0.796106 0.023615 0.020074
0 0.682749 0.253405 0.024430 0.019828
0 0.433155 0.881452 0.026755 0.019603
0 0.631908 0.529636 0.026859 0.022179
0 0.749662 0.414977 0.024925 0.020814
0 0.561021 0.586709 0.025155 0.020355
0 0.383109 0.707652 0.024865 0.020815
0 0.373046 0.439061 0.025741 0.019760
0 0.333097 0.527826 0.024461 0.018811
0 0.272463 0.724658 0.025925 0.020355
0 0.453231 0.626268 0.024309 0.019877
0 0.480150 0.399630 0.026655 0.021444
0 0.428664 0.725469 0.021749 0.018557
0 0.660457 0.407351 0.022307 0.019824
0 0.455884 0.494970 0.024730 0.019750
0 0.474446 0.474191 0.025828 0.019767
0 0.362917 0.515207 0.026751 0.020518
0 0.307988 0.816419 0.021453 0.019067
0 0.644868 0.319767 0.026129 0.019481
0 0.630130 0.316572 0.025155 0.019795
0 0.385251 0.445436 0.023997 0.019629
0 0.762975 0.203681 0.023988 0.020548
0 0.653286 0.458277 0.023336 0.019018
0 0.137018 0.860025 0.026261 0.020781
0 0.265332 0.562404 0.025152 0.019029
0 0.343259 0.430786 0.026743 0.019903
0 0.671657 0.331518 0.025306 0.018555
0 0.006658 0.382266 0.013316 0.022016
0 0.205845 0.780833 0.026191 0.021443
0 0.162436 0.551445 0.025609 0.019480
0 0.447521 0.546568 0.022703 0.020440
0 0.565056 0.452239 0.024125 0.018769
0 0.343162 0.452770 0.024844 0.019407
0 0.628842 0.210715 0.026612 0.021399
0 0.536408 0.444530 0.024350 0.018585
0 0.262207 0.824784 0.025286 0.019131
0 0.363382 0.860254 0.026696 0.020121
0 0.696125 0.261037 0.025661 0.021452
