1 0.831740 0.253653 0.080008 0.042094
1 0.705952 0.353919 0.078034 0.047377
1 0.451946 0.246503 0.086539 0.038873
1 0.234051 0.553045 0.071838 0.041970
1 0.815668 0.237579 0.079619 0.042424
0 0.639665 0.852202 0.043577 0.024544
1 0.304717 0.526324 0.080625 0.045578
1 0.671170 0.134005 0.089005 0.037836
1 0.641398 0.497058 0.068320 0.038013
1 0.647806 0.371237 0.081589 0.044166
1 0.250678 0.663646 0.064667 0.040087
1 0.618071 0.509312 0.066283 0.037395
0 0.945640 0.570338 0.045488 0.024763
1 0.494561 0.560615 0.065548 0.038069
1 0.509137 0.201445 0.086402 0.038915
1 0.745373 0.183754 0.087565 0.038019
1 0.510221 0.283409 0.083807 0.037932
1 0.764878 0.445164 0.067134 0.037369
1 0.273733 0.329424 0.090682 0.021763
1 0.542186 0.540353 0.065914 0.037848
1 0.632046 0.271618 0.088382 0.037473
1 0.803150 0.219049 0.083841 0.037954
0 0.889275 0.488389 0.043756 0.021851
1 0.470215 0.259256 0.085674 0.037823
1 0.650431 0.283060 0.087917 0.037705
1 0.708858 0.158612 0.086796 0.037916
1 0.328099 0.515312 0.082028 0.045895
1 0.765436 0.195838 0.082861 0.037193
1 0.286134 0.295305 0.095870 0.023916
1 0.420886 0.591592 0.064539 0.037494
1 0.789707 0.435735 0.063963 0.038479
1 0.445935 0.581694 0.067178 0.037458
1 0.633338 0.109077 0.092138 0.038055
1 0.593015 0.329593 0.084317 0.038480
1 0.689976 0.146227 0.086485 0.037577
1 0.531082 0.295988 0.083123 0.037920
1 0.726950 0.169537 0.087105 0.038128
1 0.151338 0.582294 0.076396 0.042688
1 0.469727 0.570901 0.067340 0.038583
1 0.396440 0.601795 0.071504 0.037244
1 0.324643 0.631974 0.066885 0.038562
1 0.611486 0.259657 0.088663 0.038571
1 0.280853 0.313494 0.096011 0.022597
1 0.692107 0.307505 0.086684 0.040274
0 0.553754 0.827847 0.033321 0.023649
1 0.651888 0.122307 0.090239 0.037444
1 0.300760 0.642389 0.066511 0.039755
1 0.591401 0.247817 0.091588 0.037797
0 0.132435 0.878834 0.047498 0.024069
1 0.184896 0.572927 0.075117 0.043269
1 0.209530 0.562728 0.072197 0.042354
1 0.274824 0.652736 0.067715 0.039327
1 0.490930 0.271578 0.082876 0.038649
0 0.732443 0.656718 0.043752 0.024934
1 0.373551 0.612701 0.066817 0.037458
1 0.348462 0.622098 0.066964 0.037273
1 0.674111 0.360770 0.077880 0.047062
1 0.671878 0.295070 0.088210 0.038974
0 0.020915 0.667774 0.041829 0.023025
1 0.784038 0.207632 0.084955 0.036544
1 0.550127 0.223749 0.087487 0.037634
1 0.265481 0.344205 0.087714 0.022911
0 0.950756 0.925009 0.030555 0.025324
1 0.565419 0.529768 0.065569 0.039750
1 0.519889 0.550506 0.066337 0.036333
0 0.093856 0.678523 0.047971 0.021140
0 0.382573 0.874986 0.046988 0.027471
0 0.942383 0.280494 0.046264 0.024712
1 0.750409 0.326911 0.078364 0.045636
0 0.107850 0.708702 0.036982 0.022520
1 0.550914 0.306439 0.083705 0.039035
0 0.538986 0.612816 0.045589 0.023993
0 0.852565 0.478838 0.044533 0.023438
1 0.811694 0.423308 0.065143 0.038685
1 0.570392 0.318218 0.081104 0.039818
0 0.134691 0.844612 0.056471 0.026479
1 0.726177 0.338988 0.076986 0.044677
0 0.606835 0.772814 0.056122 0.026011
0 0.082093 0.689055 0.054333 0.020881
0 0.530502 0.837868 0.027312 0.021335
0 0.125408 0.720768 0.031521 0.024128
1 0.572096 0.318017 0.083195 0.039814
1 0.570008 0.235538 0.091393 0.038205
0 0.039765 0.627622 0.044325 0.018868
1 0.591752 0.519023 0.069582 0.038893
0 0.138156 0.893139 0.040789 0.020719
0 0.358362 0.710961 0.040917 0.018962
1 0.532597 0.211866 0.087030 0.037033
1 0.612049 0.342726 0.081255 0.039091
1 0.724597 0.338396 0.078796 0.046136
0 0.621544 0.824313 0.039810 0.018114
