0 0.533062 0.519386 0.028784 0.010255
0 0.525131 0.469842 0.028289 0.011394
0 0.470808 0.513737 0.015431 0.025076
0 0.479332 0.598050 0.015882 0.022364
0 0.467591 0.483828 0.017606 0.028902
0 0.555155 0.688047 0.031738 0.012427
0 0.537615 0.542350 0.026943 0.010629
0 0.537860 0.554339 0.026890 0.011161
0 0.472692 0.545244 0.013727 0.023770
0 0.024813 0.051689 0.017942 0.025972
0 0.482242 0.624959 0.014238 0.023778
0 0.546787 0.640314 0.027613 0.011854
0 0.491181 0.683402 0.014030 0.025598
0 0.476976 0.572544 0.015298 0.025517
0 0.544110 0.629438 0.030489 0.010954
0 0.599984 0.518380 0.015774 0.022400
0 0.529418 0.482396 0.030880 0.012849
0 0.047309 0.277700 0.015977 0.026186
0 0.066900 0.545716 0.017380 0.027528
