1 0.696555 0.563592 0.058800 0.043071
1 0.742185 0.327943 0.062929 0.033086
1 0.166222 0.528311 0.064048 0.037736
1 0.266767 0.338164 0.065687 0.030779
1 0.267074 0.320456 0.065494 0.029340
1 0.166150 0.509650 0.061520 0.037632
1 0.714014 0.270190 0.061694 0.033255
1 0.150236 0.244459 0.065363 0.040392
1 0.152804 0.314644 0.063445 0.039688
0 0.509299 0.885061 0.029786 0.031571
1 0.156761 0.385197 0.064370 0.039897
1 0.164493 0.492319 0.061357 0.036668
1 0.399436 0.669788 0.058021 0.043403
1 0.826188 0.517529 0.057482 0.041752
1 0.165655 0.546587 0.059985 0.037956
1 0.342243 0.688363 0.056192 0.044876
1 0.148178 0.171603 0.065266 0.038866
1 0.658513 0.576514 0.056069 0.043744
1 0.482899 0.630502 0.056350 0.044319
1 0.356259 0.678655 0.058011 0.046164
0 0.966841 0.645129 0.021893 0.024355
1 0.159217 0.439816 0.062303 0.039902
1 0.803395 0.522093 0.052397 0.041827
1 0.520776 0.616657 0.058927 0.042121
1 0.171899 0.635059 0.061582 0.038705
1 0.773590 0.541390 0.059124 0.042825
1 0.155986 0.351509 0.064576 0.041178
0 0.594395 0.134207 0.018642 0.023828
1 0.597826 0.592604 0.060167 0.046330
1 0.162443 0.457598 0.063252 0.039936
1 0.164096 0.474573 0.064845 0.039303
0 0.525767 0.799416 0.028844 0.033670
1 0.146526 0.210616 0.059139 0.038978
1 0.175969 0.687062 0.061523 0.040830
1 0.453206 0.428764 0.066818 0.036022
0 0.260915 0.113911 0.024616 0.012275
1 0.464524 0.698724 0.050549 0.029616
0 0.699790 0.702807 0.019580 0.021031
0 0.659972 0.732208 0.025619 0.018581
1 0.169193 0.600151 0.063123 0.040291
1 0.467812 0.638545 0.056531 0.045331
0 0.706616 0.176902 0.018298 0.022640
1 0.446989 0.644846 0.056542 0.045228
1 0.153946 0.333427 0.064219 0.040510
1 0.168313 0.565449 0.062494 0.041550
0 0.605221 0.643682 0.027685 0.017358
1 0.170830 0.617089 0.061771 0.038146
0 0.222330 0.923005 0.030226 0.016958
1 0.289300 0.406817 0.088196 0.041420
0 0.736991 0.684984 0.021841 0.023187
1 0.510575 0.682756 0.042949 0.026230
1 0.289188 0.425009 0.087228 0.040913
0 0.684611 0.707588 0.021625 0.024599
0 0.651889 0.142871 0.020767 0.022908
1 0.288231 0.389346 0.090236 0.038312
0 0.116462 0.860881 0.027901 0.020213
0 0.886783 0.634091 0.019625 0.023964
0 0.427184 0.339680 0.019137 0.023084
0 0.647585 0.712744 0.025997 0.019642
1 0.388194 0.725255 0.083143 0.039120
0 0.441413 0.810686 0.036848 0.019740
0 0.603722 0.056580 0.023880 0.013666
0 0.662909 0.972315 0.026226 0.022978
0 0.723695 0.690132 0.020809 0.022918
0 0.272960 0.984126 0.025257 0.028921
0 0.357409 0.364375 0.018095 0.021141
0 0.935661 0.546451 0.025137 0.017027
0 0.090038 0.872110 0.025718 0.016886
0 0.475575 0.172262 0.014802 0.021585
0 0.661830 0.044513 0.021656 0.013448
0 0.596846 0.089652 0.024464 0.017719
0 0.671061 0.982509 0.021530 0.021137
0 0.651262 0.197670 0.018879 0.023179
0 0.369542 0.361408 0.019218 0.021944
0 0.250966 0.964009 0.026563 0.030217
0 0.948227 0.139467 0.025415 0.016757
1 0.295444 0.532213 0.092873 0.040728
0 0.236818 0.893197 0.024453 0.026272
0 0.716266 0.858269 0.031223 0.024149
0 0.240765 0.951655 0.025113 0.026632
0 0.559744 0.228083 0.019792 0.023007
0 0.228090 0.905936 0.031256 0.025688
0 0.608201 0.157624 0.018033 0.022057
0 0.685591 0.760483 0.025097 0.019311
1 0.174040 0.653730 0.061090 0.039888
0 0.414149 0.183517 0.016044 0.022276
1 0.790197 0.531827 0.055648 0.043817
0 0.631227 0.051824 0.023545 0.014303
0 0.548323 0.862823 0.032056 0.030779
0 0.571294 0.065766 0.025419 0.016344
0 0.063742 0.840456 0.025798 0.018418
0 0.402166 0.132061 0.016189 0.024172
0 0.293730 0.757821 0.024031 0.014406
0 0.649407 0.111879 0.017225 0.021842
0 0.431329 0.834363 0.035835 0.022187
1 0.143640 0.193169 0.052707 0.032316
0 0.745116 0.894420 0.032133 0.026259
0 0.573237 0.139661 0.017360 0.022199
1 0.290960 0.477983 0.087709 0.039193
0 0.342374 0.218003 0.015662 0.022120
0 0.450363 0.123727 0.015615 0.023626
1 0.262685 0.710866 0.053982 0.043547
0 0.767002 0.913386 0.028355 0.021633
0 0.514178 0.162569 0.019924 0.025045
1 0.298796 0.589240 0.084643 0.045816
0 0.544390 0.071642 0.023423 0.015680
0 0.660956 0.109263 0.017832 0.021567
0 0.383695 0.214124 0.015765 0.023093
0 0.437991 0.178603 0.014934 0.022191
1 0.268469 0.358260 0.067441 0.032664
0 0.672739 0.189334 0.016376 0.021122
0 0.605974 0.213300 0.017188 0.020936
0 0.710245 0.608603 0.023724 0.017161
0 0.427885 0.094700 0.024049 0.012630
1 0.154449 0.278721 0.065142 0.041693
0 0.574215 0.168377 0.019148 0.021764
0 0.673157 0.105066 0.017105 0.020365
0 0.525466 0.044228 0.024658 0.014068
0 0.523867 0.758230 0.025527 0.032210
0 0.824728 0.654753 0.018174 0.024013
0 0.840757 0.611688 0.024080 0.016958
0 0.594744 0.217329 0.018036 0.020754
1 0.293009 0.497087 0.088959 0.039656
0 0.347526 0.052621 0.022336 0.011752
0 0.090301 0.831779 0.023934 0.017133
0 0.519004 0.108410 0.018238 0.022882
0 0.738388 0.881703 0.034569 0.029133
0 0.403381 0.064521 0.026093 0.013530
0 0.395140 0.211465 0.016709 0.022233
0 0.323271 0.057459 0.019650 0.009906
0 0.619689 0.152482 0.018687 0.022053
0 0.913745 0.278863 0.025141 0.014789
0 0.597124 0.160936 0.018653 0.022045
0 0.628742 0.203475 0.019052 0.021959
0 0.362917 0.779351 0.026711 0.018791
0 0.431420 0.202485 0.016018 0.022399
0 0.364397 0.190712 0.014686 0.022978
0 0.545458 0.018542 0.021682 0.011717
0 0.663032 0.139429 0.018656 0.021833
0 0.635838 0.682762 0.023614 0.016947
0 0.433332 0.040272 0.022852 0.012665
0 0.765354 0.013050 0.024262 0.016472
0 0.346551 0.368728 0.017118 0.020649
0 0.363188 0.990561 0.030153 0.018878
0 0.373980 0.986504 0.029713 0.026578
0 0.378114 0.190762 0.014627 0.021283
0 0.413784 0.127706 0.015261 0.022642
0 0.782170 0.933855 0.033578 0.024400
0 0.862228 0.640038 0.016757 0.021620
0 0.920197 0.609976 0.016981 0.022176
0 0.838337 0.648498 0.020246 0.023119
0 0.531658 0.105386 0.017578 0.022224
0 0.695143 0.182376 0.018055 0.022251
0 0.410311 0.044195 0.021058 0.011154
1 0.291069 0.460702 0.088070 0.039296
0 0.957434 0.165717 0.029577 0.018643
0 0.689173 0.824647 0.033730 0.028101
0 0.926516 0.661118 0.018665 0.026205
0 0.573858 0.011908 0.020103 0.011739
0 0.686211 0.131626 0.018187 0.021883
0 0.759630 0.902985 0.035311 0.025257
0 0.696994 0.126819 0.017910 0.019988
0 0.291940 0.111725 0.023549 0.012366
0 0.553137 0.095967 0.018540 0.021472
0 0.320695 0.109490 0.023440 0.011150
0 0.987205 0.715557 0.025590 0.021722
0 0.552956 0.787985 0.027940 0.033256
0 0.711401 0.657507 0.022526 0.017166
0 0.392612 0.352442 0.022579 0.027901
0 0.463354 0.175165 0.016147 0.024557
0 0.645113 0.775589 0.032607 0.027875
0 0.712043 0.695147 0.020181 0.022017
0 0.286537 0.923478 0.017852 0.029889
0 0.377933 0.135104 0.016142 0.023947
0 0.696854 0.836198 0.034306 0.028238
0 0.581810 0.737735 0.026357 0.029733
1 0.903511 0.248489 0.044548 0.013702
0 0.654051 0.787576 0.035102 0.028900
1 0.159319 0.404171 0.060366 0.038319
0 0.389689 0.132670 0.016663 0.024472
0 0.575894 0.655832 0.023100 0.016569
0 0.706363 0.848079 0.033094 0.025515
1 0.835933 0.566325 0.078493 0.037676
0 0.437622 0.124549 0.015098 0.022553
1 0.293429 0.603111 0.077367 0.038202
0 0.551720 0.751242 0.025523 0.033385
0 0.685316 0.207314 0.021960 0.015658
0 0.711722 0.198900 0.022839 0.015719
0 0.943680 0.129402 0.024909 0.016824
1 0.157527 0.831190 0.052018 0.025893
0 0.676919 0.667893 0.025107 0.017189
0 0.676292 0.751684 0.024589 0.020753
1 0.295064 0.515057 0.090713 0.039794
0 0.416031 0.344457 0.018634 0.021345
1 0.320856 0.693404 0.057753 0.046151
0 0.664060 0.796037 0.029256 0.024254
0 0.628103 0.120720 0.018106 0.023700
0 0.497776 0.081830 0.021643 0.012112
0 0.566439 0.781167 0.027092 0.032596
0 0.606889 0.129470 0.019050 0.022894
0 0.679965 0.814888 0.029512 0.025044
0 0.521249 0.875612 0.030632 0.030457
0 0.773172 0.923551 0.028398 0.022164
1 0.733461 0.550314 0.060145 0.044637
0 0.810071 0.961514 0.035505 0.030629
0 0.425218 0.126225 0.014512 0.022556
0 0.872513 0.635724 0.017574 0.022539
0 0.389123 0.769785 0.023227 0.018100
0 0.963677 0.179559 0.025191 0.017909
0 0.374970 0.102007 0.020085 0.013550
0 0.866713 0.601099 0.022163 0.015612
0 0.938189 0.119958 0.025327 0.016413
0 0.380004 0.049409 0.023132 0.010949
0 0.350607 0.106278 0.019519 0.010725
0 0.724906 0.869861 0.029161 0.025157
1 0.433468 0.654769 0.058197 0.044921
0 0.399313 0.098244 0.021852 0.011559
0 0.676123 0.667923 0.025756 0.017436
0 0.639064 0.117727 0.017802 0.022472
0 0.407435 0.209107 0.016831 0.022489
0 0.045279 0.695690 0.026353 0.026180
0 0.538428 0.154386 0.016982 0.021844
0 0.851581 0.645034 0.018773 0.023200
0 0.546855 0.922545 0.037846 0.030136
0 0.173806 0.068918 0.019107 0.009554
0 0.518607 0.023885 0.021574 0.012296
0 0.355672 0.214165 0.013367 0.020761
0 0.425931 0.180859 0.014009 0.021625
0 0.256415 0.897011 0.014092 0.020254
0 0.562515 0.172610 0.019249 0.024195
1 0.298760 0.568547 0.088705 0.042364
1 0.168742 0.600040 0.063051 0.040813
0 0.260720 0.768451 0.020767 0.014915
0 0.980276 0.438397 0.014114 0.022128
0 0.270231 0.905014 0.015343 0.022001
0 0.526266 0.158164 0.020130 0.024293
0 0.519895 0.077459 0.020829 0.013282
1 0.916342 0.210736 0.027587 0.037897
0 0.326199 0.746498 0.020191 0.013547
0 0.632959 0.150112 0.019038 0.021850
0 0.760714 0.380916 0.025980 0.016190
0 0.602260 0.739615 0.023511 0.032805
1 0.557110 0.604720 0.055295 0.041234
0 0.075959 0.073955 0.020242 0.009600
