0 0.281999 0.215764 0.017113 0.017255
0 0.327944 0.086898 0.017451 0.017418
0 0.411009 0.785670 0.020845 0.017489
0 0.408344 0.946336 0.017737 0.018926
0 0.685365 0.136419 0.018094 0.018751
0 0.200565 0.670306 0.019555 0.018118
0 0.367149 0.111161 0.016360 0.018264
0 0.927688 0.354418 0.019154 0.020629
0 0.586010 0.958889 0.019617 0.018331
0 0.448844 0.073374 0.019750 0.017439
0 0.570061 0.902961 0.019710 0.017410
0 0.130834 0.576601 0.018593 0.016252
0 0.669581 0.155957 0.017605 0.017710
0 0.822363 0.023549 0.016296 0.018245
0 0.893229 0.347471 0.017628 0.017582
0 0.283805 0.165787 0.016634 0.017856
0 0.607508 0.946346 0.020619 0.017537
0 0.247313 0.185799 0.017930 0.018863
0 0.660385 0.971406 0.019022 0.016478
0 0.099920 0.595156 0.021180 0.018027
0 0.119242 0.609664 0.019192 0.016367
0 0.118839 0.972377 0.017556 0.015519
0 0.308382 0.750315 0.018883 0.017223
0 0.761200 0.343087 0.019480 0.017578
0 0.009211 0.859160 0.018422 0.016790
0 0.524832 0.092232 0.019170 0.015092
0 0.042096 0.914179 0.019681 0.016143
0 0.368814 0.782138 0.020310 0.018118
0 0.425080 0.093212 0.018495 0.016689
0 0.740326 0.068843 0.018042 0.017597
0 0.966113 0.588469 0.016936 0.017222
0 0.090185 0.920248 0.018199 0.015865
0 0.931479 0.562448 0.017592 0.018912
0 0.039819 0.440995 0.019380 0.021031
0 0.292077 0.696142 0.019521 0.016665
0 0.439362 0.926809 0.017667 0.018530
0 0.255663 0.247430 0.016655 0.018112
0 0.023521 0.899422 0.018988 0.016646
0 0.443466 0.017455 0.019059 0.020247
0 0.808573 0.040300 0.016626 0.017552
0 0.312546 0.008537 0.018464 0.016564
0 0.981965 0.286203 0.020029 0.020634
0 0.957459 0.528376 0.018857 0.020121
0 0.425652 0.972659 0.018535 0.018775
0 0.072819 0.907390 0.019961 0.016677
0 0.241476 0.264215 0.016280 0.017016
0 0.977358 0.539931 0.016701 0.018557
0 0.484477 0.099732 0.018526 0.016984
0 0.060454 0.929392 0.019323 0.015802
0 0.288918 0.935959 0.019896 0.020832
0 0.734478 0.132817 0.016489 0.018478
0 0.242253 0.701449 0.019092 0.017322
0 0.219918 0.686028 0.020903 0.017699
0 0.604881 0.973589 0.019817 0.017499
0 0.967657 0.533505 0.016344 0.017916
0 0.083739 0.385907 0.016112 0.017321
0 0.331200 0.768222 0.021391 0.018320
0 0.170103 0.353679 0.020612 0.022512
0 0.245267 0.662080 0.019225 0.017341
0 0.948332 0.575782 0.017382 0.018421
0 0.551302 0.889316 0.019357 0.016063
0 0.128331 0.404861 0.017313 0.018126
0 0.106735 0.431009 0.018284 0.019599
0 0.593412 0.007873 0.017333 0.015199
0 0.183031 0.263179 0.017159 0.016793
0 0.993169 0.552102 0.013662 0.017385
0 0.793859 0.006778 0.018622 0.013556
0 0.313364 0.176574 0.016767 0.018971
0 0.134242 0.819845 0.015289 0.015445
0 0.353632 0.126257 0.014591 0.015682
0 0.905383 0.099659 0.018769 0.017425
0 0.353926 0.742555 0.018277 0.017182
0 0.367321 0.993898 0.016302 0.011855
0 0.576154 0.167324 0.017952 0.016483
0 0.448007 0.812221 0.019423 0.016834
0 0.952576 0.447959 0.020077 0.017851
0 0.106739 0.932943 0.016826 0.014997
0 0.176332 0.019712 0.017694 0.019586
0 0.216574 0.294925 0.015968 0.016835
0 0.931477 0.562453 0.018473 0.019073
0 0.339057 0.145650 0.015805 0.017367
0 0.877239 0.479590 0.018230 0.018422
0 0.835185 0.425479 0.017014 0.014688
0 0.824802 0.199721 0.018186 0.016136
0 0.230573 0.206022 0.018495 0.018843
0 0.175425 0.297532 0.021476 0.023119
0 0.991662 0.607042 0.015840 0.017146
0 0.152493 0.008196 0.015793 0.015761
0 0.969858 0.461248 0.018821 0.017173
0 0.122301 0.834975 0.016887 0.017940
0 0.222148 0.894194 0.017547 0.017376
