2 0.219949 0.177288 0.036293 0.038982
2 0.560584 0.645701 0.036083 0.037382
2 0.507890 0.095123 0.032572 0.036755
2 0.242251 0.088916 0.029326 0.032455
2 0.087459 0.581170 0.035774 0.039149
2 0.198375 0.257984 0.030757 0.034606
2 0.189501 0.196737 0.040130 0.045438
2 0.477597 0.768976 0.029035 0.029170
2 0.963712 0.872475 0.047253 0.050901
2 0.680696 0.737911 0.026349 0.032101
2 0.187028 0.509993 0.040318 0.043812
2 0.438329 0.822497 0.038956 0.038234
2 0.651915 0.593407 0.036937 0.040949
2 0.672513 0.507835 0.034070 0.043139
2 0.596423 0.572973 0.038538 0.041864
2 0.646482 0.792258 0.026822 0.028980
2 0.610949 0.081343 0.045519 0.046804
2 0.704970 0.529783 0.039128 0.044996
2 0.148651 0.414400 0.032663 0.034588
2 0.919012 0.365124 0.029919 0.037728
2 0.466950 0.704691 0.034081 0.038555
2 0.171319 0.272144 0.038347 0.041788
2 0.497565 0.525738 0.036382 0.039875
2 0.168000 0.166622 0.024844 0.027647
2 0.136729 0.502459 0.032600 0.038425
2 0.738976 0.528858 0.033619 0.037020
2 0.200240 0.112681 0.032650 0.034215
2 0.739857 0.576656 0.038574 0.040620
2 0.643277 0.754596 0.031749 0.034616
2 0.578103 0.714278 0.029329 0.029677
2 0.429984 0.608954 0.031250 0.034508
2 0.483722 0.803826 0.034015 0.037038
2 0.516381 0.554755 0.025786 0.029822
2 0.160583 0.135767 0.033728 0.035595
2 0.180896 0.587277 0.030773 0.037212
2 0.676984 0.122209 0.042560 0.042319
2 0.747315 0.487649 0.051851 0.054010
2 0.436808 0.640538 0.032963 0.037003
2 0.254195 0.518626 0.034969 0.039083
2 0.425475 0.574815 0.029909 0.028092
2 0.494183 0.145450 0.020909 0.022661
2 0.138195 0.088721 0.027563 0.033418
2 0.761895 0.516491 0.038791 0.039996
2 0.149536 0.566341 0.032110 0.036545
2 0.253998 0.600727 0.021220 0.021839
2 0.974522 0.218456 0.024046 0.024927
2 0.062504 0.491875 0.030727 0.040074
2 0.264916 0.626293 0.020615 0.021934
2 0.222672 0.041360 0.025573 0.029500
2 0.117353 0.101684 0.026917 0.030095
2 0.405807 0.714077 0.032055 0.029836
2 0.604641 0.110541 0.037805 0.037901
2 0.224723 0.541730 0.035801 0.040496
2 0.595626 0.835905 0.016262 0.015938
2 0.582987 0.778990 0.025124 0.025276
2 0.567214 0.080290 0.046545 0.048767
2 0.312024 0.646399 0.020600 0.025232
2 0.744939 0.215814 0.025988 0.029422
2 0.551677 0.043398 0.037614 0.040706
2 0.164301 0.532961 0.034311 0.036741
2 0.955626 0.364945 0.021839 0.029330
2 0.809456 0.258703 0.025065 0.027979
2 0.206078 0.441217 0.038902 0.043317
2 0.580412 0.748298 0.020742 0.021851
2 0.847919 0.300487 0.025254 0.028618
2 0.874013 0.394507 0.019877 0.022425
2 0.291609 0.565774 0.018605 0.019298
2 0.835633 0.382099 0.023134 0.021950
2 0.643981 0.816526 0.016594 0.016479
2 0.779110 0.236610 0.020842 0.024559
2 0.792879 0.245566 0.021790 0.025884
2 0.078717 0.106670 0.019593 0.022802
2 0.646270 0.888690 0.017835 0.015226
2 0.633848 0.662643 0.021184 0.023518
2 0.779891 0.404753 0.022039 0.022895
2 0.099384 0.165704 0.025903 0.028879
2 0.641312 0.832365 0.019695 0.016265
2 0.730475 0.198551 0.024082 0.026390
2 0.084236 0.180414 0.019281 0.021110
2 0.283044 0.056029 0.027987 0.028195
2 0.279748 0.587690 0.020444 0.021654
2 0.600480 0.879453 0.013971 0.013207
2 0.880644 0.333223 0.054535 0.052839
2 0.212147 0.478693 0.033435 0.034919
2 0.545520 0.615279 0.033728 0.037213
2 0.450682 0.671700 0.038456 0.041766
2 0.545085 0.616093 0.033185 0.037964
2 0.330794 0.610005 0.020623 0.018697
2 0.761988 0.228595 0.025361 0.031239
2 0.205924 0.569022 0.042523 0.046954
2 0.099579 0.497051 0.017217 0.023188
2 0.598689 0.850146 0.018750 0.015951
