0 0.745601 0.951600 0.012270 0.035472
0 0.577047 0.812363 0.013260 0.036571
0 0.322311 0.799333 0.011889 0.033718
0 0.634367 0.951654 0.011305 0.032904
0 0.618368 0.170431 0.021819 0.016556
0 0.553663 0.809822 0.013029 0.035049
0 0.328783 0.894963 0.012673 0.035278
0 0.455433 0.806511 0.011810 0.033940
0 0.416401 0.900557 0.011299 0.032088
0 0.431085 0.807809 0.011250 0.035855
0 0.462516 0.085806 0.024089 0.016830
0 0.345630 0.802321 0.012170 0.035359
0 0.308009 0.799213 0.013352 0.035581
0 0.252067 0.964666 0.025060 0.025171
0 0.595327 0.093429 0.023790 0.016682
0 0.654662 0.170305 0.023296 0.016993
0 0.492386 0.808868 0.012261 0.033755
0 0.451750 0.939299 0.011129 0.034130
0 0.392190 0.896381 0.011547 0.034927
0 0.415950 0.938894 0.011592 0.033165
0 0.502050 0.936942 0.012577 0.034880
0 0.818119 0.180394 0.022418 0.015767
0 0.528242 0.809742 0.012812 0.033893
0 0.355081 0.931546 0.012151 0.033240
0 0.492586 0.086823 0.023010 0.016907
0 0.523803 0.165837 0.024110 0.017652
0 0.614234 0.814464 0.013510 0.036411
0 0.357992 0.157274 0.024936 0.018997
0 0.659050 0.946811 0.011616 0.032007
0 0.380184 0.933444 0.011412 0.031356
0 0.375345 0.078797 0.022345 0.015847
0 0.503897 0.899178 0.012234 0.035595
0 0.392243 0.934709 0.011334 0.031041
0 0.306316 0.925140 0.011531 0.032771
0 0.452180 0.901989 0.011418 0.033988
0 0.342678 0.929793 0.010970 0.029482
0 0.489115 0.936944 0.012247 0.033822
0 0.563499 0.941072 0.011698 0.032195
0 0.382060 0.803873 0.011819 0.036435
0 0.503729 0.810326 0.012915 0.034090
0 0.553921 0.167053 0.023404 0.016096
0 0.611034 0.946738 0.012404 0.032761
0 0.443347 0.159630 0.023202 0.016498
0 0.385284 0.156793 0.024940 0.017777
0 0.343500 0.895352 0.010463 0.032912
0 0.721935 0.947864 0.011533 0.034316
0 0.366173 0.890150 0.013420 0.033050
0 0.900601 0.181603 0.023423 0.017210
0 0.474957 0.162878 0.025906 0.017687
0 0.551990 0.898055 0.010822 0.032857
0 0.404425 0.934744 0.010909 0.032935
0 0.415678 0.158646 0.023081 0.015601
0 0.743260 0.175313 0.025139 0.017004
0 0.550556 0.939080 0.011269 0.036482
0 0.427594 0.938997 0.010824 0.033188
0 0.432567 0.082900 0.022117 0.016361
0 0.477196 0.937560 0.011955 0.037101
0 0.489876 0.898403 0.011083 0.031465
0 0.560426 0.090620 0.023937 0.016552
0 0.328768 0.929645 0.011841 0.031580
0 0.465078 0.899548 0.010901 0.033263
0 0.344992 0.079106 0.022402 0.016219
0 0.801993 0.104108 0.023517 0.016363
0 0.334039 0.801103 0.011005 0.033040
0 0.439764 0.937282 0.011468 0.034222
0 0.367952 0.933554 0.010960 0.031618
0 0.587155 0.945953 0.011971 0.035518
0 0.685798 0.173776 0.022478 0.015626
0 0.356518 0.802601 0.010400 0.033672
0 0.370067 0.805088 0.012132 0.036061
0 0.317548 0.889717 0.011918 0.033196
0 0.526993 0.089610 0.029526 0.019894
0 0.627612 0.815666 0.012101 0.034192
0 0.419850 0.808528 0.010613 0.032055
0 0.713671 0.176137 0.023726 0.017087
0 0.784818 0.176781 0.027468 0.017824
0 0.581812 0.168219 0.023109 0.017221
