1 0.837122 0.297505 0.096160 0.064515
1 0.877661 0.254666 0.099674 0.065725
1 0.613379 0.152953 0.109554 0.069904
1 0.855403 0.276342 0.099489 0.066678
1 0.538030 0.239388 0.105523 0.072842
1 0.358475 0.405495 0.106537 0.066990
1 0.819196 0.319433 0.099324 0.066193
1 0.381734 0.384928 0.108011 0.071215
1 0.710385 0.421674 0.095529 0.060461
1 0.473764 0.304208 0.104738 0.065829
1 0.757018 0.382089 0.096775 0.067180
1 0.494718 0.281571 0.106568 0.069710
1 0.423970 0.339685 0.111207 0.070843
1 0.774231 0.361232 0.095277 0.064400
1 0.320272 0.447417 0.108840 0.067577
1 0.590359 0.172206 0.110829 0.068938
1 0.727500 0.399694 0.097633 0.066020
1 0.241463 0.529654 0.106478 0.071801
1 0.795097 0.339369 0.096466 0.063806
0 0.370310 0.021427 0.055339 0.039284
1 0.517385 0.261011 0.101802 0.070102
1 0.685162 0.439327 0.087552 0.059502
1 0.296605 0.468679 0.107958 0.068939
0 0.326347 0.065574 0.055969 0.036856
0 0.312028 0.081338 0.052313 0.038533
1 0.669057 0.464101 0.091896 0.063614
1 0.571094 0.194080 0.104931 0.070025
0 0.288048 0.106965 0.059501 0.044903
1 0.340964 0.426708 0.106733 0.066897
0 0.619946 0.528100 0.059733 0.043157
1 0.365150 0.773908 0.096761 0.069869
1 0.958378 0.169284 0.083245 0.062519
0 0.430254 0.722107 0.064656 0.048469
0 0.446999 0.702498 0.059916 0.046526
0 0.746626 0.724646 0.060698 0.051013
0 0.919614 0.367743 0.053095 0.036304
1 0.698558 0.614058 0.082325 0.074591
1 0.218626 0.553217 0.106042 0.073970
0 0.660307 0.609396 0.053265 0.042469
