2 0.791961 0.571783 0.027008 0.045566
2 0.772000 0.560240 0.026456 0.044614
2 0.325935 0.394250 0.015629 0.022152
2 0.076849 0.081445 0.016442 0.024938
2 0.836111 0.647025 0.019123 0.026170
2 0.520182 0.625043 0.016079 0.022566
2 0.277970 0.803062 0.012429 0.019068
2 0.693498 0.594570 0.015701 0.022551
2 0.096936 0.131128 0.018129 0.028217
2 0.827696 0.673122 0.023980 0.035709
2 0.657139 0.483916 0.013235 0.018623
2 0.070615 0.104541 0.016720 0.027241
2 0.314211 0.595416 0.012347 0.019622
2 0.357922 0.451979 0.013942 0.023216
2 0.616674 0.505059 0.016240 0.024762
2 0.554783 0.574879 0.022097 0.034607
2 0.637356 0.472806 0.013491 0.018671
2 0.573737 0.440308 0.017945 0.028671
2 0.258823 0.841577 0.011162 0.018694
2 0.263146 0.755954 0.010735 0.016102
2 0.368719 0.558459 0.011937 0.019600
2 0.383931 0.510511 0.011568 0.018160
2 0.725451 0.606094 0.014712 0.022088
2 0.404943 0.448930 0.012320 0.020245
2 0.680799 0.502748 0.014182 0.023329
2 0.380555 0.293306 0.018886 0.028344
2 0.346882 0.617699 0.012564 0.019691
2 0.669040 0.492964 0.016338 0.023235
2 0.474766 0.429799 0.014711 0.020403
2 0.368728 0.277838 0.017066 0.026572
2 0.137679 0.125792 0.017515 0.028266
2 0.476635 0.391501 0.013381 0.017734
2 0.687293 0.613671 0.015119 0.023833
2 0.261334 0.390392 0.015395 0.020892
2 0.458641 0.361082 0.012734 0.017561
2 0.316891 0.463566 0.016443 0.024250
2 0.231715 0.869346 0.011966 0.017824
2 0.335530 0.433022 0.014726 0.021401
2 0.288212 0.775544 0.011834 0.018327
2 0.720453 0.538405 0.018171 0.023044
2 0.399442 0.464782 0.013460 0.021666
2 0.322081 0.514969 0.012900 0.022022
2 0.352977 0.602210 0.011797 0.019886
2 0.443949 0.413451 0.010711 0.016406
2 0.333866 0.435471 0.014436 0.022234
2 0.390064 0.495405 0.010631 0.018879
2 0.627225 0.466466 0.012666 0.017987
2 0.296153 0.614130 0.027832 0.041796
2 0.295014 0.762553 0.012373 0.018132
2 0.290015 0.250672 0.010034 0.015105
2 0.266362 0.741464 0.010703 0.016064
2 0.292486 0.297566 0.011807 0.018611
2 0.452959 0.419077 0.011316 0.015502
