2 0.719133 0.784199 0.038202 0.030877
2 0.628124 0.804979 0.054764 0.040295
2 0.701720 0.747107 0.067416 0.054758
2 0.650347 0.739785 0.037729 0.030666
2 0.144970 0.147636 0.026887 0.022364
2 0.295300 0.516726 0.033711 0.033456
2 0.129420 0.221389 0.030896 0.025776
2 0.640217 0.660069 0.031429 0.024182
2 0.345643 0.466937 0.032448 0.025820
2 0.861206 0.918590 0.034458 0.026703
2 0.265664 0.502001 0.031448 0.024629
2 0.297494 0.493757 0.028800 0.023072
2 0.664425 0.671406 0.027898 0.020534
2 0.321378 0.444909 0.028882 0.023725
2 0.681593 0.684775 0.029907 0.022452
2 0.302043 0.462833 0.032801 0.029119
2 0.284302 0.482202 0.034118 0.025231
2 0.132624 0.194410 0.031525 0.024825
2 0.740813 0.762497 0.030330 0.025125
2 0.266917 0.519719 0.030189 0.022231
1 0.643675 0.589006 0.023601 0.021361
0 0.615352 0.463189 0.014367 0.010401
0 0.607657 0.471715 0.013798 0.009665
0 0.676942 0.478579 0.014116 0.011063
0 0.433670 0.414097 0.013201 0.011473
