0 0.876087 0.307354 0.025558 0.008923
0 0.876264 0.454733 0.028145 0.008953
0 0.955683 0.307217 0.024849 0.008970
0 0.436165 0.210271 0.012623 0.017211
0 0.303808 0.169679 0.025764 0.008451
0 0.143403 0.707113 0.027335 0.009404
0 0.486377 0.209655 0.011714 0.015209
0 0.302625 0.160153 0.025789 0.008620
0 0.856158 0.873047 0.022988 0.009077
0 0.299182 0.063223 0.024308 0.009011
0 0.872927 0.484266 0.023053 0.007680
0 0.394613 0.209881 0.012426 0.016284
0 0.513555 0.211700 0.012977 0.016796
0 0.039472 0.498455 0.013153 0.014989
