1 0.915576 0.910160 0.029584 0.028068
0 0.924908 0.440337 0.026418 0.015602
0 0.970288 0.395656 0.026281 0.018741
0 0.899005 0.947601 0.021083 0.018369
0 0.897186 0.965572 0.024003 0.020090
0 0.807806 0.753272 0.025374 0.017372
0 0.961606 0.571224 0.025652 0.016214
0 0.254405 0.947087 0.024487 0.015804
0 0.951703 0.582544 0.026809 0.018151
0 0.941086 0.209984 0.023389 0.017101
0 0.628761 0.951377 0.026837 0.018298
0 0.288595 0.967470 0.022437 0.016556
0 0.230953 0.934176 0.020344 0.014271
0 0.806915 0.981742 0.022639 0.018613
0 0.974418 0.558212 0.019133 0.014493
0 0.983001 0.383140 0.026433 0.017494
0 0.986149 0.942962 0.025644 0.017436
0 0.205980 0.921146 0.024102 0.016027
0 0.275000 0.961646 0.022396 0.015835
0 0.192229 0.914250 0.027405 0.018311
0 0.299748 0.974034 0.021428 0.014228
1 0.076156 0.984116 0.060657 0.031767
0 0.983941 0.550109 0.015310 0.011684
0 0.330553 0.992459 0.017586 0.015081
0 0.220397 0.927127 0.023502 0.016097
0 0.873285 0.797910 0.017541 0.014474
