0 0.634075 0.165363 0.018718 0.013011
0 0.751346 0.295019 0.015500 0.012766
0 0.724265 0.276870 0.018229 0.014399
0 0.471258 0.059084 0.018912 0.015220
0 0.522390 0.095462 0.016137 0.013148
0 0.768915 0.308608 0.015788 0.011967
0 0.616272 0.154120 0.018282 0.013987
0 0.460557 0.053276 0.018280 0.013978
0 0.513234 0.089778 0.016506 0.013593
0 0.535360 0.102301 0.014890 0.012281
0 0.401416 0.957622 0.018452 0.007937
0 0.485611 0.074007 0.017515 0.013679
0 0.366319 0.732502 0.016766 0.011431
0 0.374406 0.725043 0.015847 0.012707
0 0.499032 0.082726 0.014930 0.012723
0 0.603123 0.988276 0.021897 0.008501
0 0.606536 0.149642 0.017185 0.012884
0 0.440101 0.041451 0.017244 0.014331
0 0.543316 0.112836 0.019346 0.010093
