0 0.529617 0.131725 0.007666 0.013605
0 0.516551 0.112090 0.008014 0.013296
0 0.523868 0.079314 0.007317 0.014533
0 0.431010 0.037724 0.022300 0.009895
0 0.410976 0.226809 0.008711 0.015152
0 0.427700 0.228664 0.010105 0.017007
0 0.446864 0.224490 0.017073 0.007421
0 0.428223 0.255411 0.015331 0.006184
0 0.429094 0.261132 0.014286 0.006494
0 0.413066 0.255257 0.016376 0.007730
0 0.383798 0.254638 0.014983 0.006494
0 0.382753 0.262059 0.015679 0.007112
0 0.123519 0.818491 0.008711 0.013605
0 0.122997 0.791126 0.008362 0.013915
0 0.050000 0.746135 0.015679 0.006803
