0 0.022291 0.959061 0.016310 0.009559
0 0.078289 0.007897 0.007249 0.011638
0 0.078470 0.103076 0.014860 0.009144
0 0.079558 0.037406 0.014136 0.007481
0 0.080645 0.123857 0.017035 0.009144
0 0.080826 0.114713 0.016673 0.009144
0 0.085901 0.007066 0.006524 0.009975
0 0.093693 0.027016 0.016310 0.007481
0 0.104929 0.051122 0.027909 0.025769
0 0.123958 0.961139 0.015948 0.010391
0 0.170895 0.365960 0.006887 0.017872
0 0.171983 0.317332 0.006887 0.019534
0 0.179594 0.316916 0.006887 0.016209
0 0.179594 0.365337 0.006887 0.018288
0 0.181588 0.242103 0.014498 0.008728
0 0.184850 0.285952 0.007249 0.017456
0 0.186481 0.317955 0.006887 0.017456
0 0.187749 0.368869 0.006524 0.018703
0 0.192823 0.289069 0.007249 0.018703
0 0.193730 0.317124 0.006887 0.017456
0 0.195904 0.366584 0.006887 0.018288
0 0.198260 0.244805 0.016673 0.009975
0 0.201160 0.318579 0.007974 0.018703
0 0.201704 0.288238 0.006887 0.017041
0 0.204059 0.367623 0.007249 0.017041
0 0.208590 0.319202 0.007611 0.019950
0 0.209496 0.287199 0.007249 0.017456
0 0.211308 0.260183 0.016673 0.009144
0 0.212033 0.366999 0.007249 0.019119
0 0.213483 0.182045 0.019572 0.009975
0 0.215839 0.318163 0.007611 0.017872
0 0.217108 0.244597 0.018123 0.008728
0 0.218376 0.286575 0.008336 0.017872
0 0.220007 0.367207 0.007974 0.019534
0 0.222544 0.319202 0.007974 0.018288
0 0.226531 0.290108 0.007249 0.014963
0 0.229069 0.368038 0.007249 0.020366
0 0.230156 0.320865 0.007249 0.019119
0 0.234868 0.289277 0.007974 0.019119
0 0.236861 0.319618 0.006887 0.017456
0 0.237042 0.366168 0.007249 0.019119
0 0.237586 0.245636 0.017035 0.008313
0 0.242842 0.289485 0.007249 0.017872
0 0.244473 0.318786 0.006887 0.016625
0 0.245379 0.369077 0.007249 0.018288
0 0.251178 0.288653 0.007249 0.017872
0 0.251722 0.318786 0.006887 0.016625
0 0.253715 0.369077 0.007249 0.019950
0 0.256252 0.246675 0.016673 0.009559
0 0.258608 0.319202 0.006887 0.018288
0 0.259333 0.288238 0.006887 0.015378
0 0.262233 0.367830 0.008336 0.019950
0 0.266401 0.318994 0.007249 0.017872
0 0.267126 0.288238 0.007974 0.017872
0 0.273469 0.320033 0.007611 0.018288
0 0.274737 0.289069 0.007249 0.017872
0 0.276731 0.368454 0.007611 0.020366
0 0.278905 0.246883 0.017035 0.009144
0 0.280899 0.321696 0.007249 0.019950
0 0.283617 0.290732 0.007611 0.018703
0 0.285973 0.370324 0.008699 0.020781
0 0.287242 0.321904 0.006887 0.016209
0 0.292316 0.291147 0.006887 0.017872
0 0.294491 0.321696 0.006887 0.019119
0 0.300471 0.291563 0.007249 0.017041
0 0.300834 0.248545 0.015223 0.009144
0 0.301377 0.321280 0.006887 0.017456
0 0.308808 0.291147 0.007974 0.017872
0 0.308808 0.321904 0.006524 0.018703
0 0.316600 0.321696 0.007611 0.018288
0 0.317325 0.291147 0.007611 0.018703
0 0.319137 0.249377 0.015585 0.009144
0 0.337985 0.967165 0.017035 0.009975
0 0.340341 0.250000 0.015948 0.009559
0 0.357557 0.250416 0.014860 0.009559
0 0.371330 0.322943 0.007611 0.018288
0 0.374049 0.293017 0.006524 0.016625
0 0.376223 0.250831 0.015948 0.009559
0 0.379848 0.325229 0.007249 0.019534
0 0.382566 0.295511 0.006887 0.019119
0 0.387278 0.323566 0.007611 0.017872
0 0.390178 0.297382 0.006887 0.017872
0 0.393621 0.251455 0.015948 0.009144
0 0.395433 0.324397 0.007974 0.018703
0 0.398152 0.296550 0.008336 0.019534
0 0.403407 0.325021 0.007974 0.016625
0 0.406488 0.296135 0.006887 0.018703
0 0.411018 0.325644 0.007249 0.019534
0 0.412287 0.251455 0.014860 0.008313
0 0.415005 0.295096 0.007974 0.021613
0 0.418630 0.325021 0.007249 0.019119
0 0.422798 0.297589 0.006162 0.016625
0 0.426604 0.324397 0.006524 0.017041
0 0.431497 0.296758 0.006887 0.016625
0 0.434034 0.328761 0.007611 0.019119
0 0.434215 0.252078 0.015948 0.008728
0 0.444908 0.295511 0.008336 0.019119
0 0.449438 0.327099 0.007249 0.017456
0 0.451613 0.254988 0.007249 0.017872
0 0.452157 0.297797 0.006887 0.018703
0 0.457050 0.326268 0.007249 0.018288
0 0.458862 0.255403 0.006524 0.017041
0 0.459949 0.298213 0.007249 0.017041
0 0.464480 0.327307 0.006162 0.017041
0 0.467017 0.256650 0.006162 0.017872
0 0.467017 0.297382 0.007611 0.017872
0 0.471729 0.327515 0.007611 0.019119
0 0.474266 0.298628 0.008336 0.021197
0 0.474810 0.973400 0.015948 0.009144
0 0.475172 0.257066 0.006524 0.017872
0 0.478797 0.328761 0.007249 0.016625
0 0.480790 0.299667 0.006162 0.019119
0 0.481877 0.256442 0.006887 0.017456
0 0.487677 0.329800 0.006887 0.018703
0 0.488220 0.299667 0.006524 0.019119
0 0.490214 0.257897 0.006887 0.017872
0 0.495469 0.328138 0.007249 0.018703
0 0.495651 0.299252 0.006887 0.018288
0 0.497282 0.257897 0.007249 0.017872
0 0.502900 0.328969 0.006887 0.017872
0 0.503625 0.299044 0.006887 0.017872
0 0.505074 0.258936 0.006887 0.018288
0 0.510511 0.328761 0.007611 0.020781
0 0.510692 0.298836 0.006524 0.017456
0 0.512142 0.258520 0.006524 0.017456
0 0.517941 0.299875 0.007249 0.018703
0 0.518847 0.327722 0.008336 0.018703
0 0.519029 0.258728 0.007249 0.019534
0 0.526459 0.259144 0.006887 0.017872
0 0.533889 0.259559 0.007249 0.018703
0 0.540413 0.258520 0.006524 0.017456
0 0.547662 0.257481 0.007249 0.015378
0 0.555092 0.258728 0.006162 0.017041
0 0.561798 0.258728 0.007249 0.017041
0 0.569772 0.259352 0.006524 0.017456
0 0.594599 0.305278 0.006887 0.018703
0 0.602392 0.304655 0.006524 0.018288
0 0.610004 0.304447 0.006524 0.017872
0 0.612722 0.257897 0.007611 0.020366
0 0.617434 0.304032 0.006887 0.018703
0 0.625770 0.306110 0.006887 0.019534
0 0.633563 0.306941 0.007249 0.019534
0 0.640993 0.306941 0.006887 0.017872
0 0.641899 0.256027 0.007249 0.016625
0 0.649148 0.307564 0.007249 0.019119
0 0.650236 0.257481 0.008699 0.020366
0 0.656397 0.305902 0.007249 0.015794
0 0.658572 0.257689 0.007974 0.018288
0 0.664552 0.308396 0.006887 0.018288
0 0.666546 0.257689 0.007974 0.018288
0 0.672164 0.307357 0.006887 0.017872
0 0.675063 0.258728 0.007611 0.018703
0 0.680681 0.308396 0.007249 0.018288
0 0.682856 0.258520 0.006524 0.019119
0 0.687930 0.310058 0.007249 0.019119
0 0.689743 0.257897 0.007249 0.021197
0 0.697717 0.256858 0.007974 0.017456
0 0.778362 0.984622 0.017760 0.009975
0 0.875680 0.988362 0.016673 0.009144
