1 0.700412 0.903493 0.010309 0.017762
1 0.729278 0.242451 0.019381 0.021906
0 0.137113 0.048253 0.005361 0.008881
0 0.139588 0.042333 0.007010 0.011249
0 0.147010 0.036116 0.007835 0.013025
0 0.154845 0.030787 0.008660 0.013025
0 0.092784 0.067496 0.007423 0.009473
0 0.064742 0.055950 0.008247 0.014802
0 0.093608 0.056246 0.007423 0.013025
0 0.112165 0.074600 0.006598 0.011841
0 0.124330 0.072824 0.007835 0.010657
0 0.105773 0.043517 0.007835 0.013618
0 0.110515 0.041741 0.006598 0.012433
0 0.114021 0.037892 0.007010 0.011841
0 0.120206 0.031972 0.007010 0.011841
0 0.124330 0.029307 0.006186 0.011249
0 0.130722 0.021610 0.007423 0.012433
0 0.108866 0.108348 0.008247 0.010657
0 0.113402 0.116341 0.009072 0.011249
0 0.116701 0.127590 0.009072 0.011249
1 0.266392 0.517762 0.015670 0.029011
0 0.198763 0.311723 0.010722 0.012433
0 0.251340 0.431912 0.008660 0.012433
1 0.256495 0.402309 0.009072 0.015986
1 0.193608 0.296033 0.015258 0.016578
0 0.229072 0.379811 0.007835 0.011249
0 0.230309 0.388396 0.009485 0.011841
1 0.074639 0.848431 0.016495 0.029603
1 0.090722 0.876850 0.016495 0.030787
1 0.161237 0.791297 0.022268 0.024275
1 0.127835 0.740379 0.021443 0.015986
1 0.125979 0.513321 0.022680 0.023683
1 0.139381 0.481350 0.016495 0.028419
0 0.123093 0.141504 0.008660 0.009473
0 0.174227 0.014210 0.007010 0.013025
0 0.166186 0.019538 0.006598 0.013025
0 0.167629 0.194494 0.004536 0.012433
0 0.149691 0.206631 0.006598 0.009473
0 0.147010 0.201895 0.007835 0.009473
0 0.143299 0.191237 0.007010 0.009473
0 0.139588 0.182652 0.007835 0.011249
0 0.134433 0.172587 0.006598 0.008881
0 0.129485 0.157490 0.007423 0.009473
0 0.126598 0.151865 0.007423 0.008881
0 0.121031 0.136767 0.007835 0.009473
