0 0.544840 0.958753 0.009828 0.007042
0 0.596130 0.969316 0.010442 0.008048
0 0.609644 0.982143 0.011671 0.008551
0 0.412469 0.835513 0.006757 0.007042
0 0.254607 0.689889 0.010442 0.008551
0 0.027334 0.490191 0.009214 0.007545
0 0.602887 0.976107 0.011671 0.008551
0 0.570332 0.984155 0.011671 0.009557
0 0.552518 0.966549 0.009214 0.006539
0 0.581388 0.955986 0.010442 0.007545
0 0.523956 0.902414 0.011057 0.008048
0 0.531327 0.909457 0.009828 0.007042
0 0.534705 0.912726 0.009214 0.007545
0 0.527641 0.905684 0.009828 0.007545
0 0.538698 0.915493 0.011057 0.008048
0 0.542383 0.919014 0.011057 0.009054
0 0.545455 0.922787 0.011057 0.008551
0 0.549447 0.925805 0.010442 0.008551
0 0.553133 0.930080 0.009214 0.007042
0 0.555590 0.932847 0.010442 0.008551
0 0.559889 0.935865 0.011671 0.008551
0 0.566646 0.942656 0.011671 0.008048
0 0.570639 0.946177 0.011057 0.009054
0 0.574324 0.948692 0.009828 0.008048
0 0.578010 0.952465 0.011057 0.008551
