1 0.897042 0.375244 0.002790 0.002930
1 0.912388 0.395752 0.002790 0.003418
1 0.702846 0.542114 0.001116 0.004150
1 0.702427 0.546753 0.001116 0.003662
1 0.702079 0.542603 0.000977 0.004150
1 0.701172 0.543457 0.000837 0.003906
1 0.700474 0.544189 0.000837 0.005859
1 0.697335 0.533081 0.002372 0.001221
1 0.697893 0.534790 0.003767 0.001709
1 0.697266 0.536499 0.003627 0.001221
1 0.707799 0.371826 0.002651 0.003418
1 0.710310 0.381714 0.000698 0.004639
1 0.711286 0.381714 0.000698 0.005127
1 0.713797 0.380371 0.000977 0.005371
0 0.607771 0.043945 0.001535 0.001465
0 0.609235 0.046265 0.001674 0.001709
0 0.061942 0.976196 0.001395 0.001709
0 0.070871 0.983032 0.001674 0.001709
0 0.086426 0.987671 0.001535 0.001709
0 0.081055 0.989868 0.001674 0.001709
0 0.101423 0.998413 0.001395 0.001709
1 0.649623 0.565186 0.002930 0.002930
1 0.720006 0.619873 0.002232 0.004395
1 0.722796 0.619019 0.002511 0.004150
1 0.717913 0.096924 0.003069 0.002930
1 0.974819 0.421265 0.003209 0.002686
0 0.945382 0.542847 0.000977 0.002686
0 0.933384 0.717407 0.001256 0.001709
0 0.941755 0.730225 0.001535 0.002441
1 0.834054 0.330444 0.003209 0.002197
1 0.853237 0.338257 0.003069 0.003174
1 0.795898 0.238281 0.001116 0.004395
1 0.706543 0.085938 0.002930 0.002441
0 0.789062 0.603149 0.001395 0.001709
1 0.698312 0.635376 0.002372 0.005615
0 0.786063 0.604492 0.001535 0.001953
1 0.709124 0.656982 0.001953 0.005371
1 0.709891 0.656250 0.001814 0.004883
1 0.707659 0.652344 0.001814 0.004883
1 0.704939 0.654907 0.001953 0.004639
1 0.706403 0.659790 0.001814 0.005127
1 0.704171 0.658203 0.001535 0.004883
1 0.710519 0.636353 0.002790 0.004639
0 0.098842 0.998047 0.001256 0.001465
0 0.033273 0.970337 0.001535 0.001709
0 0.042969 0.975342 0.001395 0.001465
0 0.045898 0.971436 0.001674 0.001465
0 0.022461 0.974243 0.000837 0.002686
0 0.010045 0.962891 0.001395 0.001953
0 0.009905 0.959961 0.001674 0.001465
0 0.003976 0.954956 0.001535 0.001709
