0 0.973659 0.489121 0.005644 0.015900
0 0.524459 0.787448 0.003763 0.015063
0 0.182032 0.411297 0.009407 0.019247
0 0.206491 0.387029 0.009407 0.019247
0 0.229304 0.358159 0.008937 0.018410
0 0.142756 0.409623 0.007056 0.014226
0 0.186500 0.320502 0.009878 0.018410
0 0.956491 0.368201 0.008937 0.011715
0 0.959313 0.384937 0.010818 0.013389
0 0.979539 0.412552 0.011759 0.011715
1 0.986359 0.461925 0.004704 0.020084
0 0.908749 0.356485 0.013170 0.016736
0 0.913688 0.387029 0.010818 0.010879
0 0.926388 0.444351 0.012700 0.015063
