1 0.869343 0.460414 0.016703 0.031669
0 0.727371 0.537150 0.023707 0.019488
0 0.903825 0.816687 0.023168 0.020706
0 0.779903 0.918088 0.024246 0.023752
0 0.125269 0.755481 0.021013 0.012789
0 0.126078 0.777710 0.021552 0.013398
0 0.125808 0.767357 0.021013 0.013398
0 0.112608 0.702497 0.019397 0.014007
0 0.110453 0.677527 0.023707 0.014007
0 0.103179 0.637028 0.025323 0.013398
0 0.433459 0.735688 0.022091 0.015834
1 0.918373 0.437576 0.013470 0.027406
1 0.891972 0.447929 0.014547 0.026188
1 0.842672 0.474726 0.015086 0.027406
1 0.796336 0.486297 0.042026 0.028624
1 0.782328 0.439403 0.032328 0.020097
1 0.773976 0.384287 0.031789 0.019488
1 0.767511 0.342875 0.037177 0.021924
