0 0.042325 0.627442 0.021445 0.015814
0 0.716140 0.065581 0.019187 0.019535
0 0.707675 0.059535 0.020316 0.018605
0 0.696953 0.054419 0.019187 0.019535
0 0.664786 0.037209 0.015801 0.018605
0 0.033860 0.651163 0.020316 0.016744
0 0.684537 0.083721 0.021445 0.016744
0 0.671558 0.075349 0.018059 0.018605
0 0.702032 0.227442 0.018059 0.021395
1 0.101016 0.649302 0.046275 0.035349
0 0.247178 0.657209 0.027088 0.017674
0 0.142212 0.656279 0.022573 0.012093
0 0.108916 0.689302 0.025959 0.009302
0 0.100451 0.699070 0.024831 0.010233
0 0.091422 0.706047 0.022573 0.009302
1 0.169865 0.694884 0.025959 0.022326
1 0.088036 0.656744 0.042889 0.033488
0 0.800790 0.266977 0.019187 0.018605
1 0.076185 0.662791 0.041761 0.032558
1 0.073928 0.675814 0.037246 0.028837
1 0.064898 0.684186 0.037246 0.028837
1 0.053612 0.692558 0.048533 0.036279
1 0.045711 0.700000 0.044018 0.034419
0 0.025395 0.644651 0.021445 0.018605
0 0.255079 0.650698 0.022573 0.017674
0 0.265801 0.641395 0.023702 0.017674
0 0.075056 0.722791 0.025959 0.009302
0 0.059255 0.738605 0.025959 0.009302
0 0.047404 0.746977 0.022573 0.009302
0 0.579571 0.627907 0.016930 0.018605
0 0.020880 0.771628 0.025959 0.012093
0 0.174944 0.687907 0.020316 0.015814
0 0.181716 0.680465 0.022573 0.017674
0 0.199774 0.667907 0.024831 0.018605
0 0.284989 0.621860 0.021445 0.017674
0 0.277088 0.630233 0.021445 0.015814
0 0.361174 0.558140 0.020316 0.016744
0 0.595372 0.547442 0.021445 0.023256
0 0.662528 0.470233 0.018059 0.019535
