0 0.251656 0.831369 0.019426 0.016402
0 0.275938 0.654024 0.017660 0.020502
0 0.109272 0.643772 0.019868 0.023578
0 0.099779 0.639416 0.016777 0.019990
0 0.282561 0.774218 0.020309 0.025115
0 0.280574 0.753203 0.017219 0.021015
0 0.405077 0.849564 0.018102 0.017940
0 0.321413 0.767811 0.007947 0.019477
0 0.298234 0.715274 0.017219 0.012814
0 0.294481 0.697078 0.018543 0.020502
0 0.325607 0.653511 0.016336 0.018452
0 0.080353 0.739621 0.015894 0.019477
0 0.527815 0.868016 0.022517 0.011789
0 0.228256 0.864685 0.011479 0.014352
0 0.105077 0.585853 0.020309 0.021527
0 0.256291 0.632240 0.012804 0.024090
