0 0.131876 1.000000 0.017630 0.026643
0 0.564528 0.918591 0.005642 0.012433
0 0.291608 0.938425 0.007757 0.013025
0 0.505113 0.706927 0.007405 0.013025
0 0.479549 0.742155 0.007757 0.011249
0 0.435472 0.751628 0.007757 0.010065
0 0.386460 0.772943 0.004231 0.010065
0 0.381876 0.777975 0.004937 0.011841
0 0.381876 0.764654 0.006347 0.006513
0 0.390691 0.744819 0.004937 0.011841
0 0.340973 0.620189 0.003526 0.013618
0 0.337271 0.615453 0.003173 0.013618
0 0.332158 0.621374 0.003526 0.013618
0 0.292137 0.645944 0.008815 0.010657
0 0.140162 0.659266 0.005994 0.005329
0 0.129760 0.660154 0.007757 0.009473
0 0.179126 0.619597 0.007052 0.011249
0 0.150035 0.605980 0.007405 0.013618
0 0.144746 0.591770 0.005994 0.012433
0 0.130994 0.560391 0.005994 0.013618
0 0.673131 0.914150 0.006347 0.013025
0 0.087094 1.000000 0.008463 0.026643
