0 0.943266 0.648783 0.041357 0.049779
0 0.923648 0.631637 0.036055 0.050885
0 0.069459 0.153208 0.051962 0.049779
0 0.283669 0.107854 0.039236 0.049779
0 0.302227 0.122788 0.042418 0.050885
0 0.548250 0.118363 0.040297 0.042035
0 0.576352 0.087389 0.041357 0.055310
0 0.557264 0.068584 0.037116 0.044248
0 0.523860 0.035951 0.038176 0.045354
0 0.499470 0.029867 0.038176 0.042035
1 0.587487 0.484513 0.065748 0.061947
1 0.612937 0.466814 0.065748 0.059735
1 0.592789 0.357301 0.063627 0.055310
1 0.362672 0.431969 0.076352 0.087389
1 0.333510 0.407080 0.062566 0.073009
1 0.274125 0.369469 0.073171 0.079646
1 0.252386 0.351217 0.067869 0.076327
1 0.232238 0.333518 0.065748 0.074115
1 0.654295 0.403761 0.061506 0.053097
1 0.898727 0.316372 0.058324 0.044248
1 0.683987 0.267699 0.050901 0.059735
1 0.750265 0.313606 0.049841 0.056416
1 0.520148 0.556416 0.077413 0.068584
0 0.052492 0.170354 0.047720 0.046460
0 0.392365 0.210177 0.044539 0.050885
0 0.409332 0.232854 0.063627 0.069690
0 0.972428 0.313606 0.036055 0.049779
0 0.903499 0.621128 0.038176 0.049779
0 0.886002 0.602876 0.041357 0.048673
0 0.709438 0.270465 0.036055 0.043142
0 0.724814 0.287611 0.041357 0.048673
0 0.642100 0.219027 0.041357 0.044248
0 0.658537 0.235066 0.038176 0.047566
0 0.689290 0.087942 0.042418 0.045354
0 0.729586 0.123341 0.040297 0.045354
0 0.944857 0.349004 0.040297 0.045354
0 0.944327 0.257190 0.049841 0.043142
0 0.424708 0.253319 0.056204 0.061947
0 0.932131 0.280973 0.050901 0.046460
0 0.918346 0.301438 0.048780 0.047566
0 0.827678 0.403208 0.030753 0.047566
0 0.848887 0.576881 0.045599 0.054204
1 0.536055 0.535951 0.066808 0.060841
0 0.221633 0.772124 0.063627 0.066372
0 0.533404 0.239491 0.042418 0.040929
1 0.465536 0.286504 0.069989 0.081858
0 0.444857 0.269358 0.054083 0.060841
1 0.500530 0.577434 0.082715 0.073009
