0 0.858440 0.200998 0.027572 0.016290
0 0.737391 0.115870 0.027572 0.019443
0 0.683591 0.139517 0.023537 0.016290
0 0.832885 0.131109 0.027572 0.019443
0 0.874916 0.150026 0.022865 0.021545
0 0.845999 0.192591 0.028245 0.018392
0 0.872898 0.232790 0.029590 0.018917
0 0.906523 0.276143 0.032280 0.014188
0 0.805313 0.339464 0.031607 0.024172
0 0.816073 0.351287 0.028917 0.022596
0 0.842972 0.373358 0.030262 0.023647
0 0.859449 0.384393 0.026900 0.023647
0 0.876597 0.388860 0.023537 0.019968
0 0.557835 0.771939 0.020847 0.021019
0 0.539677 0.775092 0.023537 0.021019
0 0.506725 0.811350 0.028917 0.015765
0 0.501345 0.822123 0.027572 0.015239
0 0.499664 0.847084 0.028245 0.012612
0 0.497646 0.863899 0.025555 0.010510
0 0.476126 0.930636 0.026900 0.011561
0 0.503699 0.971886 0.028245 0.014188
0 0.498319 0.983973 0.025555 0.013137
