0 0.796013 0.732086 0.012561 0.013172
0 0.607318 0.765279 0.010923 0.013172
0 0.597215 0.768704 0.011469 0.011591
0 0.552703 0.750263 0.014200 0.013699
0 0.546969 0.754742 0.010377 0.011064
0 0.500000 0.784510 0.011469 0.011591
0 0.512835 0.790569 0.010923 0.013172
0 0.507646 0.793203 0.010377 0.011064
0 0.503004 0.797155 0.009831 0.010537
0 0.608411 0.788725 0.013108 0.013699
0 0.761879 0.761855 0.014200 0.012645
0 0.679683 0.832192 0.012561 0.013172
0 0.666029 0.709168 0.010377 0.010537
0 0.683506 0.827187 0.010377 0.010537
0 0.595030 0.807692 0.010377 0.011591
0 0.579465 0.908061 0.013108 0.014226
0 0.565811 0.918335 0.013108 0.015806
0 0.557892 0.990253 0.010377 0.011064
0 0.480339 0.821654 0.012561 0.013172
0 0.519388 0.851949 0.013108 0.013699
0 0.495904 0.858535 0.010923 0.012118
0 0.464773 0.829557 0.010923 0.012118
0 0.461223 0.832982 0.011469 0.012645
0 0.649099 0.724183 0.011469 0.013172
0 0.684599 0.693625 0.010377 0.011064
0 0.440197 0.852740 0.012015 0.012118
0 0.669579 0.653583 0.010923 0.011064
0 0.708356 0.606164 0.010923 0.012118
0 0.703714 0.610116 0.011469 0.011591
0 0.699618 0.612750 0.010923 0.011591
0 0.696068 0.616965 0.011469 0.011591
0 0.691699 0.620390 0.011469 0.011064
0 0.687056 0.623288 0.010923 0.011591
0 0.679683 0.631981 0.012561 0.011064
0 0.683506 0.643836 0.009285 0.009484
0 0.707264 0.622497 0.010923 0.011064
0 0.661660 0.645416 0.011469 0.011591
0 0.666576 0.657007 0.009285 0.010537
0 0.692245 0.686249 0.011469 0.012118
0 0.662753 0.660959 0.009285 0.011064
0 0.650191 0.655954 0.009285 0.010537
0 0.678591 0.647787 0.009285 0.012118
0 0.694975 0.632771 0.010377 0.010537
0 0.691699 0.635669 0.010377 0.010011
0 0.616330 0.702055 0.011469 0.012118
0 0.594484 0.705479 0.014746 0.009484
0 0.716275 0.665174 0.011469 0.012118
0 0.709175 0.672023 0.010377 0.012118
0 0.696341 0.682824 0.010923 0.011591
0 0.448935 0.844310 0.010923 0.011064
0 0.431731 0.861697 0.011469 0.012118
0 0.670126 0.605901 0.009831 0.010537
0 0.497542 0.992097 0.009831 0.011591
0 0.492627 0.995522 0.010923 0.010011
1 0.471873 0.942571 0.014200 0.014752
1 0.607865 0.820337 0.015292 0.014752
1 0.642818 0.814542 0.013108 0.012645
1 0.647187 0.809800 0.013108 0.014752
1 0.651557 0.806639 0.013108 0.014752
1 0.642545 0.797682 0.013654 0.013699
1 0.763790 0.597471 0.022392 0.022129
0 0.421901 0.842466 0.008192 0.012645
0 0.875478 0.702318 0.010923 0.010537
0 0.899782 0.679663 0.012561 0.011591
0 0.927089 0.654110 0.011469 0.011064
0 0.515838 0.974974 0.012561 0.011064
0 0.512835 0.979189 0.009831 0.010011
0 0.416985 0.847734 0.007100 0.010537
0 0.441835 0.907534 0.010923 0.013172
0 0.422720 0.923077 0.012015 0.012645
0 0.416439 0.929663 0.011469 0.013172
0 0.270344 0.962329 0.013108 0.013172
0 0.427362 0.952318 0.011469 0.011064
0 0.422174 0.948630 0.010923 0.011064
0 0.419716 0.944152 0.010377 0.009484
0 0.430912 0.956797 0.009831 0.011591
0 0.434735 0.960748 0.010923 0.013172
0 0.440197 0.963909 0.009831 0.010011
0 0.540961 0.953899 0.011469 0.013172
0 0.403878 0.970495 0.009285 0.013699
0 0.408793 0.977081 0.008192 0.013172
0 0.413708 0.982350 0.008192 0.013172
0 0.419170 0.987355 0.008192 0.012645
0 0.424358 0.993414 0.007646 0.013172
0 0.454943 0.980506 0.013108 0.014752
0 0.459312 0.986301 0.010923 0.013699
0 0.463954 0.990780 0.011469 0.011064
0 0.548607 0.946259 0.011469 0.012645
0 0.544784 0.950474 0.011469 0.011591
0 0.677499 0.599315 0.010377 0.010011
0 0.666303 0.610379 0.009831 0.010011
0 0.940743 0.649631 0.011469 0.011591
0 0.958220 0.463383 0.004915 0.011064
0 0.979792 0.485248 0.006554 0.013699
0 0.989896 0.466280 0.012561 0.005269
0 0.986073 0.488145 0.006008 0.015279
0 0.809394 0.679399 0.012015 0.011064
0 0.962589 0.596681 0.012561 0.011064
0 0.925997 0.628030 0.014746 0.013699
0 0.904424 0.648051 0.012015 0.011591
0 0.894320 0.655690 0.012561 0.012118
0 0.877936 0.668862 0.011469 0.010011
0 0.868105 0.677292 0.011469 0.011064
0 0.858274 0.687039 0.011469 0.010537
0 0.843528 0.685985 0.011469 0.011591
0 0.983342 0.575869 0.010377 0.009484
0 0.813217 0.520811 0.013108 0.006849
0 0.760786 0.585880 0.012015 0.011591
0 0.752321 0.593256 0.011469 0.010537
0 0.736483 0.607745 0.011469 0.012118
0 0.803932 0.589831 0.012015 0.013172
0 0.782359 0.611170 0.009285 0.010537
0 0.785363 0.624341 0.009831 0.010537
0 0.973785 0.585880 0.012015 0.012645
0 0.945931 0.489726 0.010923 0.011064
0 0.836974 0.462329 0.009285 0.010011
0 0.828509 0.501317 0.009831 0.010011
0 0.824686 0.473393 0.010923 0.011064
0 0.808301 0.487092 0.009831 0.011064
0 0.864555 0.483930 0.009831 0.010011
0 0.861005 0.487619 0.010377 0.010011
0 0.856636 0.491570 0.009285 0.009484
0 0.851720 0.493941 0.009285 0.010011
0 0.840524 0.506059 0.010923 0.011064
0 0.836974 0.509220 0.010377 0.010011
0 0.831786 0.513435 0.010923 0.011064
0 0.825505 0.505532 0.010377 0.011064
0 0.833424 0.498156 0.009831 0.010011
0 0.943200 0.485774 0.010923 0.011591
0 0.836974 0.494995 0.009285 0.010011
0 0.840251 0.491307 0.010377 0.010011
0 0.844620 0.487092 0.009285 0.008957
0 0.804752 0.510801 0.012561 0.006849
0 0.815401 0.531876 0.009831 0.011064
0 0.917531 0.475237 0.012015 0.010537
0 0.899235 0.489726 0.011469 0.011064
0 0.867013 0.516860 0.011469 0.010537
0 0.855270 0.526607 0.012015 0.011064
0 0.993719 0.537144 0.012561 0.012118
0 0.942108 0.655690 0.010923 0.011064
0 0.947023 0.658061 0.013108 0.013699
0 0.888585 0.850105 0.012015 0.011064
0 0.759694 0.889884 0.012015 0.012645
0 0.764336 0.893836 0.012561 0.012118
0 0.768159 0.897524 0.012561 0.013172
0 0.780721 0.912013 0.012561 0.011591
0 0.777171 0.907798 0.014200 0.011591
0 0.886401 0.957060 0.014200 0.007903
0 0.867832 0.868019 0.012015 0.012118
0 0.871655 0.864331 0.012015 0.011064
0 0.876024 0.861433 0.012015 0.011591
0 0.883943 0.853793 0.010377 0.010011
0 0.894320 0.847208 0.010377 0.012645
0 0.749044 0.878293 0.011469 0.010537
0 0.906608 0.834826 0.012015 0.012118
0 0.911524 0.830348 0.010923 0.011591
0 0.903332 0.789515 0.012015 0.011064
0 0.521573 0.971812 0.012015 0.012118
0 0.935554 0.479189 0.012015 0.011064
0 0.939650 0.483140 0.010377 0.011591
0 0.661660 0.613541 0.010377 0.011064
0 0.830967 0.630400 0.014746 0.011064
0 0.752867 0.881981 0.011469 0.011591
0 0.745767 0.874341 0.012561 0.012118
0 0.638176 0.820074 0.012561 0.012118
0 0.758056 0.628820 0.010923 0.010011
0 0.813217 0.683351 0.009831 0.010537
0 0.817040 0.687566 0.009831 0.010537
0 0.821136 0.691781 0.010377 0.010537
0 0.844620 0.741834 0.010377 0.010537
0 0.849263 0.738409 0.009831 0.012118
0 0.839978 0.745258 0.010923 0.012118
0 0.824140 0.759484 0.012015 0.012118
0 0.790279 0.788988 0.012015 0.012118
0 0.620153 0.800580 0.012561 0.014226
0 0.784544 0.808746 0.010377 0.011591
0 0.741944 0.870390 0.010377 0.010537
0 0.779902 0.812434 0.010923 0.011591
0 0.762698 0.811380 0.011469 0.011591
0 0.758056 0.815595 0.012015 0.012645
0 0.754506 0.818757 0.010377 0.010537
0 0.820590 0.907534 0.010377 0.011064
0 0.777444 0.864858 0.010377 0.010011
0 0.782906 0.868546 0.011469 0.011064
0 0.785909 0.871970 0.009831 0.010537
0 0.789186 0.876712 0.008738 0.009484
0 0.738667 0.866702 0.011469 0.010537
0 0.836974 0.678346 0.010377 0.010011
0 0.518569 0.785037 0.010377 0.010537
0 0.625614 0.748946 0.012561 0.013172
0 0.635445 0.740516 0.011469 0.012118
0 0.639814 0.736565 0.011469 0.011591
0 0.660295 0.715227 0.012015 0.013172
0 0.599126 0.777661 0.013108 0.012645
0 0.655926 0.787144 0.010923 0.009484
0 0.658110 0.800053 0.010923 0.011064
0 0.647460 0.829557 0.011469 0.011064
0 0.809121 0.920179 0.009285 0.012118
0 0.791371 0.848261 0.009831 0.010537
0 0.509831 0.775817 0.011469 0.011064
0 0.870836 0.714173 0.010377 0.010011
0 0.429820 0.835880 0.006554 0.010011
0 0.503004 0.989463 0.009831 0.010537
0 0.525669 0.966544 0.011469 0.011064
0 0.530584 0.962856 0.011469 0.010011
0 0.534954 0.959168 0.011469 0.011064
0 0.543965 0.978662 0.009831 0.010011
0 0.992900 0.854584 0.013108 0.007376
0 0.913435 0.801897 0.010377 0.010537
0 0.973512 0.628556 0.011469 0.011591
0 0.613599 0.760011 0.010377 0.012118
0 0.827417 0.702582 0.010923 0.011064
0 0.812671 0.484457 0.012015 0.012118
0 0.727471 0.553477 0.012015 0.008957
0 0.817313 0.480769 0.011469 0.012118
0 0.821409 0.477081 0.010923 0.011064
0 0.833697 0.466017 0.011469 0.012118
0 0.844894 0.502107 0.012015 0.011591
0 0.848990 0.497366 0.012561 0.011591
0 0.682687 0.595364 0.009831 0.010537
0 0.657291 0.616702 0.010377 0.011064
0 0.709721 0.570601 0.012561 0.009484
0 0.718187 0.562961 0.010923 0.007903
0 0.723921 0.558483 0.011469 0.008430
0 0.733206 0.551370 0.011469 0.007903
0 0.819224 0.578767 0.010923 0.011064
0 0.737575 0.547155 0.012561 0.007903
0 0.742217 0.542940 0.010923 0.007903
0 0.984162 0.461012 0.012015 0.007376
0 0.947570 0.586407 0.013108 0.011591
0 0.944293 0.581928 0.013108 0.012118
0 0.786455 0.608535 0.009831 0.010537
0 0.794375 0.597734 0.012561 0.011064
0 0.799017 0.592993 0.013108 0.012118
0 0.810486 0.586934 0.010923 0.010537
0 0.815128 0.583246 0.011469 0.011591
0 0.788913 0.657007 0.010377 0.010537
0 0.830147 0.669916 0.009831 0.010011
0 0.951393 0.662540 0.012015 0.012118
0 0.852540 0.965227 0.008738 0.014752
0 0.800382 0.983930 0.009285 0.010011
0 0.803659 0.988672 0.010377 0.010011
0 0.831786 0.966280 0.013108 0.008430
0 0.836974 0.970495 0.011469 0.007376
0 0.842982 0.976818 0.011469 0.007376
0 0.847624 0.981296 0.013108 0.007903
0 0.851174 0.987355 0.012561 0.008430
0 0.838886 0.951264 0.009831 0.014226
0 0.844620 0.953899 0.008192 0.015279
0 0.847897 0.962592 0.008192 0.013699
0 0.858001 0.972603 0.008738 0.013699
0 0.903332 0.959694 0.015292 0.007903
0 0.862916 0.978135 0.008738 0.016333
0 0.811305 0.899368 0.011469 0.010537
0 0.792736 0.880137 0.010377 0.010011
0 0.830694 0.900421 0.009831 0.010537
0 0.840251 0.891992 0.010377 0.010537
0 0.766794 0.824552 0.010923 0.011591
0 0.770890 0.821391 0.010377 0.011591
0 0.745494 0.825606 0.009831 0.009484
0 0.749863 0.838514 0.010923 0.010011
0 0.758329 0.831665 0.010377 0.010011
0 0.906881 0.965490 0.012561 0.006849
0 0.881486 0.952582 0.013108 0.008430
0 0.980339 0.693361 0.010923 0.010537
0 0.867832 0.746312 0.008738 0.011064
0 0.985527 0.659378 0.012561 0.012118
0 0.993446 0.667545 0.012015 0.011591
0 0.973239 0.684932 0.012015 0.012645
0 0.892955 0.725501 0.010923 0.010537
0 0.899235 0.731033 0.010377 0.010011
0 0.908793 0.741043 0.008738 0.010011
0 0.916166 0.747102 0.009285 0.010537
0 0.918624 0.751844 0.010923 0.009484
0 0.967504 0.743414 0.014746 0.013699
0 0.872474 0.750527 0.010377 0.012118
0 0.864555 0.742360 0.008738 0.011591
0 0.826051 0.924131 0.013654 0.014752
0 0.894866 0.780822 0.011469 0.012645
0 0.898962 0.785564 0.010923 0.012645
0 0.917804 0.805585 0.012561 0.012645
0 0.809667 0.831401 0.011469 0.009484
0 0.806663 0.835880 0.010923 0.011064
0 0.802567 0.839831 0.011469 0.011591
0 0.787002 0.854057 0.010923 0.011591
0 0.810486 0.771338 0.009831 0.011591
0 0.820317 0.763435 0.012015 0.010537
0 0.785636 0.915964 0.012561 0.012118
0 0.806117 0.775817 0.012015 0.011064
0 0.966412 0.829031 0.012561 0.007903
0 0.808575 0.646733 0.009285 0.010011
0 0.922720 0.756059 0.011469 0.010537
0 0.968323 0.681243 0.009831 0.010537
0 0.983069 0.697576 0.010923 0.009484
0 0.987165 0.702582 0.010377 0.008957
0 0.994539 0.710485 0.009831 0.008957
0 0.976242 0.690200 0.009285 0.010537
0 0.883397 0.694152 0.010377 0.011064
0 0.891589 0.687302 0.010377 0.011064
0 0.909066 0.670179 0.009285 0.010537
0 0.916712 0.663330 0.011469 0.011591
0 0.904970 0.735511 0.010923 0.010537
0 0.702895 0.625659 0.012015 0.012118
0 0.978154 0.626712 0.009831 0.008957
0 0.674495 0.602740 0.010923 0.010537
0 0.657564 0.649104 0.009831 0.010537
0 0.654014 0.652002 0.009285 0.011064
0 0.646095 0.658851 0.010923 0.011064
0 0.641726 0.662013 0.008738 0.010011
0 0.650191 0.671496 0.009285 0.011064
0 0.653741 0.667808 0.010923 0.012118
0 0.658383 0.664384 0.011469 0.011591
0 0.793282 0.631981 0.010377 0.012118
0 0.801475 0.639621 0.010377 0.010537
0 0.965866 0.677555 0.009285 0.009484
0 0.981431 0.622497 0.009831 0.010011
0 0.971054 0.833509 0.012015 0.007376
0 0.857182 0.476291 0.009285 0.009484
0 0.975969 0.837987 0.010923 0.006849
0 0.979519 0.841939 0.012561 0.007376
0 0.984435 0.846154 0.013654 0.009484
0 0.987439 0.850369 0.012015 0.008430
0 0.977062 0.821128 0.007646 0.014226
0 0.980885 0.826133 0.008738 0.013699
0 0.984435 0.829821 0.008192 0.013699
0 0.989077 0.834563 0.008738 0.012645
0 0.828782 0.470495 0.011469 0.011591
0 0.853359 0.479979 0.008192 0.008430
0 0.849809 0.483140 0.009831 0.008430
0 0.990169 0.616175 0.009831 0.007903
0 0.879028 0.507640 0.013654 0.014226
0 0.890497 0.498419 0.012561 0.013699
0 0.908520 0.482877 0.011469 0.011064
0 0.950573 0.493151 0.012561 0.012645
0 0.954943 0.497366 0.011469 0.012645
0 0.959312 0.501317 0.012561 0.012118
0 0.954123 0.457587 0.007646 0.012118
0 0.975969 0.478662 0.007646 0.014226
0 0.995631 0.500790 0.005461 0.012118
0 0.993719 0.612223 0.010377 0.009484
