0 0.910701 0.680410 0.043110 0.017332
0 0.856043 0.048057 0.026174 0.022584
0 0.330639 0.060662 0.028483 0.014181
0 0.345266 0.017857 0.030023 0.013655
0 0.316397 0.025473 0.026174 0.014181
0 0.287529 0.030725 0.026944 0.014181
0 0.261740 0.037027 0.027714 0.014181
0 0.234411 0.043592 0.025404 0.014706
0 0.297152 0.051996 0.027714 0.012605
0 0.413780 0.040966 0.025404 0.012605
0 0.021940 0.130515 0.031563 0.015231
0 0.034642 0.762868 0.035412 0.016282
0 0.223249 0.714811 0.032333 0.014706
0 0.082756 0.754464 0.025404 0.014181
0 0.151655 0.747111 0.020015 0.019433
0 0.133564 0.700893 0.019246 0.016282
0 0.114319 0.109506 0.026944 0.014181
0 0.086220 0.115284 0.033872 0.016282
0 0.139338 0.103466 0.026174 0.013655
0 0.127791 0.719275 0.029253 0.015231
0 0.165897 0.097426 0.026944 0.014181
0 0.191301 0.091649 0.028483 0.015231
0 0.219015 0.086134 0.031563 0.015756
0 0.057737 0.122111 0.030793 0.016282
0 0.016936 0.461922 0.030793 0.016282
0 0.012317 0.450893 0.023095 0.013130
0 0.083526 0.731880 0.030023 0.015231
