0 0.222301 0.887470 0.006182 0.013382
0 0.159534 0.787409 0.009986 0.009124
0 0.155254 0.805657 0.009035 0.007908
0 0.155017 0.844282 0.007608 0.014599
0 0.164765 0.848540 0.008084 0.014599
0 0.192820 0.859185 0.007133 0.012774
0 0.197099 0.860401 0.007133 0.012774
0 0.194960 0.874088 0.006657 0.010949
0 0.217071 0.868005 0.008084 0.014599
0 0.226581 0.872567 0.008084 0.012774
0 0.228008 0.815085 0.009986 0.008516
0 0.252734 0.852494 0.011888 0.010341
0 0.273419 0.903589 0.007608 0.013990
0 0.281265 0.895073 0.007133 0.013990
0 0.357822 0.874392 0.011888 0.010341
0 0.386828 0.906022 0.010937 0.010341
0 0.440561 0.958333 0.007133 0.013990
0 0.153828 0.820864 0.012839 0.010341
0 0.121731 0.776764 0.006657 0.010949
0 0.112696 0.773723 0.006657 0.013382
0 0.048027 0.677311 0.010461 0.007908
0 0.049215 0.683394 0.009986 0.009124
0 0.436757 0.972324 0.008084 0.013990
0 0.502378 0.940085 0.010937 0.010341
0 0.510223 0.956813 0.011412 0.012165
0 0.321683 0.050791 0.010937 0.007908
0 0.303852 0.023114 0.011412 0.009732
0 0.306229 0.016119 0.009510 0.009124
0 0.293866 0.058090 0.012363 0.010341
0 0.572753 0.131995 0.008084 0.013382
0 0.785307 0.091241 0.010937 0.012165
0 0.450785 0.978406 0.006657 0.012774
0 0.734903 0.074818 0.009035 0.012165
0 0.708274 0.188869 0.007133 0.012774
0 0.695197 0.180961 0.005706 0.012774
0 0.691631 0.194039 0.006182 0.013382
0 0.681883 0.190085 0.006657 0.013990
0 0.685449 0.177007 0.009035 0.015815
0 0.666667 0.167883 0.007608 0.014599
0 0.673086 0.185827 0.007133 0.015207
0 0.667618 0.184002 0.006657 0.013990
0 0.655017 0.180049 0.007133 0.013382
0 0.652877 0.162713 0.005706 0.015207
0 0.623871 0.161800 0.008559 0.019465
0 0.694009 0.145985 0.007133 0.013382
0 0.613409 0.115572 0.006657 0.013382
0 0.564907 0.143552 0.007608 0.013382
0 0.585830 0.186436 0.005706 0.011557
0 0.740371 0.166363 0.006657 0.015207
0 0.784593 0.123175 0.010461 0.011557
0 0.893010 0.145985 0.010461 0.009732
0 0.467665 0.969282 0.009035 0.015207
0 0.476938 0.973236 0.008559 0.014599
0 0.486923 0.977494 0.007608 0.015815
0 0.506657 0.984793 0.008084 0.014599
0 0.515216 0.989964 0.008084 0.015207
0 0.839515 0.860097 0.007133 0.014599
0 0.868283 0.299574 0.007608 0.013990
0 0.863766 0.297749 0.006182 0.012774
0 0.865193 0.265511 0.005231 0.012774
0 0.869948 0.266423 0.005231 0.012165
0 0.864955 0.248783 0.008559 0.015815
0 0.841179 0.239659 0.007608 0.014599
0 0.847123 0.257299 0.006182 0.014599
0 0.802901 0.255170 0.009986 0.013990
0 0.833333 0.204988 0.007133 0.014599
0 0.627913 0.203467 0.006182 0.012774
0 0.546600 0.133516 0.008084 0.015207
0 0.445316 0.127737 0.006182 0.013382
0 0.431289 0.123479 0.006657 0.012165
0 0.324299 0.038321 0.011412 0.009732
0 0.266524 0.027372 0.011888 0.010949
0 0.268426 0.020985 0.010937 0.010341
0 0.270566 0.015207 0.011412 0.010949
0 0.385164 0.069951 0.007608 0.014599
0 0.851165 0.169100 0.011412 0.010949
0 0.975036 0.312044 0.008084 0.014599
0 0.882786 0.302920 0.009986 0.018248
0 0.326914 0.032543 0.009986 0.007908
0 0.327865 0.027676 0.009986 0.007908
0 0.328816 0.018248 0.011888 0.008516
0 0.357584 0.079684 0.010461 0.008516
0 0.446981 0.079380 0.007608 0.012774
0 0.437233 0.075730 0.007133 0.015207
0 0.392534 0.056873 0.007133 0.012774
0 0.387304 0.053832 0.008084 0.013990
0 0.369472 0.032847 0.011412 0.009732
0 0.358773 0.073601 0.011888 0.009732
0 0.182834 0.074513 0.009986 0.007908
0 0.295768 0.013686 0.012363 0.010341
0 0.290062 0.037105 0.008559 0.007299
0 0.290775 0.030718 0.009035 0.007908
0 0.292202 0.024635 0.009035 0.010341
0 0.302663 0.029197 0.009986 0.010949
0 0.301474 0.035888 0.009510 0.009732
0 0.299810 0.041667 0.009986 0.010341
