0 0.761905 0.936703 0.012055 0.010018
0 0.322785 0.963570 0.006631 0.016393
0 0.380350 0.836976 0.010850 0.009107
0 0.047619 0.701730 0.009644 0.017304
0 0.025618 0.702641 0.012658 0.019126
0 0.241712 0.814208 0.012055 0.012750
0 0.322785 0.891621 0.006631 0.023679
0 0.294153 0.822860 0.013261 0.010018
0 0.321579 0.826958 0.011453 0.010929
0 0.351718 0.812386 0.006631 0.020036
0 0.365883 0.836066 0.012055 0.010929
0 0.474684 0.890255 0.015069 0.010018
0 0.449367 0.849271 0.013864 0.013661
0 0.976492 0.973588 0.012055 0.012750
0 0.959614 0.971767 0.013261 0.012750
0 0.829717 0.949909 0.012658 0.010929
0 0.787221 0.931239 0.013261 0.010018
0 0.732369 0.897996 0.010850 0.010929
0 0.776371 0.905282 0.014467 0.012750
0 0.803195 0.910747 0.012658 0.010929
0 0.323689 0.945811 0.006028 0.017304
0 0.308318 0.948998 0.005425 0.018215
0 0.118143 0.778689 0.021700 0.018215
0 0.833635 0.914390 0.013261 0.012750
0 0.868897 0.920765 0.011453 0.010929
0 0.923448 0.932149 0.013261 0.011840
0 0.260096 0.082423 0.012658 0.020947
0 0.275166 0.043260 0.012658 0.020947
0 0.228752 0.019581 0.010247 0.017304
1 0.445750 0.274135 0.017480 0.023679
1 0.486438 0.857923 0.015672 0.014572
1 0.413803 0.215847 0.018686 0.023679
1 0.015371 0.037341 0.011453 0.030965
0 0.821579 0.892987 0.007233 0.019126
0 0.276371 0.088342 0.011453 0.020036
0 0.291441 0.121585 0.013864 0.020947
0 0.509343 0.096539 0.010850 0.010929
0 0.489451 0.084699 0.014467 0.016393
0 0.815250 0.891166 0.005425 0.019126
0 0.630802 0.431239 0.013864 0.017304
0 0.651597 0.500455 0.015672 0.017304
0 0.267330 0.172587 0.012658 0.019126
0 0.335443 0.236339 0.012658 0.011840
0 0.516878 0.378871 0.017480 0.021858
0 0.467450 0.326958 0.012658 0.018215
0 0.453888 0.314663 0.012055 0.015483
0 0.440024 0.301457 0.014467 0.020036
0 0.393008 0.252277 0.012055 0.014572
0 0.376130 0.233151 0.013261 0.016393
0 0.860458 0.360656 0.011453 0.010929
0 0.810729 0.227687 0.008439 0.020036
0 0.711573 0.209472 0.005425 0.016393
0 0.731163 0.212204 0.007233 0.021858
0 0.693490 0.123862 0.012658 0.014572
0 0.686860 0.140710 0.015069 0.015483
0 0.579265 0.172587 0.012055 0.015483
0 0.559976 0.156648 0.012055 0.014572
