0 0.047346 0.601093 0.019903 0.036430
0 0.117310 0.447632 0.023522 0.031876
0 0.145356 0.183060 0.024125 0.018215
0 0.176417 0.184882 0.025935 0.018215
0 0.249397 0.193989 0.021110 0.020036
0 0.409228 0.210838 0.023522 0.019126
0 0.437877 0.962204 0.027744 0.035519
0 0.448733 0.213115 0.021713 0.014572
0 0.459590 0.938980 0.022919 0.032787
0 0.483414 0.913934 0.024729 0.033698
0 0.572678 0.821038 0.022316 0.031876
0 0.610676 0.779144 0.025935 0.035519
0 0.631182 0.758197 0.024729 0.033698
0 0.649578 0.738616 0.025332 0.036430
0 0.661037 0.510018 0.020507 0.038251
0 0.737636 0.721311 0.019300 0.032787
0 0.750603 0.751821 0.021110 0.037341
0 0.770205 0.794627 0.020507 0.033698
0 0.821773 0.901184 0.022316 0.040984
0 0.841375 0.941257 0.019300 0.035519
0 0.842581 0.533242 0.021713 0.030055
0 0.863390 0.510474 0.021110 0.030055
0 0.912847 0.457195 0.025935 0.038251
0 0.951749 0.968124 0.016888 0.036430
0 0.961098 0.925319 0.016285 0.038251
0 0.964415 0.405738 0.025332 0.033698
0 0.971653 0.884791 0.016888 0.039162
0 0.988842 0.710838 0.023522 0.035519
1 0.482509 0.882058 0.032569 0.044627
