0 0.540759 0.972163 0.010609 0.006893
0 0.970966 0.566808 0.011167 0.011665
0 0.981295 0.561241 0.009492 0.011135
0 0.975712 0.564157 0.010609 0.012725
0 0.980737 0.587487 0.008375 0.011665
0 0.962870 0.581919 0.011725 0.009014
0 0.985483 0.584836 0.008934 0.010604
0 0.990508 0.581389 0.010050 0.010074
0 0.993858 0.579268 0.008934 0.012195
0 0.980458 0.614793 0.012284 0.013256
0 0.985762 0.682927 0.015075 0.012725
0 0.984645 0.693266 0.015075 0.009014
0 0.881910 0.632556 0.012842 0.008484
0 0.883026 0.637593 0.012842 0.007953
0 0.885818 0.647667 0.010609 0.006893
0 0.891960 0.667815 0.012842 0.009014
0 0.965941 0.569194 0.010050 0.010074
0 0.961474 0.571050 0.008934 0.011665
0 0.957007 0.573966 0.011167 0.012195
0 0.918481 0.594910 0.008934 0.011665
0 0.963428 0.542418 0.008375 0.011665
0 0.958124 0.544274 0.008934 0.011135
0 0.953378 0.546660 0.008375 0.011665
0 0.947795 0.549046 0.009492 0.011135
0 0.913177 0.582185 0.008375 0.011665
0 0.914294 0.590403 0.009492 0.010074
0 0.928811 0.612407 0.009492 0.010604
0 0.880514 0.627253 0.012284 0.006363
0 0.931602 0.617709 0.010609 0.013786
0 0.948911 0.616384 0.012842 0.011135
0 0.874372 0.606575 0.011167 0.007423
0 0.876605 0.611877 0.010050 0.006363
0 0.878001 0.617444 0.010609 0.006893
0 0.879118 0.622481 0.011725 0.006363
0 0.908710 0.727996 0.013959 0.007423
0 0.909548 0.733563 0.011167 0.005832
0 0.903685 0.620361 0.009492 0.005302
0 0.582635 0.924178 0.009492 0.006363
0 0.780849 0.950689 0.011725 0.006363
0 0.747069 0.924973 0.008934 0.010074
0 0.735064 0.934517 0.010609 0.009014
0 0.668900 0.976405 0.012284 0.007953
0 0.608599 0.981707 0.007817 0.011135
0 0.609994 0.923648 0.011725 0.007423
0 0.584031 0.929745 0.011167 0.005832
0 0.776382 0.934783 0.010609 0.005302
0 0.588777 0.944592 0.013959 0.006893
0 0.576494 0.948038 0.011725 0.008484
0 0.573423 0.931601 0.012284 0.006363
0 0.572306 0.936903 0.011167 0.006363
0 0.547180 0.938494 0.011167 0.007423
0 0.551647 0.954666 0.010050 0.005832
0 0.779453 0.944592 0.012284 0.006893
0 0.773590 0.923913 0.010609 0.006893
0 0.904243 0.626723 0.010609 0.007423
0 0.916248 0.669936 0.010050 0.006893
0 0.915969 0.629109 0.012842 0.010074
0 0.906198 0.632821 0.012284 0.007953
0 0.910664 0.645281 0.012284 0.009544
0 0.922111 0.655355 0.010609 0.008484
0 0.916248 0.661453 0.011167 0.005832
0 0.926298 0.668081 0.013400 0.008484
0 0.917365 0.676564 0.011167 0.008484
0 0.922669 0.784199 0.011725 0.011665
0 0.927694 0.681071 0.010609 0.007953
0 0.920715 0.688759 0.010050 0.006363
0 0.922948 0.696713 0.010050 0.008484
0 0.934115 0.692736 0.012284 0.009014
0 0.925461 0.707052 0.009492 0.006893
0 0.914852 0.748409 0.013959 0.007953
0 0.968453 0.539767 0.009492 0.010604
0 0.972920 0.537911 0.009492 0.011135
0 0.977945 0.534995 0.008375 0.010604
0 0.989391 0.477200 0.012284 0.010604
0 0.935232 0.460233 0.012284 0.009544
0 0.924065 0.470838 0.008934 0.010604
0 0.946399 0.461559 0.011167 0.007953
0 0.944724 0.450424 0.012284 0.009014
0 0.940815 0.446448 0.011167 0.009544
0 0.946399 0.455992 0.011167 0.008484
0 0.981016 0.461824 0.013400 0.009544
0 0.939140 0.441145 0.013400 0.009544
0 0.978783 0.457317 0.012284 0.010074
0 0.972920 0.446978 0.012842 0.010604
0 0.970687 0.442736 0.012842 0.009544
0 0.967616 0.437964 0.010050 0.008484
0 0.965941 0.433722 0.011167 0.008484
0 0.963428 0.428155 0.011725 0.010074
0 0.924902 0.441145 0.011725 0.009544
0 0.932719 0.431866 0.011725 0.009014
0 0.958403 0.419406 0.013959 0.009544
0 0.939698 0.328208 0.010050 0.011665
0 0.900893 0.348091 0.009492 0.012195
0 0.909548 0.343054 0.008934 0.010604
0 0.915690 0.341463 0.007817 0.008484
0 0.921273 0.337487 0.010050 0.012195
0 0.928532 0.332450 0.010050 0.011665
0 0.934115 0.330064 0.010050 0.011135
0 0.944444 0.326352 0.008375 0.010074
0 0.928811 0.424178 0.010609 0.008484
0 0.949190 0.323171 0.008934 0.011135
0 0.915969 0.369300 0.010609 0.013256
0 0.920994 0.365854 0.008375 0.011665
0 0.932440 0.362407 0.011167 0.012195
0 0.915131 0.424443 0.013400 0.009014
0 0.925740 0.419141 0.011167 0.009014
0 0.960078 0.423383 0.010609 0.010074
0 0.953378 0.411718 0.011725 0.009014
0 0.983250 0.529427 0.012284 0.009014
0 0.937744 0.591198 0.012842 0.008484
0 0.955611 0.502651 0.009492 0.010604
0 0.959520 0.500000 0.007259 0.009544
0 0.925181 0.568134 0.012284 0.009014
0 0.930486 0.576617 0.010609 0.009014
0 0.933277 0.582185 0.011725 0.008484
0 0.935232 0.587222 0.011167 0.007953
0 0.948353 0.535260 0.009492 0.012195
0 0.947236 0.506363 0.008375 0.009544
0 0.952261 0.532344 0.009492 0.012725
0 0.957566 0.531018 0.008934 0.013256
0 0.961753 0.529162 0.010609 0.013786
0 0.970128 0.524920 0.010609 0.013786
0 0.977945 0.518558 0.011725 0.009544
0 0.980179 0.523330 0.012842 0.009544
0 0.950307 0.503712 0.007817 0.010604
0 0.941653 0.507953 0.008375 0.010604
0 0.950307 0.407476 0.010050 0.007953
0 0.939140 0.496819 0.010050 0.011665
0 0.947515 0.402704 0.010050 0.009014
0 0.946399 0.396607 0.011167 0.009544
0 0.914573 0.507158 0.008934 0.010074
0 0.909827 0.510074 0.009492 0.010604
0 0.923786 0.502651 0.009492 0.011665
0 0.934953 0.499205 0.008375 0.011135
0 0.944165 0.492842 0.010050 0.012195
0 0.933836 0.513256 0.010609 0.010604
0 0.950307 0.491516 0.010050 0.010604
0 0.959799 0.487275 0.010050 0.012725
0 0.966220 0.485154 0.009492 0.011665
0 0.908431 0.526246 0.011167 0.012195
0 0.918760 0.520944 0.010609 0.011135
0 0.924065 0.517762 0.008934 0.011135
0 0.538526 0.962354 0.012842 0.007423
0 0.553043 0.965270 0.011725 0.007953
0 0.893914 0.364263 0.011167 0.008484
0 0.534059 0.946182 0.011725 0.007953
0 0.414573 0.492312 0.011725 0.007953
0 0.417365 0.502651 0.010609 0.007423
0 0.416527 0.497879 0.011167 0.006363
0 0.374372 0.496288 0.011725 0.006363
0 0.406198 0.465270 0.012842 0.006893
0 0.411502 0.480912 0.013400 0.008484
0 0.413735 0.486479 0.012284 0.007953
0 0.555276 0.987275 0.013959 0.008484
0 0.887772 0.657476 0.010050 0.007423
0 0.377722 0.506628 0.011725 0.006893
0 0.381072 0.518823 0.012842 0.007953
0 0.419319 0.508484 0.013400 0.007423
0 0.498046 0.802227 0.011167 0.007423
0 0.507259 0.831919 0.010609 0.005302
0 0.504467 0.827413 0.010609 0.006893
0 0.502792 0.822641 0.010609 0.006893
0 0.501675 0.816543 0.011725 0.007423
0 0.500838 0.812036 0.011167 0.005832
0 0.499721 0.807264 0.013400 0.007953
0 0.495812 0.796660 0.014517 0.009014
0 0.509771 0.847296 0.011167 0.006363
0 0.461195 0.672322 0.011167 0.006363
0 0.407873 0.656681 0.010609 0.010074
0 0.431602 0.650318 0.011167 0.006893
0 0.404802 0.652174 0.011167 0.009544
0 0.401173 0.646076 0.011725 0.010074
0 0.428811 0.633351 0.014517 0.010074
0 0.508096 0.836957 0.011167 0.005832
0 0.510888 0.852863 0.011167 0.006893
0 0.373255 0.637593 0.015075 0.009014
0 0.489671 0.935578 0.010050 0.013256
0 0.546343 0.931866 0.011725 0.006893
0 0.532384 0.935313 0.010609 0.006363
0 0.533780 0.940615 0.012284 0.006363
0 0.486041 0.908537 0.010609 0.012195
0 0.480179 0.911718 0.011167 0.012195
0 0.484925 0.938229 0.010609 0.013256
0 0.494975 0.932927 0.009492 0.012195
0 0.511725 0.858431 0.011725 0.006363
0 0.499721 0.930276 0.010050 0.010074
0 0.471524 0.916225 0.010609 0.011665
0 0.519542 0.884942 0.011725 0.006363
0 0.517867 0.879109 0.010609 0.007423
0 0.517030 0.874072 0.012284 0.006893
0 0.512842 0.863203 0.013959 0.007423
0 0.447795 0.617179 0.011167 0.007423
0 0.422948 0.611877 0.012842 0.008484
0 0.421831 0.518293 0.011725 0.007953
0 0.355388 0.568929 0.011725 0.007423
0 0.384143 0.568929 0.012284 0.007423
0 0.390285 0.551432 0.012284 0.006363
0 0.388889 0.545864 0.012842 0.006893
0 0.376605 0.548780 0.010609 0.007423
0 0.358180 0.580594 0.011725 0.007423
0 0.357342 0.574231 0.011167 0.007423
0 0.344779 0.577678 0.012842 0.006893
0 0.410944 0.567869 0.012284 0.008484
0 0.344779 0.583510 0.011725 0.006893
0 0.347292 0.593584 0.011167 0.007953
0 0.429090 0.547720 0.011725 0.007423
0 0.427415 0.542153 0.011725 0.006893
0 0.425461 0.528897 0.012284 0.006893
0 0.422669 0.523065 0.011167 0.007953
0 0.384980 0.574496 0.011725 0.005832
0 0.393356 0.561771 0.010609 0.006893
0 0.441653 0.596501 0.011167 0.006363
0 0.400335 0.587222 0.011167 0.007953
0 0.419040 0.601273 0.011725 0.008484
0 0.407035 0.613468 0.011167 0.006363
0 0.404523 0.602863 0.010609 0.007423
0 0.402848 0.597561 0.011725 0.007423
0 0.390285 0.605779 0.011167 0.006893
0 0.401452 0.593054 0.010050 0.006893
0 0.416806 0.588812 0.012842 0.009014
0 0.395031 0.567073 0.009492 0.004772
0 0.414015 0.579799 0.012842 0.007953
0 0.434673 0.569194 0.010609 0.005832
0 0.388889 0.589608 0.010609 0.006363
0 0.394472 0.578473 0.012842 0.007423
0 0.386655 0.584040 0.010609 0.006893
0 0.395031 0.572375 0.010609 0.006893
0 0.894193 0.351538 0.008375 0.010604
0 0.882468 0.357105 0.009492 0.011135
0 0.874930 0.362407 0.006700 0.010074
0 0.715522 0.019883 0.007259 0.010074
0 0.725293 0.016172 0.008934 0.012195
0 0.731156 0.014581 0.008375 0.011135
0 0.740369 0.012990 0.007817 0.011135
0 0.745394 0.011135 0.007817 0.011665
0 0.701563 0.009809 0.008375 0.011135
0 0.706309 0.009014 0.007817 0.011665
0 0.711614 0.007423 0.007259 0.010604
0 0.717197 0.006628 0.007259 0.011135
0 0.722222 0.005302 0.007259 0.010604
0 0.787270 0.012460 0.011167 0.007953
0 0.785036 0.007423 0.012284 0.008484
0 0.781128 0.052757 0.011167 0.011135
0 0.759911 0.059650 0.011167 0.007953
0 0.755444 0.075822 0.012284 0.008484
0 0.699051 0.024125 0.006700 0.010074
0 0.705193 0.021739 0.008934 0.011665
0 0.785315 0.028632 0.008375 0.011665
0 0.730318 0.041357 0.005583 0.010604
0 0.125628 0.292153 0.010050 0.008484
0 0.140704 0.305143 0.010050 0.011135
0 0.696538 0.046660 0.007259 0.010604
0 0.702401 0.045599 0.006700 0.010604
0 0.707705 0.043213 0.007259 0.011135
0 0.712730 0.042418 0.007259 0.011665
0 0.720826 0.043743 0.006700 0.010074
0 0.779732 0.030223 0.009492 0.011665
0 0.736181 0.040297 0.006142 0.008484
0 0.744277 0.038176 0.007817 0.010604
0 0.749581 0.036850 0.006142 0.010074
0 0.759911 0.034995 0.007817 0.010604
0 0.764377 0.033669 0.007817 0.010074
0 0.774149 0.031813 0.008375 0.010604
0 0.768286 0.091198 0.011167 0.007423
0 0.739252 0.101538 0.010050 0.011135
0 0.775544 0.116119 0.011167 0.008484
0 0.881351 0.281548 0.010609 0.008484
0 0.890285 0.218717 0.011725 0.009014
0 0.895031 0.225875 0.013400 0.008484
0 0.901731 0.238070 0.011167 0.009544
0 0.908710 0.247349 0.011725 0.009014
0 0.879676 0.252121 0.013959 0.010074
0 0.865159 0.257158 0.012842 0.009544
0 0.883864 0.286585 0.010050 0.006893
0 0.926298 0.282078 0.010050 0.007423
0 0.927415 0.287911 0.012284 0.009544
0 0.932440 0.315483 0.010050 0.012725
1 0.893356 0.266967 0.015634 0.021739
0 0.974037 0.271739 0.010609 0.013256
0 0.969570 0.304348 0.008375 0.011665
0 0.828308 0.238335 0.010609 0.009014
0 0.890285 0.044804 0.012842 0.009014
0 0.767448 0.123277 0.009492 0.006893
0 0.756840 0.163839 0.010609 0.010604
0 0.779174 0.134146 0.012842 0.007423
0 0.781686 0.140244 0.011167 0.007953
0 0.749023 0.138123 0.010609 0.010074
0 0.750977 0.145016 0.010050 0.011135
0 0.755165 0.156946 0.011725 0.011665
0 0.775824 0.156151 0.010609 0.006893
0 0.758794 0.169141 0.010050 0.010604
0 0.886097 0.038971 0.011167 0.007953
0 0.787270 0.159067 0.012284 0.009544
0 0.777219 0.167815 0.011167 0.007953
0 0.830262 0.170201 0.013400 0.012725
0 0.879676 0.021209 0.012842 0.008484
0 0.882468 0.027572 0.012842 0.009544
0 0.884980 0.033669 0.012284 0.007953
0 0.128699 0.287911 0.010609 0.008484
0 0.141820 0.264316 0.011167 0.007953
0 0.304858 0.008218 0.008934 0.012195
0 0.310720 0.007423 0.006142 0.011665
0 0.249860 0.049576 0.008375 0.011135
0 0.132887 0.054348 0.008934 0.010074
0 0.123674 0.046129 0.011725 0.011665
0 0.144891 0.041622 0.009492 0.012195
0 0.153266 0.038706 0.009492 0.012725
0 0.160246 0.037911 0.008934 0.012195
0 0.168063 0.035790 0.008934 0.013256
0 0.309324 0.032874 0.007817 0.010604
0 0.171971 0.066808 0.012284 0.009544
0 0.314350 0.031283 0.007817 0.010604
0 0.321050 0.031018 0.007817 0.012195
0 0.336683 0.027041 0.007817 0.012725
0 0.352875 0.023595 0.007817 0.012195
0 0.299553 0.009544 0.008375 0.011665
0 0.390564 0.015376 0.008375 0.012725
0 0.140424 0.052757 0.008375 0.010074
0 0.157175 0.070785 0.011725 0.009014
0 0.080681 0.034199 0.012842 0.011135
0 0.027638 0.046925 0.015075 0.011135
0 0.073702 0.036320 0.012284 0.010074
0 0.087940 0.032609 0.011725 0.010074
0 0.103294 0.091198 0.008934 0.013786
0 0.101340 0.028632 0.015075 0.011665
0 0.179788 0.009014 0.013400 0.009544
0 0.076214 0.072375 0.008375 0.012195
0 0.015355 0.112937 0.008375 0.014846
0 0.031547 0.109756 0.009492 0.012725
0 0.064768 0.102598 0.015634 0.009014
