0 0.106988 0.360447 0.008040 0.004626
0 0.765306 0.547224 0.007421 0.004241
0 0.946660 0.159985 0.007112 0.003855
0 0.947897 0.164032 0.005875 0.003470
0 0.946506 0.172321 0.006803 0.003855
0 0.947743 0.203739 0.006803 0.004241
0 0.909709 0.206052 0.007421 0.003470
0 0.925015 0.220509 0.007112 0.003855
0 0.867502 0.292213 0.007112 0.009252
0 0.778757 0.563223 0.007730 0.005397
0 0.948516 0.142444 0.007112 0.008096
0 0.759895 0.558597 0.008349 0.005397
0 0.746753 0.555705 0.008040 0.004241
0 0.735158 0.552043 0.007112 0.004626
0 0.863482 0.610833 0.007730 0.005783
0 0.831323 0.652082 0.004638 0.008096
0 0.823902 0.674634 0.005875 0.008481
0 0.809369 0.699692 0.006494 0.008481
0 0.988714 0.010987 0.004020 0.008096
0 0.967532 0.118543 0.007421 0.007325
0 0.671459 0.047610 0.003401 0.008096
0 0.429344 0.073246 0.003401 0.006939
0 0.544682 0.021203 0.004020 0.008481
0 0.549165 0.023901 0.003711 0.008481
0 0.552566 0.026407 0.003711 0.007325
0 0.556277 0.028913 0.004329 0.007710
0 0.553803 0.080185 0.007421 0.006939
0 0.620439 0.082691 0.006494 0.006554
0 0.620439 0.101581 0.006494 0.005783
0 0.971861 0.111989 0.006803 0.007325
0 0.849258 0.084426 0.006494 0.006939
0 0.838435 0.069584 0.007112 0.008867
0 0.850649 0.116615 0.006803 0.008096
0 0.873222 0.139167 0.006803 0.008481
0 0.939085 0.083076 0.005566 0.007325
0 0.905535 0.129530 0.007112 0.008481
0 0.973871 0.108712 0.006494 0.007710
0 0.107143 0.351966 0.008967 0.004626
0 0.782931 0.733038 0.007421 0.007325
0 0.772727 0.726677 0.007421 0.007710
0 0.749072 0.735736 0.006494 0.008096
0 0.760823 0.748072 0.006494 0.005783
0 0.700216 0.540864 0.007112 0.004626
0 0.710884 0.560524 0.004329 0.008481
0 0.579159 0.602737 0.004329 0.008867
0 0.576685 0.610640 0.004947 0.009252
0 0.569573 0.630879 0.007421 0.008096
0 0.550557 0.647070 0.007112 0.005012
0 0.580705 0.642251 0.005566 0.009252
0 0.578850 0.632999 0.003092 0.006939
0 0.587817 0.618350 0.006803 0.007710
0 0.589827 0.602159 0.007730 0.006168
0 0.589518 0.593678 0.005257 0.008481
0 0.163884 0.951041 0.009276 0.005397
0 0.170996 0.957980 0.006184 0.005397
0 0.141775 0.961449 0.007730 0.005397
0 0.103432 0.967810 0.007112 0.004241
0 0.064471 0.974942 0.006494 0.003855
0 0.046537 0.967039 0.007112 0.003470
0 0.695114 0.525443 0.007421 0.005397
0 0.674242 0.517540 0.007730 0.005783
0 0.679808 0.533539 0.007112 0.005397
0 0.597866 0.481110 0.004638 0.008481
0 0.550247 0.457209 0.004020 0.008481
0 0.543599 0.473400 0.007421 0.006168
0 0.551330 0.476870 0.007421 0.006168
0 0.573902 0.468774 0.003711 0.006939
0 0.579468 0.471858 0.006184 0.007710
0 0.582560 0.479375 0.008040 0.005783
0 0.591682 0.483231 0.006494 0.005783
0 0.611936 0.491712 0.007421 0.005012
0 0.673469 0.530840 0.007421 0.006168
0 0.614719 0.485158 0.004947 0.007325
0 0.628324 0.498843 0.008658 0.006939
0 0.587817 0.510023 0.004947 0.008481
0 0.586116 0.524865 0.007112 0.005783
0 0.588435 0.529877 0.006803 0.005783
0 0.601732 0.552621 0.004947 0.007325
0 0.608844 0.541056 0.006803 0.008096
0 0.492888 0.974171 0.003711 0.007710
0 0.568027 0.982845 0.006184 0.008867
0 0.741342 0.957402 0.005875 0.009638
0 0.941713 0.991133 0.004638 0.010794
0 0.960111 0.988049 0.006184 0.004626
0 0.957792 0.995759 0.006494 0.004626
0 0.985312 0.986700 0.004020 0.007325
0 0.993043 0.988435 0.003401 0.007710
1 0.979283 0.985158 0.005566 0.009638
1 0.955937 0.927332 0.008967 0.007325
0 0.942795 0.980146 0.003711 0.008096
0 0.924861 0.835582 0.007421 0.008096
0 0.972789 0.982074 0.004329 0.008096
0 0.953154 0.797610 0.006494 0.008481
0 0.969079 0.794719 0.007421 0.007325
0 0.968460 0.783732 0.006803 0.009252
0 0.989951 0.743061 0.006494 0.009638
0 0.992579 0.740170 0.006184 0.009252
0 0.639610 0.176947 0.007112 0.006939
0 0.361781 0.017733 0.004947 0.010023
0 0.976345 0.982845 0.004020 0.008096
0 0.969852 0.981689 0.004638 0.008096
0 0.748145 0.955667 0.005257 0.007710
0 0.866729 0.836931 0.005566 0.006168
0 0.750773 0.953739 0.005566 0.008481
0 0.766234 0.944680 0.005566 0.008096
0 0.861936 0.897070 0.007730 0.007710
0 0.875696 0.851581 0.006803 0.007710
0 0.872449 0.845605 0.006494 0.007325
0 0.869511 0.843099 0.006803 0.006939
0 0.868120 0.839437 0.006494 0.006554
0 0.860853 0.860447 0.008040 0.008481
0 0.966296 0.980918 0.004947 0.008867
0 0.931200 0.944295 0.007112 0.008096
0 0.975572 0.917502 0.006184 0.005397
0 0.983921 0.892251 0.006803 0.005783
0 0.963513 0.957402 0.006184 0.005012
0 0.969852 0.960100 0.006494 0.005783
0 0.981447 0.963570 0.006184 0.004241
0 0.968151 0.965690 0.007421 0.005397
0 0.541126 0.458751 0.007421 0.006168
0 0.504329 0.453161 0.008040 0.007325
0 0.495516 0.449113 0.008967 0.008481
0 0.171150 0.747494 0.008349 0.006939
0 0.369357 0.773323 0.006494 0.003855
0 0.362245 0.773130 0.005875 0.003470
0 0.406772 0.801079 0.003401 0.007710
0 0.255720 0.765613 0.006803 0.003855
0 0.279221 0.851773 0.007421 0.008096
0 0.254020 0.880686 0.006494 0.007325
0 0.199134 0.760409 0.007421 0.005783
0 0.123531 0.782768 0.004638 0.008096
0 0.361781 0.838473 0.007421 0.003855
0 0.165894 0.834426 0.004638 0.008096
0 0.233302 0.914032 0.006494 0.008481
0 0.242733 0.898612 0.006803 0.008481
0 0.202072 0.748458 0.007730 0.005783
0 0.178881 0.737857 0.007730 0.006168
0 0.105906 0.775829 0.004020 0.008096
0 0.169450 0.835389 0.004329 0.006939
0 0.382962 0.774865 0.006494 0.004626
0 0.409709 0.849075 0.008040 0.005783
0 0.223253 0.874904 0.006184 0.007325
0 0.590909 0.817656 0.003711 0.006939
0 0.754638 0.752120 0.007730 0.006168
0 0.734230 0.763878 0.007112 0.006554
0 0.627242 0.834426 0.007730 0.007325
0 0.596320 0.847918 0.007112 0.005012
0 0.582406 0.834233 0.007112 0.004626
0 0.596166 0.822282 0.004329 0.008481
0 0.594001 0.815343 0.004329 0.007710
0 0.592455 0.824402 0.004947 0.008096
0 0.432127 0.859676 0.007730 0.006168
0 0.503401 0.819584 0.003711 0.006168
0 0.511596 0.831920 0.007730 0.005397
0 0.535096 0.836931 0.007730 0.004626
0 0.525819 0.852737 0.007112 0.004626
0 0.542362 0.903431 0.003092 0.007325
0 0.451608 0.801079 0.007112 0.006168
0 0.413575 0.796261 0.007112 0.005012
0 0.190167 0.851773 0.004947 0.008096
0 0.233302 0.925790 0.005875 0.007325
0 0.501701 0.431958 0.005257 0.008096
0 0.280148 0.299345 0.008040 0.008096
0 0.123686 0.361411 0.003711 0.008096
0 0.153061 0.276022 0.006803 0.007710
0 0.148578 0.261951 0.008967 0.008096
0 0.209338 0.234773 0.005566 0.008481
0 0.212276 0.247301 0.007112 0.007325
0 0.249227 0.276600 0.006803 0.007325
0 0.271336 0.293177 0.007730 0.007325
0 0.354051 0.365266 0.007421 0.007325
0 0.133271 0.301850 0.006184 0.007710
0 0.390229 0.373554 0.008040 0.006939
0 0.384354 0.384927 0.008040 0.007325
0 0.415121 0.410563 0.005875 0.009252
0 0.418367 0.412105 0.005566 0.008481
0 0.427180 0.410756 0.007112 0.005783
0 0.481756 0.428296 0.006803 0.006168
0 0.490105 0.432922 0.007421 0.006168
0 0.124459 0.337702 0.003401 0.006939
0 0.124150 0.349460 0.003401 0.007325
0 0.117811 0.654009 0.003092 0.007325
0 0.228510 0.530069 0.007421 0.005397
0 0.107297 0.546068 0.003092 0.007325
0 0.109307 0.476870 0.004020 0.007710
0 0.104051 0.488628 0.006494 0.003470
0 0.104051 0.484965 0.006494 0.003855
0 0.128324 0.462992 0.006803 0.010023
0 0.165121 0.494796 0.008040 0.006554
0 0.207019 0.521781 0.007730 0.005783
0 0.261132 0.543177 0.007112 0.005397
0 0.369666 0.594256 0.005875 0.008096
0 0.301020 0.549345 0.007730 0.006939
0 0.306432 0.562066 0.007421 0.005397
0 0.356988 0.571897 0.007730 0.006554
0 0.341528 0.575366 0.007730 0.005783
0 0.348330 0.578258 0.007730 0.006168
0 0.396413 0.580378 0.006184 0.004241
0 0.393476 0.589437 0.004020 0.008481
