0 0.153089 0.296222 0.005792 0.015455
0 0.111197 0.391815 0.006178 0.014310
0 0.198456 0.379794 0.009266 0.009731
1 0.129537 0.312536 0.008108 0.017172
0 0.144208 0.292788 0.005019 0.013165
0 0.208301 0.328849 0.005792 0.013165
0 0.204826 0.328563 0.004247 0.011448
0 0.200579 0.328277 0.005792 0.014310
0 0.196718 0.324843 0.005019 0.010876
0 0.178764 0.305953 0.005405 0.012021
0 0.175097 0.303950 0.004247 0.011448
0 0.167761 0.301374 0.005019 0.012021
0 0.157336 0.297653 0.006564 0.014883
0 0.059653 0.275902 0.010425 0.008014
0 0.051544 0.375787 0.010425 0.009731
0 0.045560 0.245278 0.007722 0.017745
0 0.028185 0.218661 0.010811 0.008014
1 0.321236 0.142244 0.012355 0.007441
1 0.320077 0.078993 0.010811 0.011448
0 0.038803 0.358042 0.008880 0.009731
0 0.053089 0.394677 0.009653 0.010876
0 0.127413 0.484831 0.004633 0.011448
0 0.187066 0.425014 0.011197 0.010876
0 0.114865 0.424728 0.005019 0.012593
0 0.133591 0.443045 0.006178 0.013738
0 0.140154 0.431883 0.005405 0.012021
0 0.142278 0.446193 0.005792 0.013165
0 0.159459 0.478535 0.009266 0.010303
0 0.166023 0.468231 0.007722 0.009159
0 0.167568 0.462793 0.007722 0.009731
0 0.170077 0.458500 0.009653 0.011448
0 0.172587 0.452490 0.009266 0.009731
0 0.174710 0.448483 0.008880 0.009731
0 0.177992 0.443331 0.008494 0.010876
0 0.183784 0.437035 0.009266 0.009731
0 0.185135 0.431597 0.008108 0.009159
0 0.192471 0.414139 0.009653 0.009731
0 0.050965 0.415570 0.006950 0.014883
0 0.195367 0.404121 0.008494 0.010303
1 0.132239 0.403549 0.008108 0.019462
0 0.041120 0.482541 0.005019 0.012593
0 0.026062 0.491128 0.005019 0.012593
0 0.035521 0.461935 0.009266 0.005724
0 0.053668 0.429021 0.010039 0.008586
0 0.052124 0.435318 0.010039 0.010876
0 0.045753 0.440469 0.010425 0.012021
0 0.032239 0.406411 0.006564 0.016027
0 0.042278 0.411276 0.006564 0.014310
0 0.045946 0.413852 0.006950 0.016027
0 0.184170 0.009159 0.007722 0.009159
0 0.017568 0.007728 0.008108 0.013165
0 0.014672 0.023755 0.007722 0.012021
0 0.012355 0.028334 0.006178 0.012021
0 0.319884 0.111906 0.005019 0.012021
0 0.340154 0.122210 0.004633 0.012021
0 0.342664 0.057813 0.011197 0.010303
0 0.315637 0.109903 0.005792 0.011448
0 0.292664 0.095592 0.006950 0.006869
0 0.289382 0.107327 0.009653 0.009731
0 0.282239 0.136234 0.008494 0.008014
0 0.284363 0.123354 0.009653 0.010876
0 0.232239 0.031769 0.003475 0.010876
0 0.228571 0.024041 0.005405 0.012593
0 0.117375 0.109044 0.006178 0.006297
0 0.164479 0.008586 0.006178 0.012593
0 0.168147 0.013452 0.005792 0.012021
0 0.099228 0.051517 0.005405 0.012593
0 0.105985 0.008014 0.008108 0.006869
0 0.082432 0.010590 0.008880 0.007441
0 0.038610 0.015741 0.007722 0.007441
0 0.035328 0.029765 0.008880 0.009159
0 0.033977 0.036634 0.007722 0.009159
0 0.033012 0.043789 0.008880 0.009731
0 0.030502 0.055810 0.008494 0.008586
0 0.010618 0.045793 0.008880 0.013738
0 0.010425 0.035489 0.008494 0.013738
0 0.125290 0.472238 0.005792 0.013738
0 0.157143 0.482828 0.007722 0.010876
0 0.128571 0.982828 0.006950 0.011448
0 0.159459 0.937321 0.006950 0.008586
0 0.157143 0.941614 0.007722 0.010303
0 0.155212 0.946193 0.006950 0.009159
0 0.153089 0.950200 0.007336 0.010303
0 0.150193 0.953921 0.006950 0.009731
0 0.145174 0.947911 0.006950 0.008014
0 0.141892 0.951345 0.007336 0.009159
0 0.124324 0.991700 0.006178 0.009731
0 0.121429 0.988266 0.008108 0.013165
0 0.117375 0.985976 0.006950 0.010876
0 0.138031 0.992559 0.007336 0.010303
0 0.134749 0.989410 0.007722 0.010876
0 0.131853 0.985404 0.008108 0.010876
0 0.125483 0.979966 0.006950 0.011448
0 0.163900 0.927876 0.007336 0.009159
0 0.122587 0.977104 0.005792 0.009159
0 0.146332 0.970235 0.005405 0.012593
0 0.138996 0.963652 0.006178 0.010876
0 0.117954 0.962221 0.005792 0.010303
0 0.113514 0.971093 0.006950 0.012021
0 0.102124 0.971093 0.008108 0.013165
0 0.088610 0.989410 0.008880 0.012021
0 0.065637 0.988266 0.009266 0.010876
0 0.054054 0.985690 0.013127 0.016027
0 0.005405 0.942473 0.009266 0.010876
0 0.005212 0.817974 0.008108 0.012593
0 0.047104 0.860618 0.004633 0.012021
0 0.050386 0.831712 0.006564 0.013738
0 0.161583 0.933028 0.008108 0.010303
0 0.168147 0.919290 0.007336 0.011448
0 0.154633 0.487407 0.008880 0.012021
0 0.136293 0.911849 0.009266 0.012593
0 0.217954 0.973669 0.007336 0.011448
0 0.223166 0.962793 0.008494 0.012593
0 0.229344 0.951631 0.007722 0.013165
0 0.159846 0.986835 0.006178 0.012593
0 0.175097 0.878649 0.006564 0.010303
0 0.170270 0.888094 0.006950 0.013165
0 0.161197 0.895535 0.006564 0.012021
0 0.157529 0.898683 0.006178 0.011448
0 0.153861 0.901546 0.007336 0.012593
0 0.149228 0.901259 0.006564 0.010876
0 0.145367 0.902404 0.007336 0.014310
0 0.142085 0.904980 0.007722 0.012593
0 0.138610 0.908128 0.008494 0.013165
0 0.133205 0.915283 0.008494 0.011448
0 0.158301 0.920435 0.008494 0.010303
0 0.129344 0.917859 0.008494 0.009731
0 0.126062 0.921294 0.007336 0.009731
0 0.123552 0.925301 0.007722 0.010876
0 0.147683 0.911849 0.008108 0.008014
0 0.138996 0.922152 0.008494 0.009159
0 0.136100 0.926732 0.008880 0.011448
0 0.132819 0.929594 0.008494 0.011448
0 0.130309 0.933028 0.008108 0.011448
0 0.147297 0.943331 0.007336 0.010303
0 0.149035 0.939038 0.008494 0.010876
0 0.151544 0.935604 0.007336 0.009731
0 0.153282 0.930166 0.007722 0.009159
0 0.156564 0.925873 0.007336 0.010876
0 0.053089 0.815398 0.006564 0.010876
0 0.061390 0.788781 0.007722 0.011448
0 0.078764 0.725529 0.007722 0.013165
0 0.067375 0.498855 0.010425 0.009731
0 0.010232 0.549513 0.009653 0.009159
0 0.116795 0.597310 0.008880 0.009731
0 0.118340 0.583858 0.009653 0.008014
0 0.121236 0.576131 0.009266 0.007441
0 0.124324 0.564110 0.008494 0.007441
0 0.126641 0.556669 0.008494 0.008586
0 0.098069 0.568689 0.008494 0.009731
0 0.085714 0.546079 0.005405 0.013738
0 0.081081 0.544934 0.005405 0.012593
0 0.076834 0.542358 0.005405 0.013165
1 0.090541 0.470807 0.006564 0.015455
1 0.097683 0.471952 0.006178 0.016600
0 0.065830 0.505438 0.010425 0.010303
0 0.068340 0.492272 0.009266 0.008014
0 0.088996 0.740698 0.008880 0.008014
0 0.052317 0.484259 0.003475 0.011448
0 0.059459 0.459645 0.003861 0.011448
0 0.055792 0.455924 0.004247 0.012021
0 0.074710 0.456783 0.008880 0.009159
0 0.082819 0.515455 0.005019 0.013165
0 0.086873 0.517745 0.006178 0.014310
0 0.104247 0.520607 0.005405 0.013165
0 0.128378 0.551231 0.008880 0.008014
0 0.135135 0.528334 0.007722 0.010303
0 0.140734 0.518317 0.008880 0.009731
0 0.144595 0.508014 0.008880 0.010876
0 0.149421 0.496566 0.008494 0.012021
0 0.152124 0.492559 0.008494 0.010876
0 0.018147 0.586434 0.004633 0.009731
0 0.006371 0.590441 0.006564 0.013165
0 0.022201 0.587579 0.005019 0.010876
0 0.030116 0.594161 0.005405 0.011448
0 0.090347 0.732971 0.008494 0.009731
0 0.091892 0.724671 0.009266 0.010303
0 0.093243 0.718088 0.009653 0.010876
0 0.095753 0.708930 0.008494 0.010876
0 0.097104 0.700916 0.009653 0.009731
0 0.075676 0.710933 0.008494 0.009159
0 0.078571 0.691185 0.008108 0.007441
0 0.097683 0.694333 0.008494 0.009159
0 0.111390 0.625072 0.008880 0.008014
0 0.101158 0.680595 0.006950 0.009159
0 0.102896 0.672295 0.008108 0.009731
0 0.104054 0.665140 0.008108 0.010303
0 0.105405 0.655695 0.009266 0.012021
0 0.098649 0.638523 0.005792 0.010876
0 0.007915 0.561534 0.008880 0.009159
0 0.008687 0.554665 0.008108 0.009159
0 0.114286 0.604465 0.010039 0.008014
0 0.002703 0.617344 0.004633 0.012021
0 0.006757 0.619347 0.005019 0.011448
0 0.011197 0.619920 0.006178 0.012593
0 0.017375 0.621351 0.005405 0.013165
0 0.024324 0.625072 0.005405 0.012593
0 0.028571 0.626789 0.005405 0.012593
0 0.033012 0.629078 0.006564 0.012593
0 0.037452 0.614768 0.007722 0.006869
0 0.038224 0.608185 0.007722 0.007441
0 0.034363 0.596737 0.006178 0.012021
0 0.213514 0.982255 0.007722 0.011448
0 0.208108 0.992272 0.007722 0.010876
0 0.256564 0.932169 0.008880 0.014310
0 0.662355 0.848311 0.008880 0.013738
0 0.708494 0.779908 0.007722 0.012021
0 0.744208 0.816829 0.007336 0.012593
0 0.658880 0.715512 0.008108 0.011448
0 0.651351 0.717230 0.006950 0.012593
0 0.678958 0.745278 0.008880 0.014883
0 0.673745 0.763881 0.009266 0.013165
0 0.680309 0.771608 0.009266 0.011448
0 0.708880 0.804522 0.009266 0.012021
0 0.732819 0.857756 0.010039 0.012021
0 0.639382 0.904408 0.008494 0.016027
0 0.719691 0.840870 0.009266 0.011448
0 0.706371 0.826560 0.008108 0.012593
0 0.688610 0.831998 0.008108 0.014310
0 0.666409 0.782770 0.008494 0.010876
0 0.715058 0.788208 0.007722 0.012593
0 0.647876 0.761591 0.007722 0.010876
0 0.633784 0.746136 0.008880 0.010876
0 0.598069 0.707212 0.007722 0.009731
0 0.589961 0.698340 0.009266 0.012593
0 0.580888 0.687750 0.008880 0.010876
0 0.560039 0.664282 0.008880 0.012021
0 0.537066 0.639382 0.010039 0.013738
0 0.537838 0.548369 0.007722 0.012593
0 0.539768 0.615341 0.009266 0.012593
0 0.559266 0.615627 0.010425 0.012021
0 0.399035 0.387521 0.007336 0.013738
0 0.392085 0.451631 0.011197 0.014883
0 0.402703 0.463366 0.008494 0.012021
0 0.711969 0.784488 0.006950 0.012021
0 0.758108 0.842015 0.007336 0.012593
0 0.424710 0.686892 0.008494 0.011448
0 0.631467 0.687464 0.007336 0.012593
0 0.784942 0.913566 0.007722 0.010303
0 0.768919 0.896966 0.007336 0.008014
0 0.763320 0.890670 0.007722 0.009159
0 0.771236 0.873784 0.008880 0.010876
0 0.788417 0.892959 0.008494 0.011448
0 0.843629 0.896394 0.006950 0.012593
0 0.849421 0.903549 0.006950 0.012021
0 0.846332 0.900973 0.007722 0.013738
0 0.827992 0.910990 0.007336 0.013165
0 0.819691 0.907556 0.009266 0.012021
0 0.641120 0.698054 0.008108 0.013165
0 0.637452 0.694619 0.007722 0.012021
0 0.634363 0.691185 0.006178 0.010876
0 0.622394 0.678306 0.006950 0.012593
0 0.619498 0.674299 0.007336 0.013738
0 0.616023 0.670292 0.006564 0.011448
0 0.612741 0.666285 0.007722 0.013738
0 0.585907 0.666285 0.008880 0.012593
0 0.577220 0.658844 0.010039 0.012593
0 0.569498 0.649685 0.010039 0.011448
0 0.396139 0.480824 0.008494 0.011448
0 0.388417 0.473669 0.010039 0.012021
0 0.375676 0.459359 0.008494 0.010876
0 0.369884 0.673726 0.006950 0.012593
0 0.417375 0.634516 0.008494 0.012021
0 0.406757 0.601030 0.008108 0.012593
0 0.402510 0.611048 0.006564 0.010876
0 0.397104 0.620206 0.008108 0.012021
0 0.389382 0.616772 0.006564 0.010876
0 0.379730 0.653978 0.006564 0.012021
0 0.370463 0.651402 0.006564 0.012593
0 0.362548 0.662278 0.006950 0.009159
0 0.363514 0.645965 0.007336 0.012021
0 0.357529 0.638237 0.006950 0.012593
0 0.354054 0.633944 0.005405 0.010876
0 0.347297 0.629078 0.007336 0.012593
0 0.344208 0.625930 0.006564 0.010876
0 0.337066 0.675730 0.007722 0.009731
0 0.369112 0.451918 0.008494 0.012021
0 0.316409 0.668575 0.009653 0.012593
0 0.317761 0.663709 0.008494 0.010876
0 0.318919 0.657985 0.008494 0.010876
0 0.319305 0.650544 0.009266 0.009731
0 0.320270 0.645965 0.009653 0.009731
0 0.322780 0.637092 0.009266 0.008014
0 0.323166 0.625072 0.009266 0.008014
0 0.321815 0.617344 0.008108 0.010876
0 0.328185 0.576989 0.004633 0.012593
0 0.320849 0.608185 0.008494 0.008586
0 0.406371 0.637951 0.007336 0.012021
0 0.400772 0.647968 0.006178 0.009159
0 0.394208 0.661420 0.008494 0.013165
0 0.428185 0.608185 0.006950 0.009731
0 0.431660 0.602748 0.007722 0.009159
0 0.419691 0.577562 0.008494 0.013738
0 0.412548 0.591013 0.008108 0.013165
0 0.360039 0.441042 0.009653 0.013165
0 0.432432 0.495135 0.010039 0.011448
0 0.392278 0.515169 0.010039 0.017172
0 0.369112 0.553520 0.008494 0.013738
0 0.374131 0.560675 0.007722 0.012021
0 0.492664 0.589010 0.008494 0.010303
0 0.446911 0.568403 0.007336 0.009159
0 0.434363 0.546651 0.007722 0.011448
0 0.425676 0.564969 0.008880 0.014883
0 0.792857 0.924156 0.009653 0.012021
0 0.813514 0.920435 0.009266 0.010303
0 0.794981 0.900401 0.009266 0.011448
0 0.368340 0.076131 0.010039 0.010303
0 0.751158 0.144533 0.008880 0.006297
0 0.667375 0.222667 0.008108 0.010303
0 0.665251 0.215512 0.007722 0.005152
0 0.650772 0.055238 0.004247 0.010876
0 0.646332 0.058958 0.003861 0.010303
0 0.607143 0.084717 0.004247 0.012593
0 0.580695 0.088151 0.007722 0.012593
0 0.568726 0.071551 0.008494 0.012593
0 0.563900 0.061248 0.007336 0.012593
0 0.554826 0.050658 0.006950 0.009731
0 0.371815 0.062393 0.009266 0.010303
0 0.408108 0.087293 0.009266 0.010876
0 0.380502 0.067831 0.008108 0.009731
0 0.412162 0.127361 0.009653 0.008586
0 0.597490 0.304522 0.008108 0.008014
0 0.395174 0.130796 0.009653 0.010876
0 0.383205 0.134803 0.009653 0.008586
0 0.419884 0.173440 0.005792 0.012593
0 0.496332 0.108472 0.005019 0.010876
0 0.454440 0.173726 0.010811 0.010876
0 0.465444 0.207499 0.004247 0.010876
0 0.465637 0.172868 0.010039 0.010303
0 0.503668 0.165713 0.008880 0.010876
0 0.518919 0.235833 0.006950 0.013738
0 0.522201 0.238981 0.006564 0.010876
0 0.587645 0.261591 0.009266 0.011448
0 0.571429 0.283915 0.007722 0.010303
0 0.580116 0.291357 0.008108 0.010303
0 0.790154 0.144820 0.007336 0.006869
0 0.815251 0.135661 0.008880 0.008014
0 0.727992 0.035203 0.009653 0.007441
0 0.761969 0.026903 0.008880 0.008014
0 0.297876 0.105323 0.005792 0.011448
0 0.973938 0.132513 0.009653 0.007441
0 0.983784 0.129365 0.007722 0.005724
0 0.965251 0.045507 0.007722 0.012021
0 0.987452 0.064110 0.008880 0.013738
0 0.979151 0.092158 0.009266 0.010303
0 0.966409 0.095306 0.003861 0.012021
0 0.883398 0.037779 0.008494 0.009159
0 0.893822 0.006010 0.006950 0.012021
0 0.887452 0.011162 0.007336 0.012021
0 0.918533 0.131940 0.004633 0.012021
0 0.905212 0.133371 0.005019 0.011448
0 0.897683 0.119347 0.009266 0.006297
0 0.819498 0.008872 0.005019 0.012021
0 0.815637 0.010876 0.005019 0.011448
0 0.796139 0.018603 0.009266 0.006297
0 0.763900 0.038924 0.008108 0.008014
0 0.587066 0.297367 0.008880 0.009731
0 0.604633 0.309388 0.008494 0.009731
0 0.833784 0.943045 0.008880 0.010876
0 0.945367 0.658558 0.008108 0.014310
0 0.814093 0.421007 0.004247 0.010876
0 0.811390 0.454780 0.004247 0.012021
0 0.807915 0.475386 0.008108 0.009731
0 0.851737 0.498569 0.009266 0.008014
0 0.850193 0.510303 0.006950 0.009731
0 0.857143 0.519462 0.007722 0.012021
0 0.867375 0.533200 0.009653 0.012021
0 0.838417 0.605610 0.008880 0.012593
0 0.835521 0.599313 0.010039 0.010303
0 0.884363 0.544648 0.008108 0.013165
0 0.893822 0.558958 0.007722 0.010876
0 0.893629 0.593589 0.008108 0.011448
0 0.865830 0.629365 0.008880 0.014310
0 0.805598 0.890956 0.008880 0.012021
0 0.637645 0.328849 0.009653 0.008586
0 0.838031 0.925587 0.008108 0.012593
0 0.820077 0.927304 0.008494 0.011448
0 0.877992 0.991700 0.010039 0.013165
0 0.872201 0.966800 0.009266 0.012593
0 0.867181 0.980252 0.009266 0.012021
0 0.860618 0.972238 0.010039 0.010876
0 0.854054 0.963938 0.009266 0.011448
0 0.832432 0.967659 0.009266 0.012021
0 0.826062 0.960218 0.008108 0.009731
0 0.800965 0.947052 0.008108 0.013165
0 0.796332 0.944762 0.006564 0.008586
0 0.794981 0.939611 0.006950 0.012021
0 0.819305 0.951918 0.009266 0.011448
0 0.759266 0.459359 0.008108 0.012021
0 0.756950 0.425014 0.011197 0.014310
0 0.726255 0.387521 0.009266 0.011448
0 0.714286 0.375501 0.009266 0.011448
0 0.661583 0.337722 0.008880 0.008014
0 0.665058 0.322553 0.011197 0.007441
0 0.687645 0.335146 0.009266 0.006297
0 0.825097 0.306812 0.009266 0.006869
0 0.861004 0.310246 0.008494 0.006869
0 0.852703 0.309674 0.008108 0.005724
0 0.856178 0.298226 0.008880 0.005724
0 0.891313 0.299370 0.008108 0.005724
0 0.893050 0.313108 0.009266 0.006869
0 0.911583 0.315112 0.010039 0.005152
0 0.843436 0.344018 0.009653 0.005724
0 0.903282 0.346880 0.008880 0.005724
0 0.868340 0.350029 0.008494 0.006297
0 0.937259 0.365484 0.008108 0.007441
0 0.945946 0.364911 0.007722 0.006297
0 0.955212 0.346880 0.008494 0.006869
0 0.935521 0.355467 0.009266 0.005724
0 0.958301 0.317115 0.008494 0.005724
0 0.948069 0.317115 0.008108 0.006869
0 0.986680 0.316543 0.009653 0.005724
0 0.986293 0.362908 0.010425 0.006869
0 0.963707 0.376073 0.007722 0.005724
0 0.973552 0.376646 0.008880 0.005724
0 0.981853 0.375787 0.008494 0.006297
0 0.841506 0.441614 0.004247 0.012021
0 0.840927 0.457642 0.003861 0.013165
0 0.705985 0.365770 0.008108 0.012593
0 0.387259 0.673726 0.008494 0.013738
0 0.393243 0.737264 0.008880 0.011448
0 0.230116 0.866629 0.011583 0.010303
0 0.427992 0.861477 0.008108 0.013738
0 0.531660 0.878649 0.006178 0.011448
0 0.526448 0.884946 0.009653 0.011448
0 0.561776 0.924442 0.007722 0.010303
0 0.513900 0.897252 0.008494 0.010876
0 0.525483 0.910990 0.007722 0.010876
0 0.503475 0.884946 0.008494 0.010303
0 0.487645 0.867773 0.009266 0.011448
0 0.454826 0.831139 0.008494 0.010303
0 0.448649 0.824843 0.008494 0.010303
0 0.481081 0.860904 0.007722 0.010303
0 0.462548 0.840011 0.008494 0.012021
0 0.448456 0.848025 0.008108 0.012021
0 0.459266 0.858042 0.008880 0.012593
0 0.434170 0.868918 0.007336 0.012593
0 0.513707 0.860046 0.008880 0.010876
0 0.443629 0.880080 0.006950 0.013165
0 0.440541 0.875215 0.006950 0.012593
0 0.438031 0.870922 0.007336 0.012021
0 0.429344 0.878077 0.007722 0.011448
0 0.423166 0.871208 0.006950 0.011448
0 0.419498 0.867773 0.007336 0.011448
0 0.509266 0.962793 0.010039 0.017172
1 0.476255 0.913852 0.010425 0.016600
1 0.478958 0.921580 0.010425 0.018317
1 0.488224 0.923583 0.011197 0.015455
1 0.485135 0.930738 0.011969 0.014883
1 0.481853 0.936463 0.012355 0.016027
1 0.466409 0.933028 0.011583 0.018317
0 0.508301 0.864339 0.008108 0.010303
0 0.495367 0.850029 0.008494 0.011448
0 0.476062 0.710647 0.006950 0.012021
0 0.631081 0.944762 0.008108 0.014310
0 0.725483 0.848311 0.008494 0.011448
0 0.668919 0.835432 0.008880 0.014310
0 0.674710 0.824270 0.008108 0.012593
0 0.683784 0.841729 0.006950 0.012021
0 0.679344 0.851173 0.006564 0.011448
0 0.672008 0.862622 0.008108 0.012593
0 0.666216 0.875501 0.007336 0.012021
0 0.648842 0.885804 0.008108 0.012021
0 0.659653 0.888094 0.007336 0.012021
0 0.654440 0.900114 0.007722 0.012021
0 0.625483 0.920149 0.009266 0.014310
0 0.648456 0.918432 0.009653 0.012021
0 0.638224 0.931025 0.007722 0.013165
0 0.623938 0.958214 0.008494 0.012593
0 0.473552 0.825701 0.008880 0.010876
0 0.615058 0.942759 0.009266 0.012593
0 0.571622 0.961362 0.008880 0.010876
0 0.563707 0.952776 0.009266 0.012021
0 0.555598 0.942759 0.008494 0.011448
0 0.584556 0.949914 0.008494 0.010876
0 0.578185 0.942187 0.008880 0.011448
0 0.535521 0.921866 0.008494 0.012021
0 0.540927 0.901546 0.010811 0.013738
0 0.564479 0.902977 0.009266 0.010876
0 0.524710 0.873497 0.008494 0.011448
0 0.535135 0.873211 0.006178 0.012021
0 0.540927 0.890670 0.009266 0.010303
0 0.463707 0.814539 0.009266 0.012593
1 0.470077 0.938180 0.011197 0.017172
1 0.460618 0.956783 0.010811 0.017745
1 0.426834 0.990555 0.012741 0.016600
0 0.244208 0.886377 0.009653 0.009731
0 0.283591 0.931597 0.007336 0.010876
0 0.315251 0.940183 0.008880 0.010876
0 0.307915 0.932742 0.008108 0.009731
0 0.291699 0.914997 0.009653 0.012021
0 0.246718 0.848311 0.004633 0.011448
0 0.226255 0.992845 0.008494 0.010876
0 0.231081 0.983686 0.006564 0.010876
0 0.236680 0.973383 0.006178 0.010876
0 0.241313 0.964224 0.006178 0.010876
0 0.246718 0.953921 0.007722 0.012021
0 0.248842 0.912994 0.008108 0.013738
0 0.251544 0.943045 0.006564 0.010876
0 0.250193 0.890956 0.007722 0.009731
0 0.240541 0.881225 0.009266 0.009731
0 0.395174 0.905839 0.009653 0.014310
0 0.237645 0.876932 0.009653 0.010303
0 0.319884 0.807098 0.006564 0.010303
0 0.302317 0.807670 0.008494 0.012593
0 0.352896 0.912421 0.007722 0.010303
0 0.345946 0.927304 0.007722 0.010303
0 0.339575 0.937321 0.009653 0.012021
0 0.324131 0.926732 0.008108 0.010303
0 0.286293 0.873497 0.008880 0.012593
0 0.266023 0.853749 0.008494 0.010876
0 0.262548 0.864625 0.005405 0.013165
0 0.258880 0.860618 0.005792 0.013165
0 0.250000 0.852604 0.005792 0.015455
0 0.234363 0.872353 0.010039 0.009159
0 0.289961 0.939325 0.008494 0.010303
0 0.308301 0.958500 0.008108 0.010876
0 0.351158 0.935890 0.007336 0.013738
0 0.343822 0.951345 0.008880 0.016027
0 0.038417 0.934173 0.009653 0.012593
1 0.266795 0.935890 0.006950 0.017172
0 0.367954 0.967086 0.006950 0.012021
0 0.364286 0.928735 0.008880 0.008586
0 0.351158 0.746422 0.006564 0.012593
0 0.342471 0.763309 0.007722 0.012021
0 0.325290 0.749284 0.008880 0.011448
0 0.319884 0.774184 0.008108 0.010876
0 0.315251 0.782770 0.007336 0.013165
0 0.370463 0.919863 0.008880 0.011448
0 0.324710 0.799943 0.007722 0.013165
0 0.315058 0.817974 0.007722 0.012593
0 0.269112 0.837436 0.007722 0.011448
0 0.275869 0.813681 0.008108 0.012021
0 0.285521 0.812536 0.008880 0.010876
0 0.281853 0.820550 0.006950 0.010876
0 0.303861 0.839439 0.007722 0.010876
0 0.299035 0.849456 0.008108 0.011448
0 0.293243 0.860618 0.007336 0.012021
0 0.739575 0.863766 0.009653 0.011448
0 0.746911 0.872925 0.008880 0.011448
0 0.712548 0.834287 0.008880 0.010876
0 0.529151 0.820263 0.008880 0.011448
0 0.478378 0.758729 0.008494 0.012021
0 0.494208 0.731254 0.006950 0.010876
0 0.491120 0.739840 0.007722 0.010876
0 0.497876 0.748426 0.008108 0.010876
0 0.483784 0.774757 0.006950 0.010876
0 0.553861 0.812536 0.006564 0.012021
0 0.550772 0.809101 0.006564 0.012021
0 0.547297 0.805667 0.007336 0.013165
0 0.552124 0.797367 0.007722 0.011448
0 0.555792 0.800515 0.007336 0.012021
0 0.535907 0.807384 0.007722 0.012021
0 0.534170 0.812250 0.008880 0.011448
0 0.532625 0.816829 0.008880 0.010303
0 0.527413 0.824270 0.008494 0.010303
0 0.549035 0.562965 0.006950 0.013165
0 0.539189 0.844305 0.008108 0.012593
0 0.522587 0.833143 0.008108 0.012021
0 0.519884 0.838580 0.008108 0.011448
0 0.385521 0.729536 0.008880 0.010876
0 0.331081 0.611906 0.007336 0.012593
0 0.434942 0.577562 0.007336 0.013738
0 0.468340 0.562393 0.008494 0.010876
0 0.485328 0.582713 0.008494 0.011448
0 0.478378 0.573268 0.009266 0.013165
0 0.493050 0.562393 0.009266 0.010876
0 0.527799 0.546079 0.006178 0.012593
0 0.520077 0.561248 0.006178 0.013165
0 0.532239 0.574127 0.008880 0.008014
0 0.475676 0.754722 0.007722 0.012021
0 0.472201 0.751002 0.008494 0.012593
0 0.464672 0.756153 0.006564 0.010303
0 0.469691 0.747853 0.006564 0.010876
0 0.468147 0.715799 0.007336 0.013165
0 0.455792 0.703778 0.007336 0.010876
0 0.482239 0.717516 0.006950 0.010876
0 0.484942 0.722095 0.007722 0.012021
0 0.480695 0.729823 0.007722 0.011448
0 0.477027 0.726674 0.006564 0.012021
0 0.435714 0.718374 0.008880 0.010303
0 0.432432 0.722381 0.007722 0.010303
0 0.447490 0.735833 0.006178 0.009731
0 0.449421 0.724098 0.007722 0.011448
0 0.454440 0.732112 0.006178 0.011448
0 0.450193 0.739554 0.007722 0.012593
0 0.423166 0.769605 0.009266 0.009731
0 0.430502 0.760446 0.006178 0.009731
0 0.441120 0.758443 0.008880 0.012593
0 0.449807 0.768460 0.008494 0.012021
0 0.445753 0.777046 0.008880 0.013165
0 0.438996 0.786777 0.008494 0.009731
0 0.445560 0.795077 0.009266 0.011448
0 0.477992 0.788495 0.009266 0.012021
0 0.470077 0.799943 0.008108 0.013165
0 0.467375 0.805094 0.009653 0.012021
0 0.457529 0.789926 0.007722 0.011448
0 0.453861 0.786491 0.006564 0.011448
0 0.459073 0.777905 0.006950 0.011448
0 0.459653 0.750716 0.007336 0.012021
0 0.466409 0.744133 0.006950 0.012593
0 0.509653 0.582427 0.010039 0.013165
0 0.545753 0.568117 0.007336 0.014310
0 0.673552 0.790784 0.009653 0.012021
0 0.436100 0.767602 0.008108 0.012593
0 0.463320 0.697481 0.006950 0.012021
0 0.460618 0.694906 0.006950 0.010303
0 0.457915 0.691471 0.007722 0.012593
0 0.439961 0.708643 0.008108 0.010303
0 0.419691 0.697768 0.006950 0.010303
0 0.429344 0.728392 0.008494 0.009731
0 0.427606 0.706640 0.005792 0.012021
0 0.410618 0.716371 0.008108 0.010876
0 0.408494 0.720950 0.007722 0.012021
0 0.402703 0.730681 0.008494 0.012021
0 0.424131 0.753291 0.006564 0.012593
0 0.427413 0.756440 0.006950 0.012021
0 0.433977 0.752147 0.006950 0.012593
0 0.441699 0.774471 0.006178 0.011448
0 0.543629 0.571837 0.007722 0.011448
0 0.445946 0.765312 0.006950 0.010303
0 0.450965 0.783343 0.006950 0.012021
0 0.430502 0.779336 0.008494 0.012021
0 0.480309 0.779622 0.008494 0.011448
0 0.472008 0.796508 0.008880 0.010876
0 0.714672 0.817974 0.008494 0.010303
0 0.731274 0.827991 0.009266 0.012021
0 0.723166 0.820263 0.008494 0.010303
0 0.716216 0.811105 0.009266 0.010303
0 0.700965 0.794219 0.010425 0.010876
0 0.693822 0.787350 0.007722 0.009731
0 0.687452 0.779336 0.009653 0.010876
0 0.677413 0.785633 0.010425 0.012021
0 0.458687 0.707212 0.008494 0.012021
0 0.465251 0.712364 0.006178 0.010876
0 0.471042 0.719805 0.006950 0.012021
0 0.474710 0.723812 0.007336 0.012021
0 0.541699 0.576703 0.006950 0.013165
0 0.537066 0.585575 0.007722 0.013738
0 0.535521 0.591299 0.008494 0.013738
0 0.602703 0.648827 0.007722 0.012021
0 0.554633 0.631940 0.008880 0.010303
0 0.544595 0.606182 0.008108 0.009159
0 0.526641 0.601030 0.008494 0.012593
0 0.501931 0.614768 0.008494 0.012593
0 0.508880 0.623354 0.008494 0.012593
0 0.651351 0.738981 0.007722 0.010303
0 0.655598 0.770750 0.007722 0.010876
0 0.640347 0.754722 0.008880 0.010876
0 0.626448 0.738695 0.008880 0.012021
0 0.613900 0.740985 0.007722 0.012021
0 0.607143 0.717516 0.009653 0.013165
0 0.473359 0.767029 0.007722 0.012593
0 0.470077 0.763881 0.008108 0.012021
0 0.463127 0.742416 0.006564 0.011448
0 0.458108 0.735547 0.007336 0.011448
0 0.455792 0.746422 0.008108 0.011448
0 0.472008 0.706640 0.006564 0.012021
0 0.468919 0.703492 0.007336 0.011448
0 0.483398 0.734116 0.006950 0.009731
0 0.504247 0.749857 0.008494 0.012593
0 0.501931 0.736691 0.008494 0.010303
0 0.488031 0.725529 0.007722 0.012021
0 0.479344 0.714940 0.006564 0.011448
