0 0.809430 0.991181 0.010806 0.003692
0 0.808694 0.987080 0.009332 0.003692
0 0.698674 0.780148 0.010314 0.005742
0 0.585216 0.851518 0.004420 0.008203
0 0.598477 0.809270 0.004420 0.009024
0 0.588654 0.763126 0.005403 0.007793
0 0.601179 0.753281 0.004912 0.009434
0 0.600688 0.770714 0.005894 0.011485
0 0.589145 0.749795 0.005403 0.009844
0 0.594057 0.731542 0.005403 0.008614
0 0.464145 0.853568 0.005894 0.009024
0 0.474705 0.854799 0.010314 0.009024
0 0.476916 0.866899 0.004912 0.010254
0 0.474951 0.887818 0.005894 0.010254
1 0.464882 0.893970 0.005403 0.011075
0 0.522102 0.994668 0.004912 0.009024
0 0.516945 0.994873 0.005403 0.008614
0 0.511051 0.995078 0.004420 0.008203
0 0.505894 0.994258 0.004912 0.009024
0 0.500982 0.993847 0.004912 0.008203
0 0.597004 0.852543 0.005403 0.008614
0 0.596513 0.864028 0.004420 0.007793
0 0.585462 0.894176 0.005894 0.009844
0 0.725196 0.849467 0.009332 0.008203
0 0.699165 0.766202 0.013261 0.007383
0 0.698428 0.754717 0.011788 0.007383
0 0.700147 0.744053 0.013261 0.008203
0 0.698919 0.735849 0.011788 0.007383
0 0.700884 0.730722 0.011788 0.007793
0 0.703340 0.726620 0.013752 0.007793
0 0.723723 0.881255 0.013261 0.004512
0 0.699411 0.819524 0.010806 0.007383
0 0.587426 0.797990 0.004912 0.010254
0 0.695972 0.839212 0.011788 0.008203
0 0.744843 0.901969 0.015226 0.007383
0 0.811640 0.904020 0.005403 0.009844
0 0.805747 0.903610 0.005403 0.009024
0 0.701621 0.991797 0.009332 0.004102
0 0.586935 0.827317 0.005894 0.008203
0 0.587426 0.817678 0.005894 0.008614
0 0.496071 0.994053 0.004912 0.008614
0 0.490668 0.993847 0.005894 0.008203
0 0.485020 0.994053 0.005403 0.007793
0 0.480108 0.922888 0.004420 0.009024
0 0.435658 0.923503 0.004912 0.007793
0 0.429273 0.922272 0.006876 0.011895
0 0.420923 0.944011 0.010806 0.004512
0 0.418222 0.931911 0.011297 0.004102
0 0.423625 0.922888 0.005403 0.008203
0 0.452112 0.993847 0.005403 0.009024
0 0.421906 0.951600 0.011788 0.004102
0 0.416994 0.922683 0.004912 0.007793
0 0.449165 0.923093 0.005403 0.007793
0 0.407662 0.901764 0.010806 0.004512
0 0.098477 0.962469 0.013261 0.009434
0 0.302800 0.986464 0.007367 0.009024
0 0.296415 0.986669 0.007367 0.010254
0 0.290029 0.986669 0.008350 0.009434
0 0.263261 0.985439 0.006876 0.008614
0 0.279961 0.985644 0.006876 0.008203
0 0.443026 0.922683 0.005894 0.009434
0 0.448428 0.902789 0.013752 0.004922
0 0.480108 0.993847 0.004420 0.008203
0 0.529961 0.927810 0.004912 0.009844
0 0.474951 0.993642 0.004912 0.007793
0 0.470039 0.994463 0.004912 0.009434
0 0.464637 0.994463 0.003929 0.009434
0 0.459234 0.994668 0.004912 0.011485
0 0.549607 0.937859 0.004912 0.010254
0 0.544204 0.930681 0.004912 0.009844
0 0.535855 0.928425 0.003929 0.008614
0 0.521611 0.923708 0.004912 0.009844
0 0.456778 0.920427 0.005894 0.009844
0 0.512770 0.925144 0.006876 0.009434
0 0.506139 0.926989 0.005403 0.010664
0 0.499263 0.926784 0.005403 0.010254
0 0.493124 0.927194 0.005894 0.010254
0 0.474214 0.922888 0.005403 0.009024
0 0.468566 0.922067 0.004912 0.008203
0 0.463900 0.922683 0.004420 0.008614
0 0.697692 0.775226 0.012279 0.007383
0 0.698183 0.784865 0.010314 0.007793
0 0.268910 0.985849 0.006385 0.008614
0 0.726670 0.742617 0.012279 0.009434
0 0.983301 0.603979 0.005894 0.008614
0 0.995334 0.627769 0.005403 0.009434
0 0.982564 0.622642 0.005403 0.009024
0 0.981336 0.643765 0.005894 0.008614
0 0.993124 0.668171 0.005894 0.009844
0 0.979617 0.674323 0.004420 0.009024
0 0.979371 0.710418 0.004912 0.009024
0 0.991896 0.724364 0.006385 0.010664
0 0.990668 0.743642 0.004912 0.009024
0 0.978389 0.747949 0.005894 0.008614
0 0.996316 0.768253 0.005403 0.009844
0 0.997299 0.791017 0.005403 0.008614
0 0.990177 0.793683 0.005894 0.009844
0 0.977898 0.791427 0.004912 0.010254
0 0.995580 0.821575 0.004912 0.009024
0 0.982564 0.824036 0.004420 0.009024
0 0.974951 0.832240 0.005894 0.011485
0 0.995825 0.601928 0.004420 0.007793
0 0.989686 0.588802 0.004912 0.008614
0 0.984037 0.581214 0.005403 0.009024
0 0.990177 0.369565 0.004912 0.007383
0 0.808694 0.982363 0.008350 0.004102
1 0.282417 0.174733 0.005894 0.010664
1 0.979371 0.881050 0.008841 0.024610
0 0.997544 0.231747 0.004912 0.009844
0 0.993369 0.317678 0.005403 0.010254
0 0.995825 0.398072 0.004420 0.009434
0 0.996316 0.565628 0.005403 0.009024
0 0.988458 0.404635 0.005403 0.008614
0 0.991896 0.442371 0.005403 0.008614
0 0.986002 0.453651 0.005403 0.011485
0 0.985511 0.483183 0.005403 0.009844
0 0.984283 0.508203 0.004912 0.009024
0 0.983055 0.531993 0.006385 0.010664
0 0.983546 0.555578 0.005403 0.009434
0 0.987721 0.842084 0.004912 0.009024
0 0.993861 0.865874 0.005403 0.009844
0 0.973477 0.860747 0.004912 0.009434
0 0.696955 0.828753 0.010806 0.006973
0 0.778487 0.939705 0.010806 0.007383
1 0.760069 0.904635 0.007367 0.011895
0 0.800344 0.902174 0.005403 0.008614
0 0.794450 0.901148 0.004420 0.008203
0 0.789047 0.903404 0.005403 0.009434
0 0.775540 0.903404 0.006876 0.009434
0 0.723723 0.859926 0.012279 0.004512
0 0.725442 0.842289 0.009823 0.008614
0 0.776523 0.952830 0.011788 0.008203
0 0.726424 0.834290 0.009823 0.008203
0 0.724214 0.804143 0.010314 0.006153
0 0.722986 0.793888 0.005894 0.011075
0 0.726424 0.776456 0.010806 0.008203
0 0.724705 0.764971 0.011297 0.008203
0 0.726424 0.757998 0.009823 0.008203
0 0.726916 0.750205 0.011788 0.009844
0 0.777750 0.945037 0.010314 0.007383
0 0.777750 0.970468 0.011297 0.008203
0 0.985756 0.887408 0.004912 0.010254
0 0.970530 0.955086 0.005894 0.011075
0 0.991650 0.906686 0.004912 0.009434
0 0.988949 0.994873 0.005403 0.008614
0 0.989686 0.963084 0.005894 0.009844
0 0.983055 0.961034 0.005403 0.008203
0 0.989931 0.930681 0.006385 0.009844
0 0.984037 0.932527 0.005403 0.011075
0 0.971267 0.920427 0.005403 0.009844
0 0.891454 0.910993 0.005894 0.009024
0 0.748772 0.983798 0.013261 0.004512
0 0.818271 0.743847 0.004912 0.008614
0 0.829813 0.840648 0.006385 0.011895
0 0.815324 0.833675 0.005894 0.010254
0 0.777750 0.996308 0.010314 0.006563
0 0.751965 0.997949 0.007859 0.003281
0 0.749754 0.993437 0.012279 0.004922
0 0.748527 0.988925 0.010806 0.003281
0 0.274067 0.985644 0.007859 0.009024
0 0.258104 0.984824 0.006385 0.009024
0 0.032662 0.239336 0.012279 0.010254
0 0.066798 0.911813 0.005894 0.009844
0 0.044941 0.454881 0.013261 0.004922
0 0.045923 0.446267 0.013261 0.008203
0 0.047397 0.356235 0.005403 0.011075
0 0.425098 0.300041 0.009332 0.006973
0 0.369843 0.298400 0.008841 0.007793
0 0.596267 0.318294 0.010806 0.004102
0 0.599460 0.313577 0.013261 0.004512
0 0.598232 0.308450 0.010806 0.003281
0 0.646120 0.327933 0.009332 0.004512
0 0.647593 0.288146 0.013261 0.007793
0 0.648084 0.313167 0.009332 0.003692
0 0.587181 0.294914 0.010314 0.003281
0 0.538310 0.301887 0.013752 0.005742
0 0.539538 0.285890 0.011297 0.009024
0 0.599214 0.303938 0.014735 0.005742
0 0.647348 0.321780 0.010806 0.004512
0 0.045432 0.461034 0.012279 0.004102
0 0.044695 0.469032 0.012770 0.004512
0 0.041503 0.474774 0.013261 0.005332
0 0.033399 0.616489 0.010806 0.004922
0 0.047642 0.911608 0.004912 0.009434
0 0.023576 0.910582 0.004912 0.009844
0 0.030206 0.881665 0.006385 0.011895
0 0.035118 0.857875 0.005403 0.011895
0 0.027014 0.765587 0.005894 0.011075
0 0.036346 0.754102 0.007859 0.010254
0 0.038065 0.699754 0.012279 0.005742
0 0.037819 0.601928 0.008841 0.003692
0 0.039538 0.487080 0.009332 0.004512
0 0.035363 0.577933 0.012770 0.004922
0 0.039047 0.544914 0.014244 0.005332
0 0.043959 0.533224 0.011297 0.004102
0 0.043468 0.526866 0.012279 0.004512
0 0.041257 0.501641 0.010806 0.004102
0 0.041749 0.496308 0.009823 0.003281
0 0.039784 0.491181 0.009823 0.003692
0 0.594548 0.333675 0.009332 0.004512
0 0.607318 0.332240 0.011297 0.012305
0 0.596022 0.328343 0.011297 0.004512
0 0.129666 0.274815 0.012770 0.009024
0 0.249754 0.279122 0.010314 0.006973
0 0.237721 0.277892 0.010806 0.007793
0 0.224705 0.278302 0.014244 0.006973
0 0.247053 0.295529 0.007859 0.008614
0 0.240177 0.294914 0.010806 0.008203
0 0.221758 0.294094 0.013261 0.006563
0 0.153733 0.292863 0.009823 0.008203
0 0.299607 0.279122 0.008841 0.007793
0 0.293468 0.295939 0.015226 0.007793
0 0.290521 0.279122 0.011297 0.006973
0 0.115914 0.274610 0.009823 0.007793
1 0.027505 0.296555 0.016699 0.004922
0 0.011788 0.265792 0.005894 0.008203
0 0.028733 0.306194 0.013261 0.006153
0 0.090128 0.291222 0.015226 0.005742
0 0.044695 0.271944 0.009823 0.004102
0 0.270383 0.288761 0.011297 0.004102
0 0.305992 0.280763 0.008841 0.008614
0 0.595776 0.323216 0.010806 0.004922
0 0.441798 0.283429 0.012279 0.009024
0 0.560167 0.286505 0.010314 0.007793
0 0.522102 0.285275 0.014735 0.009434
0 0.497544 0.284044 0.009823 0.008614
0 0.433939 0.299836 0.012279 0.008203
0 0.397839 0.294504 0.014735 0.009844
0 0.378193 0.297990 0.010806 0.009434
0 0.454077 0.283839 0.012279 0.009844
0 0.431974 0.282814 0.011297 0.008614
0 0.319745 0.280148 0.009823 0.008203
0 0.418959 0.283224 0.009823 0.004512
0 0.404224 0.282814 0.013752 0.007793
1 0.627456 0.326497 0.012279 0.012305
1 0.198183 0.294094 0.012279 0.008203
1 0.186886 0.276866 0.011297 0.009844
0 0.327603 0.297580 0.012770 0.007793
0 0.333497 0.281378 0.008841 0.009024
0 0.059921 0.912838 0.004912 0.009434
0 0.072937 0.912633 0.004420 0.008203
0 0.252701 0.985439 0.007367 0.010254
0 0.085216 0.910788 0.005403 0.011075
0 0.037819 0.994668 0.009823 0.009844
0 0.029961 0.987695 0.009823 0.009024
0 0.021857 0.980517 0.010314 0.008614
0 0.014735 0.974364 0.010806 0.008614
0 0.007859 0.967391 0.010806 0.009434
0 0.132613 0.992822 0.009823 0.008614
0 0.126228 0.990976 0.008841 0.008203
0 0.085462 0.967801 0.012770 0.008614
0 0.076866 0.960418 0.011297 0.007793
0 0.066552 0.934783 0.011297 0.008203
0 0.202358 0.984413 0.006876 0.009844
0 0.196709 0.983388 0.008350 0.009434
0 0.175344 0.983388 0.008841 0.009434
0 0.169450 0.982978 0.007859 0.010254
0 0.165029 0.982363 0.007859 0.009844
0 0.272102 0.968212 0.007859 0.009434
0 0.280452 0.977235 0.013752 0.005332
0 0.031434 0.946267 0.009823 0.009024
0 0.147839 0.982773 0.007859 0.009024
0 0.145138 0.991386 0.008350 0.009024
0 0.261542 0.966366 0.008350 0.009024
0 0.247790 0.984824 0.007367 0.009024
0 0.242387 0.984413 0.007367 0.009024
0 0.236984 0.984003 0.007367 0.009024
0 0.229617 0.984208 0.006385 0.007793
0 0.217338 0.985234 0.006385 0.009024
0 0.212181 0.984824 0.006876 0.009024
0 0.207515 0.984413 0.007367 0.009024
0 0.257367 0.966571 0.007859 0.008614
0 0.151768 0.992207 0.006876 0.009024
0 0.241896 0.966981 0.007367 0.010254
0 0.207760 0.966161 0.006876 0.008614
0 0.217583 0.966366 0.005894 0.010664
0 0.198183 0.973954 0.010314 0.005332
0 0.185413 0.982773 0.007367 0.008203
0 0.180255 0.983593 0.007859 0.009844
0 0.156189 0.993027 0.006876 0.009024
0 0.247544 0.967186 0.006876 0.009024
0 0.252701 0.966571 0.008350 0.009434
0 0.234037 0.966776 0.010314 0.011485
0 0.094057 0.930476 0.008350 0.010254
0 0.089391 0.955701 0.012770 0.009024
0 0.070236 0.954471 0.011788 0.008203
0 0.058448 0.944217 0.011788 0.007383
0 0.079568 0.945037 0.012770 0.008203
0 0.115422 0.946678 0.009823 0.009844
0 0.110020 0.942781 0.009823 0.009434
0 0.101916 0.935603 0.009332 0.009844
0 0.140472 0.912428 0.004912 0.010254
0 0.106336 0.968417 0.012279 0.008203
0 0.133841 0.912018 0.006385 0.010254
0 0.128193 0.913043 0.004912 0.008203
0 0.115422 0.911813 0.005894 0.009024
0 0.110020 0.910993 0.005894 0.008203
0 0.103635 0.912223 0.004912 0.009844
0 0.097004 0.911198 0.006385 0.010254
0 0.091110 0.911608 0.005403 0.009434
0 0.093811 0.958778 0.011788 0.007793
0 0.093811 0.973749 0.010806 0.008203
0 0.202603 0.966981 0.006385 0.009434
0 0.155943 0.965546 0.006385 0.008203
0 0.197200 0.966776 0.006385 0.009844
0 0.190079 0.965546 0.006876 0.009844
0 0.185167 0.966161 0.006876 0.009434
0 0.179764 0.965751 0.007859 0.010254
0 0.173625 0.965135 0.006385 0.009844
0 0.167731 0.965751 0.007367 0.009434
0 0.161591 0.965751 0.006876 0.009434
0 0.150540 0.964930 0.007367 0.008614
0 0.119352 0.977030 0.009823 0.009844
0 0.139244 0.972518 0.011297 0.005742
0 0.138261 0.963905 0.006385 0.009024
0 0.135806 0.982568 0.009332 0.009434
0 0.129912 0.980517 0.010314 0.010254
0 0.121562 0.987900 0.009332 0.008614
0 0.109283 0.984619 0.012279 0.011075
0 0.105108 0.980722 0.012770 0.009844
