0 0.965259 0.301423 0.009537 0.014230
0 0.914169 0.279107 0.009537 0.018758
0 0.606608 0.162354 0.008856 0.012937
0 0.612738 0.149094 0.007493 0.014877
0 0.605245 0.148124 0.007493 0.014230
0 0.597411 0.144890 0.008174 0.016818
0 0.659401 0.138422 0.008174 0.015524
0 0.643392 0.131630 0.007493 0.018758
0 0.621935 0.123221 0.008174 0.018758
0 0.598433 0.112872 0.007493 0.017464
0 0.583787 0.106404 0.008174 0.016171
0 0.575954 0.102523 0.007493 0.014877
0 0.519414 0.104140 0.014305 0.014230
0 0.496935 0.082147 0.017030 0.016818
0 0.474114 0.033959 0.019074 0.014877
0 0.598093 0.159120 0.006812 0.012937
0 0.651567 0.169470 0.007493 0.015524
0 0.675749 0.192432 0.008174 0.014877
0 0.643733 0.175938 0.008174 0.016818
0 0.809264 0.169146 0.019074 0.013583
0 0.704360 0.223803 0.016349 0.016818
0 0.699591 0.229948 0.013624 0.014877
0 0.686649 0.237063 0.016349 0.018758
0 0.679155 0.240944 0.014986 0.017464
0 0.665531 0.250000 0.014986 0.016171
0 0.644755 0.243208 0.022480 0.015524
0 0.623297 0.234476 0.016349 0.010996
0 0.632834 0.205045 0.008174 0.012937
0 0.625000 0.202135 0.007493 0.013583
0 0.629087 0.173027 0.007493 0.013583
0 0.600817 0.191462 0.008174 0.015524
0 0.621253 0.169470 0.006812 0.012937
0 0.628065 0.158797 0.009537 0.016171
0 0.507153 0.092820 0.015668 0.014877
0 0.502384 0.088292 0.015668 0.014877
0 0.673365 0.246766 0.015668 0.017464
0 0.607970 0.228008 0.015668 0.010996
0 0.592302 0.221863 0.015668 0.011643
0 0.648161 0.212160 0.007493 0.015524
0 0.640327 0.208926 0.008174 0.015524
0 0.608992 0.194696 0.008174 0.015524
