0 0.070008 0.818429 0.004973 0.006221
0 0.070270 0.824844 0.005496 0.008165
0 0.063858 0.817068 0.005758 0.008165
0 0.290238 0.485031 0.003664 0.008942
0 0.527741 0.263219 0.004973 0.008554
0 0.515310 0.074456 0.003664 0.008165
0 0.932871 0.127916 0.004973 0.006998
0 0.900942 0.153771 0.006019 0.008165
0 0.892698 0.153383 0.004711 0.007387
0 0.870714 0.152799 0.005234 0.006998
0 0.853311 0.153771 0.005496 0.008165
0 0.539780 0.523717 0.004449 0.007776
0 0.617639 0.451400 0.005758 0.006998
0 0.610442 0.460731 0.005496 0.007776
0 0.598534 0.483087 0.004711 0.008942
0 0.654279 0.190902 0.006281 0.007776
0 0.602460 0.149300 0.003664 0.008554
0 0.654279 0.031493 0.006281 0.009331
