0 0.201249 0.477727 0.007685 0.012289
0 0.066523 0.610599 0.008165 0.007680
0 0.405139 0.462622 0.009126 0.013825
0 0.440922 0.465438 0.011527 0.008193
0 0.436119 0.454173 0.008646 0.009217
0 0.426513 0.333845 0.009606 0.009217
0 0.531700 0.337430 0.010567 0.012289
0 0.486551 0.356375 0.009606 0.012289
0 0.241114 0.213006 0.011527 0.011265
0 0.329491 0.109319 0.007685 0.012801
0 0.203410 0.086790 0.012008 0.010753
0 0.027858 0.466462 0.005764 0.011265
0 0.041066 0.482591 0.011047 0.010753
0 0.005764 0.535330 0.009606 0.012801
0 0.048271 0.563236 0.011047 0.010241
0 0.044428 0.557860 0.010086 0.010753
0 0.072046 0.559908 0.009606 0.011777
0 0.148895 0.574757 0.006724 0.012801
0 0.082133 0.611111 0.007685 0.009729
0 0.073967 0.611879 0.007685 0.008193
0 0.377762 0.375832 0.008165 0.011265
0 0.303074 0.395033 0.008646 0.011777
0 0.297791 0.400154 0.009606 0.012801
0 0.187320 0.484639 0.008646 0.011777
0 0.218780 0.641833 0.009126 0.011777
0 0.352546 0.531490 0.007685 0.010241
0 0.357109 0.527906 0.010086 0.012289
0 0.318204 0.510753 0.009126 0.010753
