0 0.902068 0.065388 0.003803 0.006947
0 0.853340 0.090758 0.002377 0.007551
0 0.847397 0.090305 0.002852 0.007853
0 0.908367 0.096648 0.005467 0.003624
0 0.936178 0.117185 0.003090 0.005436
0 0.915498 0.120205 0.002615 0.006645
0 0.575232 0.409091 0.005705 0.004530
0 0.573330 0.403957 0.005229 0.003322
0 0.574756 0.421625 0.005229 0.004228
0 0.798669 0.102084 0.003803 0.005436
0 0.662230 0.734068 0.006180 0.005134
0 0.626694 0.823618 0.004041 0.007249
0 0.559900 0.328602 0.004992 0.003624
0 0.555740 0.319692 0.006656 0.003926
0 0.664012 0.294322 0.003090 0.006947
0 0.732470 0.156901 0.001664 0.006947
0 0.742810 0.144367 0.002377 0.007249
0 0.739838 0.147236 0.002615 0.006947
0 0.806513 0.100725 0.002377 0.006342
0 0.525434 0.671700 0.005467 0.003624
0 0.524483 0.665358 0.004992 0.004228
0 0.542548 0.749169 0.005942 0.004530
0 0.548253 0.739354 0.003090 0.008457
0 0.554314 0.802930 0.005705 0.003926
0 0.353577 0.833434 0.005467 0.003926
0 0.358569 0.786016 0.005467 0.005134
0 0.360352 0.795077 0.006180 0.005134
0 0.360471 0.807913 0.004992 0.005436
0 0.361778 0.811537 0.005229 0.006645
0 0.440456 0.666566 0.005229 0.004832
0 0.508795 0.586983 0.005467 0.003926
0 0.519016 0.599970 0.003090 0.006947
0 0.353459 0.826941 0.005229 0.005436
0 0.279891 0.951374 0.005942 0.003624
0 0.286665 0.968590 0.005705 0.007249
0 0.293202 0.995168 0.004516 0.004832
0 0.292013 0.990939 0.004992 0.006040
0 0.291300 0.986560 0.004516 0.005738
0 0.289993 0.979764 0.004754 0.006645
0 0.288567 0.975687 0.003803 0.005134
0 0.288567 0.971459 0.004279 0.005738
0 0.718802 0.833283 0.003803 0.007249
0 0.478488 0.349743 0.006656 0.004832
0 0.454124 0.738599 0.005942 0.004530
0 0.599596 0.842344 0.006418 0.005436
0 0.470169 0.339021 0.004754 0.003926
0 0.428453 0.214286 0.005942 0.003926
0 0.383171 0.410752 0.005705 0.004832
0 0.593059 0.414980 0.006656 0.006645
0 0.583551 0.461945 0.006656 0.005738
0 0.608272 0.580036 0.005229 0.004530
0 0.623128 0.643612 0.005467 0.004228
0 0.622177 0.632135 0.005942 0.005436
0 0.656644 0.726216 0.005942 0.002718
0 0.391490 0.441256 0.006180 0.004832
0 0.382101 0.407128 0.004992 0.004228
0 0.295935 0.490788 0.006656 0.005436
0 0.359163 0.800060 0.006180 0.005436
0 0.359520 0.803534 0.004992 0.005134
0 0.318160 0.577318 0.004992 0.004530
0 0.298907 0.599668 0.005942 0.004530
0 0.300452 0.607973 0.005229 0.003624
0 0.283337 0.521595 0.006656 0.005436
0 0.262301 0.419511 0.006418 0.004228
0 0.357737 0.280429 0.006180 0.004530
0 0.263489 0.345364 0.005942 0.005134
0 0.241621 0.329206 0.006893 0.004228
0 0.220585 0.118242 0.003803 0.007551
0 0.234134 0.178043 0.005229 0.003926
0 0.322676 0.211416 0.006418 0.004228
0 0.323508 0.215192 0.006180 0.003322
0 0.657713 0.717759 0.005229 0.004530
0 0.662943 0.737391 0.005229 0.005134
0 0.680651 0.425400 0.005942 0.004530
0 0.595674 0.943975 0.005705 0.005134
0 0.892203 0.872848 0.004516 0.004832
0 0.716425 0.840834 0.004754 0.004228
0 0.626812 0.930686 0.004754 0.004530
0 0.610887 0.922531 0.003803 0.005134
0 0.587117 0.911507 0.004754 0.006645
0 0.588424 0.915433 0.005467 0.008457
0 0.596506 0.952884 0.004992 0.003624
0 0.692536 0.403352 0.005942 0.004530
0 0.597338 0.957264 0.004279 0.003322
0 0.597813 0.961341 0.004754 0.004228
0 0.598526 0.964965 0.004754 0.004228
0 0.599715 0.968741 0.004754 0.005134
0 0.600784 0.973120 0.004041 0.004228
0 0.601022 0.976593 0.004992 0.005134
0 0.892085 0.869375 0.004754 0.003926
0 0.890064 0.865297 0.004516 0.004832
0 0.889470 0.861220 0.004754 0.005134
0 0.888519 0.857143 0.005229 0.004832
0 0.888281 0.853670 0.004279 0.003926
0 0.940219 0.862579 0.007369 0.006645
0 0.969218 0.222893 0.007369 0.006040
0 0.964821 0.220024 0.005705 0.005738
0 0.963870 0.216098 0.005705 0.004530
0 0.922510 0.576412 0.007606 0.005738
0 0.917281 0.560556 0.005705 0.004228
0 0.818754 0.490637 0.005942 0.005134
0 0.803661 0.414527 0.005229 0.003926
0 0.806513 0.432347 0.004754 0.004530
0 0.673996 0.344609 0.003565 0.007853
0 0.413478 0.920719 0.003090 0.006342
0 0.230925 0.749169 0.005467 0.004530
0 0.246850 0.735880 0.004992 0.005134
0 0.792013 0.379644 0.004279 0.003624
0 0.796648 0.386137 0.004992 0.003926
0 0.925362 0.549381 0.003803 0.007249
0 0.935465 0.635911 0.006418 0.003926
0 0.802116 0.434612 0.004992 0.003020
0 0.798431 0.422229 0.004279 0.003020
0 0.766223 0.337511 0.004992 0.004530
0 0.784050 0.332528 0.005467 0.004832
0 0.751604 0.256720 0.005705 0.003624
0 0.675184 0.376774 0.004516 0.003322
0 0.704421 0.456811 0.004992 0.003322
0 0.709532 0.474177 0.004754 0.003020
0 0.937129 0.575808 0.006418 0.005134
0 0.917281 0.547418 0.006180 0.005134
0 0.208700 0.561462 0.005229 0.004228
0 0.103161 0.673513 0.005229 0.004228
0 0.023057 0.186802 0.004754 0.004530
0 0.024364 0.191936 0.005942 0.005134
0 0.068576 0.387949 0.005467 0.004530
0 0.915736 0.543340 0.005467 0.003624
0 0.153078 0.396557 0.006656 0.005436
0 0.163656 0.429326 0.006418 0.004530
0 0.164131 0.435367 0.005942 0.004530
0 0.180295 0.442314 0.004516 0.003322
0 0.190159 0.472818 0.006180 0.004530
0 0.969575 0.235729 0.005229 0.004530
0 0.898027 0.393839 0.004754 0.004228
0 0.896957 0.386590 0.004992 0.003624
0 0.896363 0.383570 0.005705 0.004832
0 0.909199 0.522954 0.005229 0.004530
0 0.893392 0.446693 0.005942 0.004228
0 0.920490 0.554666 0.006418 0.005134
0 0.268125 0.358502 0.004754 0.004832
0 0.268481 0.363183 0.005942 0.005134
0 0.344545 0.313802 0.004516 0.003624
0 0.340860 0.295228 0.004754 0.003926
0 0.329689 0.251284 0.005229 0.004228
0 0.332779 0.247357 0.004754 0.003020
0 0.225695 0.118544 0.003090 0.006342
0 0.272047 0.377529 0.006418 0.004228
0 0.241502 0.729085 0.005229 0.004832
0 0.243285 0.733162 0.004516 0.005134
0 0.360946 0.296134 0.005942 0.004530
0 0.457808 0.351102 0.004754 0.003322
0 0.485025 0.397161 0.005942 0.004228
0 0.432018 0.168982 0.003090 0.006342
0 0.429998 0.160828 0.002852 0.005134
0 0.420252 0.167019 0.004754 0.003624
0 0.428809 0.153881 0.003328 0.006947
0 0.236986 0.783902 0.005705 0.003926
0 0.176373 0.403654 0.004754 0.008155
0 0.064060 0.371338 0.004992 0.004530
0 0.061208 0.429175 0.004516 0.007853
0 0.065961 0.398822 0.004992 0.004530
0 0.150820 0.370130 0.004516 0.003322
0 0.151890 0.367110 0.006180 0.004530
0 0.149275 0.363334 0.004279 0.004228
0 0.166271 0.358351 0.005467 0.004530
0 0.164369 0.350649 0.004992 0.004832
0 0.161398 0.312896 0.005705 0.004228
0 0.219753 0.214739 0.005467 0.003624
0 0.156049 0.283600 0.004516 0.004228
0 0.039220 0.254757 0.005229 0.003926
0 0.055740 0.428873 0.004516 0.003624
0 0.058117 0.432196 0.004992 0.004228
0 0.153791 0.792208 0.004754 0.003020
0 0.140480 0.728783 0.005705 0.004832
0 0.135488 0.755059 0.003803 0.008457
0 0.150345 0.790547 0.004992 0.005738
0 0.154386 0.795983 0.005467 0.003322
0 0.067388 0.468892 0.004516 0.003926
0 0.152841 0.800513 0.004754 0.004530
0 0.156763 0.810178 0.005467 0.003926
0 0.166984 0.864693 0.004516 0.003624
0 0.116948 0.632135 0.006656 0.005436
0 0.114809 0.612806 0.004754 0.004228
0 0.203946 0.546361 0.005229 0.004228
0 0.112788 0.609333 0.004992 0.005134
0 0.190516 0.476895 0.004516 0.003624
0 0.182909 0.448052 0.005467 0.003322
