0 0.807076 0.551471 0.012161 0.015756
0 0.215036 0.978204 0.008845 0.011029
0 0.341902 0.917017 0.014925 0.007353
0 0.752902 0.985819 0.011056 0.007353
0 0.755666 0.996324 0.012161 0.007353
0 0.716418 0.965861 0.012161 0.008403
0 0.847430 0.934874 0.009950 0.012605
0 0.937258 0.816176 0.006081 0.009454
0 0.928690 0.821691 0.007739 0.011029
0 0.948867 0.624475 0.012714 0.008403
0 0.850746 0.648109 0.009950 0.013655
0 0.833610 0.653099 0.008845 0.012080
0 0.823107 0.657826 0.009950 0.012080
0 0.874793 0.534401 0.013820 0.008929
0 0.899945 0.499737 0.011056 0.008929
0 0.915976 0.539653 0.012161 0.006828
0 0.930901 0.575368 0.012161 0.007878
0 0.934218 0.586134 0.012161 0.007353
0 0.901879 0.606618 0.008292 0.005252
0 0.955224 0.230305 0.012161 0.009979
0 0.948038 0.840336 0.008845 0.011555
0 0.954671 0.838761 0.007739 0.009454
0 0.947761 0.865546 0.010503 0.009454
0 0.943339 0.861870 0.010503 0.009454
0 0.940022 0.857931 0.010503 0.008929
0 0.932559 0.819328 0.006633 0.009454
0 0.943062 0.815651 0.007739 0.010504
0 0.728303 0.995536 0.010503 0.006828
0 0.954118 0.811712 0.008845 0.011029
0 0.797125 0.927258 0.012161 0.008929
0 0.800442 0.938288 0.011056 0.006828
0 0.816473 0.946954 0.007739 0.010504
0 0.822554 0.945378 0.007739 0.009454
0 0.828911 0.942489 0.008292 0.009979
0 0.592593 0.647584 0.011056 0.009454
0 0.650912 0.769170 0.007186 0.011029
0 0.789663 0.909401 0.012714 0.007878
0 0.897181 0.849002 0.013267 0.006828
0 0.958264 0.871849 0.009397 0.008403
0 0.988944 0.855567 0.013267 0.008403
0 0.992261 0.861870 0.009950 0.005252
0 0.989497 0.798057 0.006633 0.009979
0 0.980652 0.803309 0.007739 0.011029
0 0.975401 0.804884 0.007186 0.011029
0 0.969044 0.806460 0.009950 0.011029
0 0.963516 0.807248 0.007739 0.010504
