0 0.545881 0.297389 0.012784 0.014664
0 0.408807 0.476395 0.010227 0.014306
0 0.257528 0.733906 0.012216 0.015737
0 0.254403 0.751073 0.011080 0.015021
0 0.286932 0.775215 0.010227 0.013948
0 0.023438 0.657904 0.009375 0.015379
0 0.133523 0.629471 0.010227 0.015737
0 0.157528 0.604793 0.013352 0.016452
0 0.149858 0.599607 0.009943 0.013233
0 0.118040 0.574034 0.011648 0.015021
0 0.334375 0.846567 0.010795 0.013591
0 0.374432 0.883405 0.013068 0.016452
0 0.377131 0.991953 0.011648 0.013233
0 0.776563 0.759657 0.010511 0.011445
0 0.401278 0.475143 0.010511 0.011803
0 0.396165 0.469421 0.011080 0.015379
0 0.380966 0.975322 0.007386 0.012876
0 0.876989 0.134835 0.011932 0.013591
0 0.938494 0.341917 0.011080 0.014306
0 0.974148 0.576001 0.010795 0.013948
0 0.946591 0.610336 0.011932 0.016094
0 0.918608 0.643777 0.011648 0.012876
0 0.739347 0.544886 0.012784 0.016810
0 0.735085 0.540415 0.012784 0.017167
0 0.728125 0.531831 0.010795 0.015737
0 0.670597 0.465129 0.011648 0.015379
0 0.654119 0.435086 0.012784 0.015379
0 0.681676 0.402718 0.012216 0.015021
0 0.624290 0.393956 0.011080 0.016094
0 0.612216 0.396459 0.009659 0.013948
0 0.582812 0.258763 0.012216 0.013948
0 0.285795 0.322067 0.010795 0.016810
0 0.291477 0.325823 0.011932 0.015737
0 0.326136 0.365165 0.010795 0.012876
0 0.312074 0.361409 0.011648 0.015379
0 0.287784 0.398247 0.010795 0.015379
0 0.322585 0.444921 0.010511 0.013591
0 0.723437 0.880365 0.012216 0.016094
0 0.849858 0.172389 0.011648 0.015021
0 0.516477 0.923641 0.015909 0.018240
0 0.584943 0.707618 0.006250 0.016810
0 0.567472 0.689914 0.011080 0.022175
0 0.350284 0.613197 0.014773 0.017525
0 0.230114 0.578863 0.014773 0.019671
0 0.029687 0.460300 0.010511 0.013591
