0 0.209387 0.259487 0.009859 0.011282
0 0.198886 0.245897 0.011144 0.014872
0 0.192027 0.076410 0.009430 0.009231
0 0.185169 0.065897 0.009430 0.009744
0 0.207030 0.265128 0.008573 0.009231
0 0.198457 0.256923 0.007715 0.009231
0 0.048221 0.295897 0.003858 0.009231
0 0.026147 0.360000 0.007715 0.011282
0 0.017574 0.368205 0.006001 0.010256
0 0.024003 0.378205 0.006001 0.010769
0 0.011787 0.379231 0.009001 0.006667
0 0.054222 0.689744 0.007287 0.010256
0 0.534719 0.244359 0.005572 0.011795
0 0.788898 0.016410 0.008144 0.012308
0 0.055294 0.296667 0.004286 0.009744
0 0.566224 0.184103 0.009430 0.014359
0 0.576082 0.193333 0.009430 0.013333
0 0.571796 0.164872 0.006858 0.009744
