0 0.814511 0.240713 0.005325 0.014405
0 0.791214 0.164519 0.004881 0.018196
0 0.057244 0.027293 0.004438 0.013647
0 0.097404 0.087945 0.003994 0.015163
0 0.165520 0.134951 0.005325 0.024261
0 0.172842 0.136467 0.005769 0.013647
0 0.218771 0.249810 0.004881 0.015921
0 0.306745 0.464746 0.003328 0.015163
0 0.747726 0.542077 0.003994 0.012130
0 0.753273 0.517058 0.005325 0.015163
0 0.780120 0.540940 0.005325 0.015921
0 0.784446 0.528431 0.005103 0.010614
0 0.925671 0.150872 0.003550 0.015163
0 0.861771 0.114102 0.004881 0.015921
0 0.231307 0.039045 0.005547 0.020470
0 0.624251 0.556861 0.004659 0.008340
0 0.602951 0.384003 0.002441 0.015921
0 0.816619 0.412434 0.004659 0.018196
0 0.789661 0.172479 0.004438 0.017437
0 0.750388 0.547384 0.004438 0.013647
0 0.745729 0.565580 0.003994 0.013647
0 0.408143 0.542077 0.001997 0.012130
0 0.575216 0.597801 0.001997 0.015921
0 0.376414 0.528810 0.003328 0.015921
0 0.435545 0.587187 0.004881 0.008340
0 0.613379 0.720243 0.003772 0.015163
0 0.620590 0.711145 0.004881 0.007582
0 0.714666 0.651630 0.003550 0.017437
0 0.730308 0.608795 0.004216 0.018196
0 0.693477 0.617134 0.004216 0.010614
0 0.693477 0.609553 0.005103 0.013647
0 0.609607 0.553450 0.004659 0.009098
0 0.672620 0.534875 0.005547 0.011372
0 0.581207 0.545110 0.005547 0.007582
