0 0.838322 0.651601 0.008803 0.005457
0 0.682805 0.296797 0.008803 0.006168
0 0.051056 0.080902 0.007042 0.003796
0 0.080106 0.175445 0.007629 0.004508
0 0.093603 0.180546 0.007629 0.004270
0 0.133216 0.134875 0.007042 0.004033
0 0.131162 0.137485 0.006455 0.003559
0 0.129401 0.140214 0.005869 0.003796
0 0.127347 0.142942 0.005869 0.004033
0 0.126320 0.146619 0.006749 0.004745
0 0.125000 0.149466 0.007042 0.003796
0 0.123386 0.152195 0.006749 0.004033
0 0.173562 0.325504 0.008509 0.004745
0 0.118545 0.756702 0.007042 0.009727
0 0.128668 0.757770 0.008509 0.009964
0 0.117958 0.778173 0.005869 0.008066
0 0.372506 0.694187 0.006749 0.008066
0 0.460094 0.074140 0.007629 0.008304
