1 0.424078 0.307592 0.041215 0.034031
1 0.593999 0.684555 0.022415 0.042757
1 0.243673 0.539267 0.034707 0.026178
1 0.279465 0.559337 0.033984 0.026178
1 0.262473 0.563700 0.034707 0.026178
1 0.296819 0.582897 0.035430 0.026178
1 0.332249 0.601658 0.033984 0.025305
1 0.354302 0.589005 0.034707 0.026178
1 0.353218 0.600785 0.035430 0.025305
1 0.641721 0.713787 0.020969 0.041885
0 0.197035 0.177138 0.016631 0.026178
1 0.656182 0.720768 0.022415 0.041885
1 0.722343 0.754799 0.021692 0.041885
1 0.737889 0.762653 0.020969 0.038394
0 0.131960 0.173211 0.016631 0.028796
0 0.145698 0.164485 0.015184 0.028796
0 0.176790 0.166230 0.016631 0.027051
1 0.223427 0.541885 0.034707 0.026178
1 0.194143 0.512653 0.035430 0.025305
1 0.156182 0.492583 0.034707 0.025305
1 0.163774 0.510035 0.035430 0.025305
1 0.622921 0.707679 0.020969 0.040140
1 0.555676 0.665794 0.022415 0.040140
1 0.544830 0.656632 0.020969 0.042757
1 0.480477 0.622164 0.022415 0.040140
1 0.461316 0.611257 0.020246 0.041012
1 0.045915 0.369546 0.020969 0.041012
1 0.062907 0.323735 0.021692 0.041885
1 0.053507 0.380890 0.017354 0.030541
1 0.064714 0.378272 0.020969 0.041012
1 0.081345 0.335951 0.020969 0.040140
1 0.064714 0.347295 0.019523 0.033159
1 0.077007 0.315445 0.019523 0.034031
1 0.056761 0.451134 0.035430 0.024433
1 0.095083 0.471640 0.035430 0.025305
1 0.129790 0.490401 0.035430 0.026178
0 0.186189 0.170157 0.015184 0.026178
0 0.205712 0.187173 0.016631 0.027051
1 0.770427 0.780977 0.020969 0.041885
0 0.459508 0.076789 0.006508 0.022688
0 0.424440 0.131763 0.007231 0.019197
0 0.442516 0.129581 0.010123 0.018325
0 0.455531 0.125218 0.007231 0.016579
0 0.470354 0.145724 0.009400 0.020942
0 0.441432 0.149651 0.009400 0.018325
0 0.488069 0.160558 0.017354 0.015707
0 0.235719 0.016143 0.011569 0.018325
0 0.456978 0.147033 0.007231 0.018325
0 0.215835 0.191972 0.018077 0.029668
0 0.008315 0.266143 0.009400 0.022688
0 0.020246 0.270506 0.011569 0.020942
0 0.027838 0.274869 0.009400 0.020942
0 0.036153 0.276614 0.011569 0.022688
0 0.043745 0.284904 0.010846 0.020070
0 0.039769 0.328534 0.013015 0.018325
0 0.511208 0.349476 0.010123 0.018325
0 0.380694 0.097731 0.010846 0.022688
0 0.447939 0.079407 0.009400 0.019197
0 0.511208 0.631326 0.021692 0.035777
0 0.290672 0.486911 0.026030 0.022688
0 0.068691 0.232984 0.023138 0.020942
0 0.061822 0.224258 0.022415 0.019197
0 0.062907 0.206806 0.023138 0.019197
0 0.039407 0.218150 0.022415 0.020942
0 0.053868 0.197644 0.022415 0.020070
0 0.029284 0.208115 0.022415 0.020070
0 0.036515 0.189354 0.020969 0.017452
0 0.033984 0.178010 0.023138 0.019197
0 0.033623 0.133944 0.022415 0.018325
0 0.043022 0.116928 0.023861 0.019197
0 0.030007 0.107766 0.022415 0.018325
0 0.023500 0.091623 0.022415 0.019197
0 0.211497 0.444154 0.026753 0.022688
0 0.236804 0.459424 0.025307 0.021815
0 0.263557 0.472949 0.025307 0.020942
1 0.706435 0.746510 0.021692 0.041012
1 0.315257 0.579843 0.037599 0.027051
1 0.199928 0.273124 0.028200 0.024433
1 0.317426 0.388743 0.034707 0.027051
1 0.357918 0.397033 0.034707 0.026178
1 0.396602 0.417103 0.035430 0.026178
1 0.430947 0.435864 0.034707 0.027051
1 0.177151 0.311955 0.034707 0.025305
1 0.213304 0.330279 0.034707 0.025305
1 0.246927 0.348604 0.035430 0.023560
1 0.283442 0.370419 0.034707 0.025305
1 0.355748 0.407504 0.034707 0.024433
1 0.406363 0.506108 0.036153 0.026178
1 0.361171 0.424520 0.031092 0.023560
1 0.407086 0.493455 0.034707 0.025305
1 0.198482 0.392234 0.033984 0.027051
1 0.232104 0.410995 0.034707 0.026178
1 0.266088 0.430192 0.036153 0.026178
1 0.301157 0.449389 0.035430 0.026178
1 0.337310 0.468150 0.035430 0.025305
1 0.324295 0.379145 0.035430 0.025305
1 0.288503 0.359511 0.034707 0.026178
1 0.248735 0.336824 0.034707 0.024433
1 0.214389 0.318063 0.033984 0.025305
1 0.234273 0.291885 0.034707 0.025305
1 0.270065 0.310646 0.033984 0.026178
1 0.305495 0.330279 0.035430 0.027051
1 0.314895 0.301047 0.035430 0.026178
1 0.354302 0.323298 0.034707 0.025305
1 0.389732 0.341623 0.034707 0.025305
1 0.425163 0.360384 0.031815 0.024433
1 0.378163 0.348604 0.034707 0.025305
1 0.412509 0.367365 0.035430 0.026178
1 0.446855 0.386126 0.036153 0.027051
1 0.194143 0.294939 0.035430 0.026178
1 0.227766 0.313264 0.034707 0.026178
1 0.261388 0.331152 0.035430 0.027051
1 0.295011 0.351222 0.034707 0.027051
1 0.180043 0.300175 0.034707 0.026178
1 0.371294 0.486911 0.035430 0.026178
1 0.402386 0.515707 0.035430 0.026178
1 0.320318 0.569372 0.034707 0.027051
1 0.053868 0.411431 0.035430 0.028796
1 0.278742 0.508726 0.035430 0.026178
1 0.347433 0.532286 0.038322 0.029668
1 0.385394 0.553229 0.037599 0.027923
1 0.273680 0.518325 0.035430 0.026178
1 0.308749 0.537086 0.034707 0.027051
1 0.343818 0.556283 0.035430 0.027051
1 0.379248 0.574607 0.036876 0.027051
1 0.040853 0.416667 0.033984 0.027051
1 0.397686 0.526614 0.036153 0.027051
1 0.075199 0.435864 0.034707 0.025305
1 0.088576 0.431065 0.035430 0.026178
1 0.047361 0.433682 0.033984 0.026178
1 0.109183 0.454625 0.034707 0.024433
1 0.082430 0.451571 0.034707 0.025305
1 0.117137 0.471204 0.034707 0.024433
1 0.285611 0.550175 0.034707 0.025305
1 0.308388 0.511344 0.038322 0.027923
1 0.271873 0.490401 0.037599 0.027923
1 0.243673 0.489092 0.034707 0.025305
1 0.232827 0.470332 0.037599 0.027923
1 0.367317 0.497818 0.036153 0.027051
1 0.362979 0.508290 0.034707 0.025305
1 0.332972 0.478185 0.035430 0.026178
1 0.298265 0.459860 0.035430 0.026178
1 0.328272 0.489965 0.036153 0.027051
1 0.293565 0.470768 0.036153 0.027051
1 0.264281 0.441099 0.035430 0.027051
1 0.193059 0.403141 0.034707 0.026178
1 0.227404 0.421902 0.035430 0.023560
1 0.259219 0.452007 0.035430 0.026178
1 0.224873 0.432373 0.036153 0.025305
1 0.170644 0.463351 0.034707 0.026178
1 0.174620 0.452007 0.035430 0.026178
1 0.194866 0.448953 0.038322 0.027051
1 0.209328 0.470768 0.033984 0.025305
0 0.519161 0.353403 0.013015 0.022688
0 0.489516 0.448080 0.013015 0.021815
0 0.496385 0.460733 0.018077 0.034904
0 0.905278 0.715969 0.015907 0.009599
0 0.949747 0.927138 0.012292 0.020070
0 0.957701 0.931501 0.012292 0.021815
0 0.935286 0.920593 0.010846 0.020942
0 0.954447 0.879145 0.013015 0.021815
0 0.967824 0.889180 0.010846 0.020942
0 0.933839 0.866492 0.010846 0.019197
0 0.947939 0.875654 0.011569 0.020070
0 0.902748 0.766579 0.016631 0.009599
0 0.982285 0.873473 0.012292 0.020942
0 0.984454 0.739529 0.012292 0.020070
0 0.950832 0.742583 0.013015 0.019197
0 0.946493 0.809337 0.013015 0.023560
0 0.958424 0.815881 0.012292 0.020942
0 0.994577 0.835951 0.012292 0.020942
0 0.939986 0.871728 0.010123 0.017452
0 0.960231 0.885253 0.011569 0.020070
0 0.943239 0.922775 0.010846 0.018325
0 0.928778 0.915358 0.010846 0.019197
0 0.716558 0.741710 0.013015 0.022688
0 0.694143 0.728185 0.013015 0.023560
0 0.692697 0.885253 0.014461 0.021815
0 0.667390 0.872600 0.010123 0.019197
0 0.662690 0.865183 0.012292 0.023560
0 0.649313 0.856894 0.013015 0.022688
0 0.658351 0.854276 0.010846 0.017452
0 0.666667 0.836387 0.013015 0.021815
0 0.695951 0.949825 0.016631 0.013089
0 0.683297 0.944590 0.018800 0.011344
0 0.694505 0.931501 0.025307 0.014834
0 0.695589 0.910995 0.015907 0.013962
0 0.677874 0.991274 0.015184 0.008726
0 0.684382 0.726876 0.013738 0.022688
0 0.981562 0.893979 0.012292 0.020070
0 0.966016 0.866928 0.014461 0.018325
0 0.574476 0.654450 0.006508 0.013962
0 0.932032 0.030977 0.013015 0.007853
0 0.907448 0.686736 0.013015 0.008726
0 0.906001 0.699389 0.014461 0.007853
0 0.903832 0.751745 0.014461 0.007853
0 0.895155 0.812391 0.014461 0.008726
0 0.894794 0.826353 0.016631 0.012216
0 0.891540 0.856894 0.015907 0.010471
0 0.831887 0.131763 0.013738 0.010471
0 0.868402 0.060646 0.007231 0.020070
0 0.953724 0.857330 0.008677 0.018325
0 0.832610 0.141361 0.018077 0.013962
0 0.836587 0.159250 0.015907 0.009599
0 0.837672 0.170157 0.015184 0.010471
0 0.938178 0.229494 0.006508 0.019197
1 0.483369 0.498255 0.013738 0.026178
1 0.469993 0.530541 0.015907 0.031414
1 0.460593 0.563264 0.018800 0.034031
0 0.910340 0.672339 0.015907 0.007853
0 0.976500 0.689791 0.009400 0.020070
0 0.965293 0.684991 0.010123 0.019197
0 0.958785 0.681501 0.011569 0.019197
0 0.945047 0.854712 0.011569 0.018325
0 0.973970 0.823735 0.013015 0.020942
0 0.988431 0.832024 0.013015 0.020070
0 0.965293 0.819372 0.013015 0.020942
0 0.986623 0.810209 0.010846 0.016579
0 0.966016 0.796248 0.011569 0.018325
0 0.974331 0.802356 0.009400 0.020070
0 0.981200 0.804101 0.011569 0.021815
0 0.953001 0.790140 0.011569 0.018325
0 0.964570 0.749564 0.014461 0.026178
0 0.971077 0.669284 0.011569 0.019197
0 0.984093 0.674956 0.011569 0.018325
0 0.984816 0.694590 0.010123 0.020942
0 0.953001 0.678883 0.011569 0.019197
0 0.956978 0.658813 0.010846 0.019197
0 0.699205 0.889616 0.013015 0.018325
0 0.727043 0.849476 0.007954 0.016579
0 0.702097 0.855585 0.008677 0.020070
0 0.075199 0.617801 0.017354 0.017452
0 0.244396 0.605585 0.011569 0.020942
0 0.071222 0.582897 0.012292 0.022688
0 0.100868 0.600349 0.010846 0.020942
0 0.108098 0.604276 0.010846 0.020070
0 0.114967 0.607330 0.008677 0.017452
0 0.128344 0.592932 0.009400 0.018325
0 0.017354 0.631763 0.015907 0.015707
0 0.093275 0.644852 0.010123 0.019197
0 0.695951 0.852531 0.007954 0.019197
0 0.106652 0.653578 0.009400 0.020942
0 0.170282 0.636998 0.010846 0.020942
0 0.223066 0.640489 0.012292 0.026178
0 0.213304 0.658377 0.010123 0.018325
0 0.229212 0.667976 0.010123 0.018325
0 0.290672 0.721204 0.015907 0.011344
0 0.285973 0.736475 0.015184 0.012216
0 0.217643 0.590314 0.011569 0.021815
0 0.208604 0.586387 0.010846 0.017452
0 0.189805 0.574171 0.010846 0.019197
0 0.182574 0.571553 0.010846 0.019197
0 0.567607 0.669284 0.011569 0.019197
0 0.600506 0.688918 0.013738 0.020070
0 0.079176 0.589005 0.012292 0.020942
0 0.121475 0.589005 0.010123 0.019197
0 0.185105 0.645724 0.010123 0.019197
0 0.193059 0.628272 0.011569 0.020942
0 0.201012 0.655323 0.013015 0.019197
0 0.254519 0.665794 0.008677 0.017452
0 0.262473 0.668412 0.013015 0.022688
0 0.163774 0.685428 0.010846 0.020070
0 0.185828 0.695462 0.011569 0.020942
0 0.211497 0.711169 0.013738 0.022688
0 0.267173 0.791885 0.015184 0.014834
0 0.040130 0.571117 0.015184 0.014834
0 0.173536 0.568935 0.008677 0.017452
0 0.168836 0.685864 0.012292 0.020942
0 0.194866 0.698953 0.010846 0.019197
0 0.219450 0.712478 0.012292 0.020070
0 0.600145 0.869983 0.013015 0.022688
0 0.613883 0.904014 0.011569 0.020942
0 0.633044 0.861257 0.015184 0.017452
0 0.641359 0.846859 0.014461 0.013089
0 0.645336 0.835951 0.013738 0.010471
0 0.667028 0.816318 0.012292 0.020070
0 0.675705 0.818499 0.009400 0.017452
0 0.702820 0.835079 0.011569 0.019197
0 0.713304 0.843368 0.010846 0.020070
0 0.719812 0.863874 0.009400 0.017452
0 0.714389 0.881326 0.010123 0.019197
0 0.689443 0.872600 0.010846 0.020942
0 0.680043 0.876963 0.009400 0.015707
0 0.670282 0.842932 0.013015 0.024433
0 0.680766 0.840314 0.010846 0.019197
0 0.681490 0.852967 0.007954 0.020070
0 0.573753 0.916667 0.012292 0.023560
0 0.634129 0.804101 0.010123 0.020070
0 0.226681 0.717277 0.012292 0.020942
0 0.626898 0.804538 0.010123 0.020942
0 0.233189 0.721640 0.012292 0.020942
0 0.248373 0.842059 0.015184 0.010471
0 0.241504 0.858639 0.018800 0.015707
0 0.075199 0.890052 0.014461 0.013962
0 0.042299 0.938482 0.018077 0.009599
0 0.033623 0.966405 0.018077 0.009599
0 0.032899 0.979930 0.015184 0.006981
0 0.131960 0.983421 0.015184 0.010471
0 0.575922 0.964223 0.009400 0.017452
0 0.583153 0.946771 0.010846 0.019197
0 0.586768 0.928010 0.009400 0.020070
0 0.609544 0.851658 0.015907 0.020942
0 0.613160 0.845113 0.013015 0.020070
0 0.617498 0.837260 0.011569 0.016579
0 0.621475 0.828098 0.013738 0.019197
1 0.167751 0.256545 0.034707 0.026178
