0 0.046710 0.225980 0.005813 0.005183
0 0.044634 0.230831 0.004152 0.004518
0 0.154142 0.231960 0.008096 0.003854
1 0.157256 0.600864 0.006020 0.006246
0 0.147498 0.602924 0.007681 0.003987
0 0.137741 0.605382 0.007681 0.003854
0 0.148121 0.605581 0.007681 0.003189
0 0.144488 0.607309 0.007474 0.003987
0 0.140648 0.608638 0.007681 0.003189
0 0.131513 0.608837 0.007681 0.003322
0 0.137119 0.610233 0.006020 0.003987
0 0.133070 0.611561 0.006228 0.002392
0 0.160889 0.610498 0.005398 0.004784
0 0.158397 0.611163 0.006228 0.005050
0 0.155491 0.612226 0.005813 0.004784
0 0.152377 0.613488 0.006228 0.004385
0 0.148848 0.614884 0.005398 0.004252
0 0.146149 0.616279 0.006643 0.003854
0 0.142620 0.617342 0.006228 0.004385
0 0.139298 0.618738 0.005813 0.003987
0 0.135977 0.620000 0.006228 0.004651
0 0.132759 0.620797 0.006851 0.005183
0 0.219224 0.228837 0.007058 0.005316
0 0.217148 0.225781 0.007058 0.005581
0 0.123209 0.602259 0.006436 0.003189
0 0.095391 0.617010 0.008927 0.004518
0 0.110754 0.600731 0.006436 0.004651
0 0.518788 0.880797 0.005813 0.005581
0 0.543803 0.879867 0.007266 0.003987
0 0.541623 0.877276 0.007889 0.004120
0 0.533838 0.870299 0.006851 0.003987
0 0.537887 0.903056 0.004982 0.005714
0 0.534773 0.900399 0.006643 0.005449
0 0.529894 0.894684 0.005605 0.004385
0 0.528752 0.891362 0.006228 0.005183
0 0.525638 0.889900 0.006228 0.005183
0 0.523770 0.886246 0.005398 0.006113
0 0.521383 0.883654 0.005190 0.004917
0 0.515674 0.877940 0.006643 0.006246
0 0.538613 0.959136 0.003944 0.003588
0 0.510172 0.871362 0.008096 0.003721
0 0.527818 0.863322 0.008096 0.003854
0 0.524185 0.861196 0.007889 0.004385
0 0.522628 0.858472 0.007266 0.003721
0 0.519514 0.856213 0.007681 0.003721
0 0.516815 0.853887 0.008096 0.004651
0 0.503529 0.838472 0.008927 0.004120
0 0.501453 0.836146 0.006851 0.002392
0 0.651339 0.666977 0.007681 0.005316
0 0.647706 0.662857 0.005813 0.004252
0 0.546710 0.883854 0.006851 0.003987
0 0.549097 0.885980 0.006643 0.003721
0 0.552834 0.890897 0.007058 0.003987
0 0.555429 0.892757 0.007681 0.004252
0 0.547021 0.959070 0.005398 0.004252
0 0.551173 0.958140 0.005398 0.003455
0 0.554391 0.956478 0.006020 0.004120
0 0.558646 0.955083 0.006228 0.004252
0 0.562591 0.953289 0.005813 0.004120
0 0.566224 0.951694 0.006436 0.003854
0 0.569130 0.950233 0.006020 0.004651
0 0.574424 0.944718 0.007058 0.003455
0 0.575358 0.941794 0.005605 0.002924
0 0.576707 0.938738 0.006643 0.001860
0 0.575462 0.936146 0.006228 0.003322
0 0.573178 0.934219 0.006643 0.003721
0 0.591032 0.926445 0.008304 0.004120
0 0.588437 0.923987 0.007266 0.003987
0 0.586465 0.922259 0.007474 0.003987
0 0.560515 0.921528 0.004982 0.004917
0 0.556674 0.918605 0.005190 0.004917
0 0.547332 0.909834 0.006020 0.005714
0 0.543284 0.908505 0.006228 0.004651
0 0.541520 0.905980 0.005190 0.004120
0 0.553353 0.899668 0.007681 0.002924
0 0.647498 0.646047 0.007474 0.003854
0 0.642101 0.640731 0.008719 0.004385
0 0.639817 0.638472 0.007058 0.003588
0 0.438447 0.647907 0.005813 0.004917
0 0.432219 0.650831 0.007058 0.004651
0 0.429313 0.652359 0.006228 0.004252
0 0.427237 0.654551 0.006228 0.004120
0 0.475192 0.643256 0.006643 0.003854
0 0.469172 0.645449 0.007058 0.004252
0 0.447581 0.655615 0.007474 0.004385
0 0.441042 0.658538 0.008096 0.004385
0 0.435645 0.661329 0.006851 0.003322
0 0.430766 0.663787 0.007474 0.003455
0 0.425265 0.666179 0.006436 0.003721
0 0.369836 0.684053 0.007266 0.004120
0 0.363400 0.688439 0.006851 0.004917
0 0.358729 0.691894 0.006643 0.004385
0 0.435748 0.701395 0.008304 0.002658
0 0.442703 0.714020 0.007266 0.002658
0 0.443533 0.716279 0.007681 0.003189
0 0.444779 0.718671 0.006851 0.002392
0 0.445921 0.720797 0.007474 0.003189
0 0.446751 0.723056 0.007474 0.002924
0 0.448100 0.725648 0.006436 0.002791
0 0.448308 0.728439 0.007681 0.002259
0 0.435541 0.649302 0.006228 0.004784
0 0.441354 0.646777 0.005398 0.004518
0 0.635250 0.633090 0.008304 0.004252
0 0.443637 0.645249 0.006228 0.004385
0 0.615321 0.625648 0.006643 0.004518
0 0.463359 0.371894 0.007889 0.004120
0 0.481109 0.628306 0.006020 0.005316
0 0.471559 0.632691 0.007266 0.005050
0 0.468860 0.634286 0.007266 0.005316
0 0.465954 0.635814 0.007266 0.004917
0 0.459311 0.638140 0.006436 0.004784
0 0.462736 0.636944 0.005813 0.004784
0 0.456197 0.639801 0.006436 0.004651
0 0.451007 0.642990 0.005605 0.004120
0 0.446959 0.643987 0.006228 0.004784
0 0.543699 0.960000 0.005398 0.004252
0 0.535084 0.959535 0.006020 0.004651
0 0.450799 0.733422 0.007681 0.002924
0 0.531659 0.960465 0.005398 0.004120
0 0.684970 0.919535 0.008512 0.005714
0 0.663587 0.926512 0.006851 0.004518
0 0.647083 0.933223 0.007889 0.005449
0 0.642724 0.935017 0.006643 0.004518
0 0.639610 0.936478 0.006643 0.004518
0 0.635769 0.937542 0.006851 0.004252
0 0.601931 0.939601 0.008096 0.003588
0 0.599855 0.937807 0.007681 0.003987
0 0.598609 0.935615 0.007681 0.004120
0 0.607432 0.949169 0.007889 0.004385
0 0.603695 0.950365 0.005813 0.003588
0 0.600789 0.951628 0.006228 0.003987
0 0.597467 0.952890 0.006643 0.004120
0 0.594457 0.954352 0.006436 0.004120
0 0.591136 0.955748 0.006851 0.003987
0 0.586672 0.957475 0.007058 0.003987
0 0.571621 0.962060 0.008512 0.002791
0 0.563214 0.962924 0.006228 0.001595
0 0.508927 0.952159 0.006436 0.003987
0 0.506643 0.950764 0.007266 0.004385
0 0.503737 0.945183 0.003944 0.004917
0 0.498962 0.935615 0.004775 0.004120
0 0.675005 0.923654 0.007266 0.004917
0 0.686734 0.916877 0.010380 0.007575
0 0.700747 0.913821 0.006436 0.004385
0 0.113141 0.991761 0.007474 0.003721
0 0.060619 0.077209 0.002491 0.003455
0 0.526573 0.619535 0.008512 0.003455
0 0.694623 0.895814 0.005398 0.004518
0 0.691405 0.897209 0.006020 0.004385
0 0.688188 0.898738 0.005813 0.003987
0 0.685177 0.900532 0.006020 0.004385
0 0.681026 0.901993 0.006020 0.004385
0 0.677185 0.903854 0.006228 0.004917
0 0.673863 0.905515 0.005813 0.003987
0 0.669400 0.906047 0.006020 0.005050
0 0.660577 0.909302 0.005813 0.003854
0 0.657152 0.909900 0.005605 0.003721
0 0.450073 0.730963 0.007889 0.002791
0 0.452045 0.736080 0.006851 0.003455
0 0.113452 0.599003 0.005605 0.004120
0 0.128192 0.673887 0.007266 0.004518
0 0.054183 0.701462 0.005398 0.003588
0 0.057089 0.699402 0.005398 0.004252
0 0.060619 0.698206 0.005813 0.004784
0 0.070583 0.693953 0.006643 0.004252
0 0.074009 0.692159 0.006020 0.004651
0 0.079925 0.690498 0.005398 0.004518
0 0.121030 0.683787 0.007474 0.004120
0 0.100477 0.686113 0.007889 0.004784
0 0.098194 0.653223 0.006228 0.004651
0 0.111688 0.673488 0.007474 0.004518
0 0.130787 0.675615 0.009134 0.004518
0 0.081586 0.841927 0.006228 0.005980
0 0.134108 0.677940 0.008719 0.004917
0 0.115632 0.677143 0.006643 0.003588
0 0.114802 0.656877 0.007889 0.003721
0 0.112311 0.654684 0.007474 0.003322
0 0.110027 0.652757 0.007058 0.003721
0 0.103280 0.577342 0.006851 0.005183
0 0.107017 0.576146 0.007266 0.004917
0 0.109716 0.574950 0.005605 0.004651
0 0.124144 0.560664 0.004982 0.003721
0 0.127465 0.559601 0.005398 0.003721
0 0.053872 0.712159 0.006020 0.005050
0 0.056882 0.711096 0.005813 0.004784
0 0.059996 0.709967 0.005398 0.004385
0 0.096845 0.811362 0.007681 0.004651
0 0.099543 0.816744 0.007266 0.003987
0 0.117397 0.801329 0.007266 0.002126
0 0.135250 0.788904 0.006436 0.004651
0 0.123521 0.799203 0.008304 0.003987
0 0.136392 0.799801 0.007474 0.004385
0 0.157152 0.785050 0.007474 0.004385
0 0.163795 0.781927 0.008304 0.004252
0 0.170334 0.779336 0.007681 0.003854
0 0.176458 0.775814 0.008304 0.004518
0 0.178742 0.781262 0.008304 0.004784
0 0.188395 0.776744 0.007266 0.003721
0 0.199190 0.772093 0.007266 0.004252
0 0.206249 0.763322 0.006851 0.003455
0 0.212165 0.766047 0.008719 0.004651
0 0.087606 0.698804 0.006643 0.004385
0 0.078368 0.702259 0.006436 0.004651
0 0.072037 0.704585 0.006228 0.004518
0 0.068611 0.706777 0.005190 0.003854
0 0.065912 0.707841 0.005605 0.004120
0 0.063214 0.709037 0.005190 0.003588
0 0.130164 0.557674 0.005398 0.004385
0 0.133589 0.556611 0.005190 0.004120
0 0.136600 0.555415 0.004982 0.003854
0 0.107224 0.585714 0.006851 0.005449
0 0.113764 0.582924 0.006643 0.004917
0 0.116359 0.581794 0.006436 0.004784
0 0.119265 0.580332 0.006436 0.004784
0 0.122171 0.579203 0.006851 0.004385
0 0.124974 0.578073 0.007058 0.005050
0 0.129022 0.581262 0.006851 0.004252
0 0.126116 0.582658 0.007266 0.004651
0 0.123625 0.584452 0.006436 0.004252
0 0.119992 0.585714 0.007058 0.004120
0 0.117085 0.586910 0.007058 0.004385
0 0.113868 0.588106 0.006436 0.003854
0 0.110961 0.589435 0.006436 0.004120
0 0.107951 0.590365 0.007058 0.004651
0 0.105460 0.591694 0.006643 0.004385
0 0.148121 0.580000 0.007266 0.003854
0 0.139195 0.586312 0.006020 0.003987
0 0.136911 0.587973 0.007681 0.004120
0 0.130891 0.590365 0.006020 0.004120
0 0.128711 0.592093 0.006228 0.004120
0 0.119680 0.596412 0.006020 0.004518
0 0.116047 0.597674 0.005398 0.004120
0 0.110546 0.584319 0.008096 0.005581
0 0.132032 0.580000 0.006643 0.003854
0 0.154661 0.561595 0.007058 0.003987
0 0.134108 0.578870 0.007058 0.004518
0 0.153000 0.560066 0.007058 0.003588
0 0.151028 0.557940 0.007681 0.004120
0 0.148952 0.555615 0.006020 0.003455
0 0.144592 0.552159 0.003529 0.005316
0 0.139610 0.554219 0.005605 0.005183
0 0.164418 0.572359 0.006643 0.002126
0 0.112414 0.573821 0.006436 0.004784
0 0.115217 0.572492 0.005813 0.004252
0 0.118020 0.571163 0.007266 0.005316
0 0.121756 0.570498 0.006020 0.004784
0 0.124455 0.569169 0.006436 0.004518
0 0.127361 0.567708 0.006851 0.004252
0 0.130268 0.566512 0.006436 0.004252
0 0.134316 0.565714 0.006228 0.003455
0 0.137326 0.564651 0.005190 0.003987
0 0.140129 0.563256 0.005398 0.004120
0 0.128088 0.576611 0.007058 0.004784
0 0.131202 0.575415 0.007058 0.004252
0 0.137326 0.573289 0.006851 0.004518
0 0.134005 0.573953 0.006851 0.004252
0 0.137534 0.577807 0.007266 0.004518
0 0.085946 0.837741 0.006643 0.005050
0 0.087399 0.890764 0.007889 0.005050
0 0.453187 0.738472 0.007889 0.003455
0 0.311605 0.828505 0.008304 0.003854
0 0.380735 0.799269 0.008304 0.003854
0 0.375130 0.801661 0.007889 0.003854
0 0.368798 0.804452 0.007681 0.004385
0 0.362466 0.806645 0.007889 0.003721
0 0.356757 0.809236 0.007681 0.004651
0 0.350426 0.811628 0.007889 0.003588
0 0.344094 0.814219 0.008927 0.004252
0 0.332468 0.819468 0.008512 0.004120
0 0.324476 0.822724 0.008304 0.004252
0 0.318248 0.825914 0.008719 0.003987
0 0.467822 0.773223 0.007681 0.003588
0 0.082832 0.883189 0.007058 0.004252
0 0.474569 0.789037 0.007889 0.002791
0 0.481524 0.804651 0.008096 0.003189
0 0.483288 0.807375 0.006643 0.002791
0 0.486195 0.814219 0.007058 0.002924
0 0.487129 0.816346 0.006851 0.003455
0 0.489724 0.818937 0.006228 0.002259
0 0.488997 0.857874 0.005190 0.004917
0 0.485157 0.857475 0.004982 0.004651
0 0.432738 0.857076 0.009342 0.004120
0 0.424849 0.860133 0.008927 0.004385
0 0.386444 0.797276 0.006851 0.003322
0 0.392049 0.794884 0.009342 0.004385
0 0.398381 0.792226 0.007474 0.004120
0 0.297799 0.819136 0.008096 0.004252
0 0.454121 0.741595 0.007681 0.003322
0 0.455366 0.743721 0.006851 0.002525
0 0.456820 0.746047 0.006436 0.002658
0 0.458065 0.748771 0.007681 0.002791
0 0.459415 0.751229 0.007474 0.002924
0 0.455678 0.765116 0.004982 0.004917
0 0.464812 0.764053 0.006228 0.002259
0 0.465746 0.766711 0.007681 0.003056
0 0.348765 0.755349 0.007058 0.004252
0 0.339630 0.755017 0.009134 0.005183
0 0.314200 0.764252 0.007266 0.004784
0 0.312124 0.771362 0.007266 0.003854
0 0.307660 0.766977 0.005813 0.004651
0 0.303508 0.768173 0.005813 0.003322
0 0.295101 0.772159 0.005605 0.003854
0 0.270916 0.781993 0.005813 0.004120
0 0.288769 0.774352 0.006228 0.004252
0 0.331742 0.805382 0.007889 0.003854
0 0.324683 0.808173 0.007889 0.004120
0 0.313162 0.812625 0.008096 0.004252
0 0.305169 0.815548 0.007474 0.003987
0 0.408553 0.866910 0.008304 0.004385
0 0.403155 0.869635 0.007058 0.003721
0 0.396616 0.871894 0.007681 0.003987
0 0.267594 0.845914 0.007474 0.003854
0 0.256176 0.851030 0.007889 0.004518
0 0.249014 0.853621 0.008512 0.004385
0 0.242890 0.856412 0.008304 0.003854
0 0.236766 0.858870 0.007266 0.003721
0 0.230849 0.861130 0.006643 0.003721
0 0.225244 0.863389 0.007474 0.004252
0 0.218705 0.866179 0.008096 0.004252
0 0.209778 0.854419 0.006851 0.002791
0 0.207494 0.870698 0.006851 0.003455
0 0.202201 0.873223 0.007474 0.003721
0 0.196492 0.875548 0.006851 0.004385
0 0.190471 0.877542 0.007681 0.004120
0 0.184347 0.880465 0.008304 0.004917
0 0.178742 0.882990 0.008304 0.004917
0 0.172099 0.885581 0.007889 0.004252
0 0.137015 0.885050 0.007889 0.004518
0 0.164210 0.888837 0.007889 0.004651
0 0.157152 0.891827 0.007474 0.004252
0 0.150924 0.893887 0.007889 0.004120
0 0.145215 0.896678 0.006851 0.004120
0 0.080133 0.879801 0.007474 0.004385
0 0.262508 0.848372 0.007681 0.003987
0 0.263857 0.832824 0.007474 0.003987
0 0.389558 0.874751 0.008096 0.003588
0 0.274133 0.843189 0.007681 0.004518
0 0.382707 0.877807 0.007681 0.004120
0 0.475296 0.908239 0.004360 0.004120
0 0.465643 0.887243 0.005398 0.004651
0 0.429936 0.893289 0.006228 0.004784
0 0.426510 0.894551 0.005605 0.004120
0 0.418103 0.904784 0.008719 0.004120
0 0.419971 0.906844 0.007889 0.003455
0 0.421320 0.909236 0.008096 0.003721
0 0.403467 0.934286 0.006020 0.003322
0 0.477787 0.915282 0.005605 0.004385
0 0.483081 0.923854 0.006228 0.005316
0 0.484949 0.928239 0.005398 0.004518
0 0.487544 0.933090 0.004775 0.004917
0 0.490139 0.937674 0.004982 0.004518
0 0.492319 0.941462 0.004360 0.004385
0 0.140025 0.987043 0.007681 0.004385
0 0.300706 0.832957 0.008096 0.004518
0 0.279012 0.826645 0.008304 0.003854
0 0.293751 0.835482 0.008719 0.004518
0 0.287108 0.838538 0.007889 0.003987
0 0.281088 0.840664 0.008304 0.003987
