0 0.460033 0.593100 0.005455 0.004500
0 0.467505 0.599756 0.005218 0.004313
0 0.328748 0.898650 0.004744 0.003938
0 0.131760 0.878774 0.002609 0.003188
0 0.073885 0.928089 0.003558 0.003563
0 0.032851 0.899775 0.004507 0.003563
0 0.223790 0.917495 0.003083 0.003375
0 0.225925 0.918339 0.002609 0.003188
0 0.228771 0.918245 0.002609 0.003750
0 0.239919 0.921151 0.005930 0.003938
0 0.114801 0.936152 0.004269 0.002813
0 0.232448 0.918714 0.002846 0.003563
0 0.235413 0.918714 0.002609 0.004313
0 0.120731 0.958841 0.003795 0.003938
0 0.118359 0.959685 0.003321 0.003375
0 0.334796 0.894712 0.004981 0.004313
0 0.307400 0.939527 0.004269 0.002063
0 0.127253 0.892743 0.002609 0.003750
0 0.326376 0.847365 0.003321 0.001500
0 0.330289 0.848022 0.004032 0.001688
0 0.334677 0.848584 0.003321 0.002063
0 0.305740 0.844365 0.004744 0.002250
0 0.301589 0.843615 0.003558 0.001500
0 0.338472 0.849147 0.005218 0.002438
0 0.347249 0.849991 0.004744 0.001875
0 0.350688 0.850741 0.003558 0.001875
0 0.355906 0.851772 0.004981 0.001688
0 0.360176 0.852241 0.004507 0.002250
0 0.363733 0.852803 0.003558 0.002250
0 0.369426 0.853553 0.004032 0.002250
0 0.432163 0.921433 0.004269 0.003000
0 0.130218 0.883743 0.002846 0.003750
0 0.126186 0.896775 0.002372 0.003188
0 0.073411 0.783518 0.005930 0.004313
0 0.156546 0.696419 0.005218 0.004125
0 0.144331 0.703169 0.004507 0.003750
0 0.133657 0.709826 0.005455 0.003938
0 0.160460 0.704200 0.002609 0.003563
0 0.158207 0.706450 0.004269 0.004688
0 0.154768 0.707763 0.004981 0.003188
0 0.105313 0.756704 0.004744 0.003188
0 0.091556 0.758954 0.004269 0.001688
0 0.092742 0.753141 0.005693 0.002438
0 0.098197 0.780611 0.005218 0.003000
0 0.086219 0.791393 0.002609 0.003938
0 0.079578 0.787737 0.004032 0.003750
0 0.079222 0.814082 0.004744 0.003188
0 0.126186 0.880086 0.003321 0.005063
0 0.029175 0.805644 0.004269 0.003188
0 0.017789 0.813801 0.003795 0.004125
0 0.206713 0.829646 0.004032 0.001688
0 0.211101 0.830864 0.004744 0.002250
0 0.201850 0.829083 0.005693 0.002438
0 0.182756 0.825708 0.004032 0.002063
0 0.176352 0.819614 0.004032 0.003750
0 0.227585 0.833771 0.004507 0.002813
0 0.239801 0.835271 0.003321 0.002063
0 0.271347 0.825427 0.003795 0.001500
0 0.271466 0.822895 0.005455 0.003563
0 0.124170 0.888524 0.002609 0.004313
0 0.125237 0.884493 0.002372 0.003750
0 0.374763 0.854210 0.005218 0.002438
0 0.379625 0.855053 0.004507 0.001875
0 0.371324 0.848678 0.002609 0.003750
0 0.491817 0.468498 0.003083 0.002438
0 0.436907 0.485468 0.004744 0.003750
0 0.438093 0.486874 0.004744 0.003938
0 0.441888 0.475530 0.003795 0.003375
0 0.443904 0.474311 0.004981 0.004313
0 0.447106 0.471498 0.005218 0.003938
0 0.445565 0.472811 0.004032 0.002438
0 0.451494 0.468779 0.004032 0.003750
0 0.460508 0.470561 0.004981 0.003938
0 0.457068 0.473467 0.004744 0.003750
0 0.451257 0.478624 0.004507 0.003563
0 0.453273 0.477405 0.004744 0.003750
0 0.457661 0.463623 0.005930 0.003563
0 0.488971 0.466998 0.004032 0.002438
0 0.486480 0.461654 0.004744 0.002250
0 0.373340 0.849334 0.002372 0.003938
0 0.423031 0.449372 0.001660 0.003188
0 0.425522 0.448622 0.002372 0.003563
0 0.427064 0.446747 0.002135 0.003938
0 0.429080 0.445809 0.001898 0.003938
0 0.431214 0.443934 0.002372 0.004313
0 0.433468 0.442246 0.002609 0.003938
0 0.438923 0.448153 0.004032 0.003375
0 0.446513 0.453966 0.003083 0.003750
0 0.426826 0.457529 0.004981 0.002250
0 0.445090 0.441496 0.004032 0.003188
0 0.444616 0.440090 0.003558 0.002625
0 0.452206 0.439340 0.003558 0.003000
0 0.455882 0.442809 0.002372 0.003938
0 0.435365 0.484343 0.004981 0.003750
0 0.433824 0.483405 0.004744 0.003750
0 0.429435 0.479561 0.004507 0.003188
0 0.428012 0.478249 0.004032 0.003938
0 0.375712 0.849147 0.002846 0.004313
0 0.368240 0.975905 0.004507 0.003188
0 0.493240 0.904838 0.003558 0.003188
0 0.487547 0.907744 0.004507 0.001875
0 0.570683 0.958560 0.003795 0.003375
0 0.626423 0.957060 0.004269 0.002250
0 0.630574 0.958279 0.004032 0.002438
0 0.587168 0.933621 0.004507 0.003375
0 0.511267 0.840990 0.004507 0.003750
0 0.478297 0.851772 0.003558 0.002813
0 0.567244 0.869398 0.004507 0.004313
0 0.570565 0.874461 0.004981 0.003938
0 0.560009 0.870148 0.004269 0.003938
0 0.501660 0.888712 0.003795 0.002438
0 0.405954 0.873430 0.004032 0.002625
0 0.632709 0.924339 0.004032 0.001688
0 0.855313 0.962591 0.003795 0.003563
0 0.193548 0.913182 0.004744 0.004125
0 0.410460 0.464560 0.004507 0.003938
0 0.413544 0.467092 0.004507 0.004125
0 0.414848 0.468123 0.004744 0.003563
0 0.416746 0.469248 0.004269 0.003563
0 0.418406 0.470373 0.004269 0.003563
0 0.421608 0.472998 0.004507 0.003188
0 0.422913 0.474592 0.004269 0.003750
0 0.424573 0.475811 0.004269 0.002813
0 0.426352 0.477311 0.004032 0.003938
0 0.180266 0.677386 0.004744 0.003938
0 0.185128 0.672605 0.005455 0.004125
0 0.150142 0.700450 0.004744 0.003563
0 0.153463 0.179167 0.003795 0.004313
0 0.209440 0.120101 0.003321 0.002813
0 0.189635 0.147478 0.004507 0.003563
0 0.177894 0.159104 0.002846 0.003188
0 0.175640 0.160698 0.003558 0.003375
0 0.173624 0.162198 0.002372 0.003375
0 0.171371 0.164073 0.002135 0.003375
0 0.169118 0.165385 0.003321 0.003000
0 0.160935 0.172698 0.003558 0.004125
0 0.159156 0.174667 0.002846 0.003938
0 0.156546 0.175792 0.003321 0.004313
0 0.149431 0.182355 0.002372 0.003188
0 0.151328 0.180855 0.002372 0.003938
0 0.155005 0.177574 0.003558 0.003750
0 0.287476 0.219201 0.003321 0.003750
0 0.131760 0.196512 0.002609 0.003375
0 0.122747 0.204669 0.003558 0.003938
0 0.258420 0.176167 0.004032 0.002438
0 0.261504 0.181043 0.004507 0.003563
0 0.272177 0.197544 0.004032 0.003563
0 0.273838 0.200075 0.003558 0.004500
0 0.275498 0.202513 0.003558 0.004125
0 0.277040 0.204200 0.004744 0.004500
0 0.279293 0.206825 0.004032 0.003750
0 0.284037 0.215451 0.003558 0.003750
0 0.285579 0.217326 0.003321 0.004125
0 0.289255 0.221076 0.003558 0.004125
0 0.024905 0.562816 0.004744 0.003188
0 0.195920 0.424808 0.004744 0.003938
0 0.199241 0.422839 0.004269 0.003375
0 0.176708 0.426964 0.004744 0.003750
0 0.179554 0.421995 0.004744 0.004313
0 0.187737 0.435683 0.005455 0.003563
0 0.159511 0.452747 0.004032 0.004313
0 0.108871 0.478530 0.004744 0.003375
0 0.111836 0.476749 0.004032 0.002813
0 0.138639 0.456029 0.003558 0.003375
0 0.126423 0.347178 0.004744 0.003938
0 0.130218 0.346147 0.004744 0.003750
0 0.042813 0.528127 0.004507 0.004313
0 0.034630 0.547815 0.004269 0.003563
0 0.052657 0.546409 0.002372 0.004125
0 0.284156 0.226795 0.004744 0.002063
0 0.251542 0.507313 0.003083 0.004313
0 0.215014 0.538627 0.004507 0.003563
0 0.212642 0.540315 0.004032 0.002813
0 0.210982 0.541534 0.005455 0.003375
0 0.200901 0.549878 0.005693 0.004313
0 0.100569 0.627508 0.003795 0.003563
0 0.246798 0.636321 0.004032 0.001688
0 0.252016 0.636696 0.004032 0.001688
0 0.250119 0.634352 0.004981 0.001875
0 0.231973 0.631446 0.005218 0.003188
0 0.187500 0.670636 0.004981 0.003938
0 0.192718 0.665292 0.004507 0.003750
0 0.246798 0.622820 0.003558 0.003188
0 0.209677 0.415151 0.005218 0.004125
0 0.195683 0.409713 0.005218 0.002625
0 0.174099 0.401931 0.005693 0.002813
0 0.018857 0.429964 0.004981 0.003750
0 0.283563 0.224827 0.003558 0.001875
0 0.281665 0.223045 0.003558 0.002063
0 0.280242 0.220608 0.003558 0.001688
0 0.279768 0.218732 0.004981 0.002063
0 0.091793 0.229421 0.002846 0.004313
0 0.230906 0.209732 0.004507 0.002438
0 0.233041 0.212451 0.004032 0.001875
0 0.235294 0.213763 0.004269 0.001875
0 0.283918 0.246015 0.003795 0.003375
0 0.286053 0.244890 0.004269 0.004125
0 0.270754 0.243390 0.002135 0.003375
0 0.266248 0.238796 0.003083 0.003563
0 0.238496 0.218170 0.004981 0.002063
0 0.236006 0.215451 0.005218 0.001500
0 0.274075 0.256891 0.003558 0.003750
0 0.261504 0.242828 0.004507 0.001875
0 0.258302 0.189762 0.004269 0.002250
0 0.269213 0.206075 0.003795 0.003375
0 0.099028 0.369679 0.004981 0.003938
0 0.089777 0.376149 0.004032 0.003750
0 0.076731 0.386462 0.004507 0.003750
0 0.074122 0.387680 0.003558 0.003563
0 0.047557 0.407182 0.004507 0.003938
0 0.064516 0.396494 0.004744 0.003563
0 0.062381 0.399119 0.003795 0.003188
0 0.046015 0.408776 0.004269 0.003750
0 0.020873 0.428558 0.004269 0.003938
0 0.450783 0.447215 0.003558 0.003000
0 0.449478 0.445528 0.003795 0.003000
0 0.448411 0.444403 0.004032 0.003375
0 0.639943 0.540315 0.002372 0.002813
0 0.513994 0.650291 0.003321 0.003750
0 0.512334 0.648509 0.002846 0.002813
0 0.665204 0.629664 0.005930 0.003000
0 0.668762 0.624133 0.005455 0.002438
0 0.664255 0.614007 0.004032 0.002813
0 0.673743 0.610913 0.004981 0.003750
0 0.735531 0.603038 0.004269 0.004125
0 0.694023 0.579317 0.002372 0.003188
0 0.690583 0.577911 0.001660 0.003000
0 0.632116 0.590193 0.004744 0.004313
0 0.668880 0.602569 0.005693 0.003938
0 0.685365 0.614757 0.004981 0.003188
0 0.680147 0.612132 0.006404 0.003938
0 0.634606 0.537877 0.002609 0.003188
0 0.369545 0.751828 0.003321 0.004313
0 0.629744 0.535252 0.002846 0.003563
0 0.625237 0.532533 0.001898 0.004500
0 0.586219 0.694450 0.004032 0.002438
0 0.395636 0.681136 0.003321 0.003563
0 0.397415 0.680105 0.004032 0.004500
0 0.399549 0.678605 0.003083 0.003375
0 0.353771 0.713857 0.004507 0.003375
0 0.363378 0.705513 0.005218 0.003188
0 0.365868 0.704482 0.003558 0.003375
0 0.331594 0.746578 0.003321 0.004688
0 0.340251 0.747984 0.003558 0.004500
0 0.357685 0.750422 0.003321 0.004125
0 0.360413 0.750703 0.003558 0.005063
0 0.527870 0.649447 0.004032 0.004313
0 0.524431 0.646540 0.004744 0.003375
0 0.517552 0.653853 0.004269 0.004500
0 0.520043 0.655635 0.004032 0.003563
0 0.637927 0.759891 0.004981 0.003563
0 0.638876 0.762891 0.004981 0.003938
0 0.507827 0.778080 0.004744 0.003563
0 0.509606 0.776392 0.004032 0.002813
0 0.511504 0.775642 0.004507 0.004313
0 0.528344 0.763079 0.004981 0.003938
0 0.534037 0.757735 0.004032 0.004500
0 0.546727 0.749297 0.004744 0.003000
0 0.548269 0.748078 0.003558 0.003563
0 0.593809 0.744515 0.004507 0.003938
0 0.590726 0.741796 0.004507 0.004125
0 0.594521 0.741703 0.004032 0.003188
0 0.577799 0.684137 0.005218 0.003938
0 0.569734 0.677667 0.005218 0.004500
0 0.561077 0.677574 0.004981 0.003938
0 0.562974 0.679917 0.004507 0.003750
0 0.673980 0.724733 0.004032 0.003750
0 0.675285 0.725952 0.005218 0.003563
0 0.677419 0.727452 0.004744 0.003563
0 0.679080 0.729702 0.005693 0.004688
0 0.639350 0.753235 0.004032 0.003000
0 0.559061 0.676074 0.005218 0.004313
0 0.557163 0.674761 0.005218 0.003563
0 0.555621 0.673167 0.004981 0.004125
0 0.539374 0.661448 0.005218 0.003938
0 0.538069 0.659760 0.005455 0.003563
0 0.553843 0.671761 0.005218 0.003563
0 0.367291 0.751922 0.003083 0.003750
0 0.391959 0.749016 0.004981 0.003938
0 0.597130 0.775642 0.004981 0.003938
0 0.547320 0.489968 0.004981 0.002625
0 0.512215 0.470842 0.002609 0.003375
0 0.515062 0.472155 0.003083 0.003750
0 0.521703 0.476936 0.003083 0.003938
0 0.525972 0.478249 0.001660 0.003938
0 0.528463 0.479561 0.002372 0.004688
0 0.530954 0.480593 0.002609 0.004875
0 0.533444 0.482936 0.002372 0.003563
0 0.532970 0.491843 0.002372 0.003375
0 0.542576 0.497094 0.003083 0.004125
0 0.553012 0.503281 0.003558 0.004125
0 0.536409 0.484062 0.002609 0.003938
0 0.538544 0.485749 0.002135 0.004313
0 0.544948 0.487624 0.003083 0.004688
0 0.549692 0.491468 0.004507 0.002250
0 0.392789 0.757454 0.005693 0.003563
0 0.551945 0.492781 0.004269 0.002625
0 0.575071 0.505813 0.002609 0.003563
0 0.577562 0.507125 0.002372 0.004688
0 0.582661 0.509751 0.003083 0.004313
0 0.585033 0.510876 0.003083 0.003563
0 0.564753 0.500844 0.002846 0.004500
0 0.555740 0.495406 0.002372 0.003375
0 0.600095 0.519220 0.002372 0.003375
0 0.622984 0.530939 0.002609 0.004688
0 0.424810 0.583443 0.004744 0.002813
0 0.451376 0.586724 0.005693 0.004875
0 0.457898 0.591787 0.004032 0.004500
0 0.465607 0.598256 0.005218 0.004313
0 0.409393 0.693606 0.005218 0.003750
0 0.410935 0.695200 0.004981 0.003188
0 0.293050 0.775455 0.005930 0.004313
0 0.405242 0.738890 0.004981 0.003563
0 0.408325 0.724827 0.004507 0.003188
0 0.404886 0.726889 0.005693 0.003938
0 0.416983 0.730733 0.005218 0.003750
0 0.279293 0.670823 0.004981 0.003563
0 0.282258 0.668386 0.004744 0.003563
0 0.283918 0.667073 0.004744 0.003188
0 0.287476 0.664448 0.004744 0.003563
0 0.289255 0.663510 0.004507 0.003188
0 0.330527 0.615601 0.004032 0.003750
0 0.302775 0.607350 0.003083 0.003750
0 0.306452 0.599006 0.002372 0.003188
0 0.330408 0.594975 0.004269 0.001875
0 0.389113 0.566660 0.003083 0.003375
0 0.387334 0.567410 0.004269 0.003375
0 0.385318 0.568067 0.004032 0.003563
0 0.383302 0.568629 0.003321 0.003563
0 0.381641 0.569286 0.003795 0.004125
0 0.379388 0.570692 0.003558 0.003938
0 0.377491 0.572192 0.004507 0.003563
0 0.376660 0.575098 0.004744 0.004125
0 0.156072 0.458935 0.005218 0.002438
0 0.418762 0.842959 0.003083 0.003938
0 0.549810 0.849522 0.004269 0.003563
0 0.457898 0.911776 0.004507 0.003563
0 0.460033 0.912620 0.004981 0.003000
0 0.636029 0.758579 0.004507 0.003938
0 0.583729 0.784549 0.005218 0.002250
0 0.289611 0.272830 0.003321 0.003375
0 0.914730 0.776674 0.004981 0.002625
0 0.787120 0.816520 0.004981 0.002813
0 0.785460 0.815301 0.004507 0.003000
0 0.783088 0.813895 0.004981 0.003188
0 0.781072 0.812207 0.004269 0.002813
0 0.746086 0.804613 0.003558 0.003000
0 0.752846 0.800394 0.003795 0.003188
0 0.748102 0.792987 0.003795 0.002625
0 0.796727 0.813145 0.002846 0.003938
0 0.778582 0.802269 0.004032 0.003938
0 0.775735 0.800956 0.002609 0.004313
0 0.897177 0.806769 0.005455 0.003188
0 0.904886 0.793268 0.004744 0.003188
0 0.913662 0.778549 0.004269 0.002625
0 0.917932 0.772455 0.004744 0.002813
0 0.955527 0.771892 0.004032 0.002438
0 0.919948 0.769548 0.005455 0.003375
0 0.921015 0.767579 0.004744 0.002813
0 0.921015 0.765610 0.004744 0.003000
0 0.922913 0.762423 0.004744 0.003000
0 0.923861 0.760829 0.004744 0.002813
0 0.926708 0.757641 0.004269 0.002813
0 0.928724 0.752672 0.003558 0.002625
0 0.934061 0.761391 0.004744 0.004313
0 0.938567 0.762798 0.005218 0.002625
0 0.935247 0.767017 0.005218 0.002438
0 0.934772 0.768892 0.003795 0.002438
0 0.932400 0.771798 0.003795 0.002250
0 0.931452 0.774142 0.004744 0.003188
0 0.902514 0.837146 0.004744 0.002438
0 0.852467 0.839959 0.004269 0.003188
0 0.843098 0.845022 0.004032 0.002063
0 0.460626 0.428933 0.003795 0.004688
0 0.301115 0.284830 0.003558 0.003750
0 0.334203 0.319332 0.004269 0.004500
0 0.339777 0.324208 0.003083 0.003750
0 0.345232 0.322333 0.004032 0.002250
0 0.345470 0.315395 0.004507 0.002625
0 0.350451 0.320833 0.004507 0.002250
0 0.344165 0.319801 0.005218 0.002063
0 0.345707 0.332646 0.003083 0.004125
0 0.348197 0.333958 0.002846 0.004125
0 0.360294 0.330864 0.003795 0.002063
0 0.358752 0.328521 0.004032 0.003375
0 0.376067 0.364148 0.004032 0.004500
0 0.380337 0.367804 0.003083 0.004313
0 0.387690 0.376430 0.004507 0.003563
0 0.389113 0.377742 0.004981 0.003938
0 0.399312 0.364710 0.004032 0.004125
0 0.411290 0.368086 0.004269 0.004125
0 0.408800 0.378305 0.003083 0.003563
0 0.395161 0.386087 0.004269 0.003750
0 0.398008 0.390493 0.004744 0.002438
0 0.397889 0.392181 0.004507 0.002438
0 0.402751 0.401838 0.004269 0.003750
0 0.412713 0.413745 0.003795 0.003938
0 0.420185 0.420026 0.003558 0.003750
0 0.428724 0.412432 0.003558 0.003563
0 0.425522 0.408869 0.003321 0.004313
0 0.427301 0.410182 0.003083 0.004313
0 0.943904 0.766923 0.003558 0.001875
0 0.949360 0.757266 0.004507 0.002063
0 0.581120 0.786799 0.003795 0.003375
0 0.565109 0.787549 0.004981 0.004125
0 0.677419 0.826364 0.002846 0.003000
0 0.679435 0.825145 0.004032 0.003188
0 0.691888 0.822801 0.004269 0.003375
0 0.682875 0.822801 0.003795 0.003750
0 0.681333 0.824020 0.004032 0.003563
0 0.710508 0.960529 0.004981 0.003938
0 0.706475 0.961748 0.004032 0.003750
0 0.631997 0.771892 0.004032 0.003188
0 0.631167 0.770017 0.004744 0.002813
0 0.520398 0.833208 0.004744 0.004313
0 0.517671 0.835365 0.004507 0.004500
0 0.516010 0.836302 0.004507 0.004125
0 0.587642 0.782393 0.004507 0.003938
1 0.938567 0.791581 0.008065 0.005063
0 0.579341 0.776767 0.003558 0.003938
0 0.574360 0.780893 0.004032 0.003563
0 0.556570 0.794862 0.004981 0.003000
0 0.535223 0.810238 0.003558 0.003375
0 0.543287 0.804707 0.005455 0.003188
0 0.529886 0.815207 0.005218 0.003563
0 0.685128 0.903150 0.002609 0.003188
0 0.688805 0.899962 0.002372 0.003938
0 0.691295 0.897806 0.002609 0.004500
0 0.752609 0.788018 0.002846 0.003188
0 0.756760 0.788674 0.004032 0.003375
0 0.758657 0.790643 0.004507 0.003563
0 0.760555 0.792143 0.004032 0.004313
0 0.674454 0.827864 0.004507 0.003375
0 0.671845 0.830583 0.004507 0.002813
0 0.669948 0.831239 0.004507 0.002250
0 0.667339 0.833021 0.004981 0.002438
1 0.936433 0.794112 0.008539 0.004875
0 0.940109 0.758954 0.004981 0.002063
0 0.629981 0.853085 0.003795 0.003563
0 0.680028 0.812676 0.002372 0.004125
0 0.631641 0.852147 0.004269 0.003563
0 0.635318 0.849803 0.003083 0.003750
0 0.638046 0.847928 0.004744 0.004500
0 0.642196 0.845865 0.005455 0.004500
0 0.643620 0.844647 0.005455 0.003938
0 0.645398 0.843521 0.005693 0.004313
0 0.648126 0.841365 0.004507 0.003375
0 0.649905 0.840053 0.004744 0.003375
0 0.652514 0.838552 0.004269 0.004125
0 0.654649 0.837052 0.004269 0.003750
0 0.650142 0.854116 0.005693 0.003750
0 0.652158 0.852991 0.004507 0.004125
0 0.625830 0.870429 0.005930 0.004500
0 0.630574 0.867335 0.005930 0.003938
0 0.636029 0.863773 0.005455 0.004688
0 0.655479 0.850741 0.004981 0.003750
0 0.612547 0.866023 0.004981 0.003563
0 0.617173 0.863116 0.005218 0.003375
0 0.657377 0.849522 0.004507 0.003188
0 0.659511 0.848584 0.004981 0.004313
0 0.661646 0.846990 0.005930 0.004875
0 0.664137 0.845022 0.004744 0.004688
0 0.665441 0.834615 0.003558 0.001875
0 0.534156 0.870148 0.007590 0.003563
