1 0.028609 0.057241 0.008744 0.019140
1 0.083678 0.251535 0.008437 0.021307
1 0.212533 0.254785 0.007823 0.019140
1 0.360408 0.103828 0.003835 0.034308
1 0.367771 0.085590 0.013959 0.032503
1 0.372526 0.067895 0.015493 0.011557
1 0.381960 0.107078 0.003682 0.033586
1 0.384645 0.108162 0.003835 0.032864
1 0.398067 0.109426 0.003988 0.034670
1 0.571560 0.315276 0.010431 0.010834
1 0.629161 0.347960 0.007823 0.024196
1 0.629391 0.329722 0.007670 0.022391
1 0.912333 0.721199 0.011505 0.008667
1 0.912870 0.715240 0.012579 0.009029
1 0.913023 0.695016 0.011965 0.007584
1 0.913254 0.701517 0.012732 0.008306
1 0.914864 0.627122 0.011658 0.008306
1 0.921384 0.400506 0.012732 0.007945
1 0.921460 0.420188 0.013806 0.008306
1 0.934959 0.678223 0.015647 0.007223
1 0.937490 0.716685 0.014573 0.018418
1 0.939485 0.522391 0.014266 0.026363
1 0.940865 0.489707 0.014266 0.027447
1 0.954287 0.505959 0.003988 0.036114
