0 0.276474 0.237492 0.006843 0.004982
0 0.172287 0.382603 0.007006 0.007058
0 0.139541 0.315134 0.004399 0.007889
0 0.152411 0.242890 0.003747 0.010380
0 0.198273 0.220158 0.007494 0.006851
0 0.197051 0.197841 0.006354 0.005813
0 0.197784 0.181752 0.007820 0.007266
0 0.196562 0.165248 0.007006 0.005398
0 0.195666 0.148329 0.006191 0.003944
0 0.197540 0.139195 0.006354 0.003944
0 0.199088 0.120095 0.006843 0.006020
0 0.207967 0.099439 0.007331 0.007889
0 0.222222 0.093523 0.007168 0.008096
0 0.232568 0.093627 0.007331 0.007474
0 0.242750 0.093731 0.007168 0.007681
0 0.285272 0.102450 0.006517 0.005605
0 0.267269 0.225452 0.008309 0.007474
0 0.266210 0.233340 0.005213 0.004152
0 0.136038 0.468134 0.004888 0.008719
0 0.170088 0.759186 0.002933 0.009134
0 0.023297 0.543388 0.006191 0.005605
1 0.200310 0.663380 0.005051 0.014739
1 0.939964 0.564667 0.014826 0.024912
1 0.944363 0.568923 0.014500 0.023874
1 0.953486 0.577434 0.015152 0.024289
1 0.777126 0.654245 0.018247 0.008927
1 0.779733 0.661096 0.024764 0.009342
1 0.776882 0.667116 0.020365 0.009342
1 0.776312 0.679572 0.023786 0.011833
0 0.414956 0.316587 0.003258 0.007889
0 0.048876 0.533631 0.006517 0.005605
0 0.050912 0.446647 0.005051 0.009757
0 0.054334 0.444260 0.004725 0.009550
0 0.065005 0.442080 0.004562 0.008927
0 0.089280 0.463567 0.003258 0.008719
0 0.093190 0.463151 0.003258 0.007889
0 0.066878 0.529064 0.006354 0.005190
0 0.046432 0.514739 0.007168 0.005605
0 0.276067 0.231368 0.007657 0.006020
0 0.275497 0.241748 0.006517 0.004775
1 0.926686 0.552522 0.014337 0.023874
0 0.274112 0.246108 0.007331 0.006020
0 0.326246 0.410629 0.004399 0.009134
0 0.333496 0.410733 0.004236 0.008096
0 0.339769 0.413432 0.004073 0.008096
0 0.350196 0.417065 0.004073 0.008719
0 0.353861 0.417168 0.003584 0.008927
0 0.357608 0.418206 0.004236 0.008927
0 0.361355 0.419763 0.004236 0.008304
0 0.344412 0.393398 0.004236 0.008304
0 0.340828 0.392153 0.005213 0.009965
0 0.320300 0.387170 0.004888 0.009134
0 0.328772 0.380216 0.004236 0.008096
0 0.335614 0.381358 0.004236 0.008304
0 0.345797 0.384472 0.004399 0.008719
0 0.309954 0.353021 0.004399 0.010172
0 0.331949 0.359871 0.004725 0.009757
0 0.335614 0.359664 0.004236 0.008096
0 0.346448 0.361740 0.004073 0.008512
0 0.322825 0.409591 0.004073 0.009134
0 0.319322 0.409072 0.004236 0.009342
0 0.196399 0.613349 0.006680 0.007681
0 0.247882 0.294893 0.003747 0.008512
0 0.274031 0.251505 0.006517 0.005190
0 0.273868 0.255865 0.006517 0.005190
0 0.270609 0.260432 0.007168 0.005605
0 0.278918 0.262196 0.008146 0.005813
0 0.222711 0.280569 0.007820 0.007266
0 0.235174 0.291053 0.007006 0.007058
0 0.240632 0.295723 0.005865 0.005605
0 0.252362 0.294893 0.003584 0.009342
0 0.285028 0.291987 0.003095 0.007681
0 0.257087 0.294478 0.003258 0.008512
0 0.260997 0.292817 0.003258 0.008512
0 0.264744 0.293336 0.003258 0.009134
0 0.269143 0.293336 0.003584 0.009550
0 0.273135 0.293440 0.003095 0.008927
0 0.277045 0.293025 0.003095 0.008512
0 0.281036 0.292921 0.002933 0.007474
1 0.935565 0.560307 0.015152 0.024912
1 0.921962 0.548163 0.014337 0.025119
0 0.333496 0.297177 0.004562 0.009342
1 0.245683 0.158501 0.009123 0.033008
1 0.018491 0.690679 0.016455 0.012041
1 0.065086 0.694935 0.015152 0.009757
1 0.066227 0.700747 0.014500 0.009757
1 0.066960 0.706871 0.013685 0.009550
1 0.070300 0.710920 0.009938 0.006851
1 0.068589 0.717251 0.014011 0.009965
1 0.070218 0.730226 0.014011 0.009342
1 0.144184 0.723583 0.021831 0.011003
1 0.135549 0.714345 0.008798 0.007058
1 0.136608 0.719120 0.009286 0.007474
1 0.095960 0.832780 0.010101 0.031347
1 0.265559 0.832987 0.025090 0.007266
1 0.242587 0.669608 0.004888 0.012663
1 0.227273 0.667013 0.005539 0.012871
1 0.214728 0.664729 0.004562 0.014947
1 0.209596 0.664314 0.005702 0.016608
1 0.204953 0.663587 0.005213 0.014324
1 0.015885 0.685385 0.016781 0.011418
1 0.013359 0.665040 0.015966 0.010172
1 0.052786 0.613349 0.014337 0.008927
1 0.023053 0.533838 0.006354 0.014324
1 0.024682 0.360805 0.015152 0.012041
1 0.048631 0.350426 0.013522 0.009965
1 0.065982 0.343263 0.015314 0.012248
1 0.143939 0.463567 0.005376 0.012456
1 0.153307 0.467822 0.009775 0.011003
1 0.156321 0.472389 0.009612 0.010172
1 0.158032 0.477372 0.009775 0.009342
1 0.113555 0.549616 0.015966 0.010172
1 0.052134 0.608055 0.014337 0.008719
1 0.115510 0.567158 0.013685 0.009134
1 0.120316 0.596014 0.015477 0.009965
1 0.047410 0.578576 0.014337 0.009550
1 0.046514 0.572037 0.014500 0.009757
1 0.049039 0.588541 0.014989 0.009550
1 0.049853 0.594769 0.014989 0.010380
1 0.051645 0.602553 0.012708 0.009757
1 0.189638 0.372639 0.009123 0.007474
1 0.204464 0.232406 0.014011 0.011418
1 0.743891 0.449554 0.013685 0.015570
1 0.209026 0.222960 0.024764 0.016608
1 0.595226 0.546502 0.011241 0.008096
1 0.595064 0.553249 0.013196 0.008719
1 0.593109 0.566431 0.012219 0.007681
1 0.620886 0.655802 0.006843 0.015362
1 0.694852 0.607743 0.025090 0.011003
1 0.581867 0.280154 0.024927 0.011833
1 0.582926 0.274237 0.025090 0.011625
1 0.605653 0.197841 0.009938 0.019514
1 0.578120 0.666286 0.014826 0.009342
1 0.621375 0.720054 0.014989 0.008927
1 0.621945 0.712892 0.013196 0.008304
1 0.619990 0.706249 0.015152 0.009134
1 0.624389 0.700332 0.013522 0.009757
1 0.625611 0.694104 0.013685 0.008927
1 0.627566 0.686734 0.014337 0.009134
1 0.726458 0.656425 0.014011 0.007889
1 0.739329 0.453809 0.014989 0.015777
1 0.595471 0.539859 0.008798 0.007681
1 0.598322 0.533735 0.012545 0.008719
1 0.599381 0.526884 0.012708 0.008719
1 0.574617 0.687876 0.015640 0.010172
1 0.303519 0.250675 0.008146 0.031763
1 0.318182 0.254308 0.008472 0.031555
1 0.325595 0.256280 0.007983 0.033008
1 0.244216 0.194208 0.025090 0.013079
1 0.428234 0.141789 0.024927 0.012041
1 0.510508 0.174279 0.025904 0.013909
1 0.512789 0.189018 0.010264 0.007681
1 0.573721 0.694623 0.014174 0.009965
1 0.599299 0.520448 0.010590 0.008304
1 0.578853 0.659124 0.012708 0.008719
1 0.579097 0.648848 0.011567 0.008927
1 0.584392 0.619576 0.012708 0.009342
1 0.584963 0.612830 0.011567 0.008304
1 0.588710 0.599958 0.014174 0.009134
1 0.604268 0.502491 0.014011 0.009342
1 0.606712 0.511522 0.021831 0.011625
0 0.349870 0.363089 0.004399 0.008719
0 0.338058 0.298526 0.003910 0.007889
0 0.127892 0.472493 0.007494 0.008304
0 0.790893 0.290015 0.006028 0.007889
0 0.834718 0.562383 0.005376 0.007889
0 0.832111 0.559062 0.006028 0.009134
0 0.828772 0.556570 0.005539 0.007474
0 0.826002 0.553768 0.005865 0.008096
0 0.819974 0.548370 0.006191 0.008096
0 0.402004 0.133797 0.007331 0.005605
0 0.397524 0.312020 0.004562 0.009134
0 0.405507 0.314926 0.004562 0.008304
0 0.410068 0.315030 0.004888 0.010588
0 0.756028 0.320739 0.006680 0.009550
0 0.768736 0.334441 0.006680 0.008719
0 0.779488 0.319078 0.007006 0.009550
0 0.774682 0.313369 0.006191 0.008512
0 0.772157 0.309840 0.007006 0.009757
0 0.767025 0.303508 0.006517 0.009550
0 0.777289 0.303093 0.006843 0.008719
0 0.782340 0.308387 0.006517 0.008512
0 0.842701 0.540793 0.006354 0.009550
0 0.839198 0.539028 0.006191 0.009757
0 0.860052 0.557608 0.006517 0.008719
0 0.836592 0.535395 0.006843 0.009965
0 0.769062 0.472389 0.006680 0.009757
0 0.770121 0.501868 0.006191 0.008512
0 0.783154 0.487129 0.006191 0.009757
0 0.792441 0.494291 0.005865 0.009134
0 0.782584 0.513182 0.005376 0.007889
0 0.821848 0.521694 0.006354 0.009550
0 0.833496 0.532697 0.005865 0.009134
0 0.901189 0.597052 0.006028 0.008304
0 0.865754 0.563317 0.005865 0.008927
0 0.870398 0.594872 0.007006 0.009757
0 0.864370 0.590098 0.006028 0.008512
0 0.861437 0.587606 0.005376 0.008096
0 0.858504 0.584700 0.005702 0.008512
0 0.847100 0.573282 0.005702 0.007681
0 0.877729 0.574632 0.006354 0.009550
0 0.874308 0.571933 0.005376 0.008719
0 0.774356 0.299772 0.007494 0.009550
0 0.772239 0.268840 0.006843 0.009134
0 0.695503 0.567366 0.006517 0.005398
0 0.777208 0.261574 0.006680 0.008719
1 0.567937 0.180299 0.013685 0.025535
0 0.661209 0.532489 0.008309 0.007058
0 0.659091 0.545672 0.007983 0.008096
0 0.651515 0.596429 0.008146 0.007058
0 0.715054 0.562176 0.010101 0.008304
0 0.643288 0.646772 0.008309 0.007266
1 0.731183 0.627361 0.014337 0.008719
1 0.730124 0.632863 0.014174 0.008096
0 0.879440 0.603695 0.006843 0.008719
0 0.855898 0.581275 0.006680 0.009965
1 0.834718 0.459518 0.012545 0.018061
0 0.792278 0.252439 0.007820 0.010795
0 0.524275 0.246419 0.005539 0.009134
0 0.503584 0.242267 0.004562 0.008304
0 0.510264 0.244343 0.004888 0.007474
0 0.063376 0.508719 0.005213 0.005190
1 0.579668 0.183309 0.015966 0.027818
1 0.573884 0.180507 0.013522 0.025119
1 0.612985 0.194519 0.017432 0.034046
0 0.794640 0.257318 0.007006 0.009342
0 0.768003 0.250571 0.007494 0.010380
0 0.764093 0.247249 0.007494 0.009965
0 0.807674 0.271435 0.007006 0.009342
0 0.805230 0.268424 0.006680 0.009550
0 0.802786 0.265829 0.007006 0.009342
0 0.800016 0.263234 0.007006 0.009550
0 0.797328 0.260224 0.007168 0.009342
0 0.792766 0.253373 0.007494 0.009757
0 0.045862 0.505294 0.008309 0.006228
0 0.777941 0.234171 0.006843 0.009134
0 0.772809 0.227839 0.006680 0.008927
0 0.111274 0.421528 0.004888 0.008512
0 0.129684 0.416338 0.004888 0.009342
0 0.120479 0.463048 0.007006 0.007681
0 0.145487 0.623521 0.008798 0.006436
0 0.215054 0.609819 0.007820 0.008512
0 0.694852 0.572556 0.006517 0.004567
0 0.730205 0.546294 0.006843 0.008927
0 0.341561 0.299460 0.004073 0.008512
0 0.639052 0.665663 0.006354 0.005190
0 0.527778 0.171891 0.005702 0.009965
0 0.590420 0.188499 0.005539 0.009134
0 0.615184 0.206871 0.005865 0.004360
0 0.614614 0.211231 0.007006 0.005605
0 0.612007 0.225763 0.006680 0.004775
0 0.564190 0.287627 0.003258 0.006020
0 0.567530 0.411667 0.004073 0.008304
0 0.589280 0.416961 0.004236 0.009342
0 0.596123 0.418518 0.003910 0.008304
0 0.603047 0.419660 0.004073 0.008512
0 0.606875 0.421113 0.004562 0.009757
0 0.610704 0.422566 0.004725 0.009342
0 0.575758 0.432946 0.003910 0.010588
0 0.582519 0.435956 0.003747 0.007889
0 0.589687 0.437721 0.004073 0.008512
0 0.596856 0.439070 0.004073 0.008304
0 0.604676 0.440627 0.004399 0.008512
0 0.509775 0.202823 0.006517 0.004982
0 0.469616 0.207598 0.006354 0.005398
0 0.468882 0.211958 0.006517 0.005398
0 0.373900 0.307141 0.003910 0.008512
0 0.345715 0.299772 0.003910 0.007474
0 0.349625 0.300913 0.004562 0.009342
0 0.353454 0.302055 0.004399 0.008719
0 0.357771 0.303093 0.004888 0.009134
0 0.361681 0.304131 0.004562 0.009134
0 0.365754 0.304027 0.003910 0.008512
0 0.369583 0.305377 0.004725 0.009134
0 0.377647 0.307453 0.003910 0.009550
0 0.467498 0.221403 0.006028 0.009342
0 0.381802 0.308698 0.004073 0.009134
0 0.385549 0.308698 0.004073 0.009134
0 0.389703 0.309840 0.004562 0.009342
0 0.296188 0.105564 0.006517 0.004775
0 0.350440 0.122275 0.006843 0.004982
0 0.378218 0.130268 0.006354 0.004360
0 0.503747 0.298734 0.005213 0.009134
0 0.625041 0.642516 0.007331 0.006228
0 0.641659 0.651339 0.007006 0.005605
0 0.727517 0.543077 0.006680 0.009134
0 0.645080 0.628296 0.006680 0.005190
0 0.643776 0.524081 0.007331 0.004775
0 0.662023 0.522628 0.005376 0.004360
0 0.644998 0.518476 0.006517 0.005605
0 0.663490 0.514013 0.006680 0.004982
0 0.664141 0.505294 0.007006 0.005398
0 0.665608 0.500623 0.007006 0.005605
0 0.667155 0.491800 0.007168 0.004982
0 0.667481 0.482562 0.006191 0.004360
0 0.646872 0.500934 0.006028 0.004982
0 0.692082 0.493876 0.006843 0.005813
0 0.695015 0.506124 0.007168 0.009550
0 0.697866 0.509653 0.007331 0.009134
0 0.700310 0.513390 0.006354 0.008304
0 0.702672 0.516712 0.006843 0.009134
0 0.714728 0.530206 0.006517 0.009550
0 0.718149 0.534254 0.005539 0.007266
0 0.724096 0.540793 0.007331 0.010380
0 0.641414 0.537264 0.006517 0.004567
0 0.659743 0.537264 0.006354 0.004567
0 0.641007 0.542350 0.007006 0.004360
0 0.634164 0.592589 0.005376 0.005190
0 0.645976 0.624663 0.007820 0.005398
0 0.646790 0.619265 0.007820 0.005398
0 0.646953 0.614802 0.007168 0.004775
0 0.649234 0.605667 0.007494 0.005190
0 0.650130 0.601619 0.006354 0.004982
0 0.631883 0.605979 0.006354 0.004152
0 0.632209 0.601308 0.006680 0.004775
0 0.635305 0.582728 0.006680 0.004567
0 0.657217 0.551069 0.006517 0.003944
0 0.651678 0.587503 0.006191 0.004567
0 0.652167 0.582935 0.005213 0.003737
0 0.653552 0.578680 0.006680 0.005605
0 0.655344 0.568819 0.006680 0.004982
0 0.654529 0.564459 0.007331 0.005813
0 0.638889 0.560203 0.007006 0.004775
0 0.639133 0.553145 0.006843 0.005190
1 0.021261 0.313888 0.007657 0.014947
