1 0.718050 0.894612 0.062656 0.050431
1 0.890871 0.253017 0.051452 0.047414
1 0.876971 0.855819 0.048548 0.056466
1 0.888797 0.868534 0.046473 0.056034
1 0.766598 0.954741 0.062656 0.027586
1 0.835062 0.817888 0.046058 0.054741
1 0.848548 0.831466 0.047303 0.057759
1 0.780290 0.789009 0.044398 0.055603
1 0.766390 0.780388 0.045643 0.058190
1 0.787967 0.337931 0.043154 0.056897
1 0.440456 0.387500 0.041909 0.059483
1 0.334440 0.601078 0.048133 0.054741
1 0.412033 0.550862 0.042324 0.056897
1 0.380290 0.582759 0.046888 0.056897
1 0.360581 0.580603 0.047303 0.057759
1 0.340041 0.526078 0.046888 0.057328
1 0.290041 0.540517 0.055602 0.044828
1 0.285477 0.557328 0.050622 0.046552
1 0.404979 0.398922 0.045643 0.058190
1 0.335270 0.399784 0.042324 0.061638
1 0.322199 0.406250 0.042739 0.059052
1 0.305394 0.407328 0.039004 0.061207
1 0.287552 0.414655 0.041494 0.060345
1 0.237759 0.421121 0.035685 0.061207
1 0.223859 0.432112 0.040249 0.062500
1 0.206224 0.440086 0.034855 0.061207
1 0.187137 0.441810 0.036515 0.062931
1 0.155809 0.448922 0.018672 0.065086
1 0.141701 0.460345 0.014523 0.058621
1 0.880498 0.265302 0.051452 0.047845
1 0.898755 0.242672 0.051452 0.047414
0 0.130913 0.989871 0.010373 0.018534
1 0.918465 0.220905 0.048548 0.042672
0 0.128423 0.970259 0.008714 0.017241
0 0.099793 0.983190 0.008714 0.018966
0 0.094191 0.922629 0.008299 0.019397
0 0.125104 0.930603 0.008714 0.016379
0 0.079046 0.842026 0.009544 0.015948
0 0.058921 0.861638 0.015768 0.010345
0 0.119710 0.878879 0.008714 0.014655
0 0.211826 0.745259 0.017842 0.012069
0 0.229461 0.737500 0.017427 0.012931
0 0.193983 0.742026 0.019502 0.015086
0 0.171162 0.761207 0.018672 0.012931
0 0.113485 0.812500 0.008714 0.016379
0 0.112241 0.795474 0.009544 0.016810
0 0.106017 0.749784 0.008714 0.016810
0 0.061203 0.746552 0.017842 0.011207
0 0.105394 0.728448 0.008299 0.012931
0 0.100622 0.678233 0.010373 0.018534
0 0.098755 0.660129 0.009959 0.018534
0 0.097510 0.639224 0.009129 0.016379
0 0.121992 0.575216 0.009129 0.016810
0 0.132573 0.571552 0.009544 0.016379
0 0.142116 0.569397 0.010373 0.017241
0 0.151037 0.568319 0.008299 0.014224
0 0.169917 0.564440 0.008714 0.016810
0 0.181120 0.561853 0.007884 0.015086
0 0.191079 0.560345 0.009544 0.017241
0 0.205809 0.559698 0.010788 0.015086
1 0.124066 0.456681 0.018257 0.072845
