0 0.981073 0.107212 0.009567 0.020813
0 0.951539 0.160213 0.008735 0.019361
0 0.783902 0.265731 0.007903 0.015489
0 0.773295 0.265973 0.009983 0.017909
0 0.762271 0.266699 0.009567 0.015489
0 0.752080 0.267183 0.007488 0.016457
0 0.742304 0.268393 0.007903 0.016941
0 0.734193 0.269119 0.008319 0.018393
0 0.724002 0.271055 0.009567 0.013553
0 0.709443 0.244192 0.011231 0.017909
0 0.713394 0.271781 0.009151 0.016941
0 0.994800 0.942885 0.010399 0.006776
0 0.991473 0.895692 0.015391 0.010165
0 0.989393 0.887948 0.014559 0.010165
0 0.948211 0.814376 0.009567 0.018877
0 0.939684 0.815344 0.010815 0.017909
0 0.917429 0.817522 0.008735 0.018393
1 0.537854 0.431026 0.018303 0.014037
0 0.794717 0.265489 0.011231 0.015005
0 0.799085 0.244192 0.009983 0.017909
0 0.787646 0.247096 0.007903 0.016941
0 0.755616 0.169652 0.011231 0.019845
0 0.942388 0.166021 0.008735 0.015489
0 0.982529 0.160697 0.009983 0.020329
0 0.972338 0.160455 0.008735 0.017909
0 0.917013 0.163117 0.011231 0.019361
0 0.907654 0.161423 0.010815 0.017909
0 0.832363 0.207890 0.009151 0.017909
0 0.798877 0.199177 0.017887 0.010165
0 0.799709 0.213698 0.016223 0.011133
0 0.746880 0.171346 0.008735 0.017425
0 0.779950 0.243708 0.008319 0.018877
0 0.737521 0.170378 0.009983 0.017425
0 0.727537 0.170378 0.008319 0.015489
0 0.716930 0.172072 0.010399 0.020813
0 0.735649 0.243950 0.008735 0.018393
0 0.743968 0.242982 0.007903 0.018393
0 0.752912 0.242740 0.009151 0.016941
0 0.761439 0.244192 0.008735 0.017909
0 0.769759 0.243708 0.007072 0.016941
