0 0.974097 0.122650 0.006135 0.009402
0 0.974097 0.919516 0.006135 0.011681
1 0.589639 0.841311 0.006135 0.007977
1 0.595603 0.840171 0.006476 0.007977
1 0.660532 0.838177 0.007498 0.010826
1 0.676040 0.837892 0.006476 0.009117
1 0.648432 0.839031 0.007157 0.009117
0 0.804363 0.833191 0.008180 0.009972
0 0.936946 0.926923 0.011588 0.005983
0 0.980402 0.918946 0.005794 0.010541
0 0.698705 0.300997 0.007498 0.010541
0 0.986708 0.919373 0.007498 0.011966
1 0.953306 0.979915 0.006817 0.011681
0 0.961997 0.919658 0.007157 0.009687
0 0.955010 0.920228 0.006135 0.010826
0 0.662577 0.301567 0.006817 0.011111
0 0.678766 0.303276 0.006476 0.009972
0 0.685583 0.303276 0.005794 0.010541
1 0.583163 0.840741 0.006817 0.007977
1 0.847989 0.833191 0.006135 0.009402
1 0.580095 0.928775 0.007498 0.010826
1 0.513974 0.881197 0.010225 0.005128
1 0.549421 0.306553 0.006135 0.011396
1 0.556919 0.305556 0.007498 0.009972
1 0.582822 0.304416 0.008180 0.013390
1 0.605658 0.302137 0.007498 0.015100
1 0.525562 0.301282 0.012952 0.007692
1 0.635310 0.926923 0.007498 0.011111
1 0.649625 0.927208 0.008180 0.011111
1 0.512781 0.891595 0.011247 0.006553
0 0.692399 0.300712 0.007157 0.009972
1 0.706033 0.301994 0.005794 0.010826
0 0.895876 0.066097 0.005794 0.009687
0 0.981084 0.121083 0.007157 0.011396
0 0.877982 0.133333 0.011588 0.006268
0 0.947682 0.150427 0.007157 0.012536
0 0.973756 0.150285 0.012952 0.012821
0 0.987730 0.154986 0.009543 0.009117
0 0.979721 0.144160 0.007157 0.008547
0 0.986878 0.144160 0.005794 0.009117
0 0.993354 0.144017 0.006476 0.009402
0 0.987048 0.122934 0.004772 0.008832
1 0.736026 0.121083 0.006476 0.010826
0 0.993524 0.121510 0.007498 0.010541
0 0.987560 0.163533 0.013974 0.011966
0 0.945297 0.107550 0.007839 0.011681
0 0.944444 0.094729 0.007498 0.012251
0 0.965917 0.078063 0.006817 0.011966
0 0.969496 0.060256 0.008521 0.014530
0 0.902011 0.074644 0.006476 0.010256
0 0.848500 0.120655 0.006476 0.010541
0 0.748978 0.113818 0.006476 0.008262
0 0.748296 0.124074 0.006476 0.009402
0 0.741990 0.114103 0.005453 0.007692
1 0.728528 0.117521 0.007839 0.010541
0 0.550443 0.218946 0.007498 0.010541
0 0.557771 0.219088 0.006476 0.009687
0 0.595944 0.218519 0.007157 0.008547
0 0.630027 0.216097 0.007157 0.010541
1 0.768916 0.170940 0.014997 0.005128
1 0.768064 0.164530 0.014656 0.006553
1 0.768916 0.157265 0.015678 0.006268
1 0.759202 0.148148 0.023517 0.007977
1 0.835890 0.121368 0.009884 0.013675
1 0.809816 0.082051 0.019768 0.017664
1 0.854806 0.092023 0.019768 0.007407
1 0.741990 0.101282 0.008180 0.013390
1 0.712168 0.049573 0.018064 0.024501
0 0.735685 0.103989 0.007839 0.011396
