0 0.852607 0.065647 0.026070 0.028777
0 0.971591 0.034173 0.024733 0.026978
0 0.927473 0.469424 0.010027 0.021583
0 0.988636 0.472122 0.010695 0.025180
1 0.940508 0.469424 0.009358 0.025180
1 0.952540 0.467626 0.010695 0.028777
0 0.855949 0.260342 0.023396 0.029676
0 0.809158 0.047662 0.023396 0.026978
0 0.851604 0.045414 0.024064 0.027878
0 0.851270 0.083633 0.026070 0.030576
0 0.813503 0.158723 0.024064 0.026079
0 0.855281 0.161421 0.024733 0.029676
0 0.814171 0.199191 0.022727 0.024281
0 0.811163 0.085881 0.023396 0.026079
0 0.810160 0.126799 0.024064 0.026978
0 0.853275 0.105665 0.023396 0.027878
0 0.812834 0.182104 0.022727 0.024281
0 0.854612 0.182554 0.018048 0.023381
0 0.855615 0.202788 0.024064 0.027878
0 0.855949 0.221223 0.024733 0.026978
0 0.855949 0.239658 0.024733 0.026079
0 0.814171 0.219874 0.018717 0.022482
0 0.813837 0.242356 0.020722 0.024281
0 0.816511 0.258993 0.022059 0.025180
0 0.979947 0.047662 0.020053 0.023381
0 0.964572 0.022932 0.025401 0.026079
0 0.800468 0.447842 0.024733 0.016187
