0 0.818790 0.913338 0.019745 0.004019
0 0.509554 0.935695 0.019108 0.003517
0 0.670064 0.986059 0.014013 0.007787
0 0.635032 0.978523 0.019108 0.008792
0 0.650955 0.977644 0.017834 0.010048
0 0.668471 0.976765 0.021019 0.009797
0 0.680573 0.977518 0.017197 0.007787
0 0.693949 0.977016 0.019745 0.008792
0 0.708599 0.977393 0.018471 0.009545
0 0.722293 0.976639 0.017834 0.008541
0 0.725478 0.985933 0.012739 0.006029
0 0.739809 0.984175 0.018471 0.010048
0 0.756688 0.956544 0.024204 0.008038
0 0.753185 0.950138 0.022293 0.007787
0 0.818790 0.947124 0.024841 0.004773
0 0.781529 0.930922 0.019108 0.003014
0 0.776433 0.918739 0.021656 0.003768
0 0.750000 0.924516 0.022293 0.006782
0 0.775478 0.911580 0.022293 0.004521
0 0.746178 0.904170 0.023567 0.007787
0 0.817834 0.917860 0.020382 0.003517
0 0.820064 0.922381 0.023567 0.003517
0 0.915605 0.922633 0.029936 0.006029
0 0.905414 0.901658 0.021019 0.004270
0 0.807325 0.857825 0.021019 0.004019
0 0.612739 0.986938 0.015287 0.008038
0 0.503822 0.890605 0.028025 0.004773
0 0.894904 0.788872 0.011465 0.006280
0 0.485350 0.061166 0.012739 0.008289
0 0.507006 0.060914 0.012739 0.008289
0 0.516879 0.060789 0.012102 0.008038
0 0.527389 0.061417 0.011465 0.008792
0 0.566561 0.061040 0.013376 0.008541
0 0.477389 0.253705 0.024841 0.003517
0 0.428025 0.377167 0.012739 0.008289
0 0.438217 0.376539 0.010191 0.009043
0 0.462739 0.376664 0.012102 0.008792
0 0.472930 0.375408 0.009554 0.006782
0 0.485032 0.375031 0.013376 0.009043
0 0.502866 0.375534 0.012102 0.010048
0 0.514650 0.375659 0.012739 0.009294
0 0.534076 0.376539 0.013376 0.009545
0 0.459873 0.393620 0.011465 0.008541
0 0.582484 0.392615 0.013376 0.008541
0 0.569745 0.392489 0.009554 0.007285
0 0.412739 0.403793 0.025478 0.003768
0 0.242675 0.584903 0.019108 0.009294
0 0.329936 0.607008 0.021656 0.003768
0 0.808599 0.849661 0.026115 0.004773
0 0.791401 0.718789 0.027389 0.010801
0 0.748089 0.682115 0.017197 0.009797
0 0.677070 0.172444 0.016561 0.003266
0 0.736624 0.174956 0.022293 0.003768
0 0.738854 0.184125 0.021656 0.004019
0 0.733439 0.143934 0.019745 0.004019
0 0.733121 0.130620 0.022930 0.004521
0 0.730892 0.121703 0.021019 0.004270
0 0.640764 0.061542 0.011465 0.007033
0 0.607962 0.060538 0.014650 0.009043
0 0.958599 0.233861 0.025478 0.007536
0 0.940446 0.245541 0.022293 0.007285
0 0.935350 0.249686 0.019745 0.006531
0 0.929618 0.253077 0.026115 0.007285
0 0.927389 0.256971 0.026752 0.008541
0 0.921656 0.260864 0.024204 0.007285
0 0.917834 0.264506 0.029299 0.008541
0 0.910828 0.268777 0.025478 0.008541
0 0.944586 0.550741 0.022930 0.007285
0 0.959236 0.598468 0.012739 0.008289
0 0.943949 0.578372 0.011465 0.006782
0 0.960828 0.850791 0.026115 0.003517
0 0.962102 0.966968 0.018471 0.008792
0 0.951592 0.965461 0.017834 0.007787
0 0.453185 0.691535 0.023567 0.003014
0 0.737580 0.166541 0.020382 0.003517
0 0.677389 0.176840 0.017197 0.003014
0 0.804140 0.704094 0.028662 0.007536
0 0.676115 0.181110 0.021019 0.003517
0 0.793949 0.696307 0.027389 0.007033
0 0.786943 0.692414 0.024841 0.008289
0 0.770382 0.680733 0.028662 0.007033
0 0.690127 0.656745 0.022293 0.003266
0 0.690764 0.651218 0.024841 0.003266
0 0.695860 0.601859 0.022293 0.004521
0 0.740446 0.529892 0.013376 0.008792
0 0.921338 0.482793 0.022293 0.006029
0 0.729299 0.484803 0.012739 0.008541
0 0.692994 0.510048 0.026752 0.004270
0 0.678981 0.467722 0.025478 0.004019
0 0.677707 0.462949 0.026752 0.004019
0 0.677389 0.458930 0.021019 0.003517
0 0.671975 0.433434 0.020382 0.003266
0 0.671338 0.428661 0.021656 0.003266
0 0.671656 0.424893 0.022293 0.004270
0 0.669745 0.416855 0.022293 0.003768
0 0.669427 0.405300 0.021656 0.003266
0 0.667834 0.400904 0.022293 0.003517
0 0.667834 0.397136 0.022293 0.003517
0 0.667516 0.392992 0.022930 0.003768
0 0.678025 0.194298 0.021019 0.003768
0 0.676752 0.185757 0.023567 0.003768
