0 0.373724 0.310548 0.008929 0.008601
0 0.342474 0.220462 0.012117 0.007696
0 0.321429 0.232684 0.010204 0.008601
0 0.348214 0.281010 0.007653 0.007922
0 0.342315 0.279312 0.008610 0.009054
0 0.365115 0.287460 0.009566 0.008148
0 0.408004 0.278520 0.012436 0.006111
0 0.414062 0.297986 0.007972 0.007469
0 0.403061 0.318809 0.008929 0.008828
0 0.439732 0.331824 0.012755 0.006790
0 0.350765 0.316320 0.009566 0.009733
0 0.391422 0.315527 0.009885 0.009507
0 0.434949 0.339860 0.014668 0.007469
0 0.333386 0.334088 0.009885 0.009959
0 0.363680 0.341444 0.007334 0.007922
0 0.374362 0.345292 0.007653 0.008375
0 0.392857 0.349366 0.008929 0.008828
0 0.399872 0.350045 0.009566 0.009280
0 0.404974 0.352761 0.008929 0.008828
0 0.354273 0.282368 0.008291 0.008828
0 0.504943 0.310208 0.012436 0.008375
0 0.366550 0.428248 0.009885 0.009054
0 0.359056 0.438207 0.010204 0.009507
0 0.435746 0.334880 0.012436 0.007017
0 0.380899 0.346197 0.008610 0.009280
0 0.425223 0.424400 0.012436 0.008601
0 0.321269 0.232798 0.009885 0.008375
0 0.126754 0.041874 0.007972 0.008148
0 0.106186 0.043345 0.012117 0.008375
0 0.093909 0.055681 0.011798 0.008148
0 0.066327 0.213898 0.012755 0.008601
0 0.064573 0.197601 0.010523 0.008148
0 0.067602 0.174400 0.010204 0.007017
0 0.209821 0.201788 0.011480 0.005659
0 0.208705 0.206768 0.011161 0.005659
0 0.342474 0.220462 0.011480 0.007696
0 0.330995 0.226913 0.010842 0.007469
0 0.315529 0.242644 0.011161 0.009507
0 0.357143 0.340652 0.008291 0.008601
0 0.331154 0.227026 0.010523 0.007243
0 0.315689 0.242078 0.011480 0.009733
0 0.389828 0.291535 0.009247 0.009054
0 0.396205 0.293572 0.007972 0.008148
0 0.407685 0.296175 0.007334 0.007469
0 0.408163 0.282820 0.012755 0.006564
0 0.386639 0.324581 0.009247 0.009959
0 0.368463 0.319602 0.008610 0.008601
0 0.326371 0.332956 0.008610 0.009054
0 0.401467 0.439000 0.012117 0.009280
0 0.437181 0.398710 0.012117 0.008375
0 0.378189 0.454391 0.011480 0.008828
0 0.368622 0.460729 0.010842 0.007922
0 0.364477 0.464237 0.010204 0.008601
0 0.349171 0.475894 0.010842 0.007922
0 0.411033 0.433567 0.011480 0.008828
0 0.401148 0.439113 0.012117 0.009507
0 0.397162 0.442395 0.010523 0.007469
0 0.392219 0.445564 0.012755 0.009280
0 0.432717 0.394409 0.012117 0.008375
0 0.427615 0.391127 0.014668 0.009054
0 0.400351 0.394409 0.011161 0.007922
0 0.438776 0.415573 0.012117 0.009054
0 0.434630 0.418515 0.010204 0.007696
0 0.429369 0.421344 0.012436 0.008828
0 0.420440 0.427456 0.011798 0.008828
0 0.411033 0.433567 0.011480 0.009280
0 0.116390 0.523314 0.014031 0.008148
0 0.142538 0.547986 0.012117 0.004074
0 0.339445 0.482005 0.012436 0.008828
0 0.359375 0.438207 0.010842 0.009507
0 0.381378 0.450543 0.011480 0.008375
0 0.354911 0.469670 0.011480 0.008601
0 0.084662 0.016863 0.009885 0.008375
