0 0.930681 0.949379 0.015484 0.018640
0 0.644761 0.023575 0.015484 0.016447
1 0.498019 0.491411 0.034570 0.030336
1 0.534570 0.472405 0.033489 0.031798
1 0.530969 0.511148 0.045013 0.040570
1 0.538711 0.523392 0.045373 0.043860
1 0.541051 0.543129 0.034210 0.032895
1 0.565538 0.560124 0.039971 0.037646
1 0.580122 0.582785 0.038891 0.038377
1 0.616853 0.637244 0.028808 0.032529
1 0.623154 0.629751 0.028448 0.032164
1 0.630717 0.624635 0.029168 0.032164
1 0.650522 0.603984 0.029888 0.035453
1 0.670148 0.588999 0.029528 0.033260
1 0.679150 0.581506 0.030248 0.033626
1 0.573821 0.461623 0.032769 0.035819
1 0.679330 0.406615 0.033489 0.031067
0 0.537991 0.327120 0.016565 0.017544
0 0.536010 0.212354 0.017645 0.016082
1 0.491898 0.483370 0.034570 0.029605
1 0.517105 0.449744 0.036010 0.033991
1 0.474253 0.457968 0.036730 0.032895
1 0.385308 0.354167 0.036010 0.032895
0 0.305906 0.605994 0.016925 0.019006
0 0.344797 0.464730 0.017645 0.015716
0 0.334714 0.453582 0.016205 0.015351
1 0.326431 0.198648 0.030609 0.023026
0 0.477854 0.226791 0.017285 0.014985
0 0.536370 0.178180 0.018365 0.017909
1 0.425819 0.295322 0.035650 0.032895
1 0.398452 0.368969 0.036370 0.033260
1 0.492798 0.428911 0.036370 0.033260
1 0.404933 0.377376 0.034930 0.033991
1 0.469752 0.323282 0.037090 0.033991
1 0.490457 0.358735 0.036730 0.034722
1 0.441484 0.421235 0.036730 0.034722
1 0.448145 0.428728 0.034930 0.033626
1 0.481095 0.405154 0.036730 0.033991
1 0.460569 0.441338 0.036010 0.032529
0 0.599208 0.161915 0.018005 0.016813
1 0.651602 0.227705 0.036370 0.035088
0 0.371264 0.611842 0.016565 0.015351
1 0.693734 0.242690 0.016205 0.035819
0 0.664386 0.462719 0.015124 0.016813
0 0.671408 0.458882 0.014764 0.016447
0 0.680771 0.470760 0.014764 0.016813
0 0.675549 0.452668 0.015124 0.015716
0 0.684912 0.464730 0.013684 0.015716
0 0.681491 0.447734 0.015484 0.016813
0 0.691033 0.460161 0.015124 0.017544
0 0.687793 0.442434 0.015124 0.016447
0 0.697875 0.455409 0.015844 0.018275
0 0.693194 0.437317 0.014404 0.016447
0 0.703457 0.449561 0.016205 0.018275
0 0.699136 0.432566 0.016925 0.017909
0 0.709399 0.445175 0.015844 0.017544
0 0.705438 0.427632 0.015124 0.016813
0 0.714800 0.439693 0.015124 0.016813
0 0.711559 0.422697 0.016565 0.017909
0 0.721102 0.435307 0.014764 0.016813
0 0.674109 0.475512 0.015844 0.017544
0 0.667627 0.480446 0.016565 0.017909
0 0.658624 0.467836 0.014404 0.015351
0 0.623335 0.500183 0.014404 0.016447
1 0.659885 0.248721 0.033489 0.030336
0 0.666187 0.230994 0.017285 0.017544
0 0.657184 0.264985 0.018725 0.018275
1 0.670868 0.262975 0.030969 0.028874
1 0.695895 0.316886 0.030609 0.035088
0 0.636118 0.526133 0.017645 0.013523
0 0.654843 0.538012 0.015484 0.017544
0 0.629456 0.494335 0.012964 0.014254
0 0.661865 0.486659 0.015844 0.017909
0 0.638639 0.506579 0.015484 0.016813
0 0.635038 0.489401 0.015484 0.017544
0 0.645301 0.502193 0.015124 0.016813
0 0.640259 0.483918 0.014404 0.016813
0 0.646561 0.479167 0.014764 0.016813
0 0.656104 0.492325 0.015124 0.017544
0 0.652503 0.473684 0.014404 0.016082
0 0.275477 0.628107 0.017285 0.019371
0 0.300144 0.659722 0.023407 0.021930
0 0.793482 0.514254 0.015484 0.013889
0 0.031329 0.662281 0.010083 0.018275
1 0.084624 0.415205 0.035290 0.019737
1 0.118473 0.405702 0.025207 0.014620
0 0.210119 0.317982 0.019085 0.016813
0 0.123515 0.487208 0.015844 0.016082
1 0.215340 0.454313 0.030248 0.024854
0 0.191033 0.451937 0.014764 0.012792
1 0.089485 0.473501 0.045013 0.050804
1 0.116133 0.504569 0.018365 0.017909
0 0.062658 0.487573 0.014404 0.016813
0 0.026647 0.508589 0.010083 0.016447
0 0.009363 0.504203 0.010803 0.015716
0 0.012784 0.519920 0.010443 0.016447
0 0.016745 0.535636 0.009723 0.016447
0 0.021246 0.550073 0.010803 0.016082
0 0.023947 0.566155 0.010443 0.016082
0 0.042492 0.580958 0.011523 0.018640
0 0.034750 0.609101 0.009723 0.015716
0 0.029348 0.423063 0.016205 0.009868
0 0.028268 0.407346 0.019806 0.010599
1 0.216961 0.255300 0.033489 0.023757
0 0.192114 0.045687 0.017645 0.012427
1 0.101188 0.232091 0.033129 0.021199
1 0.096867 0.246162 0.032409 0.021564
1 0.063738 0.250000 0.016565 0.027047
1 0.053475 0.255482 0.017645 0.032164
0 0.037631 0.253655 0.016925 0.016082
0 0.040511 0.272844 0.014044 0.015716
1 0.177710 0.273940 0.031329 0.023757
1 0.148181 0.289474 0.031329 0.022661
1 0.116853 0.307018 0.031329 0.022661
1 0.085164 0.322734 0.032049 0.021930
1 0.054375 0.336257 0.030969 0.021199
1 0.269896 0.286367 0.019806 0.017178
1 0.134138 0.321272 0.031329 0.021930
0 0.058696 0.645651 0.010803 0.017909
0 0.071660 0.689327 0.010803 0.016082
0 0.334894 0.686769 0.015844 0.015351
1 0.116673 0.691155 0.019445 0.021930
1 0.272416 0.747990 0.029168 0.029605
1 0.330573 0.760965 0.021606 0.023392
0 0.347857 0.757675 0.012964 0.016813
1 0.337414 0.824379 0.028088 0.032529
1 0.327512 0.831689 0.028448 0.031798
1 0.319589 0.839181 0.029168 0.031433
1 0.312928 0.848319 0.023046 0.023392
1 0.301584 0.850146 0.032769 0.038012
1 0.293662 0.858187 0.033489 0.035819
1 0.288081 0.869152 0.025927 0.027047
1 0.179690 0.985197 0.024487 0.029605
0 0.113792 0.968567 0.012243 0.019006
0 0.109111 0.987573 0.009363 0.015351
0 0.093086 0.976243 0.009723 0.016082
0 0.387108 0.687865 0.015124 0.013158
0 0.410875 0.707237 0.015844 0.014620
0 0.375225 0.674890 0.017285 0.017178
1 0.261793 0.752558 0.030248 0.032895
1 0.228484 0.780154 0.032049 0.034722
1 0.277278 0.873173 0.033129 0.035088
0 0.137198 0.815058 0.018005 0.016082
0 0.026467 0.683662 0.010443 0.017178
0 0.018725 0.713816 0.010083 0.015351
0 0.103889 0.728801 0.016205 0.010965
0 0.106950 0.737208 0.017285 0.010965
0 0.110731 0.754203 0.015484 0.010599
0 0.122794 0.795322 0.015844 0.013158
0 0.109291 0.817800 0.011883 0.015716
1 0.154663 0.838816 0.018365 0.021199
1 0.241448 0.886148 0.014764 0.029605
1 0.236946 0.838268 0.014404 0.016447
0 0.110191 0.907895 0.010083 0.016082
1 0.101008 0.943531 0.011883 0.018640
0 0.119553 0.942617 0.012243 0.019006
1 0.197695 0.887061 0.011523 0.020468
1 0.218941 0.885234 0.012964 0.027778
1 0.230284 0.884868 0.012604 0.027047
0 0.716601 0.417215 0.015844 0.017178
0 0.727224 0.430738 0.015484 0.017909
0 0.723263 0.412463 0.016205 0.017909
0 0.881887 0.274671 0.016565 0.016447
1 0.844436 0.978801 0.013684 0.016082
1 0.904213 0.927266 0.015124 0.016082
1 0.909255 0.917946 0.015124 0.017178
1 0.921318 0.907164 0.016205 0.017544
1 0.926359 0.900768 0.013324 0.014254
1 0.857940 0.440241 0.031329 0.031798
1 0.866042 0.433297 0.030969 0.032529
1 0.873785 0.425621 0.033489 0.031798
1 0.861901 0.353070 0.032769 0.030702
1 0.867843 0.345577 0.030969 0.029605
1 0.875405 0.338268 0.034570 0.031798
1 0.907994 0.344115 0.036370 0.033991
0 0.866042 0.311221 0.013684 0.014254
0 0.858660 0.307566 0.014764 0.014985
0 0.849838 0.315058 0.015844 0.014620
0 0.852179 0.300621 0.020526 0.019371
0 0.896471 0.294408 0.019806 0.021564
1 0.731005 0.966009 0.015124 0.018275
1 0.716241 0.030154 0.030969 0.028874
1 0.783940 0.320724 0.030969 0.033991
0 0.818689 0.465461 0.016205 0.017909
0 0.777818 0.501827 0.015124 0.016813
0 0.783759 0.496345 0.014044 0.016082
0 0.789881 0.491228 0.016205 0.016813
0 0.795283 0.487025 0.016205 0.017909
0 0.800504 0.480811 0.015124 0.016447
0 0.807346 0.476974 0.016565 0.017544
0 0.812387 0.471126 0.014404 0.016082
0 0.824631 0.460161 0.017285 0.018275
1 0.743428 0.326572 0.032049 0.035453
0 0.823190 0.444993 0.017285 0.014985
0 0.831473 0.455592 0.015844 0.017178
0 0.837234 0.436221 0.016565 0.015716
0 0.837775 0.451389 0.014764 0.016082
0 0.843176 0.445906 0.014764 0.016082
0 0.848398 0.441338 0.013684 0.014254
1 0.774217 0.532164 0.023767 0.022661
0 0.886748 0.280885 0.021246 0.020833
0 0.872344 0.263523 0.021966 0.019737
0 0.733345 0.425256 0.016205 0.017178
0 0.867483 0.257493 0.018005 0.015716
0 0.568419 0.184211 0.013324 0.011696
0 0.580483 0.174159 0.016565 0.014985
0 0.933021 0.080958 0.014404 0.012792
1 0.959669 0.165753 0.024487 0.032529
1 0.938603 0.155336 0.027728 0.032164
1 0.949226 0.161184 0.025927 0.032895
0 0.824091 0.210526 0.018365 0.017544
0 0.861901 0.251096 0.021966 0.019737
0 0.856320 0.244883 0.021606 0.019737
0 0.851098 0.238304 0.019806 0.017544
0 0.844977 0.233918 0.014764 0.014620
0 0.841196 0.226974 0.017285 0.016082
0 0.834894 0.221491 0.023407 0.021199
0 0.830212 0.215278 0.019806 0.018275
0 0.821030 0.202303 0.020886 0.019371
1 0.926359 0.150585 0.023407 0.032895
0 0.786100 0.111294 0.012964 0.020102
0 0.838315 0.072551 0.018005 0.015716
0 0.842636 0.078399 0.018005 0.015716
0 0.846237 0.085892 0.015124 0.013158
0 0.850738 0.091923 0.016205 0.014985
0 0.856140 0.098319 0.019085 0.016082
1 0.897371 0.134137 0.024487 0.033626
0 0.770436 0.505117 0.016205 0.018275
0 0.765394 0.511696 0.015484 0.018275
0 0.759093 0.516265 0.015844 0.017909
0 0.753151 0.520102 0.016925 0.019006
0 0.684192 0.512427 0.015844 0.017544
0 0.696255 0.523392 0.016205 0.017544
0 0.689413 0.506396 0.014044 0.015716
0 0.694634 0.500731 0.015844 0.017544
0 0.705618 0.513341 0.015484 0.017909
0 0.701296 0.495980 0.016205 0.018275
0 0.712279 0.509137 0.016565 0.018275
0 0.707238 0.491228 0.014404 0.016813
0 0.717501 0.503655 0.014764 0.016082
0 0.712820 0.485928 0.016205 0.017178
0 0.723443 0.498538 0.014404 0.016813
0 0.718941 0.480994 0.014764 0.016813
0 0.728844 0.493604 0.015844 0.017909
0 0.726143 0.477339 0.016205 0.019006
0 0.736406 0.490314 0.015844 0.017178
0 0.732085 0.472588 0.016565 0.017544
0 0.743248 0.485197 0.015124 0.017178
0 0.688693 0.529057 0.016205 0.017909
0 0.678790 0.517178 0.014404 0.015351
0 0.682571 0.534174 0.015484 0.017178
0 0.757292 0.403874 0.015124 0.016082
0 0.728844 0.406615 0.016565 0.017178
0 0.739827 0.420687 0.014764 0.016813
0 0.734966 0.401681 0.016565 0.018275
0 0.745229 0.414839 0.014764 0.017544
0 0.741088 0.397478 0.014404 0.015716
0 0.750450 0.408808 0.015844 0.017178
0 0.746849 0.391813 0.014404 0.016082
0 0.763954 0.399488 0.015484 0.016082
0 0.672308 0.521199 0.014404 0.016082
0 0.754771 0.387792 0.014404 0.016082
0 0.759993 0.382127 0.013324 0.014985
0 0.768815 0.392909 0.015844 0.016813
0 0.671228 0.544956 0.014404 0.016082
0 0.660425 0.532895 0.014404 0.016082
0 0.665826 0.526681 0.016565 0.017544
0 0.676269 0.539656 0.016565 0.017909
0 0.737667 0.467288 0.015484 0.016447
0 0.748470 0.478984 0.016205 0.017178
0 0.743968 0.461257 0.016565 0.017544
0 0.700576 0.567069 0.016925 0.020102
0 0.807886 0.403874 0.011883 0.013158
0 0.815268 0.401499 0.015844 0.017909
0 0.822830 0.396564 0.017285 0.018275
0 0.820130 0.419042 0.015484 0.017909
0 0.826251 0.413925 0.014764 0.017178
0 0.689773 0.577303 0.015484 0.017178
0 0.694995 0.572551 0.015844 0.017909
0 0.706338 0.561952 0.016205 0.018640
0 0.803565 0.410453 0.014044 0.014620
0 0.711379 0.556469 0.016925 0.018640
0 0.717321 0.551170 0.015844 0.018275
0 0.725243 0.547880 0.016565 0.017544
0 0.730825 0.542946 0.015484 0.017178
0 0.736046 0.537281 0.017285 0.019737
0 0.742168 0.533077 0.015844 0.017909
0 0.746309 0.525768 0.018365 0.020102
0 0.813288 0.423611 0.012604 0.014620
0 0.807706 0.428728 0.015844 0.017544
0 0.754411 0.474232 0.013684 0.014985
0 0.777458 0.454130 0.013684 0.015716
0 0.750270 0.456323 0.014764 0.016447
0 0.759453 0.469481 0.015124 0.016447
0 0.756032 0.452485 0.013324 0.015351
0 0.765754 0.464547 0.014764 0.016813
0 0.762153 0.447186 0.014764 0.014985
0 0.772236 0.459613 0.016205 0.017909
0 0.768815 0.443531 0.013684 0.015716
0 0.773677 0.436404 0.015484 0.016082
0 0.797083 0.414291 0.014764 0.016447
0 0.783579 0.449196 0.015124 0.016813
0 0.780338 0.430921 0.015844 0.017544
0 0.784300 0.424525 0.015124 0.017909
0 0.789881 0.444444 0.015484 0.017544
0 0.796183 0.439510 0.015844 0.017178
0 0.790781 0.419408 0.015844 0.017178
0 0.801584 0.433114 0.015124 0.016813
0 0.186712 0.033991 0.018365 0.014620
