1 0.963339 0.854610 0.002256 0.007683
1 0.964185 0.844267 0.002256 0.005910
0 0.170756 0.427157 0.001974 0.003251
0 0.169346 0.723257 0.004230 0.002660
0 0.164834 0.774232 0.001974 0.003546
0 0.174986 0.785018 0.003102 0.001478
0 0.166949 0.964243 0.002820 0.003546
0 0.160321 0.967790 0.003102 0.003546
1 0.172589 0.964982 0.005076 0.007388
0 0.276086 0.976655 0.003948 0.001773
0 0.288071 0.961584 0.003102 0.001773
0 0.237592 0.975768 0.003102 0.001773
0 0.266920 0.939716 0.003666 0.001773
0 0.313875 0.973552 0.003384 0.002069
0 0.323040 0.977541 0.003666 0.001773
0 0.554005 0.493647 0.002538 0.003842
0 0.544839 0.198286 0.002820 0.001182
0 0.613790 0.236554 0.001974 0.003251
0 0.593063 0.264923 0.002256 0.005024
0 0.695995 0.292996 0.003384 0.001478
1 0.696418 0.295656 0.005922 0.003251
1 0.695008 0.298907 0.005358 0.006797
1 0.652425 0.471040 0.001974 0.003546
1 0.667936 0.593676 0.003666 0.001773
1 0.695008 0.589982 0.003666 0.002069
1 0.708827 0.585254 0.003666 0.002660
1 0.741399 0.602394 0.003948 0.001478
1 0.732234 0.554521 0.001974 0.003251
1 0.706289 0.807920 0.004230 0.004728
1 0.705302 0.813091 0.005076 0.005024
1 0.703046 0.815898 0.005076 0.005319
0 0.544557 0.200059 0.003948 0.001773
0 0.544698 0.201684 0.003102 0.001478
0 0.544839 0.203457 0.003384 0.001478
0 0.507896 0.270686 0.001692 0.003546
0 0.544698 0.480496 0.001974 0.004137
0 0.550761 0.472813 0.001692 0.002364
0 0.533418 0.464687 0.004794 0.001478
0 0.595460 0.495272 0.001974 0.003546
0 0.510998 0.267878 0.001692 0.003251
0 0.507614 0.267730 0.001692 0.002955
0 0.543429 0.277482 0.001692 0.004137
0 0.541032 0.203162 0.003102 0.001478
0 0.541314 0.286939 0.003666 0.001182
0 0.550338 0.273936 0.003102 0.003546
0 0.550197 0.271572 0.002820 0.002955
0 0.551607 0.270242 0.003384 0.003842
0 0.533559 0.211436 0.001128 0.002660
0 0.540750 0.205378 0.003666 0.001773
1 0.697406 0.821365 0.005076 0.005024
1 0.740271 0.838357 0.005640 0.001773
0 0.716582 0.842790 0.001692 0.002955
0 0.985618 0.058658 0.001692 0.002660
0 0.840807 0.281472 0.003666 0.002069
1 0.855753 0.277039 0.005358 0.002069
0 0.823604 0.278960 0.003666 0.001773
0 0.835025 0.279551 0.005076 0.001773
0 0.797800 0.102098 0.003948 0.002069
0 0.870981 0.088357 0.004794 0.001773
0 0.950790 0.316933 0.003666 0.001478
0 0.875071 0.570479 0.001692 0.003842
0 0.914693 0.495863 0.002538 0.003546
0 0.932459 0.505467 0.001974 0.003251
0 0.916385 0.485963 0.002538 0.005615
0 0.908770 0.524970 0.003666 0.001478
0 0.896362 0.619829 0.002538 0.003842
0 0.938663 0.765662 0.003102 0.003546
0 0.883249 0.579196 0.003384 0.001773
0 0.866328 0.565160 0.001692 0.003251
0 0.708827 0.842494 0.001974 0.003546
0 0.633672 0.858452 0.001692 0.002955
0 0.703751 0.842642 0.001974 0.003251
0 0.688240 0.841755 0.001974 0.003842
0 0.681613 0.841460 0.002256 0.003842
0 0.674563 0.841903 0.001692 0.003546
0 0.714890 0.855053 0.001692 0.003251
0 0.631980 0.858599 0.001692 0.003251
0 0.725324 0.883274 0.002256 0.005910
0 0.817259 0.564273 0.003384 0.001478
0 0.836999 0.898493 0.003948 0.002069
0 0.826142 0.623227 0.004230 0.002364
0 0.842640 0.621749 0.004512 0.001773
0 0.870276 0.622488 0.002256 0.001478
0 0.756486 0.601064 0.003102 0.001773
0 0.809786 0.558806 0.001410 0.003546
0 0.544839 0.475621 0.001692 0.003251
0 0.618020 0.550384 0.001410 0.003251
0 0.175409 0.778960 0.004512 0.001773
0 0.629301 0.549941 0.001974 0.003546
0 0.466441 0.577571 0.001692 0.003251
0 0.470812 0.581856 0.001974 0.002955
0 0.391286 0.811909 0.001974 0.003842
0 0.392978 0.811909 0.001410 0.003251
0 0.394811 0.811613 0.001692 0.003842
0 0.388325 0.848109 0.001692 0.003546
0 0.386492 0.848552 0.001974 0.003842
0 0.424845 0.848552 0.003666 0.002069
0 0.453046 0.850177 0.001410 0.002955
0 0.454597 0.851359 0.001692 0.003546
0 0.469543 0.855644 0.003948 0.003251
0 0.451777 0.955969 0.001692 0.002955
0 0.448393 0.955822 0.001692 0.002660
0 0.433446 0.955230 0.001692 0.002660
0 0.426396 0.954639 0.001692 0.003251
0 0.456430 0.584072 0.003666 0.003842
0 0.421743 0.579639 0.001974 0.003842
0 0.366610 0.548168 0.002256 0.003546
0 0.210942 0.453605 0.004512 0.001773
0 0.175409 0.776152 0.003948 0.001478
0 0.176255 0.774232 0.003948 0.001182
0 0.183728 0.556147 0.004230 0.001773
0 0.225183 0.484929 0.001974 0.004137
0 0.294980 0.479905 0.002256 0.003546
0 0.264523 0.456117 0.003948 0.002660
0 0.173858 0.370272 0.001974 0.003546
0 0.357868 0.530733 0.001692 0.002955
0 0.299633 0.241430 0.001974 0.004137
0 0.479413 0.295065 0.005076 0.004433
0 0.328539 0.287677 0.003948 0.003842
0 0.467569 0.458777 0.003948 0.001478
0 0.444867 0.542996 0.001974 0.003842
0 0.392837 0.541814 0.001692 0.003842
0 0.424563 0.954787 0.001974 0.002955
0 0.422871 0.954639 0.001974 0.002660
0 0.417795 0.954048 0.001974 0.003251
0 0.516779 0.581117 0.003666 0.002069
0 0.528342 0.601359 0.003102 0.001773
0 0.543429 0.602098 0.003384 0.001478
0 0.547800 0.600768 0.003102 0.001182
0 0.548082 0.602689 0.003666 0.001478
0 0.553440 0.602689 0.003666 0.001478
0 0.517343 0.573582 0.004230 0.002364
0 0.517202 0.587618 0.003384 0.001478
0 0.611111 0.823434 0.001692 0.003251
0 0.517202 0.589687 0.002820 0.001478
0 0.533277 0.556885 0.003948 0.001478
0 0.533277 0.558363 0.003948 0.001478
0 0.533700 0.560284 0.003666 0.001773
0 0.539904 0.553930 0.002538 0.003251
0 0.605330 0.552305 0.001974 0.003546
0 0.482657 0.862145 0.002538 0.003251
0 0.552171 0.853132 0.002820 0.004137
0 0.412860 0.954196 0.001692 0.002955
0 0.364354 0.952866 0.001692 0.003251
0 0.399605 0.953753 0.001692 0.003842
0 0.394952 0.953457 0.001410 0.003251
0 0.393260 0.953457 0.001410 0.003251
0 0.391568 0.953457 0.001974 0.003842
0 0.373519 0.953605 0.001410 0.003546
0 0.369148 0.953162 0.001692 0.002660
0 0.362803 0.953014 0.001410 0.002955
0 0.581359 0.860077 0.004230 0.001478
0 0.359983 0.952423 0.001410 0.002955
0 0.354061 0.951832 0.001974 0.002955
0 0.351100 0.952128 0.001692 0.004137
0 0.344896 0.951980 0.001692 0.003251
0 0.338832 0.951389 0.001974 0.003842
0 0.531585 0.975325 0.005076 0.002069
