0 0.681185 0.795125 0.008711 0.003349
0 0.666376 0.809639 0.008711 0.002605
0 0.670732 0.808150 0.010453 0.003349
0 0.673780 0.806848 0.007840 0.002977
0 0.674652 0.804801 0.009582 0.003349
0 0.680314 0.802754 0.008711 0.002233
0 0.678136 0.799963 0.009582 0.002605
0 0.684233 0.789728 0.007840 0.002233
0 0.684233 0.791589 0.009582 0.002233
0 0.682056 0.793264 0.010453 0.002605
0 0.713415 0.748790 0.010453 0.002233
0 0.661585 0.543729 0.009582 0.002233
0 0.739547 0.530517 0.008711 0.002605
0 0.660714 0.539821 0.007840 0.001861
0 0.667247 0.525865 0.010453 0.002233
0 0.667683 0.523074 0.009582 0.002605
0 0.670732 0.513770 0.008711 0.001861
0 0.665070 0.811686 0.007840 0.002233
0 0.662892 0.812988 0.010453 0.003349
0 0.658537 0.814663 0.010453 0.003722
0 0.655052 0.817082 0.008711 0.002605
0 0.387631 0.860997 0.008711 0.002605
0 0.403310 0.863603 0.006969 0.002605
0 0.402439 0.856904 0.008711 0.004094
0 0.409408 0.856718 0.008711 0.003722
0 0.423345 0.856904 0.008711 0.004838
0 0.427265 0.865649 0.009582 0.004466
0 0.432927 0.866208 0.008711 0.004094
0 0.437718 0.867510 0.009582 0.005210
0 0.447300 0.858206 0.004355 0.004466
0 0.544425 0.871604 0.006969 0.001489
0 0.536150 0.853926 0.004355 0.003349
0 0.588415 0.854298 0.004355 0.004094
0 0.620209 0.870860 0.006969 0.002233
0 0.629791 0.861742 0.008711 0.002605
0 0.632840 0.859695 0.007840 0.002977
0 0.631098 0.846669 0.009582 0.003722
0 0.699042 0.504280 0.011324 0.002233
0 0.720819 0.510421 0.007840 0.001861
0 0.672474 0.509304 0.008711 0.001861
0 0.673345 0.507071 0.010453 0.001861
0 0.674216 0.505210 0.010453 0.001861
0 0.675087 0.499256 0.008711 0.001861
0 0.676829 0.495906 0.008711 0.001861
0 0.685105 0.492743 0.007840 0.002977
0 0.724303 0.490138 0.009582 0.002233
0 0.720819 0.486230 0.007840 0.001861
0 0.731272 0.468366 0.009582 0.002605
0 0.031794 0.863416 0.006098 0.001489
0 0.076655 0.869371 0.008711 0.002233
0 0.116289 0.855787 0.007840 0.001861
0 0.101916 0.855601 0.010453 0.002233
0 0.085366 0.852624 0.010453 0.002233
0 0.087544 0.889282 0.004355 0.004094
0 0.080139 0.901563 0.006969 0.005582
0 0.082317 0.909565 0.007840 0.002233
0 0.082317 0.912170 0.009582 0.002233
0 0.082753 0.915891 0.008711 0.001489
0 0.082753 0.919055 0.006969 0.001861
0 0.081010 0.921102 0.008711 0.001489
0 0.082317 0.923893 0.007840 0.001116
0 0.082753 0.926126 0.010453 0.001861
0 0.082317 0.927801 0.007840 0.001489
0 0.082317 0.930220 0.007840 0.001116
0 0.081882 0.932639 0.006969 0.001489
0 0.060540 0.935058 0.011324 0.001861
0 0.067509 0.907332 0.009582 0.006699
0 0.899826 0.657425 0.010453 0.002605
0 0.803571 0.455527 0.006098 0.003722
0 0.808362 0.455713 0.005226 0.003349
0 0.828397 0.508932 0.006969 0.001861
0 0.837979 0.508001 0.008711 0.002233
0 0.847125 0.507257 0.007840 0.001489
0 0.889373 0.498511 0.005226 0.003349
0 0.902003 0.540566 0.006098 0.003349
0 0.859321 0.585039 0.007840 0.002233
0 0.937718 0.735765 0.006098 0.003722
0 0.915941 0.753815 0.006098 0.003349
0 0.887631 0.750651 0.008711 0.004466
0 0.882840 0.776144 0.004355 0.003349
0 0.875436 0.796799 0.008711 0.002233
0 0.857578 0.858392 0.007840 0.001861
0 0.855836 0.860997 0.009582 0.001861
0 0.855401 0.863603 0.008711 0.001861
0 0.854965 0.869929 0.007840 0.001861
0 0.856707 0.871790 0.007840 0.001861
0 0.986934 0.435058 0.006969 0.002233
0 0.978659 0.436174 0.007840 0.002233
0 0.967334 0.414031 0.009582 0.002605
0 0.898955 0.378303 0.005226 0.004094
0 0.926829 0.293264 0.008711 0.002977
0 0.735627 0.245441 0.006098 0.004094
0 0.952962 0.307592 0.010453 0.001861
0 0.952526 0.313919 0.007840 0.001861
0 0.942073 0.314291 0.007840 0.001861
0 0.935976 0.316152 0.009582 0.001861
0 0.920296 0.329736 0.004355 0.003722
0 0.945993 0.336621 0.008711 0.001861
0 0.937718 0.336993 0.007840 0.001861
0 0.963415 0.347413 0.008711 0.002605
0 0.940767 0.352066 0.008711 0.001489
0 0.888937 0.343878 0.009582 0.001489
0 0.890244 0.375698 0.005226 0.004094
0 0.855401 0.874209 0.008711 0.001489
0 0.855836 0.876256 0.007840 0.001861
0 0.855401 0.879047 0.008711 0.001489
0 0.898955 0.885746 0.010453 0.002977
0 0.896777 0.891887 0.007840 0.001861
0 0.895470 0.893748 0.008711 0.002605
0 0.895035 0.895981 0.009582 0.002605
0 0.894599 0.899144 0.010453 0.002233
0 0.890679 0.901005 0.009582 0.002233
0 0.890244 0.902866 0.010453 0.002977
0 0.915941 0.896725 0.009582 0.002605
0 0.915505 0.898772 0.010453 0.002977
0 0.913763 0.900633 0.008711 0.002233
0 0.914199 0.903238 0.007840 0.001489
0 0.915505 0.904540 0.006969 0.001861
0 0.910279 0.866952 0.008711 0.002605
0 0.909843 0.869185 0.007840 0.001861
0 0.907230 0.871046 0.009582 0.002605
0 0.900261 0.888165 0.009582 0.002605
0 0.902003 0.883513 0.007840 0.002233
0 0.853659 0.882397 0.008711 0.001489
0 0.874564 0.885188 0.006969 0.001861
0 0.875000 0.878861 0.007840 0.001861
0 0.876742 0.875512 0.009582 0.001861
0 0.877178 0.873093 0.008711 0.002233
0 0.879791 0.870860 0.010453 0.002233
0 0.881533 0.868999 0.008711 0.002233
0 0.914199 0.859881 0.009582 0.001861
0 0.913763 0.862300 0.008711 0.002233
0 0.912456 0.864533 0.007840 0.002233
0 0.846690 0.891515 0.008711 0.001861
0 0.848432 0.893748 0.008711 0.001861
0 0.847997 0.895795 0.009582 0.001489
0 0.848868 0.898214 0.007840 0.002605
0 0.865418 0.904354 0.007840 0.001489
0 0.866289 0.901377 0.007840 0.002233
0 0.870209 0.897469 0.008711 0.001861
0 0.868902 0.895422 0.007840 0.001489
0 0.868902 0.892631 0.009582 0.001861
0 0.869338 0.890956 0.006969 0.001489
0 0.869338 0.888723 0.008711 0.002233
0 0.569686 0.088202 0.006969 0.004466
0 0.558362 0.113696 0.008711 0.002605
0 0.550958 0.125233 0.006098 0.003349
0 0.547909 0.126535 0.005226 0.003722
0 0.543118 0.126721 0.007840 0.004838
0 0.645470 0.106811 0.006969 0.003722
0 0.650261 0.106624 0.007840 0.004094
0 0.626742 0.100670 0.007840 0.004094
0 0.631098 0.099181 0.006098 0.003349
0 0.633275 0.092482 0.006969 0.001861
0 0.612369 0.098437 0.006969 0.004094
0 0.634582 0.088202 0.007840 0.003722
0 0.909843 0.017492 0.007840 0.003722
0 0.926829 0.027726 0.006969 0.004094
0 0.903746 0.030331 0.007840 0.004094
0 0.831010 0.037961 0.010453 0.002977
0 0.832317 0.040380 0.009582 0.003349
0 0.822300 0.046334 0.008711 0.004094
0 0.800087 0.049870 0.006098 0.003722
0 0.804878 0.049684 0.006969 0.003349
0 0.808362 0.048753 0.006969 0.002977
0 0.903746 0.018236 0.006098 0.003722
0 0.902875 0.014328 0.004355 0.003349
0 0.636324 0.086342 0.007840 0.002977
0 0.898519 0.014700 0.006098 0.004094
0 0.642857 0.084853 0.006969 0.002977
0 0.583188 0.087830 0.007840 0.004466
0 0.589286 0.088202 0.004355 0.002977
0 0.689024 0.095832 0.008711 0.002605
0 0.673780 0.082992 0.009582 0.002977
0 0.468206 0.087458 0.007840 0.003722
0 0.498258 0.072758 0.006969 0.002605
0 0.496951 0.070525 0.007840 0.002605
0 0.826655 0.030517 0.006969 0.005210
0 0.892857 0.015073 0.006969 0.004094
0 0.028746 0.860811 0.008711 0.001489
0 0.028746 0.858020 0.008711 0.001861
0 0.049216 0.812988 0.007840 0.004094
0 0.053571 0.813361 0.006098 0.003349
0 0.396341 0.259955 0.010453 0.001861
0 0.388066 0.276889 0.009582 0.002977
0 0.378920 0.274842 0.008711 0.002605
0 0.005226 0.736509 0.008711 0.002233
0 0.005662 0.743208 0.007840 0.002233
0 0.005226 0.746744 0.008711 0.002605
0 0.017857 0.772051 0.009582 0.004838
0 0.054443 0.790100 0.007840 0.002233
0 0.035279 0.792333 0.006098 0.004466
0 0.039199 0.828433 0.008711 0.003722
0 0.026132 0.828805 0.008711 0.004466
0 0.018293 0.828805 0.010453 0.005210
0 0.438153 0.690361 0.008711 0.002233
0 0.447735 0.722367 0.008711 0.002233
0 0.500871 0.089319 0.010453 0.003722
0 0.454704 0.126535 0.010453 0.002977
0 0.456010 0.129140 0.007840 0.002977
0 0.458188 0.130815 0.008711 0.002605
0 0.492160 0.133792 0.006969 0.003349
0 0.014808 0.010234 0.006969 0.002605
0 0.080575 0.017492 0.007840 0.004466
0 0.018293 0.019166 0.008711 0.004094
0 0.411150 0.129699 0.006969 0.004094
0 0.498258 0.133606 0.006969 0.004466
0 0.361063 0.347972 0.007840 0.001489
0 0.359321 0.386118 0.006098 0.004094
0 0.403746 0.390770 0.009582 0.002233
0 0.395906 0.375512 0.004355 0.003722
0 0.391115 0.374953 0.003484 0.003349
0 0.387195 0.373837 0.004355 0.004094
0 0.381533 0.372534 0.003484 0.003722
0 0.367160 0.370115 0.006098 0.004838
0 0.418554 0.374953 0.009582 0.002605
0 0.295296 0.405471 0.003484 0.004094
0 0.300958 0.404913 0.004355 0.003722
0 0.321864 0.405471 0.004355 0.004094
0 0.352352 0.403610 0.004355 0.004838
0 0.358014 0.403982 0.005226 0.004094
0 0.362369 0.403238 0.005226 0.004094
0 0.502613 0.133048 0.006969 0.004094
0 0.507840 0.132676 0.006969 0.004838
0 0.512195 0.130443 0.006969 0.004094
0 0.118031 0.123930 0.006098 0.004466
0 0.099303 0.144399 0.010453 0.005210
0 0.155052 0.154075 0.010453 0.003722
0 0.137631 0.140863 0.008711 0.004094
0 0.193380 0.167845 0.006969 0.003722
0 0.053571 0.163565 0.009582 0.004094
0 0.284408 0.185895 0.007840 0.004094
0 0.310976 0.206364 0.006969 0.004094
0 0.093206 0.235579 0.010453 0.004466
0 0.281794 0.218273 0.009582 0.003349
