0 0.886092 0.984249 0.016451 0.027480
1 0.404287 0.428954 0.032901 0.068365
1 0.419741 0.489611 0.033898 0.070375
1 0.426720 0.521113 0.032901 0.070375
1 0.322782 0.552614 0.051346 0.047587
1 0.392822 0.599531 0.051844 0.048928
1 0.312562 0.579424 0.050847 0.046247
1 0.302592 0.596850 0.051844 0.047587
1 0.293370 0.617627 0.052343 0.046247
1 0.405035 0.667895 0.052343 0.046247
1 0.398804 0.688338 0.051844 0.046917
1 0.393819 0.708445 0.051844 0.044236
1 0.448903 0.638740 0.051346 0.045576
1 0.332752 0.757038 0.053340 0.047587
1 0.318544 0.770442 0.050847 0.046247
1 0.310070 0.786863 0.051844 0.046917
1 0.379860 0.810657 0.052841 0.044906
1 0.361167 0.822386 0.051346 0.046917
1 0.430459 0.155161 0.033400 0.067694
1 0.471834 0.147788 0.035394 0.066354
1 0.481805 0.175603 0.036391 0.068365
1 0.437936 0.182976 0.032403 0.067024
1 0.445663 0.215147 0.032901 0.067024
1 0.489033 0.203753 0.034895 0.065684
1 0.453141 0.243968 0.035892 0.068365
1 0.495015 0.232239 0.033898 0.066354
1 0.461864 0.274799 0.031406 0.069705
1 0.466600 0.305630 0.032901 0.068365
1 0.477069 0.334115 0.034895 0.069035
1 0.483300 0.363941 0.033400 0.069705
1 0.491525 0.396113 0.033898 0.071046
1 0.412512 0.460456 0.033400 0.068365
1 0.371635 0.471180 0.033400 0.069705
0 0.835494 0.951072 0.015952 0.029491
1 0.397059 0.397453 0.032403 0.068365
1 0.215105 0.214142 0.033400 0.066354
1 0.222582 0.241287 0.035394 0.069705
1 0.230808 0.269437 0.033898 0.067024
1 0.201894 0.342158 0.033898 0.069035
1 0.244766 0.331769 0.034895 0.069705
1 0.253490 0.362601 0.033400 0.069705
1 0.152542 0.439678 0.050847 0.046917
1 0.201396 0.472185 0.050847 0.046247
1 0.251994 0.504357 0.052343 0.047587
1 0.095214 0.600871 0.049850 0.044906
1 0.089482 0.616287 0.048355 0.044906
1 0.081505 0.630027 0.048355 0.045576
1 0.265454 0.641421 0.050349 0.048257
1 0.301844 0.191689 0.035394 0.067024
1 0.345464 0.185657 0.035892 0.068365
1 0.310070 0.226877 0.031904 0.070375
1 0.352692 0.213472 0.034397 0.069035
1 0.316800 0.258043 0.033400 0.069705
1 0.361665 0.242627 0.034397 0.069705
1 0.327019 0.285858 0.032901 0.069035
1 0.367149 0.279155 0.034397 0.069035
1 0.332502 0.316689 0.032901 0.066354
1 0.341725 0.348525 0.034397 0.068365
1 0.374626 0.308311 0.034397 0.068365
1 0.346710 0.377346 0.033400 0.069705
1 0.381605 0.339477 0.032403 0.069035
1 0.357178 0.408512 0.034397 0.069035
1 0.389581 0.366957 0.034397 0.069035
1 0.363161 0.439008 0.032403 0.069705
1 0.559322 0.118968 0.033898 0.069035
1 0.608923 0.138070 0.033400 0.068365
1 0.575523 0.177279 0.034397 0.069035
1 0.616152 0.170576 0.033898 0.069035
1 0.535394 0.580094 0.034895 0.070375
1 0.577268 0.566019 0.032901 0.069035
1 0.583998 0.594504 0.034397 0.067024
1 0.592971 0.628686 0.032403 0.071046
1 0.500997 0.672922 0.051844 0.044236
1 0.557827 0.745979 0.052841 0.049598
1 0.548355 0.766421 0.050847 0.047587
1 0.541127 0.787534 0.051346 0.046917
1 0.529412 0.804625 0.050847 0.046247
1 0.520937 0.822051 0.049850 0.046247
1 0.729561 0.825402 0.050349 0.046247
1 0.637338 0.260054 0.032403 0.071046
1 0.783898 0.862936 0.051346 0.047587
1 0.788385 0.838472 0.051346 0.046917
1 0.852941 0.910858 0.050847 0.048257
0 0.009222 0.027480 0.015454 0.026810
0 0.099950 0.032172 0.013460 0.026810
0 0.117149 0.013070 0.010967 0.026139
0 0.013210 0.813673 0.016451 0.026810
0 0.080508 0.850871 0.015454 0.024799
0 0.020189 0.942359 0.018445 0.030831
0 0.063809 0.916555 0.019940 0.022118
0 0.116152 0.879692 0.017946 0.028820
0 0.128116 0.893767 0.016949 0.028820
0 0.166251 0.922252 0.018445 0.029491
0 0.135593 0.869638 0.014955 0.026139
0 0.176471 0.895442 0.016949 0.026810
0 0.021436 0.789879 0.015952 0.027480
0 0.947657 0.762064 0.018943 0.030831
1 0.571785 0.534517 0.033898 0.069035
1 0.520937 0.518432 0.034895 0.069035
1 0.563061 0.507373 0.032403 0.067024
1 0.524177 0.354893 0.034397 0.069035
1 0.692423 0.109584 0.034895 0.069035
1 0.735793 0.098525 0.033898 0.068365
1 0.703639 0.138070 0.033400 0.068365
1 0.744516 0.128686 0.034397 0.068365
1 0.708624 0.169906 0.032403 0.067694
1 0.750997 0.158512 0.032403 0.069035
1 0.760219 0.186327 0.032901 0.069705
1 0.718594 0.198727 0.034397 0.070375
1 0.631107 0.228887 0.033898 0.070375
1 0.596211 0.267761 0.033898 0.069035
1 0.503240 0.263405 0.035394 0.068365
1 0.510718 0.295576 0.034397 0.069705
1 0.517946 0.322386 0.031904 0.069705
1 0.611914 0.329088 0.035394 0.068365
1 0.649053 0.485590 0.031904 0.069035
1 0.653539 0.322386 0.034895 0.068365
1 0.619392 0.363606 0.034397 0.067694
1 0.532652 0.385389 0.033400 0.068365
1 0.505234 0.458780 0.034397 0.067694
1 0.539133 0.411528 0.035394 0.067024
1 0.547856 0.444705 0.032901 0.066354
1 0.513709 0.482239 0.033400 0.067694
1 0.555334 0.471850 0.031904 0.069705
1 0.625872 0.392091 0.032403 0.068365
1 0.661017 0.352212 0.031904 0.069035
1 0.666500 0.383713 0.034895 0.071716
1 0.676720 0.410523 0.033400 0.070375
1 0.640828 0.452413 0.033400 0.068365
1 0.181456 0.243968 0.034895 0.069705
