0 0.484610 0.044984 0.010260 0.032058
1 0.182285 0.678387 0.114227 0.039297
1 0.195622 0.616339 0.109439 0.028956
1 0.191518 0.585315 0.097127 0.028956
1 0.190834 0.559462 0.098495 0.022751
1 0.193228 0.522751 0.099179 0.027921
1 0.187756 0.490693 0.106019 0.036194
1 0.176129 0.458118 0.096443 0.035160
1 0.191518 0.425543 0.095759 0.032058
1 0.201436 0.390383 0.101915 0.034126
1 0.193228 0.359359 0.089603 0.034126
1 0.189124 0.329886 0.100547 0.028956
1 0.181943 0.301965 0.083447 0.026887
1 0.194596 0.264736 0.101915 0.039297
1 0.193912 0.232161 0.099179 0.038263
1 0.190150 0.199586 0.098495 0.041365
1 0.196306 0.161324 0.099863 0.051706
1 0.189808 0.643226 0.101915 0.028956
1 0.168947 0.718201 0.102599 0.046536
0 0.034884 0.197001 0.024624 0.027921
1 0.182627 0.745605 0.110807 0.047570
0 0.413133 0.336091 0.030096 0.020683
0 0.258892 0.558945 0.014364 0.046536
0 0.508892 0.032058 0.024624 0.018614
1 0.717852 0.827301 0.036252 0.165460
1 0.696648 0.820062 0.033516 0.161324
1 0.652873 0.809204 0.032148 0.158221
1 0.628591 0.806101 0.032832 0.160290
1 0.460670 0.844881 0.032148 0.130300
1 0.436047 0.817994 0.038988 0.169597
1 0.415185 0.820579 0.035568 0.164426
1 0.395007 0.830920 0.034884 0.154085
1 0.380643 0.846432 0.030780 0.133402
1 0.357729 0.837642 0.030096 0.144778
1 0.272572 0.838159 0.030780 0.160290
1 0.211696 0.832989 0.071819 0.139607
1 0.186731 0.124095 0.098495 0.053775
