0 0.147218 0.034512 0.017639 0.031987
0 0.167571 0.228956 0.031208 0.030303
0 0.175034 0.212963 0.029851 0.025253
0 0.266621 0.132997 0.028494 0.030303
0 0.181818 0.193603 0.029851 0.026936
0 0.151967 0.179293 0.029851 0.028620
0 0.156716 0.161616 0.028494 0.026936
0 0.098372 0.113636 0.031208 0.028620
0 0.110583 0.059764 0.033921 0.028620
0 0.103121 0.096801 0.029851 0.028620
0 0.046133 0.905724 0.027137 0.023569
0 0.135685 0.231481 0.029851 0.028620
0 0.163501 0.250000 0.031208 0.031987
0 0.156038 0.264310 0.032564 0.030303
0 0.143148 0.301347 0.031208 0.033670
0 0.249661 0.936869 0.027137 0.021886
0 0.257123 0.180976 0.033921 0.031987
0 0.256445 0.199495 0.032564 0.031987
0 0.246947 0.216330 0.029851 0.028620
0 0.242877 0.234848 0.029851 0.025253
0 0.238806 0.255892 0.027137 0.023569
0 0.229986 0.275253 0.028494 0.021886
0 0.073948 0.215488 0.033921 0.030303
0 0.971506 0.820707 0.016282 0.035354
0 0.305970 0.380471 0.031208 0.026936
0 0.297151 0.398990 0.029851 0.026936
0 0.293080 0.416667 0.032564 0.028620
0 0.213026 0.436027 0.027137 0.023569
0 0.222524 0.422559 0.029851 0.030303
0 0.194708 0.404882 0.025780 0.028620
0 0.225237 0.403199 0.029851 0.025253
0 0.203528 0.371212 0.029851 0.028620
0 0.239484 0.364478 0.028494 0.031987
0 0.208955 0.353535 0.027137 0.026936
