1 0.900822 0.278710 0.012911 0.015018
0 0.055751 0.154152 0.024648 0.018551
0 0.071596 0.158569 0.023474 0.016784
0 0.107394 0.140018 0.022300 0.016784
0 0.132042 0.101148 0.029343 0.018551
0 0.197183 0.051237 0.028169 0.019435
1 0.857394 0.713339 0.050469 0.029152
0 0.026408 0.741608 0.024648 0.015018
0 0.017019 0.176678 0.026995 0.017668
0 0.042254 0.858216 0.021127 0.013251
1 0.867958 0.269435 0.012911 0.012367
0 0.873826 0.950972 0.026995 0.009717
1 0.950117 0.696996 0.026995 0.014134
1 0.527582 0.994700 0.024648 0.010601
0 0.911385 0.715548 0.029343 0.015901
0 0.860915 0.737633 0.026995 0.015901
0 0.803404 0.762809 0.026995 0.015018
0 0.775235 0.735866 0.024648 0.015901
0 0.755869 0.783569 0.030516 0.017668
0 0.836854 0.978799 0.023474 0.008834
0 0.808099 0.982774 0.024648 0.007951
0 0.982394 0.960247 0.023474 0.008834
0 0.956573 0.962898 0.028169 0.010601
0 0.950117 0.940813 0.026995 0.010601
0 0.923709 0.944346 0.025822 0.010601
0 0.636737 0.981449 0.024648 0.008834
0 0.039906 0.850265 0.025822 0.015018
0 0.662559 0.977915 0.026995 0.010601
0 0.784038 0.985866 0.023474 0.010601
0 0.722418 0.878092 0.015258 0.017668
0 0.714789 0.856449 0.014085 0.020318
0 0.678404 0.844523 0.014085 0.017668
0 0.702465 0.939046 0.012911 0.017668
1 0.572770 0.842314 0.039906 0.022085
0 0.364437 0.985866 0.015258 0.019435
0 0.641432 0.795936 0.024648 0.014134
0 0.598005 0.813163 0.022300 0.015018
0 0.051056 0.870141 0.017606 0.017668
0 0.026995 0.882067 0.014085 0.016784
0 0.042254 0.874558 0.021127 0.019435
