0 0.594024 0.027647 0.023108 0.024706
0 0.681673 0.098824 0.019920 0.032941
0 0.734263 0.032941 0.019920 0.014118
0 0.736255 0.058235 0.017530 0.015294
0 0.736653 0.045882 0.018327 0.014118
0 0.748207 0.081176 0.009562 0.025882
0 0.752191 0.137647 0.012749 0.025882
0 0.764940 0.078824 0.009562 0.025882
0 0.769323 0.138235 0.008765 0.024706
0 0.777291 0.136471 0.011952 0.025882
0 0.782470 0.078824 0.009562 0.021176
0 0.790438 0.024118 0.020717 0.017647
0 0.791633 0.032941 0.016733 0.014118
0 0.794422 0.045882 0.019124 0.011765
0 0.808367 0.137059 0.008765 0.024706
0 0.816733 0.138824 0.009562 0.025882
0 0.824701 0.137059 0.012749 0.027059
0 0.830279 0.035294 0.015936 0.011765
0 0.832271 0.049412 0.019920 0.016471
1 0.290040 0.252941 0.028685 0.028235
1 0.336255 0.227647 0.036653 0.029412
1 0.419920 0.685294 0.035060 0.029412
