0 0.317007 0.555732 0.016327 0.011622
0 0.273469 0.556788 0.012245 0.005283
0 0.318707 0.592182 0.010204 0.010565
0 0.311224 0.579239 0.011565 0.011094
0 0.305102 0.568410 0.011565 0.010565
0 0.285714 0.339408 0.012245 0.013207
0 0.277891 0.342314 0.011565 0.012678
0 0.354422 0.122821 0.016327 0.010037
0 0.257483 0.580032 0.011565 0.011622
0 0.443197 0.573693 0.017007 0.005283
0 0.263265 0.594823 0.012245 0.010565
0 0.563265 0.572372 0.013605 0.005811
0 0.746599 0.637084 0.014286 0.006339
0 0.469388 0.304543 0.009524 0.010037
0 0.449320 0.355256 0.014286 0.007924
0 0.451701 0.362124 0.016327 0.010037
0 0.416667 0.529847 0.015646 0.006339
0 0.416327 0.539620 0.014966 0.005811
0 0.414966 0.553883 0.013605 0.003698
0 0.413265 0.558637 0.014286 0.004754
0 0.415646 0.563656 0.013605 0.004226
0 0.414286 0.568674 0.012245 0.004754
0 0.412925 0.573428 0.013605 0.004754
0 0.414626 0.579239 0.012925 0.004754
0 0.256122 0.555203 0.015646 0.006339
0 0.279932 0.578447 0.010204 0.010565
0 0.273469 0.580032 0.008163 0.009509
0 0.246259 0.583465 0.010884 0.010037
0 0.265646 0.578711 0.010204 0.008980
0 0.284694 0.601690 0.011565 0.010565
0 0.297619 0.611463 0.011565 0.011094
0 0.291156 0.612784 0.010884 0.010565
0 0.206803 0.617802 0.010884 0.004754
0 0.260544 0.613312 0.010884 0.010565
0 0.271088 0.609614 0.010204 0.009509
0 0.281633 0.609614 0.010884 0.010565
0 0.271088 0.590861 0.010204 0.010037
