0 0.044399 0.111008 0.012295 0.005550
0 0.135246 0.778908 0.010929 0.003700
0 0.140027 0.652174 0.009563 0.003700
0 0.139344 0.656337 0.010929 0.002775
0 0.140710 0.662812 0.010929 0.002775
0 0.140027 0.666975 0.012295 0.003700
0 0.137978 0.672988 0.010929 0.002775
0 0.094262 0.675301 0.010929 0.003700
0 0.095628 0.669288 0.010929 0.002775
0 0.138661 0.698890 0.012295 0.002775
0 0.136612 0.774283 0.010929 0.003700
0 0.134563 0.784459 0.009563 0.003700
0 0.702186 0.200278 0.008197 0.008326
0 0.133197 0.791397 0.009563 0.002775
0 0.133880 0.797410 0.010929 0.003700
0 0.055328 0.666050 0.012295 0.003700
0 0.092213 0.703515 0.012295 0.004625
0 0.092213 0.734505 0.012295 0.003700
0 0.091530 0.740056 0.010929 0.003700
0 0.090164 0.745606 0.013661 0.003700
0 0.089481 0.752081 0.012295 0.005550
0 0.088798 0.757632 0.010929 0.003700
0 0.142077 0.646623 0.013661 0.003700
0 0.709699 0.197965 0.006831 0.009251
0 0.066257 0.110546 0.012295 0.006475
1 0.571038 0.309436 0.013661 0.019426
1 0.558743 0.285384 0.027322 0.017576
0 0.720628 0.195190 0.009563 0.009251
0 0.126366 0.008326 0.012295 0.003700
0 0.125683 0.017576 0.013661 0.005550
0 0.088798 0.061055 0.010929 0.005550
0 0.086749 0.096670 0.012295 0.006475
0 0.061475 0.105458 0.013661 0.007401
0 0.122951 0.084181 0.013661 0.007401
0 0.737022 0.191489 0.009563 0.007401
0 0.728142 0.193340 0.010929 0.009251
0 0.088115 0.762720 0.009563 0.002775
0 0.088115 0.768270 0.009563 0.002775
0 0.102459 0.768270 0.010929 0.002775
0 0.137978 0.720629 0.008197 0.003700
0 0.103825 0.758557 0.010929 0.003700
0 0.134563 0.760870 0.009563 0.004625
0 0.103142 0.775208 0.009563 0.003700
0 0.088798 0.774746 0.013661 0.004625
0 0.087432 0.780296 0.010929 0.002775
0 0.101776 0.779833 0.012295 0.003700
0 0.136612 0.746994 0.010929 0.002775
0 0.135246 0.742368 0.010929 0.002775
0 0.135929 0.737743 0.009563 0.002775
0 0.136612 0.714616 0.010929 0.002775
0 0.107240 0.692877 0.009563 0.003700
0 0.137978 0.709528 0.010929 0.003700
0 0.137295 0.703978 0.012295 0.003700
0 0.715164 0.173451 0.006831 0.008326
0 0.088115 0.015264 0.012295 0.004625
0 0.065574 0.048104 0.005464 0.009251
0 0.068989 0.060130 0.012295 0.003700
0 0.048497 0.056429 0.012295 0.003700
0 0.040301 0.070305 0.006831 0.007401
0 0.052596 0.115171 0.012295 0.006475
0 0.103825 0.752544 0.010929 0.004625
0 0.105191 0.735893 0.013661 0.004625
0 0.105191 0.703515 0.010929 0.002775
0 0.104508 0.697965 0.009563 0.002775
0 0.102459 0.762720 0.010929 0.002775
0 0.055328 0.643848 0.009563 0.003700
0 0.055328 0.649399 0.009563 0.003700
0 0.056011 0.654949 0.010929 0.003700
0 0.054645 0.661887 0.010929 0.004625
0 0.054645 0.672063 0.010929 0.002775
0 0.056011 0.676226 0.010929 0.003700
0 0.054645 0.681776 0.010929 0.003700
0 0.053962 0.688252 0.009563 0.003700
0 0.053279 0.692877 0.008197 0.003700
0 0.052596 0.698427 0.009563 0.001850
0 0.106557 0.653099 0.010929 0.003700
0 0.106557 0.660500 0.010929 0.003700
0 0.107923 0.675301 0.010929 0.003700
0 0.106557 0.681314 0.010929 0.002775
0 0.092213 0.681314 0.009563 0.002775
0 0.107240 0.687327 0.009563 0.003700
0 0.091530 0.692877 0.010929 0.003700
0 0.091530 0.697965 0.013661 0.004625
