1 0.593036 0.669571 0.008357 0.005256
1 0.441504 0.861272 0.008357 0.005809
1 0.415042 0.883956 0.004457 0.006916
1 0.410446 0.891701 0.004178 0.008022
1 0.405989 0.901660 0.004178 0.007469
1 0.405292 0.897372 0.005014 0.008299
1 0.572841 0.683402 0.009192 0.006362
1 0.576184 0.687275 0.008078 0.005256
1 0.590808 0.697787 0.003900 0.008575
1 0.609889 0.672752 0.003621 0.007746
1 0.607939 0.673444 0.003621 0.008575
1 0.606128 0.674136 0.003343 0.008299
1 0.604178 0.674965 0.003900 0.008299
1 0.601114 0.676210 0.003900 0.007469
1 0.599304 0.678423 0.004178 0.008575
1 0.597354 0.679391 0.004178 0.008299
1 0.589972 0.609405 0.008357 0.008852
1 0.586351 0.606777 0.007242 0.009682
1 0.451532 0.852974 0.007799 0.005256
