1 0.091678 0.331638 0.012570 0.005329
0 0.256177 0.147529 0.001734 0.004360
0 0.260945 0.146076 0.001734 0.003391
0 0.248158 0.165698 0.002167 0.003876
0 0.239922 0.168847 0.003034 0.004360
0 0.208496 0.133479 0.001734 0.004360
0 0.242523 0.120155 0.002167 0.004845
0 0.240355 0.121851 0.002167 0.004360
0 0.228869 0.128391 0.002601 0.004845
0 0.226918 0.128634 0.003034 0.004360
0 0.223667 0.130087 0.002601 0.004360
0 0.219983 0.131056 0.002167 0.004360
0 0.218032 0.141473 0.002601 0.004845
0 0.221066 0.140262 0.002601 0.004360
0 0.227568 0.146318 0.002601 0.003876
0 0.233853 0.154312 0.002167 0.004360
0 0.319679 0.201550 0.003901 0.003876
0 0.229952 0.137597 0.002167 0.003876
0 0.231903 0.137112 0.001734 0.003876
0 0.258778 0.146560 0.001734 0.003391
0 0.254226 0.148256 0.002167 0.003876
0 0.210013 0.143895 0.002167 0.004845
0 0.252059 0.148983 0.002167 0.003391
1 0.359558 0.493944 0.010837 0.011143
1 0.433247 0.551841 0.009970 0.010659
1 0.424144 0.559109 0.009103 0.009690
1 0.265063 0.733769 0.005635 0.009205
1 0.810793 0.912791 0.008236 0.008721
1 0.760511 0.865068 0.007369 0.008236
0 0.240139 0.134448 0.002601 0.004360
0 0.272648 0.152132 0.004335 0.001938
0 0.271131 0.155039 0.003901 0.001938
0 0.259211 0.161095 0.001734 0.003391
0 0.257477 0.161579 0.001734 0.003391
0 0.255527 0.162791 0.002167 0.003876
0 0.253576 0.164002 0.002601 0.004360
0 0.208062 0.144138 0.001734 0.004360
0 0.241439 0.143653 0.002601 0.004360
0 0.223667 0.147045 0.001734 0.004360
0 0.214131 0.159641 0.001734 0.004360
0 0.228002 0.174903 0.002601 0.003876
0 0.212180 0.132752 0.002167 0.003876
0 0.215865 0.132025 0.001734 0.004360
0 0.214564 0.142442 0.001734 0.003876
0 0.234070 0.136628 0.001734 0.003876
0 0.236238 0.136143 0.001734 0.003876
0 0.237755 0.134932 0.002167 0.003391
0 0.262896 0.159399 0.002167 0.003876
0 0.266797 0.156734 0.002167 0.003391
0 0.262462 0.136628 0.002167 0.003876
0 0.259211 0.137355 0.002601 0.004360
0 0.256827 0.138324 0.003034 0.004360
0 0.237538 0.153101 0.002601 0.003876
0 0.244257 0.159884 0.002167 0.003876
0 0.233420 0.162548 0.002167 0.003391
0 0.219549 0.148256 0.001300 0.003876
0 0.221283 0.147771 0.001300 0.003876
0 0.216298 0.159157 0.001734 0.004360
0 0.212180 0.160368 0.002167 0.004845
0 0.251409 0.124031 0.001734 0.004845
0 0.308192 0.153343 0.002601 0.005329
0 0.253793 0.124031 0.002167 0.004845
0 0.256610 0.125727 0.001734 0.004360
0 0.245340 0.143169 0.001734 0.004360
0 0.217165 0.175388 0.001734 0.004845
0 0.219983 0.176841 0.002167 0.003876
0 0.189207 0.334787 0.003901 0.002907
0 0.131123 0.331153 0.004768 0.002422
0 0.138275 0.326550 0.004335 0.001938
0 0.155397 0.333818 0.004768 0.001938
0 0.208713 0.345688 0.003901 0.003391
0 0.276983 0.415213 0.005202 0.005814
0 0.409623 0.541424 0.005202 0.004360
0 0.401604 0.525194 0.003901 0.003876
0 0.446467 0.566134 0.004335 0.004360
0 0.347421 0.572190 0.004768 0.004845
0 0.381881 0.545058 0.004335 0.003876
0 0.263112 0.124273 0.001734 0.004360
