0 0.711340 0.185723 0.006064 0.008035
0 0.158278 0.619283 0.004851 0.006180
0 0.183748 0.638752 0.004851 0.006799
0 0.181019 0.636897 0.004245 0.005562
0 0.176167 0.634425 0.003032 0.005562
0 0.174045 0.632571 0.003639 0.006799
0 0.170710 0.631644 0.004245 0.006180
0 0.168587 0.628863 0.004851 0.005562
0 0.165858 0.626082 0.004245 0.006180
0 0.163736 0.623609 0.004851 0.006180
0 0.156155 0.616502 0.005458 0.005562
0 0.189509 0.640606 0.001819 0.005562
0 0.152517 0.615884 0.005458 0.006799
0 0.146756 0.611867 0.004851 0.006180
0 0.144330 0.610012 0.004851 0.006180
0 0.141298 0.607849 0.004851 0.006799
0 0.138266 0.606304 0.004851 0.006180
0 0.375379 0.525958 0.004851 0.006180
0 0.369315 0.521632 0.003639 0.006180
0 0.373257 0.522559 0.004245 0.006799
0 0.186477 0.639988 0.004245 0.008035
0 0.147362 0.594870 0.004851 0.006799
0 0.366283 0.545117 0.004851 0.006180
0 0.193754 0.607231 0.004245 0.006799
0 0.064281 0.566131 0.004851 0.004944
0 0.143117 0.587145 0.004851 0.003708
0 0.164342 0.592707 0.006064 0.003708
0 0.184657 0.582200 0.005458 0.003708
0 0.191025 0.584363 0.006064 0.004326
0 0.192238 0.599197 0.006064 0.004326
0 0.198908 0.600433 0.006064 0.004326
0 0.198605 0.607540 0.003032 0.006180
0 0.186477 0.605377 0.003032 0.005562
0 0.150394 0.596415 0.004851 0.006180
0 0.183141 0.604759 0.002426 0.005562
0 0.193754 0.624845 0.004245 0.006180
0 0.165858 0.600433 0.003032 0.006799
0 0.160703 0.598888 0.002426 0.006180
0 0.179503 0.616502 0.003639 0.005562
0 0.175258 0.615266 0.003639 0.006799
0 0.172226 0.614648 0.003639 0.006799
0 0.153123 0.597342 0.004245 0.005562
0 0.368708 0.538010 0.004851 0.006799
0 0.360522 0.543572 0.003032 0.006799
0 0.193451 0.569221 0.004851 0.003708
0 0.332323 0.587454 0.007277 0.004326
0 0.306246 0.581891 0.006064 0.005562
0 0.312007 0.580964 0.005458 0.004944
0 0.301698 0.597651 0.004245 0.007417
0 0.298059 0.609394 0.006671 0.006180
0 0.316555 0.623300 0.008490 0.004326
0 0.294421 0.592398 0.005458 0.004326
0 0.338993 0.587454 0.006064 0.004326
0 0.329290 0.599815 0.006064 0.003090
0 0.306853 0.546663 0.004851 0.004326
0 0.314130 0.572311 0.006064 0.003708
0 0.340206 0.608467 0.003639 0.006799
0 0.283808 0.630408 0.004851 0.007417
0 0.281383 0.628554 0.003639 0.006180
0 0.276834 0.628245 0.003032 0.005562
0 0.249242 0.635043 0.006064 0.005562
0 0.023651 0.583436 0.002426 0.006180
0 0.025773 0.585909 0.003032 0.006180
0 0.028502 0.587145 0.002426 0.006180
0 0.312917 0.575093 0.004851 0.003090
0 0.316252 0.565204 0.004245 0.003090
0 0.359005 0.535847 0.003639 0.006180
0 0.301698 0.503708 0.004245 0.006180
0 0.351122 0.533684 0.003639 0.005562
0 0.352032 0.541718 0.003032 0.005562
0 0.347483 0.531829 0.003639 0.006799
0 0.343845 0.530902 0.004851 0.007417
0 0.341722 0.538628 0.004245 0.006799
0 0.345361 0.539555 0.003032 0.006180
0 0.348090 0.539864 0.003639 0.005562
0 0.288357 0.495983 0.004245 0.006799
0 0.299272 0.501545 0.005458 0.006799
0 0.303517 0.558096 0.005458 0.003708
0 0.306246 0.508035 0.006064 0.006180
0 0.308672 0.510816 0.004851 0.005562
0 0.309885 0.523177 0.006064 0.006799
0 0.314433 0.517614 0.005458 0.005562
0 0.322620 0.526885 0.006064 0.005562
0 0.315343 0.538937 0.002426 0.006180
0 0.311704 0.549135 0.002426 0.005562
0 0.304730 0.553770 0.005458 0.003708
0 0.037599 0.555006 0.004851 0.004944
1 0.223772 0.514524 0.010916 0.005562
0 0.148272 0.530902 0.005458 0.002472
0 0.174955 0.529048 0.005458 0.003708
0 0.184354 0.515142 0.004851 0.003090
0 0.177683 0.513906 0.006064 0.003090
0 0.177077 0.519778 0.004851 0.003708
0 0.181928 0.521323 0.004851 0.003090
0 0.182232 0.524722 0.005458 0.002472
0 0.176167 0.522559 0.005458 0.003090
0 0.181625 0.527503 0.005458 0.003090
0 0.181322 0.530593 0.004851 0.003090
0 0.174045 0.532138 0.004851 0.003708
0 0.185870 0.509889 0.005458 0.002472
0 0.179503 0.533375 0.004851 0.003708
0 0.178593 0.536156 0.005458 0.004326
0 0.177683 0.539246 0.004851 0.003090
0 0.176774 0.542027 0.004245 0.002472
0 0.176167 0.545117 0.005458 0.003708
0 0.174651 0.547899 0.004851 0.003090
0 0.173742 0.550680 0.005458 0.003708
0 0.173438 0.554388 0.004851 0.003708
0 0.178593 0.511125 0.005458 0.003708
0 0.186477 0.507108 0.005458 0.003090
0 0.171922 0.559642 0.004245 0.003090
0 0.163432 0.504326 0.005458 0.002472
0 0.147665 0.545735 0.005458 0.002472
0 0.147665 0.548826 0.005458 0.002472
0 0.148272 0.552534 0.005458 0.002472
0 0.169800 0.485785 0.004851 0.002472
0 0.170103 0.488875 0.004245 0.002472
0 0.169497 0.497837 0.003032 0.005562
0 0.163736 0.491965 0.004851 0.002472
0 0.163129 0.498146 0.004851 0.002472
0 0.163432 0.507108 0.005458 0.001854
0 0.187690 0.503708 0.005458 0.003708
0 0.163129 0.510507 0.004851 0.002472
0 0.163129 0.513906 0.004851 0.003090
0 0.161916 0.521632 0.002426 0.004944
0 0.184961 0.490420 0.004851 0.003090
0 0.190722 0.491656 0.005458 0.003090
0 0.188902 0.497528 0.005458 0.003708
0 0.182838 0.495983 0.005458 0.004326
0 0.180716 0.502163 0.004851 0.003090
0 0.172529 0.557169 0.004245 0.003090
0 0.171316 0.563350 0.004245 0.003090
0 0.200121 0.542027 0.006064 0.003708
0 0.196180 0.528121 0.005458 0.003090
0 0.215282 0.560260 0.004851 0.003090
0 0.225894 0.577874 0.005458 0.003708
0 0.225591 0.581273 0.006064 0.003090
0 0.206186 0.571075 0.004851 0.003708
0 0.208914 0.558714 0.005458 0.003708
0 0.214372 0.563350 0.005458 0.003090
0 0.209521 0.556242 0.005458 0.003708
0 0.216192 0.557478 0.005458 0.003708
0 0.195876 0.531211 0.006064 0.003090
0 0.220133 0.546044 0.006064 0.004326
0 0.194967 0.533993 0.005458 0.003708
0 0.194663 0.537083 0.004851 0.003708
0 0.194057 0.540173 0.004851 0.002472
0 0.192541 0.545735 0.005458 0.003708
0 0.190722 0.552225 0.004245 0.003090
0 0.195270 0.559333 0.006064 0.003708
0 0.196180 0.556242 0.005458 0.003708
0 0.198908 0.545426 0.006064 0.004326
0 0.221346 0.539246 0.006064 0.004326
0 0.214069 0.544190 0.004851 0.003090
0 0.171922 0.537701 0.005458 0.003708
0 0.213159 0.491347 0.005458 0.003708
0 0.171013 0.540791 0.004851 0.002472
0 0.170710 0.543263 0.005458 0.002472
0 0.169497 0.546663 0.005458 0.003090
0 0.167981 0.549135 0.004851 0.001854
0 0.167981 0.552225 0.006064 0.003090
0 0.166768 0.555006 0.006064 0.003708
0 0.166161 0.557478 0.004851 0.002472
0 0.165858 0.560878 0.004245 0.003090
0 0.209824 0.500618 0.004851 0.003708
0 0.218921 0.523486 0.006064 0.003708
0 0.205276 0.495365 0.006671 0.004326
0 0.206792 0.492583 0.004851 0.003708
0 0.207095 0.511743 0.004245 0.003708
0 0.205276 0.520705 0.005458 0.003090
0 0.203760 0.524413 0.004851 0.003090
0 0.199818 0.516378 0.005458 0.004326
0 0.202547 0.529666 0.006064 0.002472
0 0.202244 0.532447 0.004245 0.003090
0 0.031231 0.588999 0.003032 0.006180
0 0.043663 0.598888 0.003639 0.006180
0 0.048817 0.601978 0.001819 0.006180
0 0.152820 0.706737 0.006064 0.005562
0 0.152820 0.739493 0.006064 0.005562
0 0.153123 0.735476 0.006671 0.006180
0 0.153123 0.731150 0.005458 0.004944
0 0.154033 0.727441 0.006064 0.006180
0 0.153730 0.723733 0.006671 0.006180
0 0.152820 0.718789 0.006064 0.004944
0 0.153123 0.714462 0.006671 0.006180
0 0.153426 0.710445 0.007277 0.005562
0 0.152213 0.702101 0.006064 0.006180
0 0.148272 0.731459 0.005458 0.005562
0 0.153123 0.699011 0.006671 0.006180
0 0.153123 0.694994 0.005458 0.005562
0 0.153426 0.691595 0.006064 0.006180
0 0.153123 0.686959 0.005458 0.005562
0 0.154033 0.683560 0.006064 0.004944
0 0.153426 0.679234 0.006064 0.004944
0 0.154033 0.675834 0.004851 0.005562
0 0.354154 0.612485 0.003639 0.007417
0 0.149485 0.740111 0.005458 0.005562
0 0.148272 0.726823 0.005458 0.006180
0 0.360522 0.600742 0.004245 0.006180
0 0.148878 0.683251 0.005458 0.004326
0 0.135840 0.714771 0.006064 0.004326
0 0.136446 0.719098 0.006064 0.005562
0 0.136143 0.722188 0.005458 0.004326
0 0.135233 0.726205 0.004851 0.004944
0 0.135537 0.730222 0.005458 0.005562
0 0.135537 0.733622 0.006671 0.004944
0 0.148878 0.675834 0.005458 0.005562
0 0.147059 0.678616 0.005458 0.004944
0 0.148272 0.687268 0.005458 0.004944
0 0.147362 0.722497 0.006064 0.006180
0 0.148575 0.691904 0.004851 0.004326
0 0.147968 0.695303 0.004851 0.003708
0 0.147968 0.698702 0.004851 0.004326
0 0.148878 0.703646 0.005458 0.005562
0 0.147968 0.707046 0.006064 0.004944
0 0.147362 0.710445 0.006064 0.004326
0 0.147665 0.714462 0.005458 0.004944
0 0.147362 0.717553 0.004851 0.004944
0 0.348393 0.611248 0.005458 0.007417
0 0.355670 0.586836 0.005458 0.006799
0 0.051546 0.604450 0.002426 0.006180
0 0.171013 0.686032 0.006064 0.004944
0 0.171619 0.714771 0.006064 0.004326
0 0.170710 0.711681 0.004245 0.004326
0 0.169800 0.708591 0.006064 0.005562
0 0.170103 0.704574 0.005458 0.004944
0 0.171316 0.700556 0.005458 0.004326
0 0.171013 0.697157 0.004851 0.004944
0 0.171013 0.693758 0.006064 0.005562
0 0.171316 0.689740 0.006671 0.004944
0 0.183141 0.688504 0.004851 0.004944
0 0.171316 0.722806 0.005458 0.004326
0 0.182838 0.691595 0.005458 0.004944
0 0.183141 0.695612 0.004851 0.004326
0 0.183141 0.699011 0.004851 0.004944
0 0.182838 0.702719 0.005458 0.004944
0 0.182535 0.706428 0.006064 0.004944
0 0.182535 0.710136 0.006064 0.006180
0 0.183141 0.714153 0.004851 0.004326
0 0.182838 0.717244 0.005458 0.004326
0 0.170406 0.718789 0.004851 0.004944
0 0.171316 0.726205 0.005458 0.003708
0 0.167071 0.684796 0.005458 0.004944
0 0.165858 0.725587 0.005458 0.004944
0 0.165555 0.689431 0.006064 0.004326
0 0.165858 0.692213 0.004245 0.003708
0 0.165252 0.700247 0.005458 0.004944
0 0.164948 0.707973 0.006064 0.005562
0 0.164948 0.711372 0.004851 0.004944
0 0.165858 0.714153 0.005458 0.004326
0 0.165858 0.717862 0.005458 0.004326
0 0.165252 0.722188 0.006671 0.005562
0 0.165555 0.729295 0.004851 0.003708
0 0.170710 0.729913 0.005458 0.004944
0 0.165252 0.733004 0.005458 0.004944
0 0.165555 0.736403 0.004851 0.003090
0 0.166161 0.740111 0.004851 0.004326
0 0.167071 0.742892 0.005458 0.003708
0 0.168284 0.745983 0.005458 0.003708
0 0.172529 0.739802 0.005458 0.003708
0 0.171922 0.736712 0.005458 0.004944
0 0.171013 0.733931 0.004851 0.004326
0 0.135233 0.711372 0.006064 0.004944
0 0.135537 0.708282 0.004245 0.003708
0 0.135840 0.704574 0.006064 0.004944
0 0.009400 0.640915 0.005458 0.006180
0 0.027592 0.637515 0.003032 0.005562
0 0.030321 0.638752 0.002426 0.006799
0 0.032747 0.640606 0.002426 0.005562
0 0.035779 0.642460 0.002426 0.006799
0 0.040024 0.646786 0.002426 0.005562
0 0.043663 0.648640 0.002426 0.005562
0 0.044876 0.641224 0.002426 0.006799
0 0.004245 0.637206 0.004851 0.004944
0 0.024560 0.652349 0.006671 0.005562
0 0.022135 0.633498 0.001819 0.004944
0 0.027896 0.654512 0.004851 0.004944
0 0.030018 0.656984 0.005458 0.004944
0 0.032444 0.658838 0.005458 0.004944
0 0.034566 0.660692 0.004851 0.004944
0 0.038205 0.661928 0.006064 0.004944
0 0.040934 0.664400 0.005458 0.004944
0 0.051546 0.679234 0.006064 0.004944
0 0.027592 0.697466 0.003032 0.006799
0 0.031231 0.631335 0.003032 0.005562
0 0.019406 0.631953 0.002426 0.005562
0 0.135233 0.699938 0.006064 0.005562
0 0.048211 0.618974 0.005458 0.004326
0 0.053669 0.605068 0.003032 0.006180
0 0.056701 0.606922 0.001819 0.006180
0 0.059127 0.609085 0.001819 0.006799
0 0.061856 0.610939 0.002426 0.005562
0 0.064585 0.612485 0.003032 0.006180
0 0.067314 0.614339 0.002426 0.006180
0 0.069739 0.615884 0.002426 0.005562
0 0.052759 0.622682 0.007277 0.004326
0 0.042450 0.615884 0.006064 0.004326
0 0.013948 0.626700 0.002426 0.006180
0 0.040327 0.613103 0.005458 0.004944
0 0.042147 0.622373 0.005458 0.004944
0 0.036386 0.618974 0.006064 0.005562
0 0.033354 0.616811 0.006064 0.004944
0 0.030928 0.614957 0.006064 0.004944
0 0.020619 0.607231 0.006064 0.005562
0 0.016374 0.605377 0.004851 0.004326
0 0.006974 0.614648 0.003032 0.005562
0 0.055185 0.684487 0.004851 0.005562
0 0.059430 0.685105 0.004851 0.005562
0 0.062765 0.682633 0.005458 0.005562
0 0.134021 0.664400 0.006064 0.004944
0 0.193754 0.685105 0.005458 0.004326
0 0.201941 0.690358 0.004851 0.003708
0 0.214979 0.688813 0.001819 0.004326
0 0.128260 0.662237 0.005458 0.004326
0 0.128866 0.667800 0.005458 0.004326
0 0.129472 0.671508 0.005458 0.004326
0 0.129472 0.675525 0.006671 0.004944
0 0.129776 0.683251 0.006064 0.004326
0 0.134930 0.668109 0.006671 0.004944
0 0.069436 0.681088 0.003032 0.006180
0 0.135537 0.672126 0.006671 0.005562
0 0.135537 0.675216 0.005458 0.004326
0 0.135840 0.679234 0.006064 0.004944
0 0.135840 0.683251 0.006064 0.004326
0 0.136446 0.685723 0.004851 0.004326
0 0.093693 0.729295 0.003032 0.006180
0 0.093693 0.738566 0.001819 0.004944
0 0.092784 0.754635 0.004851 0.006180
0 0.187083 0.681088 0.005458 0.004944
0 0.179806 0.677379 0.006671 0.004944
0 0.172529 0.673980 0.006671 0.005562
0 0.165858 0.669654 0.005458 0.005562
0 0.036082 0.700247 0.003032 0.006180
0 0.038508 0.701792 0.003032 0.005562
0 0.041540 0.704883 0.003032 0.005562
0 0.043966 0.708282 0.003032 0.006180
0 0.101577 0.618047 0.004245 0.006180
0 0.108854 0.616502 0.003032 0.005562
0 0.117647 0.644932 0.006064 0.003090
0 0.117647 0.648331 0.006064 0.003708
0 0.118253 0.655439 0.006064 0.004326
0 0.118253 0.661619 0.006064 0.004326
0 0.118253 0.664091 0.004851 0.004326
0 0.117344 0.672744 0.004245 0.004326
0 0.127653 0.644005 0.004245 0.003708
0 0.132808 0.648331 0.006064 0.004944
0 0.140388 0.653585 0.006671 0.005562
0 0.152213 0.662855 0.006064 0.005562
0 0.159491 0.666873 0.006064 0.006180
0 0.148272 0.534302 0.005458 0.003090
0 0.148272 0.524722 0.005458 0.002472
0 0.728927 0.247837 0.004851 0.004944
0 0.101577 0.182324 0.003032 0.006180
0 0.059430 0.243511 0.006064 0.002472
0 0.059430 0.240420 0.004851 0.002472
0 0.059127 0.234549 0.005458 0.003090
0 0.059127 0.231150 0.005458 0.002472
0 0.059430 0.228059 0.004851 0.002472
0 0.092784 0.182942 0.003639 0.007417
0 0.095816 0.182015 0.002426 0.005562
0 0.098241 0.181706 0.002426 0.006180
0 0.104912 0.182324 0.002426 0.006180
0 0.058824 0.249691 0.004851 0.002472
0 0.107944 0.182633 0.002426 0.005562
0 0.110976 0.182015 0.002426 0.005562
0 0.113402 0.182633 0.002426 0.005562
0 0.116131 0.183560 0.003032 0.006180
0 0.119466 0.182633 0.002426 0.005562
0 0.122802 0.182942 0.003032 0.006180
0 0.128866 0.182324 0.001819 0.006180
0 0.132201 0.182324 0.002426 0.006180
0 0.059430 0.246292 0.006064 0.003090
0 0.066404 0.246601 0.005458 0.002472
0 0.140995 0.182324 0.001819 0.004944
0 0.059127 0.215698 0.004245 0.002472
0 0.059733 0.194067 0.005458 0.002472
0 0.059733 0.190977 0.004245 0.002472
0 0.060036 0.197775 0.004851 0.002472
0 0.060340 0.201174 0.005458 0.003090
0 0.059127 0.206737 0.004245 0.003090
0 0.059733 0.204265 0.004245 0.001854
0 0.059127 0.209518 0.004245 0.002472
0 0.059127 0.212917 0.004245 0.003090
0 0.058824 0.218789 0.004851 0.002472
0 0.066707 0.243511 0.006064 0.002472
0 0.058824 0.221879 0.004851 0.002472
0 0.066404 0.218171 0.005458 0.002472
0 0.066404 0.221570 0.005458 0.003090
0 0.066404 0.225278 0.005458 0.003090
0 0.066404 0.228059 0.005458 0.002472
0 0.067314 0.230841 0.006064 0.001854
0 0.065797 0.234240 0.005458 0.002472
0 0.065797 0.237639 0.005458 0.001854
0 0.137659 0.182633 0.002426 0.005562
0 0.144330 0.181706 0.002426 0.004944
0 0.067314 0.194067 0.004851 0.002472
0 0.005761 0.235476 0.005458 0.002472
0 0.340813 0.308405 0.003639 0.006180
0 0.365979 0.334054 0.003032 0.006799
0 0.296847 0.276267 0.005458 0.004944
0 0.298059 0.279666 0.005458 0.005562
0 0.299879 0.282138 0.005458 0.004326
0 0.020012 0.236094 0.006064 0.002472
0 0.021831 0.239184 0.006064 0.002472
0 0.014857 0.233004 0.003032 0.006180
0 0.005761 0.237948 0.005458 0.002472
0 0.228623 0.222188 0.006064 0.003090
0 0.005761 0.240420 0.004245 0.002472
0 0.005761 0.243511 0.005458 0.002472
0 0.003335 0.254944 0.005458 0.001854
0 0.015767 0.272250 0.002426 0.006799
0 0.021225 0.242583 0.004851 0.001854
0 0.019406 0.247837 0.004851 0.002472
0 0.020922 0.262670 0.006671 0.003708
0 0.020619 0.266378 0.006064 0.003708
0 0.228623 0.226514 0.006064 0.003090
0 0.228623 0.217553 0.007277 0.002472
0 0.146756 0.182633 0.002426 0.006799
0 0.151910 0.198084 0.003032 0.005562
0 0.150697 0.182015 0.001819 0.005562
0 0.153123 0.182015 0.001819 0.005562
0 0.158278 0.181706 0.002426 0.006180
0 0.161916 0.181706 0.002426 0.006180
0 0.168587 0.182633 0.002426 0.005562
0 0.172529 0.183560 0.003032 0.007417
0 0.177380 0.183560 0.003032 0.007417
0 0.155246 0.198393 0.002426 0.004944
0 0.146149 0.199011 0.002426 0.004944
0 0.230443 0.205192 0.002426 0.006180
0 0.142511 0.198702 0.002426 0.005562
0 0.140085 0.198702 0.002426 0.004326
0 0.137053 0.199011 0.002426 0.004944
0 0.133717 0.199011 0.001819 0.004944
0 0.127653 0.199011 0.003032 0.006180
0 0.124621 0.199011 0.001819 0.004944
0 0.136143 0.256799 0.003032 0.006799
0 0.162826 0.262670 0.006671 0.003708
0 0.067920 0.196848 0.006064 0.001854
0 0.067010 0.191595 0.005458 0.002472
0 0.147968 0.521323 0.004851 0.003090
1 0.392359 0.698393 0.013341 0.022250
0 0.543663 0.163782 0.003032 0.007417
0 0.542147 0.180779 0.004851 0.006799
0 0.566404 0.208282 0.004851 0.006180
0 0.565494 0.221261 0.005458 0.007417
0 0.550334 0.205810 0.003032 0.007417
0 0.538508 0.220025 0.003639 0.006180
0 0.546089 0.193449 0.003032 0.008653
1 0.501516 0.023486 0.003639 0.014833
1 0.340813 0.831273 0.015767 0.018541
0 0.533657 0.119901 0.004851 0.007417
1 0.365373 0.804697 0.006671 0.009889
1 0.266525 0.899567 0.018799 0.015451
1 0.136143 0.942213 0.022438 0.014215
1 0.199212 0.846415 0.012735 0.009271
1 0.178896 0.856613 0.010916 0.007417
1 0.263190 0.804697 0.009703 0.008653
1 0.053366 0.792336 0.008490 0.007417
1 0.051546 0.797899 0.006064 0.006180
0 0.532747 0.138443 0.004245 0.006180
0 0.538205 0.118974 0.004245 0.005562
1 0.628866 0.794808 0.013341 0.007417
0 0.241055 0.073548 0.005458 0.002472
0 0.053972 0.071384 0.006064 0.003090
0 0.112796 0.072311 0.004851 0.002472
0 0.154033 0.082200 0.006064 0.002472
0 0.179806 0.082509 0.005458 0.003090
0 0.457247 0.004635 0.004851 0.005562
0 0.526683 0.091162 0.004245 0.006799
0 0.456337 0.016378 0.004245 0.005562
0 0.474833 0.051916 0.004851 0.007417
0 0.523347 0.050680 0.004851 0.007417
0 0.562765 0.021632 0.004851 0.006180
0 0.564888 0.008344 0.004245 0.006799
0 0.534566 0.014524 0.004245 0.006799
0 0.513948 0.061187 0.004245 0.006180
0 0.491207 0.077565 0.004851 0.006799
1 0.045179 0.796354 0.005458 0.006799
1 0.609763 0.789246 0.013948 0.007417
0 0.067010 0.187886 0.004245 0.002472
0 0.043056 0.222497 0.004851 0.002472
0 0.030928 0.212299 0.004851 0.004326
0 0.044269 0.200247 0.006064 0.002472
0 0.043966 0.203337 0.006671 0.002472
0 0.043056 0.206119 0.004851 0.003090
0 0.042450 0.209518 0.004851 0.002472
0 0.043056 0.212917 0.003639 0.003090
0 0.043056 0.216007 0.004851 0.003090
0 0.042753 0.219407 0.005458 0.002472
0 0.043056 0.225896 0.006064 0.001854
0 0.059733 0.187886 0.005458 0.002472
0 0.043056 0.228368 0.004851 0.003090
0 0.043663 0.231459 0.004851 0.003090
0 0.043360 0.234549 0.005458 0.001854
0 0.043056 0.237639 0.004851 0.003090
0 0.043360 0.241038 0.005458 0.002472
0 0.031231 0.234549 0.005458 0.005562
0 0.030928 0.229604 0.004851 0.005562
0 0.030928 0.226514 0.006064 0.005562
0 0.031837 0.203646 0.005458 0.005562
0 0.031231 0.191286 0.005458 0.005562
1 0.918435 0.730841 0.009096 0.024104
0 0.278957 0.142460 0.002426 0.005562
1 0.848696 0.456737 0.022438 0.014833
1 0.719527 0.372373 0.021225 0.017923
0 0.279867 0.015451 0.003032 0.007417
0 0.303517 0.073857 0.005458 0.003090
0 0.321407 0.101978 0.002426 0.006180
0 0.439054 0.229913 0.003639 0.006180
0 0.276834 0.168109 0.005458 0.003708
0 0.258945 0.141533 0.002426 0.004944
0 0.247726 0.135352 0.003032 0.004944
0 0.020922 0.182633 0.005458 0.003090
0 0.247423 0.146786 0.003639 0.006799
0 0.110370 0.173671 0.006064 0.002472
0 0.100667 0.173671 0.004851 0.002472
0 0.093996 0.173671 0.006064 0.002472
0 0.069739 0.160383 0.004851 0.003090
0 0.055488 0.161001 0.004245 0.001854
0 0.023651 0.160383 0.006064 0.003090
0 0.011825 0.183560 0.005458 0.002472
0 0.021225 0.275649 0.006064 0.003708
0 0.021528 0.283066 0.005458 0.003708
0 0.021528 0.286465 0.005458 0.004326
0 0.238933 0.466625 0.004851 0.006180
0 0.216798 0.453956 0.004245 0.006799
0 0.219224 0.455192 0.004245 0.005562
0 0.221649 0.457355 0.004245 0.006180
0 0.224075 0.458591 0.004245 0.006180
0 0.226501 0.459827 0.004245 0.006180
0 0.231352 0.462917 0.004245 0.006180
0 0.234081 0.464462 0.004851 0.006799
0 0.236507 0.465698 0.003639 0.006799
0 0.241965 0.468480 0.004851 0.007417
0 0.211643 0.451483 0.002426 0.005562
0 0.182232 0.451174 0.005458 0.007417
0 0.185264 0.452719 0.004245 0.005562
0 0.187993 0.454574 0.003639 0.005562
0 0.192844 0.456737 0.004851 0.006180
0 0.197392 0.459209 0.004245 0.006180
0 0.199818 0.461681 0.004245 0.006180
0 0.202547 0.462917 0.004851 0.006180
0 0.204973 0.464153 0.004851 0.006180
0 0.214069 0.452719 0.004851 0.008035
0 0.208914 0.450247 0.004245 0.005562
0 0.210127 0.467862 0.004245 0.006180
0 0.167981 0.429234 0.003639 0.005562
0 0.227107 0.361557 0.001819 0.006180
0 0.229836 0.361248 0.002426 0.006799
0 0.135233 0.370210 0.006064 0.003708
0 0.140691 0.370828 0.003639 0.004944
0 0.144330 0.370828 0.003639 0.006180
0 0.147362 0.371755 0.003639 0.005562
0 0.108854 0.272559 0.003032 0.006180
0 0.236204 0.277812 0.006671 0.005562
0 0.171316 0.430779 0.004245 0.006180
0 0.206489 0.448702 0.005458 0.007417
0 0.175864 0.432324 0.004851 0.006799
0 0.181928 0.434487 0.004851 0.006180
0 0.184354 0.435414 0.004851 0.006799
0 0.188599 0.438195 0.004851 0.006180
0 0.191935 0.440049 0.005458 0.006180
0 0.194967 0.441286 0.004245 0.006180
0 0.199212 0.444067 0.004245 0.005562
0 0.201637 0.446230 0.005458 0.007417
0 0.207095 0.466007 0.004245 0.006180
0 0.213463 0.468789 0.004851 0.006799
0 0.021831 0.290482 0.006064 0.003708
0 0.053972 0.519778 0.004851 0.002472
0 0.150697 0.484549 0.005458 0.002472
0 0.041540 0.455810 0.005458 0.003090
0 0.021528 0.453956 0.003032 0.006799
0 0.018193 0.454574 0.002426 0.006799
0 0.054275 0.480532 0.005458 0.003090
0 0.053972 0.495983 0.004851 0.003090
0 0.054579 0.508035 0.004851 0.002472
0 0.054275 0.516996 0.005458 0.003090
0 0.016070 0.542027 0.005458 0.003708
0 0.149788 0.475278 0.006064 0.003708
0 0.089751 0.589926 0.006064 0.005562
0 0.149485 0.493820 0.005458 0.002472
0 0.149485 0.497219 0.005458 0.001854
0 0.149485 0.503090 0.005458 0.002472
0 0.148878 0.506799 0.005458 0.002472
0 0.148878 0.509271 0.005458 0.002472
0 0.148878 0.512361 0.005458 0.002472
0 0.148272 0.516069 0.005458 0.002472
0 0.149485 0.482077 0.005458 0.002472
0 0.155246 0.467553 0.002426 0.005562
0 0.216495 0.470952 0.004851 0.006180
0 0.190418 0.461990 0.006064 0.005562
0 0.221953 0.474969 0.004851 0.006799
0 0.224985 0.476514 0.004851 0.006180
0 0.228017 0.477441 0.004851 0.006799
0 0.230443 0.480222 0.003639 0.006180
0 0.233172 0.481459 0.004245 0.007417
0 0.241358 0.486403 0.004851 0.007417
0 0.243784 0.487330 0.004851 0.005562
0 0.209218 0.472806 0.006064 0.004944
0 0.183445 0.457355 0.005458 0.004944
0 0.158278 0.468480 0.002426 0.006180
0 0.153730 0.444067 0.006671 0.005562
0 0.151607 0.447466 0.006064 0.004944
0 0.167677 0.459518 0.005458 0.006799
0 0.170406 0.460754 0.004851 0.006799
0 0.192844 0.476205 0.006064 0.004326
0 0.169800 0.471570 0.004851 0.002472
0 0.164645 0.467244 0.001819 0.004944
0 0.161613 0.467244 0.003032 0.004944
0 0.223469 0.360939 0.001819 0.006180
0 0.220437 0.360939 0.003032 0.006180
0 0.212856 0.380717 0.002426 0.006180
0 0.092784 0.267923 0.002426 0.005562
0 0.084597 0.279357 0.005458 0.002472
0 0.084900 0.282447 0.004851 0.002472
0 0.085506 0.285229 0.006064 0.003090
0 0.084597 0.291718 0.005458 0.002472
0 0.084900 0.295117 0.006064 0.003090
0 0.084900 0.297899 0.006064 0.002472
0 0.084597 0.300989 0.005458 0.002472
0 0.089448 0.267614 0.003032 0.004944
0 0.101880 0.267614 0.002426 0.006180
0 0.084597 0.273177 0.005458 0.002472
0 0.124318 0.308714 0.002426 0.006799
0 0.127653 0.309333 0.001819 0.006799
0 0.133414 0.312114 0.006064 0.003708
0 0.128260 0.360939 0.006671 0.002472
0 0.144936 0.361557 0.006064 0.002472
0 0.188296 0.362176 0.001819 0.004944
0 0.207095 0.364339 0.001819 0.006799
0 0.197999 0.364030 0.001819 0.004944
0 0.084597 0.275649 0.005458 0.002472
0 0.084597 0.269468 0.005458 0.002472
0 0.195876 0.374227 0.003639 0.003090
0 0.002426 0.302534 0.002426 0.005562
0 0.021225 0.292954 0.004851 0.003708
0 0.010916 0.295735 0.002426 0.005562
0 0.007580 0.289864 0.001819 0.004944
0 0.009703 0.290173 0.002426 0.005562
0 0.004548 0.289555 0.001819 0.005562
0 0.007884 0.295735 0.002426 0.005562
0 0.005458 0.296044 0.002426 0.004944
0 0.005155 0.302843 0.001819 0.006180
0 0.010309 0.309023 0.002426 0.004944
0 0.084597 0.265760 0.005458 0.002472
0 0.004245 0.309333 0.002426 0.005562
0 0.001819 0.309023 0.002426 0.006180
0 0.034870 0.261434 0.005458 0.002472
0 0.036689 0.265142 0.005458 0.002472
0 0.040024 0.268541 0.006064 0.003090
0 0.032444 0.273795 0.003032 0.007417
0 0.028199 0.275031 0.003032 0.008653
0 0.086113 0.347342 0.006064 0.002472
0 0.166465 0.362794 0.001819 0.004944
0 0.164645 0.377936 0.004245 0.006799
0 0.161613 0.377009 0.004245 0.006180
0 0.246816 0.335909 0.002426 0.006799
1 0.237417 0.295117 0.009096 0.008035
1 0.236204 0.298208 0.006671 0.006799
1 0.169193 0.309023 0.007277 0.011125
1 0.159187 0.308714 0.006671 0.010507
1 0.254700 0.268232 0.008490 0.009889
0 0.257429 0.327874 0.006671 0.003090
0 0.256822 0.331273 0.005458 0.002472
0 0.257732 0.334672 0.004851 0.003090
0 0.257732 0.337763 0.006064 0.001854
0 0.158581 0.375155 0.004245 0.006180
0 0.257732 0.340853 0.006064 0.003090
0 0.247423 0.351360 0.002426 0.005562
0 0.258035 0.347342 0.005458 0.002472
0 0.258338 0.356613 0.006064 0.002472
0 0.179200 0.361248 0.003032 0.005562
0 0.188599 0.378554 0.004851 0.006799
0 0.192844 0.378245 0.003639 0.006180
0 0.196786 0.378863 0.004245 0.006180
1 0.236810 0.289246 0.007884 0.009889
1 0.238326 0.283684 0.008490 0.008653
1 0.253790 0.285847 0.009096 0.009271
1 0.253487 0.292645 0.008490 0.009271
0 0.152820 0.374536 0.003639 0.006180
1 0.075500 0.277503 0.003032 0.008653
1 0.037599 0.279357 0.003639 0.008653
1 0.092177 0.306242 0.003639 0.008035
1 0.218921 0.384425 0.002426 0.007417
1 0.222256 0.384425 0.001819 0.007417
1 0.225591 0.383189 0.002426 0.007417
1 0.231049 0.396168 0.007277 0.004944
1 0.222559 0.407602 0.004851 0.008035
1 0.219224 0.406366 0.004245 0.008035
1 0.216798 0.405439 0.005458 0.007417
1 0.213766 0.403894 0.004245 0.008035
1 0.211037 0.402658 0.004851 0.008035
1 0.255306 0.320457 0.008490 0.003090
1 0.254397 0.311187 0.009096 0.005562
1 0.253790 0.303461 0.009096 0.009889
1 0.253790 0.298826 0.007884 0.009271
0 0.182838 0.721570 0.005458 0.005562
0 0.182838 0.725896 0.005458 0.005562
0 0.182535 0.729295 0.004851 0.004944
0 0.837477 0.446539 0.007277 0.005562
0 0.892056 0.335909 0.004851 0.004326
0 0.914494 0.354450 0.004851 0.004326
0 0.960885 0.392151 0.004245 0.004326
0 0.976956 0.404512 0.004851 0.004326
0 0.792602 0.393078 0.003639 0.006180
0 0.982414 0.390606 0.006064 0.006180
0 0.972711 0.462299 0.004851 0.004944
0 0.888114 0.470952 0.005458 0.004944
0 0.812917 0.426452 0.005458 0.004944
0 0.727714 0.361867 0.004851 0.005562
0 0.806853 0.429234 0.005458 0.005562
0 0.803820 0.432015 0.007884 0.006180
0 0.966040 0.512979 0.006064 0.004944
0 0.722862 0.495983 0.004851 0.005562
0 0.734081 0.498764 0.004245 0.004944
0 0.740146 0.501236 0.004245 0.004944
0 0.721346 0.501854 0.004245 0.002472
0 0.738629 0.514524 0.002426 0.005562
0 0.765919 0.394623 0.006064 0.005562
0 0.648575 0.314895 0.005458 0.005562
0 0.744997 0.514524 0.001819 0.004326
0 0.984839 0.026885 0.003639 0.005562
0 0.968466 0.046663 0.002426 0.005562
0 0.971195 0.047590 0.004245 0.004944
0 0.965130 0.045117 0.004245 0.004944
0 0.982414 0.052534 0.003639 0.006180
0 0.996361 0.039246 0.003639 0.005562
0 0.990904 0.029357 0.003639 0.005562
0 0.944815 0.009889 0.003639 0.006180
0 0.950879 0.004944 0.003639 0.004944
0 0.987568 0.053461 0.004245 0.006799
0 0.683748 0.348269 0.005458 0.005562
0 0.709218 0.159765 0.004245 0.005562
0 0.695876 0.203956 0.006671 0.007417
0 0.745300 0.210445 0.004851 0.005562
0 0.716495 0.228059 0.005458 0.006180
0 0.690722 0.233622 0.004851 0.004944
0 0.724682 0.293263 0.006064 0.004326
0 0.756519 0.276267 0.005458 0.006180
0 0.783808 0.296663 0.005458 0.004944
0 0.742268 0.514524 0.002426 0.005562
0 0.911158 0.590235 0.004245 0.006180
0 0.952092 0.027194 0.003639 0.004944
0 0.711037 0.771014 0.004245 0.004326
0 0.702850 0.779975 0.003639 0.004944
0 0.701941 0.784302 0.003032 0.004944
0 0.701031 0.788628 0.003639 0.004944
0 0.698908 0.792645 0.004245 0.004326
0 0.715888 0.754635 0.004245 0.004944
0 0.714372 0.758344 0.004851 0.004944
0 0.713463 0.762670 0.004245 0.004944
0 0.712856 0.767305 0.003032 0.004326
0 0.709521 0.774413 0.003639 0.004944
0 0.704973 0.771632 0.003032 0.004326
0 0.708914 0.779048 0.003639 0.005562
0 0.707702 0.782138 0.003639 0.004326
0 0.706489 0.787083 0.003639 0.005562
0 0.706186 0.791718 0.003032 0.004944
0 0.704669 0.795426 0.004851 0.006180
0 0.728623 0.748764 0.005458 0.004326
0 0.728623 0.752163 0.005458 0.003708
0 0.727107 0.756180 0.004851 0.003090
0 0.704063 0.775958 0.003639 0.005562
0 0.705882 0.767305 0.003639 0.005562
0 0.885688 0.539246 0.004245 0.005562
0 0.692844 0.769159 0.005458 0.004326
0 0.704669 0.735167 0.006064 0.004326
0 0.704063 0.731459 0.004851 0.003090
0 0.705882 0.726205 0.004851 0.003708
0 0.698908 0.745056 0.005458 0.004326
0 0.698605 0.748764 0.006064 0.004326
0 0.696180 0.756180 0.004851 0.004326
0 0.695270 0.760198 0.005458 0.003708
0 0.694057 0.765142 0.005458 0.003708
0 0.691935 0.773486 0.004851 0.004326
0 0.708005 0.764215 0.004245 0.005562
0 0.689206 0.783066 0.005458 0.003708
0 0.685567 0.795426 0.005458 0.003708
0 0.687083 0.789864 0.004851 0.003708
0 0.684961 0.798517 0.005458 0.003708
0 0.690418 0.778121 0.004245 0.003708
0 0.710734 0.751854 0.004851 0.005562
0 0.709521 0.755871 0.003639 0.004944
0 0.708005 0.759580 0.004245 0.004944
0 0.962401 0.043572 0.003639 0.005562
0 0.936628 0.019778 0.004245 0.004944
0 0.182838 0.733313 0.005458 0.004326
0 0.501819 0.570148 0.005458 0.003090
0 0.456944 0.594561 0.004245 0.006180
0 0.458156 0.612794 0.004245 0.005562
0 0.446634 0.618665 0.004245 0.006180
0 0.422984 0.608776 0.004245 0.006180
0 0.413281 0.622991 0.004245 0.006180
0 0.426319 0.623609 0.003639 0.006180
0 0.502729 0.563968 0.006064 0.003090
0 0.502122 0.567676 0.004851 0.003090
0 0.500000 0.572930 0.005458 0.003708
0 0.480291 0.570148 0.004851 0.008035
0 0.498787 0.578492 0.005458 0.003708
0 0.496665 0.584363 0.006064 0.003090
0 0.495452 0.587763 0.006064 0.003708
0 0.495149 0.591471 0.006671 0.003708
0 0.493633 0.596106 0.006064 0.004326
0 0.491207 0.601978 0.006064 0.003708
0 0.490904 0.605686 0.005458 0.003708
0 0.490297 0.608158 0.005458 0.003708
0 0.468466 0.588072 0.005458 0.006799
0 0.468769 0.565822 0.003639 0.005562
0 0.488175 0.614339 0.004851 0.003708
0 0.527896 0.430161 0.004245 0.006180
0 0.459066 0.417800 0.003639 0.006180
0 0.376289 0.404203 0.003032 0.004944
0 0.380534 0.406057 0.004245 0.006180
0 0.385385 0.406366 0.004245 0.005562
0 0.393269 0.407293 0.004245 0.006180
0 0.483626 0.439740 0.004245 0.006799
0 0.483020 0.463226 0.004245 0.006799
0 0.498787 0.432942 0.004245 0.006799
0 0.514554 0.464771 0.004245 0.006180
0 0.479685 0.550062 0.004851 0.006180
0 0.546089 0.468480 0.006671 0.007417
0 0.500000 0.512052 0.004245 0.006799
0 0.467253 0.499691 0.004245 0.006799
0 0.483930 0.532447 0.004851 0.006799
0 0.436325 0.577565 0.004245 0.006799
0 0.436931 0.563041 0.004245 0.007417
0 0.491813 0.530902 0.004851 0.006180
0 0.491510 0.542645 0.004245 0.006180
0 0.489084 0.611867 0.005458 0.003708
0 0.516374 0.631644 0.004245 0.007417
0 0.934203 0.018541 0.004245 0.006180
0 0.579139 0.770087 0.002426 0.006180
0 0.591874 0.728059 0.003639 0.006180
0 0.584900 0.726205 0.003032 0.006180
0 0.537902 0.720952 0.002426 0.005562
0 0.529412 0.718789 0.002426 0.004944
0 0.517283 0.730222 0.002426 0.005562
0 0.548817 0.738566 0.002426 0.004944
0 0.580049 0.754944 0.003032 0.004326
0 0.582171 0.771323 0.002426 0.004944
0 0.494239 0.761125 0.004851 0.003090
0 0.438751 0.733004 0.004245 0.004944
0 0.657368 0.810569 0.004851 0.003090
0 0.541237 0.773177 0.005458 0.003708
0 0.598241 0.789864 0.006671 0.003708
0 0.651304 0.803770 0.004851 0.004326
0 0.666161 0.094870 0.005458 0.006799
0 0.594603 0.079110 0.004245 0.004944
0 0.926319 0.013906 0.004245 0.005562
0 0.929048 0.015142 0.003639 0.006799
0 0.610370 0.736712 0.003032 0.004944
0 0.441480 0.733622 0.003639 0.004944
0 0.486962 0.619901 0.004851 0.003708
0 0.422074 0.690667 0.003639 0.005562
0 0.486355 0.623609 0.006064 0.003708
0 0.484233 0.629481 0.005458 0.004326
0 0.480291 0.644005 0.006064 0.003708
1 0.464827 0.586836 0.007884 0.012979
1 0.416010 0.636897 0.006064 0.008035
0 0.449970 0.626700 0.003639 0.006180
0 0.439054 0.655748 0.003639 0.006180
0 0.390843 0.675216 0.004245 0.006799
0 0.572468 0.703028 0.006064 0.004326
0 0.446938 0.734858 0.002426 0.004944
0 0.580049 0.711063 0.003032 0.005562
0 0.591571 0.707973 0.005458 0.004326
0 0.542450 0.701174 0.003032 0.006799
0 0.412371 0.711990 0.003639 0.006180
0 0.413281 0.719407 0.003032 0.004944
0 0.414190 0.696539 0.003639 0.004944
0 0.441480 0.715080 0.003639 0.006180
0 0.449970 0.736094 0.002426 0.004944
0 0.726804 0.760507 0.005458 0.004326
0 0.724682 0.764524 0.004851 0.003708
0 0.724378 0.767923 0.004245 0.003090
0 0.706792 0.504944 0.003032 0.006180
0 0.965737 0.763288 0.004245 0.002472
0 0.973924 0.763288 0.004851 0.002472
0 0.982414 0.762361 0.004851 0.003090
0 0.927532 0.681706 0.003032 0.006180
0 0.943602 0.778430 0.004851 0.003090
0 0.954821 0.775958 0.005458 0.003090
0 0.961795 0.774104 0.004851 0.003090
0 0.975743 0.772868 0.004851 0.003090
0 0.692541 0.477750 0.002426 0.006180
0 0.940873 0.766687 0.005458 0.003090
0 0.764706 0.727441 0.002426 0.004944
0 0.775622 0.847960 0.006064 0.003708
0 0.867799 0.871755 0.004851 0.004326
0 0.902365 0.893078 0.004851 0.004944
0 0.906610 0.897095 0.004851 0.004326
0 0.993329 0.890606 0.004851 0.004944
0 0.987265 0.898949 0.004851 0.005562
0 0.989084 0.901731 0.004851 0.006180
0 0.959066 0.764215 0.006671 0.003090
0 0.933293 0.767923 0.004851 0.003090
0 0.967556 0.911001 0.004245 0.006180
0 0.942086 0.740111 0.001819 0.004326
0 0.961189 0.735476 0.002426 0.004944
0 0.958156 0.735167 0.002426 0.005562
0 0.955428 0.735167 0.001819 0.005562
0 0.952395 0.734549 0.001819 0.004326
0 0.949363 0.733931 0.003032 0.005562
0 0.946634 0.733622 0.003639 0.004944
0 0.943602 0.733004 0.002426 0.004944
0 0.939964 0.732386 0.002426 0.004944
0 0.939054 0.739802 0.003032 0.006180
0 0.925409 0.750927 0.006064 0.003708
0 0.945118 0.740420 0.001819 0.004944
0 0.948150 0.740420 0.001819 0.004944
0 0.951183 0.740729 0.003032 0.005562
0 0.954518 0.741347 0.002426 0.005562
0 0.956944 0.741347 0.002426 0.005562
0 0.962098 0.742274 0.003032 0.006180
0 0.965434 0.742583 0.002426 0.005562
0 0.968163 0.742583 0.001819 0.005562
0 0.991813 0.903894 0.004245 0.005562
0 0.953002 0.909765 0.004245 0.004944
0 0.722862 0.771941 0.004851 0.003708
0 0.727714 0.980841 0.004851 0.003708
0 0.957853 0.963535 0.004245 0.004944
0 0.936628 0.930779 0.005458 0.004944
0 0.956944 0.915946 0.004851 0.006180
0 0.806549 0.709827 0.003639 0.005562
0 0.715888 0.997528 0.004245 0.003708
0 0.722559 0.987948 0.004245 0.004326
0 0.724075 0.985785 0.003639 0.003708
0 0.726198 0.983622 0.004245 0.003090
0 0.734384 0.972188 0.004851 0.003708
0 0.974227 0.962608 0.005458 0.005562
0 0.736204 0.969407 0.004851 0.004326
0 0.874773 0.886588 0.005458 0.005562
0 0.855064 0.881644 0.006064 0.004326
0 0.785021 0.849506 0.006671 0.004326
0 0.782292 0.853832 0.006064 0.004326
0 0.767132 0.845179 0.006064 0.004326
0 0.815343 0.847960 0.005458 0.004944
0 0.818072 0.732695 0.003639 0.005562
0 0.960279 0.965389 0.004245 0.004944
0 0.975136 0.948702 0.004851 0.004944
0 0.948757 0.915328 0.004245 0.004944
0 0.915100 0.942831 0.004851 0.005562
0 0.869618 0.918418 0.004851 0.003708
0 0.816252 0.930779 0.004851 0.004944
0 0.877805 0.935105 0.005458 0.004944
0 0.880230 0.932324 0.004245 0.004326
0 0.892965 0.927379 0.005458 0.004326
0 0.901152 0.923671 0.004851 0.005562
0 0.907520 0.928925 0.005458 0.006180
0 0.911158 0.932633 0.005458 0.007417
0 0.900243 0.935414 0.004245 0.005562
0 0.969375 0.943758 0.004245 0.003708
0 0.902365 0.941286 0.002426 0.004944
0 0.897817 0.938504 0.003032 0.005562
0 0.883566 0.945303 0.004851 0.003090
0 0.882959 0.940358 0.004851 0.004326
0 0.884475 0.936959 0.004245 0.004944
0 0.888720 0.949320 0.004245 0.004944
0 0.891753 0.950247 0.005458 0.004326
0 0.879018 0.972497 0.004245 0.005562
0 0.964221 0.735476 0.002426 0.004944
0 0.966950 0.736094 0.001819 0.004944
0 0.969982 0.736712 0.003032 0.004944
0 0.817465 0.747837 0.002426 0.004944
0 0.806246 0.771941 0.003032 0.006180
0 0.805033 0.778121 0.003032 0.004944
0 0.803214 0.784920 0.003032 0.006180
0 0.828381 0.792645 0.002426 0.006799
0 0.829594 0.750309 0.002426 0.004944
0 0.826258 0.749382 0.001819 0.004326
0 0.823833 0.749073 0.003032 0.004944
0 0.821104 0.748764 0.002426 0.005562
0 0.815039 0.746601 0.002426 0.004944
0 0.802304 0.759889 0.002426 0.005562
0 0.837477 0.731768 0.002426 0.004944
0 0.826562 0.736094 0.002426 0.004944
0 0.791389 0.769159 0.002426 0.004326
0 0.779260 0.765451 0.002426 0.004326
0 0.774106 0.779975 0.001819 0.004944
0 0.780473 0.781520 0.003639 0.005562
0 0.783202 0.781829 0.003032 0.004944
0 0.757126 0.774413 0.003032 0.004944
0 0.805033 0.761125 0.003032 0.005562
0 0.799272 0.759271 0.002426 0.005562
0 0.972408 0.737948 0.001819 0.004944
0 0.780473 0.733313 0.002426 0.004326
0 0.722256 0.776267 0.006064 0.004944
0 0.721346 0.779975 0.004245 0.003708
0 0.720740 0.784920 0.004245 0.003708
0 0.718921 0.789246 0.004245 0.003708
0 0.718617 0.793881 0.004851 0.004326
0 0.716495 0.799135 0.005458 0.004944
0 0.722559 0.718480 0.001819 0.005562
0 0.785931 0.734549 0.002426 0.005562
0 0.755306 0.727132 0.003032 0.005562
0 0.784718 0.756180 0.002426 0.004326
0 0.749242 0.745983 0.003032 0.004944
0 0.752274 0.747219 0.001819 0.004944
0 0.754700 0.747528 0.001819 0.005562
0 0.757429 0.748764 0.002426 0.004326
0 0.760461 0.748764 0.002426 0.005562
0 0.763493 0.749691 0.002426 0.004944
0 0.766222 0.750309 0.003032 0.006180
0 0.781383 0.755562 0.001819 0.005562
0 0.762887 0.775340 0.003639 0.005562
0 0.827774 0.760507 0.002426 0.005562
0 0.816252 0.752472 0.004851 0.003090
0 0.942389 0.717244 0.001213 0.004326
0 0.930867 0.721879 0.004851 0.002472
0 0.929958 0.733313 0.005458 0.001854
0 0.926925 0.742274 0.005458 0.002472
0 0.926925 0.745365 0.004245 0.002472
0 0.924500 0.757108 0.005458 0.002472
0 0.919042 0.744129 0.003032 0.006180
0 0.895088 0.750309 0.003639 0.006180
0 0.939660 0.717244 0.001819 0.004326
0 0.959976 0.720025 0.002426 0.004944
0 0.809885 0.750927 0.005458 0.002472
0 0.957247 0.718480 0.001819 0.004326
0 0.954518 0.718480 0.002426 0.004326
0 0.948757 0.717862 0.003032 0.005562
0 0.945118 0.717553 0.001819 0.004944
0 0.977259 0.722188 0.003032 0.005562
0 0.973924 0.722188 0.002426 0.005562
0 0.966343 0.720952 0.003032 0.005562
0 0.970588 0.722188 0.003032 0.005562
0 0.927835 0.762052 0.003639 0.006180
0 0.931170 0.759889 0.003032 0.005562
0 0.934203 0.759889 0.003032 0.005562
0 0.937538 0.758962 0.003639 0.006180
0 0.808975 0.745365 0.002426 0.004944
0 0.996361 0.713535 0.004851 0.003090
0 0.995755 0.716625 0.004851 0.003090
0 0.995452 0.719407 0.005458 0.003708
0 0.994845 0.725587 0.005458 0.003708
0 0.995755 0.756799 0.003639 0.005562
0 0.993633 0.755562 0.003032 0.004326
0 0.990904 0.755562 0.003639 0.005562
0 0.990297 0.763906 0.004851 0.002472
0 0.987568 0.748146 0.005458 0.003090
0 0.982414 0.746601 0.004851 0.002472
0 0.975440 0.755253 0.003032 0.006180
0 0.972104 0.755253 0.003639 0.007417
0 0.969072 0.754944 0.003639 0.005562
0 0.966040 0.755562 0.002426 0.005562
0 0.963311 0.755562 0.003032 0.005562
0 0.940267 0.758344 0.003032 0.006180
0 0.495452 0.420581 0.004851 0.008035
0 0.529109 0.407602 0.004245 0.006799
0 0.551546 0.362485 0.004245 0.005562
0 0.099757 0.823239 0.001819 0.006180
0 0.100364 0.817058 0.005458 0.002472
0 0.089751 0.817367 0.006064 0.003090
0 0.078229 0.817367 0.006064 0.003090
0 0.110370 0.817985 0.008490 0.003090
0 0.116131 0.822930 0.003032 0.006799
0 0.112492 0.822930 0.003032 0.005562
0 0.109460 0.822621 0.003032 0.004944
0 0.105822 0.823239 0.001819 0.004944
0 0.096725 0.823548 0.003032 0.005562
0 0.044269 0.825711 0.006064 0.006180
0 0.093390 0.823548 0.003639 0.006799
0 0.090055 0.822930 0.003032 0.005562
0 0.087022 0.822930 0.001819 0.005562
0 0.083687 0.823548 0.002426 0.005562
0 0.070649 0.825093 0.003032 0.006180
0 0.075804 0.824475 0.002426 0.004944
0 0.079745 0.824475 0.003032 0.006180
0 0.063372 0.831273 0.004245 0.007417
0 0.036689 0.826638 0.006671 0.005562
0 0.046695 0.824166 0.006064 0.006799
0 0.057004 0.839617 0.003639 0.005562
0 0.110067 0.783066 0.004245 0.007417
0 0.229836 0.810878 0.004851 0.006180
0 0.231656 0.813041 0.006064 0.005562
0 0.252577 0.802843 0.005458 0.006180
0 0.302608 0.779666 0.006064 0.004326
0 0.197999 0.854759 0.005458 0.004944
0 0.192541 0.850433 0.005458 0.004944
0 0.194057 0.872682 0.002426 0.006180
0 0.196786 0.872991 0.001819 0.005562
0 0.078229 0.771632 0.006064 0.005562
0 0.050637 0.817985 0.006671 0.003090
0 0.076107 0.775340 0.005458 0.005562
0 0.073378 0.778430 0.004851 0.005562
0 0.068223 0.785229 0.005458 0.006799
0 0.093693 0.767923 0.005458 0.006799
0 0.119770 0.794808 0.005458 0.002472
0 0.127047 0.794499 0.005458 0.003090
0 0.104306 0.779666 0.007277 0.003090
0 0.104912 0.795117 0.006064 0.003090
0 0.060946 0.833127 0.003032 0.004944
0 0.054275 0.842089 0.004245 0.006799
0 0.078229 0.864030 0.002426 0.004944
0 0.094906 0.842707 0.001819 0.005562
0 0.106125 0.839617 0.002426 0.005562
0 0.103396 0.842398 0.003032 0.006180
0 0.100667 0.844870 0.002426 0.004944
0 0.098241 0.847033 0.002426 0.005562
0 0.095209 0.849506 0.002426 0.005562
0 0.102790 0.836218 0.003032 0.004944
0 0.099454 0.838381 0.002426 0.005562
0 0.097029 0.839926 0.002426 0.004944
0 0.091571 0.844252 0.002426 0.004944
0 0.087022 0.871755 0.005458 0.005562
0 0.088842 0.846724 0.003032 0.004944
0 0.089448 0.854141 0.001819 0.004944
0 0.087022 0.856613 0.001819 0.004944
0 0.086113 0.849506 0.002426 0.005562
0 0.083081 0.852287 0.002426 0.004944
0 0.083990 0.857849 0.003032 0.004944
0 0.080655 0.853832 0.002426 0.005562
0 0.081868 0.860321 0.003639 0.006180
0 0.109460 0.836836 0.003032 0.006180
0 0.097332 0.862794 0.005458 0.004944
0 0.051546 0.843634 0.003639 0.006180
0 0.020315 0.873609 0.001819 0.004326
0 0.049424 0.846415 0.004245 0.005562
0 0.046695 0.848269 0.003639 0.005562
0 0.040327 0.851978 0.003032 0.006799
0 0.036386 0.853523 0.002426 0.006180
0 0.026683 0.868047 0.002426 0.006799
0 0.011219 0.874536 0.003032 0.006180
0 0.008490 0.877936 0.002426 0.005562
0 0.005458 0.879481 0.002426 0.006180
0 0.014554 0.872682 0.002426 0.004944
0 0.104609 0.855377 0.005458 0.004944
0 0.017586 0.877318 0.002426 0.005562
0 0.014554 0.880099 0.002426 0.004944
0 0.011522 0.881335 0.002426 0.004944
0 0.008187 0.883807 0.003032 0.006180
0 0.005155 0.886279 0.003032 0.006180
0 0.123711 0.839617 0.006064 0.005562
0 0.118253 0.843943 0.006064 0.004326
0 0.108247 0.853214 0.005458 0.004326
0 0.226804 0.809023 0.004851 0.006180
0 0.258642 0.820766 0.006671 0.006180
0 0.268648 0.809023 0.006064 0.002472
0 0.213766 0.735167 0.003032 0.008035
0 0.200728 0.716316 0.006064 0.004944
0 0.199515 0.720025 0.006064 0.004944
0 0.200121 0.723733 0.006064 0.004944
0 0.200121 0.729913 0.006064 0.004944
0 0.199515 0.734240 0.006064 0.004944
0 0.200728 0.737021 0.006064 0.004326
0 0.200424 0.741038 0.006671 0.006180
0 0.200728 0.745056 0.007277 0.005562
0 0.213766 0.724351 0.003032 0.007417
0 0.201334 0.708900 0.006064 0.004944
0 0.315039 0.771941 0.003032 0.006180
0 0.372650 0.707664 0.005458 0.007417
0 0.365373 0.738566 0.003032 0.006180
0 0.362341 0.760816 0.006671 0.008653
0 0.346270 0.778739 0.007277 0.008653
0 0.314130 0.813041 0.007277 0.008035
0 0.232262 0.707973 0.004851 0.006799
0 0.234991 0.709518 0.005458 0.006180
0 0.201031 0.712299 0.005458 0.004326
0 0.201334 0.705501 0.006064 0.004326
0 0.272589 0.803770 0.005458 0.005562
0 0.187690 0.717244 0.005458 0.005562
0 0.182838 0.737021 0.004245 0.004326
0 0.183748 0.742583 0.006064 0.005562
0 0.187386 0.741038 0.006064 0.004944
0 0.188599 0.737639 0.006064 0.005562
0 0.187690 0.733313 0.004245 0.004326
0 0.187993 0.730222 0.004851 0.005562
0 0.187386 0.725587 0.004851 0.004944
0 0.187690 0.721261 0.006671 0.006180
0 0.187993 0.713844 0.006064 0.006180
0 0.201031 0.701792 0.006671 0.005562
0 0.187690 0.709827 0.006671 0.005562
0 0.187386 0.705501 0.006064 0.005562
0 0.188296 0.702719 0.006671 0.004944
0 0.188296 0.699629 0.005458 0.004944
0 0.188296 0.695921 0.005458 0.004944
0 0.188902 0.692213 0.006671 0.004944
0 0.202244 0.694376 0.005458 0.004326
0 0.201334 0.697466 0.006064 0.004326
0 0.239236 0.711990 0.005458 0.006180
0 0.241662 0.714771 0.005458 0.005562
0 0.249242 0.719407 0.004851 0.006180
0 0.237417 0.767305 0.005458 0.005562
0 0.227411 0.731459 0.004851 0.005562
0 0.230443 0.732695 0.004851 0.005562
0 0.220740 0.743201 0.003639 0.005562
0 0.225288 0.745674 0.004245 0.005562
0 0.227411 0.747219 0.003639 0.004944
0 0.229836 0.750309 0.002426 0.004944
0 0.224075 0.752472 0.005458 0.005562
0 0.229836 0.765142 0.004851 0.004944
0 0.239539 0.764833 0.003639 0.005562
0 0.252577 0.721879 0.005458 0.004944
0 0.249848 0.772868 0.006064 0.004326
0 0.255003 0.777194 0.005458 0.006799
0 0.226198 0.777503 0.006064 0.006180
0 0.232565 0.787083 0.005458 0.006799
0 0.359309 0.799444 0.005458 0.006799
0 0.360218 0.819530 0.004851 0.006180
0 0.278047 0.798517 0.005458 0.006180
0 0.275622 0.800989 0.005458 0.004944
0 0.225288 0.729295 0.005458 0.006180
0 0.269861 0.741038 0.006064 0.006180
0 0.266525 0.745674 0.006671 0.006799
0 0.272893 0.749691 0.006064 0.006180
0 0.255003 0.724351 0.005458 0.006180
0 0.222559 0.720952 0.004851 0.005562
0 0.226501 0.721261 0.004245 0.004944
0 0.228927 0.723424 0.004245 0.005562
0 0.233172 0.726205 0.004245 0.006180
0 0.238629 0.731150 0.005458 0.007417
0 0.254093 0.735167 0.004851 0.005562
0 0.252577 0.737948 0.005458 0.004944
0 0.249848 0.740729 0.006064 0.005562
0 0.247423 0.743201 0.004851 0.004326
0 0.252577 0.746910 0.005458 0.005562
0 0.245300 0.745674 0.004245 0.004326
0 0.242571 0.748764 0.006064 0.005562
0 0.241662 0.751545 0.005458 0.006180
0 0.238629 0.755871 0.006671 0.006180
0 0.235294 0.758962 0.006064 0.006180
0 0.275925 0.744129 0.006064 0.004944
0 0.077016 0.857540 0.003639 0.006799
0 0.074591 0.860630 0.002426 0.005562
0 0.553972 0.383189 0.004245 0.006180
0 0.312917 0.860321 0.004851 0.004944
0 0.234688 0.895241 0.006064 0.005562
0 0.239236 0.884734 0.005458 0.005562
0 0.245907 0.867429 0.005458 0.005562
0 0.198605 0.946848 0.006671 0.006180
0 0.256519 0.900803 0.006064 0.005562
0 0.176471 0.910074 0.004851 0.004326
0 0.221953 0.932942 0.004851 0.005562
0 0.326258 0.859085 0.004851 0.004944
0 0.302001 0.865266 0.004851 0.004944
0 0.229533 0.923980 0.005458 0.004944
0 0.281383 0.842398 0.004851 0.004944
0 0.266222 0.850433 0.006064 0.006180
0 0.291389 0.837763 0.005458 0.005562
0 0.301092 0.876700 0.005458 0.005562
0 0.334445 0.829728 0.006671 0.006799
0 0.313220 0.802534 0.005458 0.005562
0 0.313220 0.853523 0.005458 0.006180
0 0.244694 0.789246 0.005458 0.006180
0 0.218011 0.900185 0.005458 0.005562
0 0.208005 0.891842 0.006064 0.004944
0 0.331413 0.334981 0.004245 0.006180
0 0.022135 0.885970 0.005458 0.003090
0 0.038811 0.869592 0.004851 0.003708
0 0.035779 0.872064 0.004851 0.003708
0 0.033354 0.875464 0.004851 0.003090
0 0.039418 0.876391 0.004851 0.003708
0 0.041540 0.874536 0.005458 0.003708
0 0.030928 0.885661 0.004851 0.003708
0 0.027896 0.888133 0.004851 0.003708
0 0.023347 0.889988 0.005458 0.003708
0 0.018496 0.888752 0.005458 0.003708
0 0.271680 0.906366 0.006064 0.005562
0 0.053972 0.982386 0.004851 0.004326
0 0.094906 0.961372 0.006671 0.005562
0 0.132505 0.932633 0.005458 0.004944
0 0.161007 0.932942 0.007884 0.006799
0 0.186780 0.918109 0.006064 0.005562
0 0.190418 0.902658 0.006064 0.005562
0 0.211643 0.930470 0.006064 0.004326
0 0.235597 0.929543 0.005458 0.004944
0 0.290176 0.360012 0.004245 0.005562
0 0.271377 0.315204 0.004245 0.004944
0 0.075804 0.867120 0.002426 0.006180
0 0.569133 0.319221 0.004245 0.006799
0 0.657671 0.157911 0.005458 0.005562
0 0.612189 0.183251 0.003032 0.005562
0 0.613402 0.197775 0.003032 0.006180
0 0.611280 0.225278 0.002426 0.005562
0 0.570649 0.265760 0.006064 0.004944
0 0.584900 0.278121 0.004245 0.006180
0 0.650394 0.333436 0.006671 0.008035
0 0.573681 0.320148 0.004851 0.006180
0 0.567920 0.344561 0.004245 0.006799
0 0.618860 0.161928 0.003032 0.006180
0 0.392359 0.285538 0.004851 0.003708
0 0.438448 0.324784 0.006064 0.004326
0 0.436931 0.330655 0.005458 0.003708
0 0.426622 0.365884 0.005458 0.003708
0 0.527896 0.328492 0.004245 0.006799
0 0.523954 0.374227 0.003639 0.005562
0 0.511522 0.374845 0.004245 0.006799
0 0.558824 0.355377 0.004245 0.006180
0 0.639478 0.152658 0.004245 0.006180
0 0.624621 0.150494 0.002426 0.006799
0 0.298363 0.301916 0.004851 0.005562
0 0.447847 0.761434 0.005458 0.004944
0 0.368405 0.970334 0.004245 0.004944
0 0.446634 0.829728 0.004245 0.006799
0 0.453002 0.814586 0.003639 0.006180
0 0.352941 0.820457 0.004851 0.005562
0 0.389024 0.765451 0.005458 0.006799
0 0.383263 0.765142 0.006064 0.007417
0 0.401152 0.754326 0.005458 0.006799
0 0.401152 0.743201 0.005458 0.006799
0 0.454518 0.762670 0.004245 0.003708
0 0.625227 0.112485 0.002426 0.004944
0 0.452395 0.766378 0.004851 0.003708
0 0.445118 0.765142 0.004851 0.003708
0 0.440873 0.759889 0.004851 0.003090
0 0.602183 0.025340 0.003639 0.006180
0 0.614312 0.048826 0.003639 0.006180
0 0.647968 0.046354 0.004245 0.006180
0 0.610370 0.071384 0.003032 0.005562
0 0.618253 0.085600 0.003032 0.005562
0 0.042147 0.867429 0.005458 0.003090
0 0.045785 0.865266 0.004245 0.002472
0 0.050940 0.859394 0.004851 0.003090
0 0.046695 0.912237 0.006064 0.003708
0 0.033354 0.905748 0.003639 0.005562
0 0.002729 0.904512 0.003032 0.005562
0 0.005458 0.906675 0.002426 0.006180
0 0.007580 0.910074 0.003032 0.005562
0 0.013038 0.915637 0.003032 0.005562
0 0.010916 0.912546 0.002426 0.005562
0 0.015161 0.919036 0.002426 0.004944
0 0.042147 0.914710 0.005458 0.003708
0 0.047301 0.909456 0.006064 0.004326
0 0.029715 0.900803 0.002426 0.004326
0 0.050637 0.906675 0.004245 0.002472
0 0.054882 0.904203 0.005458 0.003708
0 0.100970 0.911619 0.003032 0.006180
0 0.104609 0.900494 0.003032 0.006180
0 0.099151 0.896477 0.003032 0.005562
0 0.097332 0.893387 0.003032 0.005562
0 0.091874 0.889988 0.003032 0.006180
0 0.086416 0.884116 0.004245 0.006799
0 0.027289 0.903276 0.003639 0.005562
0 0.033050 0.899258 0.003032 0.004944
0 0.057004 0.861248 0.006064 0.004326
0 0.061856 0.880099 0.003639 0.006180
0 0.072771 0.869283 0.003639 0.006799
0 0.071862 0.862485 0.003032 0.006799
0 0.066101 0.867120 0.002426 0.004944
0 0.068830 0.864339 0.003032 0.004326
0 0.070042 0.872064 0.003032 0.006180
0 0.067314 0.873300 0.002426 0.004944
0 0.063372 0.870210 0.003032 0.004944
0 0.060946 0.873609 0.001819 0.005562
0 0.057611 0.875464 0.002426 0.005562
0 0.035779 0.896786 0.002426 0.004944
0 0.059127 0.882571 0.003032 0.006180
0 0.055488 0.879481 0.003032 0.004944
0 0.055488 0.885352 0.003032 0.004326
0 0.053062 0.888133 0.003032 0.006180
0 0.047908 0.893696 0.003639 0.006180
0 0.043966 0.894314 0.004245 0.006180
0 0.042147 0.898331 0.003032 0.005562
0 0.039115 0.900185 0.003032 0.005562
0 0.077623 0.895550 0.004851 0.006180
0 0.080655 0.897095 0.006064 0.006799
0 0.083687 0.898640 0.006064 0.007417
0 0.013341 0.894314 0.004851 0.003708
0 0.064281 0.850124 0.004851 0.003090
0 0.055488 0.857849 0.004245 0.002472
0 0.036992 0.880408 0.006064 0.003090
0 0.030928 0.878554 0.006064 0.003090
0 0.027592 0.881335 0.005458 0.003708
0 0.025167 0.884116 0.006671 0.003090
0 0.021831 0.893387 0.006064 0.004326
0 0.014857 0.891224 0.005458 0.004944
0 0.014857 0.897713 0.005458 0.003090
0 0.086113 0.902349 0.006064 0.007417
0 0.074591 0.838381 0.004851 0.003090
0 0.077623 0.836218 0.004851 0.003708
0 0.072771 0.841162 0.004851 0.003708
0 0.070042 0.843634 0.005458 0.003708
0 0.067010 0.846724 0.005458 0.003708
0 0.060340 0.851669 0.005458 0.003708
0 0.063069 0.856304 0.004851 0.004326
0 0.060643 0.859394 0.004851 0.003090
0 0.057611 0.855377 0.006064 0.003708
0 0.044876 0.871755 0.006064 0.003090
0 0.048211 0.869592 0.005458 0.003708
0 0.051850 0.867120 0.006671 0.003708
0 0.093087 0.906984 0.005458 0.006799
0 0.095816 0.909456 0.006064 0.006799
0 0.082777 0.913473 0.006671 0.006180
0 0.080049 0.909147 0.004851 0.006180
0 0.076410 0.907293 0.006064 0.007417
0 0.072165 0.904821 0.006064 0.007417
0 0.075500 0.893078 0.005458 0.006180
0 0.067314 0.893696 0.004851 0.003708
0 0.057611 0.901422 0.006064 0.004326
0 0.060340 0.898022 0.005458 0.003708
0 0.063069 0.895550 0.006064 0.004944
0 0.071255 0.887515 0.006671 0.004944
0 0.068830 0.890606 0.006671 0.003708
0 0.080352 0.840235 0.005458 0.003090
0 0.072165 0.848578 0.006064 0.003708
0 0.075804 0.845797 0.004851 0.004326
0 0.065797 0.854141 0.005458 0.002472
