0 0.994492 0.058080 0.003672 0.004684
0 0.147185 0.219204 0.007956 0.002810
0 0.220012 0.214052 0.009180 0.005621
0 0.219400 0.217096 0.009180 0.005152
0 0.217564 0.222248 0.007956 0.003279
0 0.134027 0.205152 0.007344 0.002810
0 0.134945 0.211475 0.007956 0.002342
0 0.137087 0.213817 0.007344 0.002342
0 0.146879 0.210773 0.011016 0.002810
0 0.147185 0.213583 0.009180 0.002810
0 0.147797 0.216159 0.009180 0.002342
0 0.138005 0.219204 0.006732 0.002810
0 0.229192 0.212881 0.006732 0.003279
0 0.157589 0.218970 0.007956 0.002342
0 0.156671 0.221546 0.007344 0.002810
0 0.147491 0.225059 0.008568 0.003279
0 0.157283 0.224356 0.008568 0.002810
0 0.173195 0.226464 0.007344 0.005152
0 0.178397 0.225995 0.006732 0.005152
0 0.182987 0.225761 0.006120 0.004684
0 0.187271 0.225995 0.006120 0.005152
0 0.191860 0.225293 0.005508 0.004684
0 0.224296 0.207494 0.005508 0.002810
0 0.220930 0.210773 0.007344 0.004684
0 0.211750 0.211475 0.003672 0.005152
0 0.189412 0.188759 0.005508 0.005621
0 0.212056 0.236300 0.005508 0.007026
0 0.207466 0.237471 0.006120 0.007494
0 0.249388 0.232319 0.004284 0.003747
0 0.242350 0.237002 0.006120 0.003747
0 0.118421 0.198361 0.003060 0.004215
0 0.129437 0.191803 0.009180 0.003279
0 0.146879 0.191335 0.008568 0.002342
0 0.180539 0.188759 0.006120 0.007494
0 0.184517 0.188993 0.005508 0.007026
0 0.196144 0.188525 0.005508 0.005152
0 0.215422 0.206323 0.007344 0.004215
0 0.199816 0.189461 0.005508 0.005152
0 0.222460 0.203747 0.006732 0.003747
0 0.125153 0.198829 0.004284 0.006089
0 0.128825 0.198361 0.003060 0.007026
0 0.132497 0.197424 0.004284 0.006089
0 0.136169 0.197892 0.003060 0.005152
0 0.140147 0.198361 0.003672 0.006089
0 0.144431 0.196487 0.003672 0.006089
0 0.149021 0.199766 0.004284 0.005152
0 0.196144 0.225995 0.006732 0.005152
0 0.211750 0.218501 0.003672 0.005152
0 0.215728 0.235363 0.005508 0.006089
0 0.131273 0.569321 0.003060 0.004215
0 0.108935 0.448009 0.003672 0.004215
0 0.119951 0.444965 0.006120 0.003747
0 0.344859 0.432787 0.005508 0.004684
0 0.110771 0.523653 0.004896 0.005621
0 0.123011 0.530913 0.004896 0.005152
0 0.208996 0.538173 0.007956 0.004684
0 0.214504 0.535831 0.004284 0.004684
0 0.211750 0.540281 0.006120 0.003279
0 0.110159 0.560656 0.007344 0.003747
0 0.051408 0.558080 0.004896 0.005152
0 0.350673 0.416159 0.006120 0.002342
0 0.015606 0.563934 0.005508 0.003747
0 0.016524 0.565808 0.004896 0.002810
0 0.033660 0.570258 0.004896 0.002342
0 0.040392 0.571663 0.004896 0.003279
0 0.038250 0.567213 0.005508 0.002810
0 0.018054 0.571663 0.005508 0.003279
0 0.032742 0.585246 0.005508 0.005152
0 0.037638 0.580094 0.005508 0.003279
0 0.023562 0.583841 0.005508 0.003279
0 0.337209 0.423653 0.006120 0.002342
0 0.350061 0.411944 0.006120 0.002342
0 0.116891 0.215691 0.008568 0.004215
0 0.136781 0.296487 0.005508 0.004684
0 0.115667 0.212881 0.008568 0.004215
0 0.118727 0.217799 0.009792 0.003747
0 0.119645 0.220375 0.007956 0.003279
0 0.119951 0.223185 0.007344 0.003279
0 0.122093 0.224824 0.009180 0.003747
0 0.123623 0.227635 0.011016 0.004684
0 0.123317 0.230445 0.010404 0.003747
0 0.123623 0.356206 0.007344 0.003279
0 0.303550 0.404450 0.003672 0.005152
0 0.189718 0.374005 0.006120 0.003279
0 0.131273 0.407728 0.004284 0.006089
0 0.132191 0.413349 0.003672 0.004215
0 0.172277 0.432084 0.004284 0.004215
0 0.179927 0.430445 0.004896 0.004684
0 0.201958 0.419438 0.004896 0.003279
0 0.293146 0.407026 0.003672 0.004684
0 0.296512 0.406089 0.004284 0.003747
0 0.300184 0.405386 0.003060 0.004215
0 0.219094 0.233724 0.003672 0.003747
0 0.221542 0.231616 0.006120 0.006089
0 0.057528 0.573770 0.004896 0.005621
0 0.147185 0.157845 0.005508 0.002810
0 0.099143 0.178689 0.007344 0.003279
0 0.101591 0.164169 0.004896 0.007026
0 0.104957 0.162529 0.005508 0.007494
0 0.108629 0.162061 0.004284 0.006557
0 0.114137 0.160890 0.007956 0.003279
0 0.121787 0.160422 0.007344 0.002342
0 0.126377 0.156909 0.006732 0.002810
0 0.130661 0.159251 0.006732 0.002810
0 0.138311 0.158548 0.007344 0.003279
0 0.153305 0.153630 0.006732 0.003747
0 0.095777 0.174473 0.007956 0.003279
0 0.155447 0.157143 0.007344 0.003279
0 0.163709 0.156206 0.006732 0.003279
0 0.129131 0.167681 0.007344 0.002810
0 0.137393 0.167213 0.007956 0.002810
0 0.138617 0.164169 0.009180 0.003279
0 0.148103 0.163232 0.007344 0.003279
0 0.156977 0.162295 0.006732 0.003279
0 0.166157 0.161593 0.006732 0.003747
0 0.175643 0.160422 0.007344 0.003279
0 0.096389 0.176815 0.007956 0.003279
0 0.093329 0.171663 0.007956 0.003279
0 0.185741 0.162763 0.007956 0.003279
0 0.101897 0.186885 0.007956 0.003747
0 0.019278 0.158548 0.004284 0.005152
0 0.085373 0.166745 0.007956 0.003747
0 0.085373 0.169555 0.009180 0.003747
0 0.085067 0.172600 0.008568 0.003279
0 0.086597 0.177518 0.007956 0.002810
0 0.089045 0.180094 0.009180 0.003279
0 0.089351 0.182904 0.008568 0.003279
0 0.090269 0.185246 0.007956 0.002342
0 0.100061 0.184075 0.009180 0.003747
0 0.092105 0.188290 0.010404 0.002810
0 0.056610 0.222717 0.005508 0.002342
0 0.091799 0.191101 0.008568 0.002810
0 0.092717 0.193677 0.007956 0.003279
0 0.101591 0.192506 0.009792 0.002810
0 0.103121 0.194848 0.009180 0.003747
0 0.104039 0.197424 0.007344 0.003279
0 0.105263 0.199766 0.008568 0.003279
0 0.106793 0.204450 0.007956 0.003279
0 0.107711 0.206557 0.007344 0.003747
0 0.108629 0.208899 0.006732 0.003747
0 0.184517 0.159719 0.007956 0.002810
0 0.176255 0.163466 0.008568 0.002810
0 0.225520 0.230679 0.006732 0.006089
0 0.201652 0.172834 0.004284 0.004684
0 0.175337 0.179391 0.009180 0.002810
0 0.178091 0.176581 0.007344 0.002810
0 0.186659 0.175878 0.007344 0.002342
0 0.186047 0.178689 0.008568 0.003279
0 0.196144 0.156674 0.004284 0.007026
0 0.200122 0.159485 0.003672 0.005152
0 0.200734 0.165574 0.003672 0.005152
0 0.197062 0.164637 0.003672 0.006089
0 0.197980 0.172365 0.004284 0.004684
0 0.229498 0.175176 0.007344 0.006557
0 0.167993 0.177283 0.005508 0.002342
0 0.228580 0.190632 0.009180 0.004684
0 0.237760 0.198595 0.009180 0.005621
0 0.244492 0.206323 0.009180 0.005152
0 0.251836 0.210539 0.007956 0.006089
0 0.254896 0.215222 0.007956 0.004215
0 0.257344 0.222717 0.004284 0.004215
0 0.239902 0.221546 0.007344 0.005621
0 0.237148 0.224356 0.007956 0.005621
0 0.233476 0.226464 0.006732 0.005152
0 0.164933 0.180562 0.009180 0.003279
0 0.153305 0.181499 0.007956 0.002342
0 0.167075 0.165105 0.006120 0.002342
0 0.178397 0.171897 0.007956 0.002810
0 0.156671 0.165340 0.007344 0.002810
0 0.147491 0.166042 0.007344 0.002342
0 0.138005 0.171897 0.006732 0.002810
0 0.147491 0.170960 0.006120 0.002810
0 0.157283 0.169789 0.007344 0.003279
0 0.167381 0.169087 0.006732 0.002810
0 0.176255 0.168150 0.004896 0.002810
0 0.185129 0.167681 0.006732 0.002810
0 0.186965 0.171429 0.007956 0.002810
0 0.168605 0.172600 0.007956 0.003279
0 0.158813 0.177986 0.006732 0.002810
0 0.158201 0.173536 0.009180 0.003279
0 0.148409 0.174005 0.009180 0.003279
0 0.139535 0.174707 0.007344 0.002810
0 0.132191 0.175410 0.008568 0.003279
0 0.122399 0.180328 0.008568 0.009368
0 0.117809 0.181967 0.007956 0.007963
0 0.134027 0.183138 0.008568 0.003747
0 0.144125 0.182436 0.007956 0.003279
0 0.150245 0.178454 0.006732 0.002810
0 0.040392 0.574005 0.004896 0.002342
0 0.079253 0.581499 0.004284 0.004215
0 0.983782 0.149883 0.003060 0.007494
0 0.939412 0.227869 0.006120 0.002342
0 0.895655 0.200234 0.003060 0.004215
0 0.892289 0.200468 0.002448 0.004684
0 0.887087 0.200937 0.003060 0.004684
0 0.876683 0.202576 0.004284 0.004215
0 0.944002 0.187354 0.005508 0.002810
0 0.919829 0.207728 0.003672 0.004215
0 0.927173 0.210070 0.007344 0.002342
0 0.952264 0.219204 0.006120 0.001874
0 0.952876 0.227400 0.006120 0.002342
0 0.930845 0.228806 0.006120 0.002342
0 0.903611 0.198829 0.003060 0.004215
0 0.937882 0.217799 0.005508 0.001874
0 0.928703 0.218267 0.005508 0.002810
0 0.917075 0.226698 0.005508 0.002810
0 0.916157 0.224356 0.007344 0.002810
0 0.914321 0.218735 0.006120 0.002810
0 0.925949 0.234192 0.004896 0.003747
0 0.918911 0.239578 0.006732 0.003279
0 0.938188 0.246136 0.006120 0.004215
0 0.933905 0.248946 0.006120 0.004215
0 0.899939 0.199063 0.003060 0.004684
0 0.895961 0.171897 0.003672 0.004684
0 0.915545 0.258080 0.004896 0.003747
0 0.904529 0.158080 0.003672 0.006089
0 0.943084 0.148009 0.008568 0.002810
0 0.940942 0.154567 0.004284 0.006557
0 0.936965 0.153396 0.004896 0.007026
0 0.931763 0.154098 0.004284 0.006557
0 0.927173 0.154098 0.004896 0.006557
0 0.922583 0.155035 0.005508 0.006557
0 0.918911 0.155972 0.004284 0.005621
0 0.911873 0.157377 0.003672 0.005621
0 0.908507 0.157845 0.003060 0.005621
0 0.900551 0.158314 0.004284 0.006557
0 0.873011 0.194145 0.006732 0.004215
0 0.893819 0.160656 0.005508 0.006557
0 0.889535 0.161124 0.004284 0.006557
0 0.878519 0.162529 0.004284 0.005621
0 0.874847 0.163232 0.004284 0.007026
0 0.866279 0.181733 0.007956 0.004684
0 0.885251 0.190867 0.003060 0.004215
0 0.888311 0.190632 0.003060 0.005621
0 0.946450 0.176815 0.003060 0.005152
0 0.961444 0.174005 0.002448 0.004215
0 0.929009 0.252459 0.006120 0.003747
0 0.900245 0.264169 0.004896 0.004684
0 0.965422 0.143326 0.009180 0.002810
0 0.720318 0.424824 0.004896 0.004684
0 0.776928 0.333958 0.005508 0.004684
0 0.770196 0.336300 0.005508 0.004684
0 0.767748 0.338173 0.005508 0.004684
0 0.738066 0.335597 0.004896 0.002342
0 0.726438 0.342389 0.003672 0.004684
0 0.735924 0.329040 0.005508 0.003279
0 0.712056 0.348946 0.009180 0.003747
0 0.735312 0.364403 0.005508 0.003747
0 0.717870 0.375644 0.004896 0.003747
0 0.679009 0.538407 0.005508 0.002342
0 0.782130 0.330913 0.006120 0.005152
0 0.749082 0.531616 0.006120 0.001874
0 0.742656 0.536768 0.005508 0.004684
0 0.947980 0.529274 0.007344 0.001874
0 0.722154 0.596721 0.004896 0.004684
0 0.686047 0.624590 0.006120 0.004215
0 0.981334 0.161593 0.003060 0.005621
0 0.973378 0.162295 0.004284 0.005152
0 0.974602 0.150117 0.004284 0.005152
0 0.978580 0.149883 0.003672 0.006557
0 0.779682 0.332553 0.006120 0.005621
0 0.765606 0.330913 0.004896 0.003279
0 0.888923 0.269321 0.005508 0.004684
0 0.811812 0.315457 0.005508 0.004215
0 0.884945 0.259719 0.006120 0.004215
0 0.887393 0.258080 0.004896 0.004684
0 0.744492 0.236300 0.004284 0.005152
0 0.734088 0.246136 0.004284 0.005152
0 0.731334 0.299532 0.007344 0.003279
0 0.816707 0.294848 0.005508 0.004215
0 0.818543 0.304684 0.005508 0.003279
0 0.819461 0.306792 0.004896 0.001874
0 0.820685 0.308665 0.006120 0.002810
0 0.810282 0.316628 0.004896 0.004684
0 0.783660 0.321077 0.004284 0.004215
0 0.807222 0.317330 0.004896 0.004215
0 0.805080 0.318501 0.005508 0.004684
0 0.802326 0.319672 0.004896 0.005152
0 0.793758 0.325527 0.004896 0.003747
0 0.807834 0.320843 0.004896 0.003747
0 0.792228 0.323888 0.004284 0.003279
0 0.789780 0.320141 0.005508 0.003279
0 0.787638 0.318501 0.004896 0.002810
0 0.787944 0.316628 0.005508 0.003747
0 0.970624 0.150351 0.003672 0.005621
0 0.871175 0.164403 0.004284 0.006557
0 0.007038 0.613817 0.005508 0.002342
0 0.538250 0.550820 0.005508 0.002810
0 0.589351 0.853630 0.002448 0.004215
0 0.600979 0.666745 0.003672 0.004215
0 0.606487 0.636066 0.003672 0.004684
0 0.602203 0.625995 0.004896 0.004215
0 0.624541 0.614520 0.004284 0.004684
0 0.639841 0.626464 0.005508 0.003279
0 0.653305 0.628806 0.005508 0.002342
0 0.470012 0.562998 0.006120 0.003747
0 0.527846 0.564871 0.004284 0.003747
0 0.546512 0.550820 0.006120 0.002810
0 0.056304 0.846136 0.004896 0.005152
0 0.521114 0.547775 0.006732 0.004215
0 0.499694 0.544731 0.005508 0.004684
0 0.523868 0.526464 0.004896 0.004684
0 0.625153 0.566979 0.004284 0.005152
0 0.620257 0.578454 0.004284 0.004684
0 0.637699 0.539813 0.004896 0.006089
0 0.647797 0.519672 0.005508 0.006089
0 0.559364 0.496253 0.004896 0.004215
0 0.050184 0.922951 0.008568 0.002342
0 0.032130 0.796487 0.004284 0.005152
0 0.601285 0.455738 0.006732 0.005621
0 0.053244 0.626932 0.002448 0.004215
0 0.226132 0.570492 0.006732 0.002810
0 0.223378 0.575176 0.006120 0.002810
0 0.288556 0.574239 0.006732 0.002810
0 0.332925 0.580562 0.004896 0.002342
0 0.371481 0.569555 0.006120 0.002810
0 0.376071 0.564871 0.004284 0.004684
1 0.294370 0.582670 0.004896 0.008431
1 0.294676 0.591569 0.004284 0.008431
0 0.045288 0.637705 0.008568 0.004215
0 0.053856 0.620141 0.003672 0.004684
0 0.029988 0.770960 0.003672 0.003747
0 0.131273 0.672834 0.004284 0.005152
0 0.077111 0.693677 0.004896 0.004684
0 0.095471 0.686417 0.004896 0.005152
0 0.010404 0.733021 0.004896 0.004684
0 0.014382 0.731382 0.004284 0.005152
0 0.011628 0.725995 0.003672 0.004684
0 0.017442 0.738642 0.004284 0.004684
0 0.020502 0.744496 0.004284 0.005152
0 0.028458 0.766042 0.004284 0.005152
0 0.584761 0.474473 0.005508 0.004684
0 0.911261 0.091335 0.008568 0.004684
0 0.936965 0.098829 0.007344 0.003747
0 0.932987 0.103747 0.006732 0.002342
0 0.930233 0.106557 0.007344 0.002342
0 0.926867 0.109836 0.009180 0.002342
0 0.926561 0.112412 0.007344 0.002810
0 0.924725 0.074941 0.007344 0.003747
0 0.917381 0.083607 0.007344 0.004215
0 0.915239 0.086651 0.006732 0.003747
0 0.913097 0.089227 0.007344 0.005152
0 0.906059 0.096253 0.006732 0.004215
0 0.943084 0.102108 0.007344 0.003747
0 0.948898 0.084075 0.006732 0.004215
0 0.955324 0.077049 0.008568 0.005152
0 0.959608 0.072365 0.007344 0.005152
0 0.956854 0.074707 0.006732 0.004215
0 0.944308 0.099297 0.007344 0.004684
0 0.942472 0.104918 0.009792 0.003747
0 0.828641 0.151288 0.003672 0.005621
0 0.933905 0.078689 0.006120 0.003747
0 0.891371 0.114754 0.010404 0.007494
0 0.966646 0.053864 0.007956 0.008431
0 0.953794 0.060187 0.004284 0.005152
0 0.950734 0.061358 0.005508 0.006557
0 0.946144 0.061593 0.006120 0.007026
0 0.942472 0.063466 0.007344 0.007963
0 0.940330 0.065105 0.004284 0.005621
0 0.937882 0.072834 0.007956 0.005152
0 0.936353 0.076112 0.006120 0.004215
0 0.929621 0.080094 0.008568 0.004684
0 0.940024 0.107728 0.009792 0.004684
0 0.929315 0.082904 0.006732 0.003747
0 0.925643 0.085012 0.007956 0.005152
0 0.924725 0.088290 0.007344 0.004215
0 0.919523 0.095082 0.006732 0.005621
0 0.912791 0.102576 0.009180 0.005621
0 0.910343 0.105621 0.007956 0.005152
0 0.925337 0.115222 0.007344 0.002810
0 0.932987 0.116159 0.006732 0.002810
0 0.936047 0.110304 0.007956 0.003279
