1 0.739531 0.020657 0.007259 0.003689
1 0.592965 0.073405 0.011167 0.004426
1 0.379955 0.561048 0.003908 0.005164
1 0.652708 0.929177 0.008934 0.008115
1 0.637074 0.106972 0.006700 0.007377
1 0.647962 0.114718 0.007259 0.007377
1 0.592127 0.127259 0.007259 0.008115
1 0.628699 0.081704 0.005583 0.007746
1 0.636795 0.093323 0.007259 0.007377
1 0.620603 0.084102 0.006142 0.007377
1 0.630653 0.102914 0.008375 0.003689
1 0.626186 0.066396 0.010609 0.004426
1 0.635958 0.061970 0.007817 0.003689
1 0.580402 0.073036 0.010609 0.004426
1 0.448911 0.169495 0.004467 0.006271
1 0.606365 0.034120 0.010050 0.004058
1 0.611111 0.030616 0.007259 0.003689
1 0.634841 0.025821 0.010050 0.003689
1 0.639866 0.033198 0.011167 0.004426
1 0.552764 0.012910 0.005583 0.007377
1 0.568118 0.008300 0.006142 0.007008
1 0.573143 0.007562 0.005025 0.007746
1 0.580402 0.005164 0.005025 0.006640
1 0.588219 0.003873 0.006142 0.007008
1 0.618649 0.004795 0.005583 0.005902
1 0.610274 0.007193 0.005583 0.008484
1 0.450865 0.172630 0.005025 0.005902
1 0.446957 0.167466 0.005025 0.006640
1 0.793412 0.071745 0.006700 0.004058
1 0.443886 0.134637 0.006700 0.007377
1 0.387493 0.596828 0.005583 0.006640
1 0.354830 0.525636 0.005025 0.007377
1 0.293970 0.240133 0.003908 0.005164
1 0.254886 0.187200 0.006142 0.004795
1 0.448353 0.140723 0.005583 0.007008
1 0.446119 0.164146 0.005583 0.006640
1 0.449749 0.146994 0.006142 0.007008
1 0.444724 0.139616 0.006142 0.007008
1 0.433836 0.143489 0.004467 0.006640
1 0.435232 0.147731 0.006142 0.007746
1 0.436348 0.149207 0.005025 0.007008
1 0.438582 0.151420 0.005025 0.007008
1 0.439978 0.153818 0.005583 0.005902
1 0.441653 0.155662 0.004467 0.005902
1 0.442490 0.159166 0.005025 0.007008
1 0.443049 0.161380 0.005025 0.005533
1 0.443886 0.163408 0.004467 0.005164
1 0.606086 0.008300 0.005025 0.007008
1 0.598548 0.009591 0.004467 0.008115
1 0.596036 0.009775 0.005025 0.007746
1 0.846454 0.315197 0.008934 0.004058
1 0.899218 0.049428 0.008375 0.004426
1 0.786432 0.045555 0.007259 0.007008
1 0.790899 0.052010 0.006142 0.006640
1 0.794249 0.057912 0.006142 0.006640
1 0.798157 0.064367 0.006142 0.007008
1 0.803462 0.073220 0.006700 0.008484
1 0.872697 0.316673 0.007817 0.004058
1 0.889726 0.309111 0.002792 0.006640
1 0.912619 0.310955 0.007259 0.002951
1 0.936628 0.306345 0.007259 0.003320
1 0.938582 0.308189 0.006700 0.003320
1 0.846734 0.317226 0.009492 0.003689
1 0.591011 0.012173 0.005025 0.007377
1 0.847013 0.319255 0.008934 0.004058
1 0.814629 0.330321 0.004467 0.006271
1 0.826633 0.332719 0.006142 0.006640
1 0.837800 0.338805 0.009492 0.004058
1 0.894472 0.403541 0.008934 0.003689
1 0.904243 0.401143 0.008375 0.002582
1 0.783640 0.754334 0.007259 0.001475
1 0.953099 0.746219 0.007817 0.003689
1 0.957007 0.749354 0.006700 0.004795
1 0.906756 0.596459 0.006700 0.002213
1 0.789782 0.065843 0.007259 0.004058
1 0.816304 0.018997 0.011167 0.006271
1 0.669738 0.162302 0.007259 0.002951
1 0.749302 0.145887 0.006700 0.002582
1 0.749581 0.147731 0.006142 0.002582
1 0.586544 0.012357 0.003908 0.007746
1 0.577889 0.014755 0.005583 0.008115
1 0.580681 0.014939 0.004467 0.008484
1 0.570352 0.016783 0.005025 0.007746
1 0.560860 0.019550 0.006142 0.007377
1 0.565047 0.027850 0.008934 0.004058
1 0.580123 0.023423 0.010050 0.004058
1 0.608319 0.017890 0.006142 0.003320
1 0.721106 0.018075 0.009492 0.004426
1 0.729202 0.012173 0.008934 0.005164
1 0.717197 0.026558 0.011725 0.004426
1 0.684534 0.053670 0.005583 0.006271
1 0.671413 0.056990 0.007259 0.007746
1 0.684534 0.065290 0.006700 0.007377
1 0.689838 0.061601 0.005025 0.006640
1 0.691792 0.079307 0.005583 0.006640
1 0.697097 0.086315 0.006142 0.007377
1 0.699609 0.086315 0.005583 0.006640
1 0.701005 0.093323 0.007259 0.008115
1 0.705193 0.100516 0.004467 0.007008
1 0.756840 0.175950 0.006142 0.008115
1 0.753210 0.156031 0.007817 0.003689
1 0.752652 0.153264 0.006700 0.003320
