0 0.123267 0.372493 0.024714 0.012894
0 0.324593 0.461676 0.024714 0.015043
0 0.360458 0.562321 0.012055 0.040115
0 0.377034 0.564112 0.012658 0.035100
0 0.407776 0.565544 0.012658 0.036533
0 0.405365 0.604943 0.012658 0.035100
0 0.373418 0.602077 0.012658 0.035100
0 0.342676 0.599212 0.011453 0.029370
0 0.278481 0.601361 0.013261 0.033668
0 0.263713 0.599570 0.015069 0.037249
0 0.377336 0.690544 0.012055 0.028653
0 0.426160 0.690186 0.012055 0.027937
0 0.440928 0.692693 0.011453 0.027221
0 0.457806 0.694126 0.011453 0.028653
0 0.471971 0.694484 0.012055 0.026504
0 0.487342 0.695559 0.013864 0.030086
0 0.423448 0.601719 0.012658 0.028653
0 0.470464 0.569484 0.012658 0.031519
0 0.485232 0.577364 0.013261 0.032951
0 0.343580 0.564470 0.012055 0.031519
0 0.295359 0.560530 0.012055 0.035100
0 0.263110 0.549785 0.012658 0.036533
0 0.165461 0.546562 0.024714 0.014327
0 0.188366 0.139327 0.019892 0.015043
0 0.184750 0.176218 0.024714 0.014327
0 0.182339 0.215974 0.023508 0.012178
0 0.181435 0.253223 0.025316 0.015043
0 0.182339 0.289040 0.025919 0.013610
0 0.175407 0.399713 0.025316 0.014327
0 0.172694 0.472779 0.024714 0.015759
0 0.164858 0.566619 0.025919 0.012894
0 0.254973 0.273281 0.021700 0.012178
0 0.218204 0.682665 0.010850 0.030086
0 0.186860 0.680516 0.012055 0.032951
0 0.069319 0.594556 0.012055 0.030086
0 0.062688 0.628940 0.013261 0.028653
0 0.257987 0.178009 0.025316 0.012178
0 0.258288 0.214542 0.023508 0.010745
0 0.254973 0.253940 0.024111 0.012178
0 0.470163 0.605301 0.010850 0.028653
0 0.500603 0.612822 0.011453 0.027937
0 0.514165 0.609241 0.010850 0.027937
0 0.256781 0.231375 0.025316 0.017192
0 0.860458 0.555516 0.011453 0.026504
0 0.906872 0.560888 0.013864 0.032951
0 0.862266 0.644699 0.011453 0.025788
0 0.876432 0.647564 0.013261 0.034384
0 0.827607 0.060530 0.024111 0.012178
0 0.138638 0.149713 0.015672 0.034384
0 0.130802 0.279370 0.028933 0.015759
0 0.490054 0.036891 0.028933 0.015043
0 0.795961 0.554083 0.012658 0.033668
0 0.116637 0.529370 0.015069 0.041547
0 0.334539 0.415831 0.030139 0.019341
0 0.280289 0.556590 0.014467 0.032951
0 0.391200 0.689470 0.014467 0.039398
0 0.545811 0.613897 0.015069 0.037249
0 0.164557 0.609957 0.033755 0.016476
0 0.686257 0.393625 0.015069 0.039398
0 0.827004 0.554441 0.012055 0.031519
0 0.779084 0.551576 0.010247 0.028653
0 0.529837 0.611032 0.012055 0.030086
0 0.594334 0.612464 0.013261 0.032951
0 0.534358 0.574499 0.011453 0.027221
0 0.548523 0.577006 0.012055 0.029370
0 0.565099 0.579871 0.010247 0.026504
0 0.580169 0.578797 0.010247 0.027221
0 0.597649 0.578438 0.011453 0.027937
0 0.611212 0.579513 0.012055 0.027221
0 0.578360 0.616046 0.011453 0.030086
0 0.610609 0.613897 0.013261 0.030086
0 0.737794 0.634670 0.012055 0.027221
0 0.563593 0.614971 0.013261 0.029370
0 0.600060 0.698782 0.012658 0.033668
0 0.581374 0.700931 0.012658 0.032235
0 0.550934 0.700931 0.012055 0.027937
0 0.611212 0.402579 0.026522 0.022923
0 0.578360 0.434814 0.031947 0.014327
0 0.705847 0.637894 0.012055 0.025072
0 0.189572 0.121777 0.021097 0.012894
