1 0.035869 0.526061 0.005785 0.003761
1 0.045849 0.818780 0.004339 0.006717
1 0.073185 0.795137 0.004050 0.006179
1 0.107174 0.742343 0.007810 0.004299
1 0.123084 0.755911 0.011860 0.005105
1 0.125253 0.556018 0.004628 0.004030
1 0.161846 0.569989 0.005496 0.004030
1 0.192942 0.753761 0.006364 0.003493
1 0.196413 0.774852 0.010414 0.005373
1 0.210732 0.769344 0.007810 0.004030
1 0.214637 0.593498 0.012728 0.007523
1 0.271623 0.253090 0.005207 0.010747
1 0.275673 0.252955 0.004628 0.009404
1 0.278999 0.740462 0.008389 0.010747
1 0.289847 0.742880 0.006364 0.006985
1 0.291438 0.252284 0.005496 0.011284
1 0.294764 0.736432 0.004050 0.005373
1 0.327452 0.434578 0.003471 0.005642
1 0.331067 0.434713 0.003760 0.006448
1 0.419150 0.682563 0.008100 0.006179
1 0.567978 0.723939 0.004339 0.006717
1 0.573040 0.749463 0.006942 0.004567
1 0.578392 0.692370 0.003760 0.006448
1 0.596037 0.505642 0.011860 0.003761
1 0.656783 0.184847 0.009546 0.003761
1 0.657940 0.180951 0.010124 0.004030
1 0.705091 0.281166 0.003760 0.005105
1 0.710732 0.404621 0.012149 0.004836
1 0.746167 0.167920 0.002025 0.004299
1 0.747035 0.015852 0.002025 0.004299
1 0.758172 0.168323 0.004050 0.004030
1 0.765837 0.171145 0.004339 0.002149
1 0.881689 0.478909 0.005207 0.003493
