4 0.158110 0.705216 0.020208 0.023709
4 0.164664 0.701528 0.020208 0.021602
4 0.176406 0.688883 0.020754 0.021602
4 0.181868 0.684141 0.021846 0.021602
4 0.323321 0.685195 0.020754 0.021602
4 0.355543 0.636459 0.021846 0.020021
4 0.361824 0.643836 0.020208 0.018967
4 0.367559 0.649631 0.019661 0.020021
4 0.412070 0.694679 0.019115 0.018440
4 0.418078 0.701791 0.019115 0.017914
4 0.428727 0.600369 0.033861 0.034247
4 0.430912 0.714436 0.018569 0.016860
4 0.442927 0.727608 0.018569 0.018967
4 0.481158 0.520548 0.070999 0.073762
4 0.576461 0.571918 0.072638 0.072181
4 0.598853 0.548736 0.068269 0.073235
4 0.647187 0.503688 0.069907 0.072708
4 0.659749 0.369863 0.072092 0.072708
4 0.674222 0.482086 0.071546 0.072708
4 0.682414 0.334036 0.025669 0.026344
4 0.706991 0.360116 0.025669 0.025817
4 0.725560 0.439937 0.072638 0.071654
4 0.787275 0.347734 0.025669 0.026344
4 0.919716 0.052424 0.018569 0.023709
4 0.926270 0.048736 0.018569 0.022655
4 0.933097 0.044784 0.018023 0.022129
4 0.949208 0.068757 0.016384 0.016333
4 0.953031 0.065595 0.016384 0.016333
4 0.960950 0.096944 0.020208 0.023182
4 0.966685 0.092993 0.020754 0.022655
4 0.973239 0.087987 0.019661 0.022129
