4 0.949486 0.080117 0.024322 0.045157
4 0.477081 0.565186 0.023386 0.042243
4 0.345182 0.447560 0.051450 0.095412
4 0.334191 0.371814 0.018241 0.031318
4 0.303321 0.390022 0.056595 0.111435
4 0.268943 0.372906 0.024322 0.046613
4 0.252105 0.328842 0.066417 0.131828
4 0.174930 0.259286 0.026193 0.034960
4 0.145931 0.296795 0.103835 0.127458
4 0.451824 0.542243 0.056127 0.115805
4 0.484331 0.618718 0.021048 0.040058
4 0.922591 0.049891 0.018241 0.032775
4 0.498363 0.624909 0.019177 0.036417
4 0.117633 0.129643 0.019177 0.039330
4 0.573199 0.716679 0.018241 0.037873
4 0.427970 0.532047 0.019645 0.034232
4 0.285781 0.330663 0.016838 0.033503
4 0.192236 0.249090 0.018709 0.024763
4 0.840739 0.917334 0.021048 0.105608
4 0.784144 0.918427 0.014500 0.039330
4 0.549579 0.666060 0.020580 0.038602
4 0.523620 0.660597 0.021048 0.039330
