4 0.086498 0.254098 0.034358 0.030965
4 0.113321 0.595173 0.028933 0.057377
4 0.100663 0.577413 0.038577 0.058288
4 0.084690 0.563752 0.016275 0.023679
4 0.077456 0.545082 0.037975 0.055556
4 0.051537 0.497723 0.013864 0.013661
4 0.069017 0.519126 0.045208 0.043716
4 0.049729 0.459927 0.022303 0.012750
4 0.054250 0.417577 0.043400 0.020947
4 0.060880 0.356102 0.014467 0.014572
4 0.093430 0.184882 0.016878 0.012750
4 0.193791 0.647086 0.009042 0.031876
4 0.103978 0.150729 0.016275 0.015483
4 0.115732 0.092896 0.033755 0.029144
4 0.118746 0.049180 0.025316 0.027322
4 0.126884 0.016393 0.019892 0.027322
4 0.170283 0.631603 0.021097 0.055556
4 0.218204 0.641166 0.008439 0.025501
4 0.718204 0.740437 0.013864 0.052823
4 0.638939 0.633880 0.034961 0.020036
4 0.959614 0.770947 0.016878 0.062842
4 0.933394 0.785519 0.006631 0.019126
4 0.921941 0.770492 0.013864 0.049180
4 0.911995 0.764117 0.006028 0.021858
4 0.894816 0.768215 0.011453 0.048270
4 0.852622 0.759107 0.012658 0.044627
4 0.788728 0.749545 0.013864 0.043716
4 0.754973 0.750911 0.009042 0.024590
4 0.671187 0.738160 0.009042 0.028233
4 0.208559 0.658470 0.007233 0.020036
4 0.580470 0.709927 0.014467 0.050091
4 0.459011 0.686248 0.006631 0.022769
4 0.407776 0.708106 0.015069 0.011840
4 0.406269 0.678962 0.009644 0.033698
4 0.358951 0.669854 0.006631 0.022769
4 0.346594 0.664390 0.008439 0.024590
4 0.272152 0.665756 0.009042 0.034608
4 0.262809 0.655282 0.007233 0.022769
4 0.230259 0.650729 0.009644 0.040984
4 0.586197 0.622951 0.034358 0.020036
4 0.568415 0.597905 0.013261 0.033698
4 0.540687 0.591075 0.020494 0.041894
4 0.321278 0.677140 0.009644 0.020947
4 0.184448 0.423497 0.021700 0.023679
4 0.506631 0.703552 0.007836 0.020947
4 0.434901 0.693989 0.005425 0.021858
4 0.547318 0.704007 0.007233 0.023679
4 0.498794 0.563297 0.027125 0.053734
4 0.115431 0.109745 0.018686 0.013661
4 0.729656 0.732240 0.007836 0.020036
4 0.216395 0.664845 0.006028 0.018215
4 0.043400 0.446266 0.012055 0.010929
4 0.053044 0.435792 0.016878 0.013661
4 0.076854 0.291894 0.015069 0.015483
4 0.044304 0.388889 0.016275 0.012750
4 0.161543 0.205373 0.007233 0.017304
4 0.590416 0.711293 0.009042 0.021858
4 0.201627 0.221311 0.012658 0.021858
4 0.189572 0.246812 0.018686 0.030965
4 0.106691 0.061475 0.014467 0.015483
4 0.582881 0.596084 0.013261 0.015483
4 0.678421 0.630692 0.018686 0.013661
4 0.841471 0.750455 0.008439 0.021858
4 0.816757 0.753643 0.009644 0.026412
4 0.799578 0.743625 0.006631 0.015483
4 0.738095 0.749545 0.007836 0.021858
4 0.182339 0.228142 0.039180 0.062842
4 0.227848 0.278689 0.015672 0.023679
4 0.213382 0.260474 0.030139 0.047359
4 0.248342 0.292805 0.025316 0.044627
4 0.279687 0.331512 0.026522 0.047359
4 0.385775 0.450364 0.012055 0.020947
4 0.326100 0.383424 0.013261 0.023679
4 0.442435 0.503643 0.013261 0.021858
4 0.469259 0.530510 0.028330 0.051913
