4 0.367616 0.609356 0.034746 0.047388
4 0.162960 0.074727 0.031272 0.052248
4 0.173732 0.124544 0.054204 0.078979
4 0.192147 0.152491 0.036831 0.052248
4 0.216122 0.210814 0.062543 0.088700
4 0.236275 0.263062 0.036136 0.054678
4 0.285615 0.312272 0.044475 0.087485
4 0.275539 0.404617 0.035441 0.048603
4 0.446491 0.777643 0.068798 0.102066
4 0.513899 0.980559 0.027102 0.041312
4 0.465949 0.817132 0.025712 0.037667
4 0.442669 0.845079 0.030577 0.047388
4 0.466296 0.857837 0.056984 0.085055
4 0.482627 0.900365 0.035441 0.051033
4 0.618138 0.952005 0.029882 0.044957
4 0.592078 0.869380 0.029187 0.057108
4 0.569493 0.873633 0.028492 0.068044
4 0.558374 0.795869 0.031272 0.048603
4 0.575052 0.261239 0.032662 0.041312
4 0.621960 0.317132 0.023628 0.070474
4 0.873523 0.206561 0.034746 0.041312
4 0.564628 0.068044 0.036831 0.029162
4 0.484364 0.667679 0.025017 0.049818
4 0.608061 0.100851 0.066713 0.063183
4 0.902363 0.291009 0.031272 0.032807
4 0.694232 0.339611 0.038916 0.052248
4 0.920083 0.116039 0.027797 0.052248
4 0.738707 0.356622 0.027797 0.035237
4 0.836345 0.405225 0.057679 0.069259
4 0.800903 0.430741 0.020153 0.064399
4 0.885337 0.477521 0.025017 0.070474
4 0.860320 0.460510 0.016678 0.048603
4 0.947880 0.511543 0.020848 0.058323
4 0.975330 0.532199 0.028492 0.097205
4 0.917999 0.245443 0.048645 0.085055
4 0.916956 0.171324 0.028492 0.051033
4 0.867964 0.168894 0.063933 0.072904
4 0.876998 0.117861 0.063933 0.072904
4 0.884642 0.063791 0.047255 0.061968
4 0.883600 0.026731 0.059069 0.051033
4 0.938499 0.029769 0.027102 0.054678
4 0.934677 0.083232 0.048645 0.095990
