4 0.344428 0.162123 0.013025 0.022956
4 0.217800 0.131277 0.020260 0.025825
4 0.583936 0.205524 0.023155 0.020803
4 0.595514 0.221664 0.021708 0.018651
4 0.652677 0.281205 0.024602 0.021521
4 0.677279 0.327116 0.020260 0.017217
4 0.729740 0.403874 0.025326 0.021521
4 0.719971 0.388809 0.021708 0.018651
4 0.760854 0.449785 0.023878 0.021521
4 0.750362 0.435079 0.018813 0.016499
4 0.907019 0.733859 0.015195 0.022956
4 0.910999 0.764706 0.018813 0.022956
4 0.889653 0.764347 0.029667 0.033716
4 0.875181 0.787661 0.018090 0.022956
4 0.859262 0.781564 0.009407 0.019369
4 0.790159 0.778336 0.008683 0.017217
4 0.741317 0.777977 0.010854 0.025108
4 0.594428 0.766141 0.012301 0.031564
4 0.573444 0.766141 0.009407 0.024390
4 0.893271 0.976686 0.010854 0.020803
4 0.637482 0.801650 0.010130 0.013630
4 0.536541 0.761836 0.009407 0.017217
4 0.467800 0.762912 0.009407 0.023673
4 0.442836 0.772238 0.008683 0.020803
4 0.339363 0.728479 0.010130 0.016499
4 0.278582 0.725251 0.011577 0.015782
4 0.244573 0.697991 0.021708 0.018651
4 0.215991 0.598996 0.034009 0.012912
4 0.217438 0.549139 0.025326 0.009326
4 0.212735 0.428623 0.030391 0.010760
4 0.184515 0.116930 0.015919 0.020086
4 0.319826 0.162123 0.010130 0.015782
4 0.390738 0.167862 0.011577 0.017217
4 0.218162 0.566714 0.020984 0.008608
4 0.218886 0.614060 0.018090 0.008608
4 0.062590 0.606887 0.019537 0.010043
4 0.058249 0.691535 0.016643 0.010043
4 0.691751 0.767217 0.010130 0.019369
4 0.716715 0.769727 0.010854 0.025825
4 0.820188 0.779053 0.007959 0.017217
4 0.893271 0.629842 0.022431 0.015782
4 0.833575 0.549857 0.018813 0.017934
4 0.795586 0.501076 0.022431 0.017934
