4 0.113508 0.243910 0.003983 0.016821
4 0.161799 0.046984 0.001991 0.013921
4 0.129937 0.412123 0.003319 0.017981
4 0.942416 0.582657 0.001991 0.011021
4 0.441172 0.721578 0.002821 0.017401
4 0.421424 0.372970 0.001494 0.010441
4 0.423747 0.372100 0.001162 0.011021
4 0.235397 0.573666 0.005144 0.012761
4 0.196233 0.482599 0.003153 0.016241
4 0.335878 0.635731 0.003319 0.019722
4 0.135496 0.416763 0.002821 0.017981
4 0.216064 0.067865 0.004978 0.010441
4 0.751742 0.098318 0.002323 0.017981
4 0.748755 0.142401 0.002655 0.014501
