1 0.190739 0.203224 0.012370 0.010302
0 0.485874 0.177551 0.006185 0.006148
0 0.502925 0.173812 0.007523 0.006647
0 0.505266 0.176388 0.006854 0.006148
0 0.489552 0.182619 0.005851 0.005650
0 0.491725 0.185527 0.006520 0.006481
0 0.493648 0.188269 0.006687 0.005650
0 0.495737 0.191010 0.007188 0.006481
0 0.484035 0.187355 0.007857 0.007478
0 0.486209 0.190263 0.007523 0.006979
0 0.488549 0.193170 0.006520 0.005816
0 0.490639 0.195414 0.006687 0.005982
0 0.492227 0.197906 0.007188 0.006314
0 0.498161 0.178132 0.005015 0.006314
0 0.502591 0.183200 0.005517 0.005816
0 0.506687 0.189266 0.006352 0.006979
0 0.546556 0.093802 0.004848 0.004487
0 0.534353 0.107012 0.005517 0.005650
0 0.539034 0.103938 0.006520 0.006481
0 0.529338 0.110336 0.005517 0.006314
0 0.525577 0.113161 0.005684 0.005650
0 0.487546 0.180376 0.006185 0.005484
0 0.475510 0.175058 0.008526 0.009139
2 0.834838 0.784480 0.016717 0.015287
0 0.469157 0.168162 0.006185 0.004653
2 0.863507 0.775922 0.016215 0.014124
2 0.753761 0.851030 0.016717 0.015454
2 0.800819 0.834413 0.017218 0.016118
2 0.815279 0.829761 0.017385 0.015454
2 0.842277 0.817880 0.021230 0.018943
2 0.859328 0.813809 0.017553 0.013460
2 0.877800 0.806996 0.021063 0.017115
2 0.638415 0.814722 0.015714 0.014290
2 0.802742 0.400964 0.017385 0.018611
1 0.705868 0.445829 0.011535 0.006314
1 0.704280 0.441426 0.011367 0.007145
1 0.702691 0.436275 0.011200 0.007145
1 0.700853 0.431788 0.010866 0.006481
1 0.716650 0.431871 0.011033 0.006647
1 0.716901 0.427135 0.013875 0.007810
1 0.711217 0.419575 0.009863 0.006647
1 0.729940 0.389831 0.010532 0.006314
1 0.727599 0.394816 0.009863 0.005982
1 0.725928 0.399136 0.009863 0.005982
0 0.521398 0.115653 0.007355 0.006979
0 0.520729 0.122383 0.006352 0.005816
0 0.518723 0.125042 0.006352 0.005484
0 0.535858 0.150548 0.006854 0.006314
0 0.605985 0.187188 0.006687 0.004819
0 0.606904 0.190512 0.006854 0.004819
0 0.608409 0.193752 0.007523 0.004653
0 0.578903 0.180376 0.006352 0.004487
0 0.584754 0.179628 0.006352 0.004985
0 0.587763 0.182120 0.006352 0.005317
0 0.588265 0.186358 0.007021 0.005151
0 0.590354 0.189349 0.007188 0.005484
0 0.591775 0.192173 0.005684 0.004819
0 0.593113 0.195414 0.006352 0.005317
0 0.595453 0.198322 0.007021 0.005151
0 0.596289 0.201230 0.006352 0.004985
0 0.598044 0.205052 0.006185 0.003988
0 0.599716 0.208209 0.005851 0.003988
0 0.602558 0.210452 0.006854 0.005484
0 0.580826 0.183450 0.005851 0.004653
0 0.581662 0.186108 0.006520 0.004985
0 0.582915 0.190096 0.007355 0.005982
0 0.584838 0.193170 0.006854 0.006481
0 0.604898 0.183450 0.007188 0.005317
0 0.603811 0.180209 0.007021 0.005484
0 0.602558 0.176304 0.007188 0.004985
0 0.566700 0.172399 0.004681 0.006481
0 0.555834 0.151047 0.005684 0.007311
0 0.559010 0.150382 0.005015 0.006647
0 0.563022 0.148222 0.006352 0.006647
0 0.570796 0.148139 0.005182 0.006813
0 0.571130 0.138750 0.006185 0.005650
0 0.563775 0.167830 0.004514 0.006314
0 0.564276 0.173480 0.004514 0.006314
0 0.560181 0.175640 0.006018 0.007311
0 0.569960 0.171652 0.004848 0.007311
0 0.601889 0.172316 0.007857 0.005317
0 0.572885 0.170239 0.004681 0.006813
0 0.575226 0.169408 0.004012 0.006481
0 0.578235 0.168411 0.004681 0.007478
0 0.585757 0.164922 0.004346 0.006813
0 0.589351 0.164008 0.004179 0.006979
0 0.592695 0.162346 0.002508 0.005982
0 0.597710 0.161017 0.004848 0.005650
0 0.600802 0.169242 0.006352 0.004154
2 0.848880 0.780409 0.016717 0.015454
2 0.820127 0.791542 0.019392 0.015454
1 0.195754 0.197906 0.011033 0.011632
2 0.529422 0.384929 0.017385 0.016118
2 0.521230 0.404536 0.019726 0.018445
2 0.501505 0.400050 0.015045 0.014124
2 0.508526 0.401878 0.016048 0.015121
2 0.494400 0.411017 0.018556 0.018112
2 0.483116 0.424809 0.016717 0.016118
2 0.470244 0.432785 0.025410 0.025756
2 0.405968 0.471253 0.063691 0.068794
2 0.476179 0.480808 0.032932 0.031073
2 0.496239 0.470837 0.018556 0.017780
2 0.523821 0.458707 0.017887 0.017780
2 0.512454 0.463775 0.017887 0.016949
2 0.506687 0.453057 0.031428 0.028747
2 0.528753 0.439099 0.035105 0.033067
2 0.576563 0.446909 0.017051 0.016783
2 0.541625 0.487870 0.016717 0.014290
2 0.559345 0.482386 0.024407 0.022931
2 0.580074 0.460535 0.017385 0.017115
2 0.577817 0.475407 0.015881 0.014623
2 0.595119 0.470671 0.021732 0.020106
2 0.518305 0.391825 0.017218 0.016284
2 0.542043 0.421236 0.016884 0.018278
2 0.794550 0.799352 0.016717 0.013792
2 0.555249 0.413260 0.017218 0.015620
2 0.181963 0.100033 0.025577 0.028249
2 0.167252 0.223413 0.022902 0.023097
2 0.150451 0.242689 0.033434 0.032735
2 0.418756 0.285643 0.035774 0.034895
2 0.465981 0.307162 0.051655 0.050349
2 0.402374 0.408608 0.018388 0.017946
2 0.414326 0.397723 0.019559 0.018777
2 0.428619 0.385427 0.019392 0.019774
2 0.445085 0.374294 0.024574 0.024094
2 0.467486 0.360668 0.027583 0.026088
2 0.486125 0.342223 0.023404 0.023097
2 0.560181 0.348953 0.014711 0.015952
2 0.561434 0.359920 0.015212 0.015952
2 0.581745 0.351446 0.016717 0.014955
2 0.561351 0.376122 0.017051 0.016783
2 0.548813 0.367813 0.018388 0.018112
2 0.598964 0.372632 0.020060 0.020106
2 0.567202 0.392738 0.018723 0.019442
2 0.572217 0.405533 0.016382 0.013792
2 0.610331 0.465354 0.016048 0.014124
2 0.631896 0.453390 0.018388 0.017115
2 0.647275 0.445663 0.022735 0.022267
2 0.684470 0.446245 0.015881 0.012463
2 0.602725 0.647890 0.017218 0.016284
2 0.622952 0.647723 0.035607 0.041542
2 0.703778 0.670821 0.020729 0.018278
2 0.646272 0.699651 0.015714 0.013792
2 0.654463 0.708209 0.016048 0.012629
2 0.663490 0.696411 0.023404 0.021270
2 0.702190 0.700066 0.016215 0.016949
2 0.671765 0.737371 0.016215 0.013460
2 0.677951 0.728398 0.018890 0.016783
2 0.691993 0.725823 0.014878 0.013626
2 0.705450 0.720754 0.014376 0.012463
2 0.716148 0.715769 0.024741 0.021436
2 0.760197 0.730060 0.015881 0.013460
2 0.776830 0.724909 0.017720 0.015786
2 0.800318 0.718013 0.020227 0.020273
2 0.852558 0.698488 0.016048 0.012795
2 0.828569 0.749917 0.015547 0.014623
2 0.842862 0.744184 0.017385 0.016118
2 0.858325 0.739531 0.017553 0.014457
2 0.622451 0.665420 0.017887 0.015121
2 0.636075 0.659355 0.017385 0.014623
2 0.649114 0.652625 0.016382 0.015121
2 0.780843 0.566384 0.014042 0.012795
2 0.582748 0.386175 0.015379 0.016284
2 0.715563 0.486374 0.013875 0.015620
2 0.755099 0.457627 0.013373 0.014955
2 0.749081 0.448488 0.014042 0.014955
2 0.650619 0.551429 0.013373 0.012795
2 0.633651 0.543453 0.037947 0.040379
2 0.769392 0.554503 0.014878 0.015620
2 0.801153 0.539216 0.017553 0.018278
2 0.796640 0.563144 0.018890 0.016949
2 0.680625 0.641908 0.022233 0.018278
2 0.813942 0.566467 0.016717 0.013293
2 0.817703 0.553008 0.018890 0.018611
2 0.823638 0.537720 0.014711 0.016284
2 0.826647 0.521934 0.017051 0.019608
2 0.825476 0.508225 0.010699 0.011133
2 0.709796 0.599202 0.044132 0.042871
2 0.684721 0.613742 0.025410 0.022765
2 0.656804 0.620804 0.024741 0.020937
0 0.587095 0.195829 0.005684 0.005484
0 0.587930 0.199069 0.007355 0.005982
0 0.589268 0.202310 0.006687 0.005484
0 0.893096 0.697906 0.007523 0.004653
0 0.893514 0.704885 0.005684 0.005982
0 0.909980 0.662180 0.007188 0.006647
0 0.905299 0.667498 0.007523 0.004653
0 0.914577 0.666584 0.007355 0.005816
0 0.914326 0.670489 0.006520 0.005982
0 0.907054 0.679046 0.007021 0.003157
0 0.913825 0.681289 0.006185 0.005317
0 0.911150 0.684779 0.006520 0.005650
0 0.908308 0.687438 0.005517 0.002991
0 0.913908 0.678132 0.005349 0.004320
0 0.905299 0.689930 0.008526 0.005982
0 0.912153 0.692589 0.006854 0.005650
0 0.905717 0.696328 0.007355 0.005484
0 0.906302 0.700066 0.006185 0.005317
0 0.905216 0.703639 0.005684 0.004819
0 0.904213 0.706630 0.007690 0.006481
0 0.910816 0.707129 0.006854 0.005484
0 0.911735 0.703805 0.006352 0.005484
0 0.912070 0.700233 0.006687 0.004985
0 0.892093 0.701811 0.004514 0.005151
0 0.893430 0.694500 0.007188 0.004487
0 0.591441 0.204636 0.006352 0.006148
0 0.894433 0.684696 0.006520 0.005151
0 0.808509 0.636175 0.005517 0.005816
0 0.784687 0.642655 0.005684 0.004154
0 0.810348 0.643985 0.004848 0.004819
0 0.803159 0.650050 0.007857 0.003323
0 0.829656 0.649302 0.007690 0.005484
0 0.910732 0.629445 0.007355 0.004985
0 0.910064 0.634098 0.007355 0.002991
0 0.905383 0.642074 0.007690 0.005317
0 0.908308 0.653290 0.008860 0.005484
0 0.906720 0.658275 0.006018 0.003822
0 0.925694 0.640828 0.008526 0.003490
0 0.925610 0.645480 0.008024 0.003490
0 0.925861 0.648804 0.006520 0.002825
0 0.925694 0.651379 0.007188 0.003323
0 0.925861 0.654869 0.006854 0.004320
0 0.925694 0.658524 0.006854 0.004653
0 0.892344 0.669076 0.007355 0.006813
0 0.893347 0.677385 0.006018 0.005151
0 0.893180 0.682453 0.006018 0.004653
0 0.912822 0.696992 0.006185 0.005151
0 0.906219 0.682702 0.007021 0.002825
0 0.925443 0.664423 0.007690 0.004487
0 0.925777 0.668328 0.007690 0.004653
0 0.663992 0.400715 0.005684 0.004154
0 0.649030 0.402875 0.006854 0.005816
0 0.790705 0.593802 0.004681 0.007145
0 0.739050 0.541874 0.004012 0.006979
0 0.730859 0.545364 0.004012 0.006979
0 0.759696 0.562812 0.008526 0.004985
0 0.765965 0.577102 0.007355 0.004985
0 0.730859 0.573779 0.006687 0.004320
0 0.731862 0.577019 0.006687 0.004154
0 0.732364 0.580592 0.006352 0.003988
0 0.733450 0.583416 0.007523 0.004985
0 0.735456 0.589482 0.009529 0.005484
0 0.735958 0.592888 0.006854 0.003656
0 0.727683 0.562230 0.007690 0.005484
0 0.728185 0.565886 0.006352 0.004487
0 0.803661 0.642157 0.005851 0.005816
0 0.800903 0.640329 0.006018 0.005484
0 0.465981 0.162679 0.006185 0.004653
0 0.467987 0.164756 0.006185 0.005151
0 0.636326 0.381938 0.005851 0.004819
0 0.639669 0.340146 0.005851 0.006314
0 0.637663 0.322699 0.006185 0.005650
0 0.924941 0.702476 0.006687 0.003490
0 0.926112 0.671984 0.006687 0.003988
0 0.926112 0.675390 0.007355 0.003490
0 0.926112 0.679462 0.006018 0.002991
0 0.925276 0.685194 0.006687 0.002493
0 0.925527 0.688435 0.007188 0.003323
0 0.925276 0.692423 0.006687 0.003323
0 0.925443 0.695995 0.008024 0.004154
0 0.925443 0.699734 0.006687 0.003656
0 0.924022 0.708375 0.008191 0.004653
0 0.551404 0.169492 0.005182 0.006979
0 0.898780 0.719259 0.003511 0.006813
0 0.910899 0.713028 0.006352 0.003988
0 0.915914 0.731805 0.006687 0.002991
0 0.917252 0.735377 0.006352 0.003822
0 0.884570 0.770023 0.008191 0.005650
0 0.347292 0.013127 0.007857 0.005317
0 0.474674 0.163343 0.004514 0.004985
0 0.545386 0.166500 0.006854 0.007644
0 0.798897 0.636756 0.006018 0.005317
0 0.832832 0.600116 0.005684 0.006813
0 0.841692 0.597956 0.012370 0.006481
0 0.634654 0.157029 0.005182 0.005317
0 0.573554 0.202476 0.005349 0.002825
0 0.574223 0.205550 0.005684 0.002659
0 0.576730 0.208707 0.006687 0.003323
0 0.579405 0.212446 0.006352 0.002825
0 0.580993 0.215271 0.006185 0.002825
0 0.586593 0.219010 0.007355 0.003656
0 0.588599 0.222084 0.006018 0.002160
0 0.547643 0.202393 0.006352 0.006979
0 0.611585 0.182868 0.004514 0.005484
0 0.611167 0.175889 0.007021 0.006813
0 0.623036 0.181289 0.003678 0.006314
0 0.489385 0.209206 0.005851 0.006979
0 0.615848 0.263460 0.008358 0.003822
0 0.538783 0.624792 0.006352 0.007976
0 0.462638 0.157361 0.006854 0.003988
0 0.463808 0.160435 0.007188 0.005151
0 0.622701 0.162429 0.007021 0.006813
0 0.633149 0.164506 0.006854 0.006979
0 0.641006 0.161765 0.005851 0.004819
0 0.571130 0.199900 0.006185 0.002991
0 0.570127 0.196577 0.006854 0.003656
0 0.565363 0.194167 0.005684 0.003490
0 0.618522 0.224742 0.006687 0.004487
0 0.592695 0.207295 0.006185 0.005151
0 0.594701 0.210369 0.006185 0.005650
0 0.596790 0.213277 0.005684 0.004819
0 0.598546 0.216185 0.004848 0.004653
0 0.601387 0.218345 0.005851 0.005317
0 0.602558 0.221336 0.007188 0.005317
0 0.617185 0.216268 0.006687 0.005151
0 0.618940 0.220837 0.007188 0.004320
0 0.620027 0.227318 0.007355 0.004653
0 0.564276 0.190844 0.008191 0.004154
0 0.621782 0.230475 0.006520 0.004320
0 0.612922 0.238368 0.003511 0.006148
0 0.616683 0.239199 0.003009 0.005816
0 0.607907 0.237454 0.004514 0.006314
0 0.604229 0.236707 0.005851 0.006481
0 0.598964 0.233882 0.005349 0.006148
0 0.595286 0.231140 0.006018 0.005982
0 0.560933 0.185776 0.007188 0.005317
0 0.640505 0.155118 0.005851 0.005816
0 0.638750 0.174809 0.003009 0.006979
0 0.850468 0.596045 0.004848 0.007644
0 0.632899 0.182203 0.002675 0.005816
0 0.802909 0.590811 0.004346 0.007478
0 0.805834 0.589648 0.003511 0.006148
0 0.808843 0.588568 0.004848 0.007311
0 0.812103 0.587321 0.004012 0.006148
0 0.814861 0.586823 0.003845 0.005484
0 0.825393 0.582502 0.002842 0.005816
0 0.829488 0.582918 0.003678 0.006979
0 0.832665 0.581422 0.004012 0.006314
0 0.837763 0.580425 0.002173 0.006647
0 0.842193 0.579761 0.003009 0.006314
0 0.844617 0.578598 0.004179 0.007311
0 0.848128 0.577268 0.002842 0.005317
0 0.858409 0.574526 0.003678 0.004819
0 0.796891 0.617065 0.005349 0.006148
0 0.793798 0.622549 0.006185 0.004487
0 0.806837 0.624294 0.006520 0.005982
0 0.823052 0.609754 0.006520 0.003822
0 0.824306 0.615321 0.007021 0.003656
0 0.818539 0.606929 0.006520 0.005484
0 0.799482 0.591143 0.002842 0.006481
0 0.767553 0.580093 0.008191 0.005317
0 0.562187 0.322283 0.005684 0.006481
0 0.629806 0.321702 0.005182 0.005317
0 0.641090 0.180459 0.002675 0.005317
0 0.652207 0.178298 0.003511 0.008308
0 0.658475 0.190512 0.008358 0.006813
0 0.662487 0.203722 0.006687 0.003656
0 0.633902 0.211698 0.007355 0.004320
0 0.652625 0.239365 0.005015 0.006481
0 0.645938 0.241941 0.005684 0.001994
0 0.641759 0.308824 0.006687 0.004487
0 0.635155 0.332004 0.006520 0.004985
0 0.655216 0.414756 0.007857 0.005317
0 0.631561 0.326105 0.005349 0.005151
0 0.642845 0.343968 0.006185 0.005317
0 0.646105 0.347707 0.006352 0.005484
0 0.654881 0.358009 0.007188 0.005151
0 0.582163 0.316717 0.006520 0.004985
0 0.634403 0.379196 0.006687 0.005650
0 0.639168 0.386756 0.005517 0.004819
0 0.646606 0.400798 0.007690 0.005982
2 0.102140 0.094716 0.033768 0.032237
