4 0.005125 0.731375 0.007250 0.022750
4 0.042875 0.358000 0.007750 0.019500
4 0.046500 0.102625 0.012000 0.021750
4 0.054625 0.189125 0.011250 0.022250
4 0.077875 0.758000 0.022250 0.055500
4 0.111250 0.770375 0.005500 0.016250
4 0.219500 0.387875 0.004500 0.015750
4 0.222375 0.782500 0.009250 0.029500
4 0.258750 0.675875 0.012000 0.018750
4 0.281875 0.009000 0.023250 0.017500
4 0.297000 0.072875 0.008000 0.009750
4 0.341875 0.589250 0.008250 0.012500
4 0.350125 0.402875 0.004750 0.013750
4 0.353375 0.402625 0.003250 0.013750
4 0.365500 0.506000 0.012500 0.003000
4 0.366125 0.499750 0.013250 0.004000
4 0.366250 0.047250 0.018000 0.014000
4 0.367875 0.502500 0.015250 0.004000
4 0.373500 0.635875 0.006000 0.015750
4 0.376750 0.675250 0.006500 0.015500
4 0.382875 0.740750 0.005250 0.017500
4 0.386000 0.770625 0.005500 0.021250
4 0.394000 0.839625 0.013000 0.016250
4 0.402500 0.854625 0.012000 0.016250
4 0.413500 0.873250 0.012000 0.015500
4 0.440750 0.927875 0.054500 0.085750
4 0.479375 0.988375 0.018250 0.023250
