4 0.448750 0.147928 0.013500 0.005801
4 0.679625 0.082735 0.018250 0.013536
4 0.701750 0.546685 0.024500 0.029282
4 0.472250 0.754558 0.015500 0.011878
4 0.500125 0.793646 0.015250 0.014917
4 0.767125 0.612569 0.028250 0.013536
4 0.822625 0.575552 0.018250 0.009669
4 0.726625 0.502072 0.011250 0.010773
4 0.812750 0.370580 0.027000 0.025691
4 0.820750 0.359254 0.029500 0.022928
4 0.818750 0.052486 0.028500 0.014365
4 0.950375 0.469613 0.029250 0.023204
4 0.954125 0.463812 0.027750 0.020994
4 0.915375 0.593785 0.031750 0.017403
4 0.507250 0.364365 0.008500 0.008840
4 0.043500 0.940055 0.018000 0.013812
