4 0.852692 0.650375 0.011538 0.003750
4 0.878942 0.662000 0.007885 0.003500
4 0.834231 0.659875 0.011154 0.003750
4 0.794038 0.702625 0.006538 0.008250
4 0.782981 0.710000 0.008654 0.012000
4 0.759808 0.707750 0.009231 0.013000
4 0.927596 0.657750 0.010577 0.006500
4 0.909135 0.661000 0.009423 0.005500
4 0.883846 0.647375 0.013462 0.008750
4 0.902692 0.632875 0.013077 0.008250
4 0.732404 0.799750 0.009038 0.015000
4 0.673846 0.885875 0.009231 0.014750
4 0.629519 0.957750 0.009423 0.014500
4 0.749038 0.752000 0.009231 0.015000
