4 0.052875 0.018500 0.006250 0.023000
4 0.115000 0.228625 0.025000 0.020250
4 0.145625 0.232000 0.019250 0.026500
4 0.159875 0.190250 0.018250 0.022500
4 0.175625 0.214750 0.019750 0.026500
4 0.233000 0.353625 0.017500 0.025750
4 0.259750 0.404750 0.035000 0.048500
4 0.266750 0.357500 0.012000 0.017500
4 0.272000 0.375375 0.012000 0.016750
4 0.275625 0.372375 0.010750 0.015250
4 0.281750 0.393125 0.012000 0.017250
4 0.285500 0.390000 0.012000 0.018500
4 0.343500 0.541625 0.022000 0.029250
4 0.401250 0.551875 0.027000 0.020250
4 0.504500 0.637875 0.017000 0.015750
4 0.532875 0.641125 0.020250 0.016750
4 0.538000 0.669750 0.018500 0.014500
4 0.567000 0.687125 0.022500 0.019250
4 0.661125 0.748750 0.014250 0.011000
