4 0.910057 0.267912 0.016353 0.006736
0 0.574816 0.520514 0.009812 0.003674
0 0.487326 0.128291 0.008177 0.003062
0 0.598528 0.148500 0.004906 0.006736
0 0.603025 0.148500 0.004088 0.006736
0 0.607931 0.149418 0.004088 0.006124
0 0.612020 0.149112 0.004088 0.005511
0 0.763696 0.099816 0.004906 0.007348
0 0.578496 0.133190 0.004088 0.006736
0 0.616108 0.150031 0.004088 0.006124
0 0.621423 0.148500 0.003271 0.005511
0 0.762061 0.139927 0.008177 0.003062
0 0.761652 0.135946 0.008994 0.003674
0 0.459935 0.199939 0.004088 0.005511
0 0.463614 0.199633 0.004906 0.006124
0 0.451758 0.118494 0.010630 0.003062
0 0.487326 0.135334 0.008177 0.002449
0 0.589534 0.148806 0.004906 0.007348
0 0.487735 0.141764 0.008994 0.003062
0 0.305805 0.208818 0.008177 0.007348
0 0.358545 0.217391 0.007359 0.006124
0 0.479558 0.230557 0.007359 0.003062
0 0.480785 0.234231 0.008177 0.003062
0 0.479558 0.244029 0.008994 0.004287
0 0.482420 0.251378 0.008177 0.003062
0 0.367539 0.278934 0.007359 0.006736
0 0.487326 0.278628 0.004906 0.004899
0 0.365904 0.333129 0.007359 0.006124
0 0.419460 0.346908 0.006541 0.005511
0 0.417007 0.342621 0.006541 0.005511
0 0.412510 0.338028 0.007359 0.006124
0 0.594440 0.149112 0.004906 0.006736
0 0.585446 0.148500 0.004906 0.006736
0 0.403925 0.327006 0.008177 0.007348
1 0.615699 0.256889 0.004906 0.007961
0 0.753884 0.506430 0.008177 0.003674
0 0.649632 0.484078 0.008994 0.006736
0 0.595258 0.516534 0.011447 0.003062
1 0.542927 0.309553 0.004906 0.010410
1 0.543745 0.298836 0.004906 0.007348
1 0.544154 0.282609 0.005724 0.006736
1 0.618152 0.274954 0.003271 0.006124
1 0.668847 0.277710 0.003271 0.005511
1 0.695830 0.278628 0.003271 0.004899
1 0.699509 0.278934 0.004088 0.005511
1 0.656991 0.264238 0.004088 0.006736
1 0.629599 0.257195 0.004906 0.007348
1 0.622240 0.257195 0.004906 0.008573
1 0.610384 0.256583 0.005724 0.007348
0 0.582175 0.175750 0.011447 0.003674
1 0.721177 0.238824 0.003271 0.006124
1 0.717089 0.238824 0.003271 0.006124
1 0.699509 0.225352 0.004088 0.007348
1 0.588307 0.229026 0.005724 0.009798
0 0.578087 0.224740 0.008177 0.002449
0 0.579313 0.218310 0.008994 0.003062
1 0.547833 0.212186 0.006541 0.011635
0 0.579313 0.201164 0.008994 0.003062
0 0.579722 0.197489 0.008177 0.003062
0 0.578904 0.194121 0.008177 0.002449
0 0.579313 0.190753 0.012265 0.003062
0 0.580948 0.186467 0.008994 0.003062
0 0.581357 0.182486 0.008177 0.002449
0 0.408422 0.333129 0.007359 0.006124
0 0.466067 0.404470 0.006541 0.005511
0 0.619787 0.971219 0.006541 0.006124
0 0.457482 0.781996 0.005724 0.006124
0 0.467702 0.714942 0.004906 0.006736
0 0.463205 0.715248 0.005724 0.006124
0 0.450123 0.714942 0.004088 0.005511
0 0.502044 0.741580 0.003271 0.004899
0 0.497956 0.742192 0.003271 0.006124
0 0.491823 0.741886 0.004088 0.006736
0 0.452984 0.741580 0.004906 0.006124
0 0.425593 0.753521 0.004088 0.007961
0 0.439084 0.754133 0.003271 0.006736
0 0.467294 0.755358 0.004088 0.005511
0 0.481603 0.755358 0.004906 0.006736
0 0.480785 0.780465 0.004906 0.005511
0 0.466476 0.781384 0.004088 0.006124
0 0.424775 0.780772 0.004088 0.006124
0 0.476697 0.716167 0.003271 0.005511
0 0.386345 0.702082 0.007359 0.001837
0 0.373262 0.725352 0.007359 0.003062
0 0.315617 0.587569 0.009812 0.003062
0 0.314800 0.597673 0.008177 0.003674
0 0.333197 0.571647 0.004088 0.006736
0 0.327065 0.571035 0.004906 0.006736
0 0.094849 0.844458 0.009812 0.007348
0 0.272690 0.725352 0.010630 0.004287
0 0.103843 0.706981 0.008177 0.003062
0 0.095258 0.703613 0.008994 0.003674
0 0.095258 0.706981 0.007359 0.003062
0 0.104661 0.703919 0.008177 0.003062
0 0.105887 0.697489 0.007359 0.003674
0 0.472200 0.715554 0.004088 0.006736
0 0.507359 0.716779 0.004088 0.005511
0 0.453802 0.403552 0.006541 0.006124
0 0.389616 0.517759 0.008994 0.004287
0 0.412510 0.392529 0.007359 0.006124
0 0.374080 0.436926 0.007359 0.006736
0 0.385936 0.454991 0.008177 0.008573
0 0.401063 0.477342 0.007359 0.006736
0 0.383074 0.481017 0.007359 0.005511
0 0.334832 0.488977 0.007359 0.003062
0 0.374489 0.497551 0.006541 0.003062
0 0.484056 0.517759 0.008177 0.003062
0 0.474652 0.506430 0.008994 0.003674
0 0.461979 0.506124 0.008177 0.003062
0 0.450123 0.505818 0.005724 0.002449
0 0.440311 0.518983 0.007359 0.003062
0 0.417416 0.523270 0.008994 0.003062
0 0.356092 0.520208 0.008994 0.003062
0 0.481194 0.715248 0.004088 0.007348
0 0.363859 0.525107 0.008177 0.003062
0 0.320523 0.860073 0.008177 0.003062
0 0.509403 0.850276 0.004906 0.007961
0 0.375715 0.665646 0.004088 0.007348
0 0.442764 0.700245 0.004088 0.006736
0 0.447670 0.700551 0.004088 0.006124
0 0.453393 0.701776 0.004088 0.006124
0 0.457482 0.701164 0.004088 0.004899
0 0.461979 0.701164 0.003271 0.004899
0 0.466067 0.701776 0.003271 0.004899
0 0.477105 0.701776 0.004088 0.006124
0 0.484873 0.701776 0.003271 0.006124
0 0.495503 0.702388 0.003271 0.004899
0 0.575225 0.516228 0.008994 0.002449
0 0.586263 0.520514 0.008177 0.002449
0 0.593213 0.525107 0.008994 0.003062
0 0.587490 0.951010 0.007359 0.007348
0 0.617743 0.963258 0.007359 0.004899
0 0.613246 0.964176 0.006541 0.005511
0 0.609158 0.965401 0.006541 0.005511
0 0.605887 0.967238 0.006541 0.005511
0 0.601390 0.968769 0.007359 0.006124
0 0.595666 0.954685 0.007359 0.006124
0 0.599755 0.953766 0.007359 0.006736
0 0.603025 0.951623 0.007359 0.006124
0 0.633279 0.938763 0.007359 0.006124
0 0.591578 0.957134 0.007359 0.006124
0 0.588307 0.959277 0.008994 0.006736
0 0.580540 0.955297 0.008177 0.007348
0 0.583810 0.953460 0.008177 0.006124
0 0.590760 0.949479 0.007359 0.006736
0 0.632461 0.955909 0.007359 0.006124
0 0.594849 0.947949 0.007359 0.007348
0 0.598937 0.946111 0.007359 0.006124
0 0.606705 0.950398 0.006541 0.006124
0 0.611202 0.949173 0.007359 0.006124
0 0.615290 0.947336 0.007359 0.006124
0 0.618561 0.945499 0.007359 0.006124
0 0.648814 0.931415 0.007359 0.007348
0 0.641455 0.934783 0.007359 0.005511
0 0.645544 0.933252 0.007359 0.006124
0 0.636958 0.936926 0.004906 0.006124
0 0.622649 0.943662 0.007359 0.006124
0 0.610793 0.941212 0.006541 0.006124
0 0.614473 0.939682 0.007359 0.006736
0 0.621832 0.961115 0.007359 0.006736
0 0.629599 0.958359 0.006541 0.006124
0 0.596893 0.520821 0.009812 0.003062
0 0.679477 0.944581 0.006541 0.006736
0 0.627146 0.967544 0.006541 0.006124
0 0.630826 0.966013 0.007359 0.006736
0 0.635323 0.964176 0.006541 0.006736
0 0.638594 0.962952 0.006541 0.006736
0 0.642273 0.960808 0.005724 0.006124
0 0.649223 0.957746 0.006541 0.006124
0 0.652903 0.955603 0.005724 0.005511
0 0.656582 0.954991 0.008177 0.006736
0 0.660262 0.952848 0.007359 0.006124
0 0.664350 0.951010 0.007359 0.006124
0 0.668029 0.949173 0.006541 0.006124
0 0.671300 0.947030 0.006541 0.005511
0 0.675388 0.946418 0.006541 0.005511
0 0.682747 0.942131 0.004906 0.005511
0 0.626329 0.959584 0.008177 0.006124
0 0.686836 0.940294 0.006541 0.005511
0 0.690106 0.939375 0.006541 0.006124
0 0.694603 0.937538 0.007359 0.006124
0 0.698283 0.935701 0.006541 0.006124
0 0.677841 0.935395 0.006541 0.005511
0 0.680703 0.933558 0.007359 0.005511
0 0.685200 0.932333 0.006541 0.006736
0 0.689289 0.930496 0.008177 0.006736
0 0.694195 0.928965 0.008177 0.006124
0 0.658626 0.943968 0.005724 0.005511
0 0.654538 0.946418 0.007359 0.006736
0 0.651267 0.947949 0.007359 0.006124
0 0.647588 0.950092 0.006541 0.005511
0 0.618970 0.937844 0.006541 0.006736
0 0.628782 0.933252 0.006541 0.006124
0 0.633688 0.931415 0.008177 0.006124
0 0.616517 0.871402 0.006541 0.003674
0 0.543745 0.973362 0.006541 0.005511
0 0.532706 0.932333 0.008994 0.007961
0 0.526165 0.925291 0.007359 0.006124
0 0.520442 0.917942 0.007359 0.007348
0 0.517580 0.909063 0.004906 0.006736
0 0.516353 0.901408 0.005724 0.006124
0 0.515127 0.894366 0.003271 0.005511
0 0.515536 0.883650 0.004088 0.007348
0 0.515127 0.876301 0.003271 0.006124
0 0.516353 0.868340 0.004088 0.006124
0 0.654538 0.887018 0.007359 0.005511
0 0.647179 0.883344 0.008994 0.005511
0 0.628782 0.875077 0.008177 0.004899
0 0.622649 0.841396 0.007359 0.003674
0 0.638185 0.929271 0.007359 0.005511
0 0.584628 0.862829 0.006541 0.003674
0 0.573590 0.860380 0.007359 0.003674
0 0.542518 0.856399 0.008994 0.003062
0 0.529436 0.856399 0.007359 0.003062
0 0.587081 0.782915 0.003271 0.005511
0 0.573590 0.783527 0.004088 0.006736
0 0.711774 0.764850 0.008994 0.007348
0 0.672935 0.669626 0.006541 0.005511
0 0.762469 0.577465 0.004088 0.006124
0 0.535159 0.547152 0.008994 0.006736
0 0.659035 0.555113 0.006541 0.006736
0 0.654947 0.546846 0.006541 0.006124
0 0.561325 0.515922 0.010630 0.003062
0 0.556419 0.982854 0.007359 0.006124
0 0.655356 0.905083 0.007359 0.006124
0 0.650450 0.906614 0.007359 0.005511
0 0.646361 0.907532 0.007359 0.006124
0 0.641047 0.927434 0.006541 0.005511
0 0.644317 0.925597 0.008177 0.006736
0 0.647997 0.924066 0.007359 0.006124
0 0.651676 0.922535 0.006541 0.005511
0 0.652085 0.930190 0.005724 0.006124
0 0.656173 0.928353 0.007359 0.006124
0 0.666803 0.922535 0.005724 0.005511
0 0.670482 0.921004 0.006541 0.006124
0 0.674571 0.919780 0.006541 0.007348
0 0.671300 0.914881 0.008177 0.006124
0 0.569910 0.942131 0.006541 0.006736
0 0.577269 0.938457 0.006541 0.005511
0 0.581357 0.936620 0.006541 0.005511
0 0.585854 0.935395 0.005724 0.005511
0 0.589125 0.933864 0.005724 0.006124
0 0.592805 0.931721 0.006541 0.005511
0 0.597302 0.930496 0.007359 0.006736
0 0.600572 0.928659 0.007359 0.006736
0 0.604661 0.927434 0.005724 0.006736
0 0.607522 0.925291 0.006541 0.006124
0 0.619379 0.919167 0.007359 0.004899
0 0.623058 0.917942 0.006541 0.006124
0 0.626738 0.916105 0.005724 0.006124
0 0.631235 0.914881 0.006541 0.006124
0 0.635323 0.913350 0.006541 0.005511
0 0.639002 0.911819 0.007359 0.006124
0 0.643091 0.909675 0.007359 0.006736
0 0.095666 0.697183 0.009812 0.003062
0 0.098528 0.684630 0.007359 0.003674
0 0.097711 0.687691 0.008994 0.002449
0 0.141455 0.517453 0.009812 0.003674
0 0.152085 0.481017 0.004906 0.006736
0 0.282911 0.493264 0.008177 0.003062
0 0.222404 0.497857 0.008177 0.002449
0 0.184791 0.497244 0.009812 0.003674
0 0.224448 0.510716 0.008994 0.002449
0 0.199509 0.511023 0.011447 0.003062
0 0.190924 0.514697 0.010630 0.003062
0 0.195421 0.501837 0.008177 0.003062
0 0.176206 0.502143 0.007359 0.002449
0 0.166803 0.503980 0.009812 0.006124
0 0.153720 0.509798 0.008177 0.003062
0 0.106296 0.516840 0.008177 0.003674
0 0.123058 0.509186 0.007359 0.003062
0 0.066231 0.515922 0.008177 0.003062
0 0.160670 0.488671 0.004088 0.004899
0 0.078904 0.525107 0.004088 0.005511
0 0.091578 0.516534 0.008177 0.003062
0 0.094849 0.512554 0.008177 0.002449
0 0.103025 0.508267 0.009812 0.002449
0 0.061733 0.507655 0.007359 0.002449
0 0.057236 0.511329 0.009812 0.003674
0 0.025348 0.510410 0.006541 0.003062
0 0.031889 0.514697 0.008177 0.003062
0 0.035159 0.507042 0.008177 0.002449
0 0.051104 0.497551 0.007359 0.003062
0 0.067048 0.494795 0.008177 0.004899
0 0.109567 0.491427 0.006541 0.003062
0 0.090760 0.486834 0.006541 0.002449
0 0.023712 0.474893 0.004906 0.005511
0 0.231807 0.516228 0.008994 0.002449
0 0.199918 0.573484 0.007359 0.001837
0 0.141047 0.528475 0.007359 0.006124
0 0.199918 0.567055 0.007359 0.002449
0 0.200736 0.563686 0.007359 0.003062
0 0.199918 0.560318 0.007359 0.002449
0 0.199918 0.556950 0.007359 0.003062
0 0.191333 0.557257 0.006541 0.002449
0 0.274734 0.498163 0.008177 0.003062
0 0.208913 0.543478 0.007359 0.003062
0 0.203598 0.541947 0.003271 0.004899
0 0.199101 0.542560 0.004088 0.007348
0 0.195421 0.542560 0.003271 0.006124
0 0.191333 0.541641 0.003271 0.005511
0 0.186836 0.541641 0.004088 0.005511
0 0.181521 0.541947 0.003271 0.004899
0 0.085037 0.552358 0.006541 0.002449
0 0.262469 0.515922 0.006541 0.003062
0 0.084628 0.569810 0.008994 0.003062
0 0.086263 0.559706 0.007359 0.002449
0 0.050695 0.563686 0.004906 0.006736
0 0.046607 0.563074 0.004906 0.006736
0 0.037612 0.562768 0.003271 0.006124
0 0.042110 0.563380 0.004088 0.006124
0 0.029027 0.562462 0.004088 0.005511
0 0.059689 0.549908 0.004906 0.006124
0 0.041292 0.548683 0.004088 0.006124
0 0.037204 0.544703 0.004088 0.005511
0 0.024121 0.548377 0.004088 0.005511
0 0.295176 0.522045 0.009812 0.003062
0 0.274734 0.510716 0.008177 0.003674
0 0.031889 0.496938 0.008177 0.003062
0 0.141047 0.462339 0.007359 0.002449
0 0.141864 0.458971 0.007359 0.003062
0 0.259608 0.152174 0.007359 0.006736
0 0.210957 0.287508 0.008177 0.004287
0 0.189697 0.268830 0.008177 0.004899
0 0.184383 0.266075 0.008994 0.005511
0 0.197874 0.259951 0.008177 0.004287
0 0.179477 0.261176 0.007359 0.003062
0 0.259199 0.199326 0.011447 0.009186
0 0.247343 0.176669 0.007359 0.005511
0 0.076451 0.164115 0.007359 0.006124
0 0.073181 0.162278 0.007359 0.006124
0 0.068684 0.160441 0.006541 0.006124
0 0.045789 0.165952 0.006541 0.007348
0 0.033933 0.161359 0.005724 0.006736
0 0.029027 0.159829 0.007359 0.006124
0 0.210957 0.131047 0.008177 0.007348
0 0.141864 0.455909 0.007359 0.003062
0 0.182339 0.146969 0.006541 0.007348
0 0.169665 0.047765 0.007359 0.006124
0 0.109158 0.005205 0.008994 0.006736
0 0.121423 0.018371 0.007359 0.007348
0 0.033524 0.045928 0.009812 0.006124
1 0.372036 0.568585 0.013083 0.023882
1 0.365086 0.829455 0.020442 0.005511
1 0.684383 0.300980 0.035977 0.009186
1 0.723630 0.725046 0.022895 0.024495
1 0.630008 0.672076 0.022077 0.022658
1 0.435405 0.429884 0.025348 0.025720
1 0.278823 0.166258 0.024530 0.025107
0 0.169256 0.290570 0.006541 0.004287
0 0.186427 0.314146 0.004906 0.006124
0 0.142682 0.299449 0.004088 0.006124
0 0.126329 0.300674 0.004088 0.006124
0 0.141455 0.452541 0.009812 0.002449
0 0.141864 0.449479 0.007359 0.002449
0 0.141864 0.445805 0.008994 0.003674
0 0.142273 0.442743 0.008177 0.002449
0 0.138185 0.402327 0.004906 0.007348
0 0.124693 0.444887 0.007359 0.003062
0 0.124285 0.438763 0.008177 0.003062
0 0.125102 0.432333 0.008177 0.002449
0 0.124693 0.428353 0.007359 0.003062
0 0.142273 0.439988 0.008177 0.003062
0 0.143091 0.429577 0.008177 0.003062
0 0.142682 0.426516 0.010630 0.003062
0 0.123876 0.424985 0.008994 0.003674
0 0.164759 0.359767 0.007359 0.003062
0 0.163532 0.356399 0.008177 0.003674
0 0.026983 0.338641 0.008177 0.006124
0 0.039657 0.329761 0.007359 0.005511
0 0.042110 0.327006 0.007359 0.004899
0 0.049877 0.293325 0.009812 0.003674
0 0.050286 0.289957 0.008994 0.003062
0 0.030253 0.310472 0.008177 0.003674
0 0.030662 0.306491 0.007359 0.004287
0 0.029845 0.302817 0.007359 0.004287
0 0.031889 0.291488 0.008177 0.004899
0 0.031480 0.287814 0.007359 0.003674
0 0.040065 0.270667 0.006541 0.002449
0 0.041701 0.283527 0.003271 0.004899
0 0.200736 0.570116 0.008994 0.002449
0 0.199918 0.576240 0.007359 0.002449
0 0.125102 0.680955 0.008177 0.002449
0 0.220360 0.650337 0.007359 0.002449
0 0.218724 0.672994 0.008994 0.002449
0 0.227719 0.669933 0.007359 0.003674
0 0.191742 0.665646 0.008994 0.003674
0 0.197465 0.672688 0.007359 0.003062
0 0.199101 0.663503 0.008994 0.003062
0 0.190515 0.658604 0.008177 0.003062
0 0.199101 0.653092 0.008994 0.003062
0 0.224039 0.706369 0.008177 0.003062
0 0.224039 0.709737 0.008177 0.002449
0 0.243254 0.708206 0.007359 0.003062
0 0.244481 0.699326 0.008177 0.002449
0 0.216680 0.659829 0.006541 0.003062
0 0.225266 0.656461 0.008994 0.002449
0 0.283729 0.710043 0.008177 0.003062
0 0.225675 0.683099 0.008177 0.003062
0 0.284955 0.703613 0.007359 0.002449
0 0.277187 0.700551 0.008177 0.003674
0 0.257155 0.703613 0.007359 0.002449
0 0.243663 0.703307 0.008177 0.003062
0 0.244890 0.680037 0.007359 0.003062
0 0.226083 0.662890 0.008994 0.003062
0 0.333197 0.674525 0.008994 0.003062
0 0.358953 0.688610 0.008177 0.003062
0 0.304170 0.710961 0.009812 0.003674
0 0.312347 0.704838 0.009812 0.003674
0 0.313573 0.701470 0.007359 0.003062
0 0.304579 0.694427 0.008994 0.003674
0 0.276370 0.690447 0.006541 0.003062
0 0.224857 0.679424 0.008177 0.003062
0 0.225266 0.689528 0.007359 0.003674
0 0.199101 0.580527 0.008994 0.002449
0 0.198692 0.689528 0.008177 0.002449
0 0.125511 0.671464 0.008994 0.003062
0 0.136549 0.672382 0.008177 0.003674
0 0.157400 0.661972 0.008994 0.002449
0 0.136958 0.678812 0.008994 0.003062
0 0.157400 0.678812 0.008994 0.003062
0 0.171300 0.672382 0.008994 0.003674
0 0.169665 0.669320 0.007359 0.002449
0 0.170482 0.665952 0.008994 0.003062
0 0.316435 0.620637 0.006541 0.006736
0 0.320932 0.621249 0.005724 0.006736
0 0.304170 0.674219 0.008177 0.002449
0 0.197874 0.679118 0.009812 0.003674
0 0.190106 0.689222 0.007359 0.003062
0 0.157400 0.695040 0.008994 0.002449
0 0.224039 0.702694 0.008177 0.003062
0 0.156173 0.708206 0.006541 0.003062
0 0.168438 0.708512 0.009812 0.003674
0 0.188062 0.708512 0.008177 0.002449
0 0.216271 0.698714 0.007359 0.003674
0 0.224039 0.699020 0.006541 0.003062
0 0.224857 0.695958 0.008177 0.003062
0 0.198283 0.695346 0.008994 0.003062
0 0.197465 0.698714 0.008994 0.002449
0 0.197874 0.702694 0.008177 0.001837
0 0.197056 0.708512 0.008177 0.002449
0 0.215863 0.709124 0.008177 0.002449
0 0.215454 0.706369 0.007359 0.003062
0 0.215045 0.702388 0.008177 0.003674
0 0.276778 0.687079 0.007359 0.002449
0 0.305805 0.670851 0.008177 0.003062
0 0.257155 0.686773 0.007359 0.003062
0 0.191333 0.620024 0.008177 0.003062
0 0.218724 0.636558 0.008994 0.003062
0 0.227310 0.637477 0.008177 0.002449
0 0.226083 0.633497 0.007359 0.003062
0 0.226492 0.630435 0.008177 0.003062
0 0.226901 0.624005 0.007359 0.002449
0 0.228536 0.617269 0.007359 0.002449
0 0.219542 0.614513 0.008994 0.003062
0 0.193377 0.610227 0.008994 0.003062
0 0.218724 0.611145 0.008994 0.002449
0 0.220769 0.607471 0.008177 0.002449
0 0.199101 0.636558 0.008994 0.003062
0 0.199509 0.632884 0.008177 0.001837
0 0.172118 0.626148 0.008994 0.003062
0 0.199509 0.613595 0.009812 0.002449
0 0.256337 0.683711 0.007359 0.003062
0 0.200327 0.606859 0.008177 0.002449
0 0.297629 0.595836 0.004906 0.007348
0 0.220360 0.573484 0.007359 0.003062
0 0.219542 0.570423 0.008994 0.003062
0 0.219951 0.567055 0.008177 0.002449
0 0.219542 0.563380 0.007359 0.002449
0 0.190515 0.567055 0.008177 0.003674
0 0.190924 0.570116 0.008994 0.002449
0 0.192150 0.573178 0.008177 0.003674
0 0.191333 0.576546 0.008177 0.003062
0 0.189697 0.579302 0.008177 0.002449
0 0.190924 0.583282 0.007359 0.003062
0 0.199509 0.583588 0.006541 0.002449
0 0.246934 0.611758 0.008177 0.003674
0 0.246116 0.617269 0.006541 0.002449
0 0.246934 0.637171 0.008177 0.003062
0 0.260016 0.637171 0.008177 0.003062
0 0.244890 0.670239 0.007359 0.001837
0 0.245298 0.667177 0.008177 0.003062
0 0.245707 0.662890 0.007359 0.003062
0 0.246116 0.660441 0.008177 0.003062
0 0.277187 0.673913 0.008177 0.003062
0 0.286182 0.684323 0.008177 0.003062
0 0.285773 0.674525 0.007359 0.003062
0 0.277596 0.670545 0.007359 0.002449
0 0.277187 0.667177 0.006541 0.001837
0 0.245298 0.653705 0.009812 0.003062
0 0.279231 0.631047 0.008994 0.003062
0 0.123876 0.665034 0.008994 0.002449
0 0.278005 0.657685 0.006541 0.002449
0 0.103843 0.678200 0.009812 0.003062
0 0.104252 0.671157 0.008994 0.003674
0 0.076860 0.660747 0.009812 0.003674
0 0.047424 0.683405 0.008177 0.003674
0 0.055192 0.663197 0.008994 0.006124
0 0.226901 0.646969 0.007359 0.001837
0 0.226492 0.643907 0.009812 0.003062
0 0.278414 0.644519 0.008994 0.003062
0 0.259608 0.644519 0.008994 0.003062
0 0.245298 0.643601 0.008177 0.003674
0 0.040065 0.646969 0.009812 0.003062
0 0.047016 0.650031 0.008994 0.003062
0 0.048242 0.643907 0.009812 0.003062
0 0.260016 0.627679 0.006541 0.002449
0 0.623876 0.969382 0.006541 0.006124
0 0.616108 0.973056 0.007359 0.006124
0 0.954211 0.033680 0.004906 0.007348
0 0.861406 0.745254 0.007359 0.008573
0 0.865904 0.712186 0.006541 0.002449
0 0.865086 0.709124 0.008177 0.003674
0 0.864268 0.705450 0.006541 0.002449
0 0.863451 0.698714 0.006541 0.002449
0 0.863859 0.695652 0.007359 0.003674
0 0.863451 0.692897 0.008177 0.003062
0 0.862633 0.689222 0.008177 0.003062
0 0.862633 0.686160 0.008177 0.003062
0 0.862224 0.682792 0.008994 0.002449
0 0.863042 0.679424 0.008994 0.003062
0 0.862224 0.676056 0.008994 0.002449
0 0.862224 0.673607 0.008994 0.002449
0 0.854865 0.735456 0.010630 0.004899
0 0.861406 0.750459 0.010630 0.004287
0 0.867539 0.718616 0.006541 0.003062
0 0.863451 0.755052 0.009812 0.004899
0 0.865086 0.759645 0.009812 0.004287
0 0.867948 0.763625 0.010630 0.003674
0 0.870809 0.767912 0.009812 0.004899
0 0.874489 0.772811 0.012265 0.006124
0 0.877760 0.777710 0.010630 0.006124
0 0.854456 0.730863 0.009812 0.005511
0 0.853230 0.726883 0.010630 0.006124
0 0.852412 0.722596 0.010630 0.006124
0 0.847915 0.709124 0.011447 0.007348
0 0.847506 0.704532 0.010630 0.006736
0 0.836059 0.689528 0.008994 0.003674
0 0.836877 0.696877 0.008994 0.003674
0 0.866721 0.715860 0.006541 0.002449
0 0.869583 0.722290 0.008994 0.003062
0 0.838512 0.706675 0.008994 0.002449
0 0.928863 0.796693 0.006541 0.007348
0 0.960343 0.794244 0.007359 0.003674
0 0.946852 0.793938 0.006541 0.007961
0 0.952984 0.804348 0.007359 0.006736
0 0.955029 0.808022 0.006541 0.005511
0 0.957890 0.811696 0.007359 0.005511
0 0.963614 0.819045 0.008994 0.004287
0 0.970155 0.825781 0.008994 0.004287
0 0.912919 0.800367 0.007359 0.004899
0 0.910057 0.796999 0.008177 0.005511
0 0.892478 0.774036 0.008994 0.004899
0 0.903107 0.788732 0.007359 0.004899
0 0.923957 0.815677 0.008177 0.007348
0 0.922322 0.812615 0.009812 0.006124
0 0.901063 0.785671 0.008177 0.004899
0 0.869174 0.725964 0.008177 0.003062
0 0.898201 0.782303 0.007359 0.004287
0 0.895748 0.779853 0.008994 0.005511
0 0.887980 0.766993 0.008177 0.005511
0 0.887163 0.764238 0.008177 0.004899
0 0.884710 0.760563 0.008177 0.003674
0 0.881030 0.755052 0.007359 0.003674
0 0.878168 0.748316 0.008177 0.003674
0 0.876124 0.745254 0.007359 0.003674
0 0.875307 0.741580 0.007359 0.003674
0 0.873671 0.738518 0.008994 0.003674
0 0.872445 0.735456 0.008177 0.003674
0 0.871218 0.732088 0.007359 0.003062
0 0.869992 0.729026 0.008177 0.003062
0 0.837285 0.703307 0.008177 0.003062
0 0.838512 0.710349 0.008994 0.003674
0 0.612837 0.974893 0.007359 0.006124
0 0.870809 0.812921 0.006541 0.004287
0 0.925593 0.841396 0.006541 0.006124
0 0.921913 0.842927 0.007359 0.006736
0 0.919052 0.845070 0.006541 0.006124
0 0.914963 0.846295 0.006541 0.006124
0 0.910875 0.847520 0.006541 0.006124
0 0.907195 0.849357 0.005724 0.004899
0 0.788635 0.821494 0.007359 0.006736
0 0.772281 0.795468 0.007359 0.006124
0 0.899428 0.848745 0.008177 0.004899
0 0.897383 0.844764 0.010630 0.005511
0 0.891660 0.839865 0.007359 0.005511
0 0.889207 0.837416 0.007359 0.004287
0 0.877351 0.823025 0.009812 0.006124
0 0.867948 0.810472 0.007359 0.004287
0 0.915781 0.826699 0.004906 0.007348
0 0.866721 0.807103 0.008177 0.004899
0 0.864268 0.801898 0.006541 0.004287
0 0.851186 0.789039 0.009812 0.005511
0 0.847097 0.782303 0.008177 0.005511
0 0.836877 0.768524 0.008994 0.003674
0 0.832788 0.752603 0.008994 0.003674
0 0.833197 0.748010 0.008177 0.004287
0 0.831153 0.743723 0.008994 0.004287
0 0.829518 0.740049 0.008994 0.004287
0 0.828700 0.737600 0.008994 0.004287
0 0.828291 0.734231 0.009812 0.003674
0 0.827065 0.730863 0.008994 0.004287
0 0.825838 0.727495 0.009812 0.003674
0 0.935814 0.838028 0.004088 0.007961
0 0.905969 0.832211 0.008177 0.003674
0 0.838921 0.714942 0.008177 0.003062
0 0.867539 0.781996 0.009812 0.006124
0 0.840147 0.720453 0.008994 0.004287
0 0.840147 0.723515 0.008994 0.004287
0 0.842191 0.726883 0.008177 0.003674
0 0.842600 0.729945 0.007359 0.002449
0 0.843827 0.733007 0.009812 0.003674
0 0.841374 0.744336 0.009812 0.004287
0 0.847097 0.747091 0.009812 0.006124
0 0.849550 0.750153 0.006541 0.003674
0 0.851594 0.752603 0.008994 0.004899
0 0.854047 0.755971 0.007359 0.004287
0 0.860998 0.770667 0.008177 0.004287
0 0.862224 0.774648 0.008994 0.004899
0 0.864677 0.778016 0.008994 0.005511
0 0.870401 0.786589 0.008994 0.005511
0 0.905151 0.828843 0.008177 0.005511
0 0.880213 0.782609 0.010630 0.004899
0 0.887163 0.791182 0.008177 0.007348
0 0.875307 0.793938 0.008994 0.005511
0 0.878577 0.797612 0.008994 0.005511
0 0.896157 0.802205 0.008177 0.007348
0 0.885936 0.804960 0.007359 0.005511
0 0.888389 0.811696 0.007359 0.004287
0 0.899428 0.808022 0.009812 0.005511
0 0.903925 0.813227 0.010630 0.004899
0 0.906787 0.818432 0.011447 0.005511
0 0.896566 0.819963 0.007359 0.004899
0 0.899019 0.823331 0.007359 0.005511
0 0.901472 0.826087 0.007359 0.004899
0 0.965249 0.800061 0.007359 0.004287
0 0.966885 0.802511 0.007359 0.004287
0 0.969338 0.805573 0.007359 0.005511
0 0.955437 0.694734 0.008994 0.003062
0 0.965249 0.736069 0.010630 0.003674
0 0.963614 0.733619 0.007359 0.003674
0 0.962796 0.729945 0.007359 0.002449
0 0.960752 0.723821 0.009812 0.004899
0 0.960752 0.727189 0.006541 0.003062
0 0.959935 0.720147 0.006541 0.003674
0 0.959117 0.717085 0.006541 0.002449
0 0.959117 0.714329 0.008177 0.003062
0 0.957482 0.710349 0.009812 0.002449
0 0.957482 0.707287 0.008177 0.002449
0 0.956664 0.703919 0.006541 0.003062
0 0.956255 0.700551 0.005724 0.003674
0 0.956255 0.697183 0.007359 0.003062
0 0.955846 0.691059 0.008177 0.003062
0 0.966476 0.742498 0.008177 0.004287
0 0.955846 0.688610 0.008177 0.003062
0 0.955846 0.684936 0.008177 0.003062
0 0.956255 0.681568 0.007359 0.002449
0 0.934996 0.673913 0.007359 0.003062
0 0.954620 0.678506 0.007359 0.002449
0 0.978741 0.664727 0.004906 0.005511
0 0.974244 0.665646 0.004088 0.006124
0 0.971791 0.778934 0.007359 0.004899
0 0.969747 0.775260 0.008177 0.004899
0 0.968520 0.772505 0.007359 0.004287
0 0.966476 0.769749 0.008177 0.004899
0 0.964432 0.766075 0.007359 0.004899
0 0.962796 0.763319 0.008994 0.004287
0 0.966476 0.739130 0.009812 0.003674
0 0.967702 0.746173 0.008994 0.005511
0 0.971791 0.808022 0.007359 0.005511
0 0.541701 0.200857 0.005724 0.007348
0 0.816026 0.276179 0.011447 0.008573
0 0.568275 0.757195 0.004906 0.007961
0 0.558872 0.756583 0.005724 0.006736
0 0.036795 0.833742 0.008177 0.006736
0 0.065413 0.846295 0.009812 0.004899
0 0.257155 0.657685 0.010630 0.002449
0 0.531889 0.713105 0.007359 0.007961
0 0.353230 0.574097 0.004906 0.007961
0 0.132461 0.477342 0.004906 0.006736
0 0.140229 0.471219 0.012265 0.003062
0 0.122240 0.469688 0.004088 0.006124
0 0.118152 0.476424 0.005724 0.006124
0 0.130008 0.452541 0.006541 0.008573
0 0.492641 0.199939 0.004088 0.006736
0 0.968520 0.749541 0.007359 0.003674
0 0.481194 0.201164 0.005724 0.005511
0 0.486100 0.199939 0.004088 0.005511
0 0.977923 0.723209 0.003271 0.006124
0 0.976697 0.717085 0.004088 0.006124
0 0.972200 0.711880 0.003271 0.006736
0 0.970973 0.704532 0.004088 0.005511
0 0.975061 0.691366 0.004088 0.006124
0 0.975470 0.699326 0.003271 0.006124
0 0.971382 0.697795 0.003271 0.007961
0 0.970973 0.689835 0.004088 0.005511
1 0.976697 0.709430 0.005724 0.010410
0 0.971791 0.758420 0.010630 0.004287
0 0.969747 0.752296 0.008177 0.003062
0 0.960752 0.759032 0.008177 0.004287
0 0.959526 0.756277 0.007359 0.003674
0 0.957482 0.752909 0.008177 0.003062
0 0.941537 0.759032 0.008994 0.004287
0 0.927637 0.712186 0.007359 0.003674
0 0.928863 0.715248 0.008177 0.002449
0 0.928863 0.718310 0.008177 0.003674
0 0.929681 0.722290 0.008177 0.004287
0 0.930499 0.725352 0.008177 0.003062
0 0.931725 0.729026 0.008994 0.003062
0 0.932134 0.732394 0.008177 0.003674
0 0.932952 0.736069 0.008177 0.003674
0 0.934178 0.739437 0.007359 0.004287
0 0.936631 0.745867 0.008994 0.003674
0 0.937040 0.749235 0.006541 0.004287
0 0.939084 0.752603 0.008994 0.004899
0 0.939902 0.755358 0.007359 0.004287
0 0.943581 0.762400 0.008177 0.004899
0 0.951758 0.752296 0.004906 0.005511
0 0.945217 0.765156 0.008177 0.004287
0 0.946034 0.768524 0.008177 0.004899
0 0.949305 0.774954 0.008177 0.004287
0 0.950940 0.778016 0.008177 0.004287
0 0.953393 0.781078 0.008177 0.004287
0 0.955029 0.785058 0.008177 0.004899
0 0.970564 0.787508 0.006541 0.006124
0 0.975061 0.793325 0.005724 0.006736
0 0.956255 0.787814 0.007359 0.003062
0 0.926002 0.789651 0.005724 0.005511
0 0.936222 0.804348 0.006541 0.005511
0 0.958708 0.789957 0.007359 0.003674
0 0.966067 0.810165 0.007359 0.007348
0 0.927228 0.708206 0.008177 0.003062
0 0.926410 0.704532 0.008177 0.003062
0 0.926002 0.701164 0.007359 0.002449
0 0.926002 0.698408 0.007359 0.003062
1 0.886754 0.713105 0.005724 0.011635
0 0.957073 0.749847 0.007359 0.004287
0 0.955437 0.745867 0.008994 0.003674
0 0.953393 0.743723 0.008177 0.004287
0 0.952984 0.739437 0.007359 0.003062
0 0.951758 0.736375 0.008177 0.004287
0 0.946443 0.739437 0.005724 0.005511
0 0.941946 0.725964 0.004906 0.005511
0 0.949305 0.725964 0.008177 0.003062
0 0.948487 0.722596 0.008177 0.003674
0 0.946852 0.718922 0.008177 0.003674
0 0.946852 0.715860 0.008177 0.003674
0 0.946034 0.712492 0.008177 0.003062
0 0.945217 0.709430 0.008177 0.003062
0 0.945626 0.705756 0.008994 0.003062
0 0.944808 0.702388 0.007359 0.003674
0 0.937858 0.703919 0.004906 0.006736
0 0.943581 0.698102 0.008177 0.002449
0 0.944399 0.695346 0.008177 0.003062
0 0.943990 0.691059 0.007359 0.003062
0 0.943990 0.684936 0.007359 0.003062
0 0.934587 0.678200 0.008177 0.003062
0 0.943990 0.681874 0.008994 0.003062
0 0.925184 0.684936 0.008994 0.003062
0 0.926002 0.687998 0.008994 0.003062
0 0.925593 0.691366 0.008177 0.003674
0 0.925593 0.694427 0.008177 0.003674
0 0.824612 0.724434 0.007359 0.002449
0 0.823794 0.721372 0.008994 0.003674
0 0.823794 0.718310 0.010630 0.004899
0 0.793540 0.267606 0.012265 0.008573
0 0.865904 0.370484 0.008177 0.002449
0 0.875715 0.319963 0.003271 0.004287
0 0.886345 0.267299 0.008177 0.006736
0 0.879804 0.266687 0.008177 0.006736
0 0.813982 0.331598 0.007359 0.005511
0 0.816435 0.328843 0.008994 0.006124
0 0.822976 0.325475 0.007359 0.005511
0 0.830335 0.321494 0.007359 0.006124
0 0.790679 0.314146 0.008177 0.006124
0 0.799264 0.321494 0.008994 0.006124
0 0.815209 0.316901 0.008177 0.006736
0 0.822567 0.311696 0.008177 0.004899
0 0.788635 0.271586 0.007359 0.006736
0 0.863451 0.379976 0.008177 0.003062
0 0.784137 0.274036 0.008177 0.005511
0 0.763696 0.291182 0.008177 0.006736
0 0.766149 0.288732 0.009812 0.007961
0 0.782093 0.276179 0.007359 0.006124
0 0.771055 0.137171 0.004906 0.006124
0 0.773099 0.104715 0.005724 0.008573
0 0.748160 0.990202 0.006541 0.004899
0 0.745298 0.991427 0.007359 0.004899
0 0.724857 0.992345 0.007359 0.005511
0 0.732625 0.988977 0.006541 0.006124
0 0.737122 0.988059 0.007359 0.005511
0 0.739575 0.985303 0.008994 0.007348
0 0.688471 0.991121 0.003271 0.005511
0 0.864677 0.373546 0.008994 0.002449
0 0.865086 0.383344 0.009812 0.003674
0 0.820114 0.647887 0.009812 0.002449
0 0.793949 0.578690 0.004906 0.007348
0 0.819706 0.638702 0.010630 0.003674
0 0.820114 0.634109 0.011447 0.003062
0 0.820114 0.629516 0.013083 0.003674
0 0.850777 0.590018 0.007359 0.003062
0 0.849550 0.586038 0.008177 0.002449
0 0.807850 0.578690 0.003271 0.006124
0 0.814800 0.578996 0.004088 0.007961
0 0.822976 0.579608 0.004088 0.006736
0 0.813573 0.556338 0.003271 0.006736
0 0.794767 0.559400 0.008177 0.003062
0 0.783320 0.565217 0.004906 0.008573
0 0.800082 0.565217 0.005724 0.007348
0 0.791905 0.564911 0.005724 0.007961
0 0.784955 0.579302 0.004906 0.007348
0 0.864677 0.386099 0.008994 0.003062
1 0.742437 0.756889 0.014718 0.012247
0 0.820114 0.900184 0.009812 0.007348
0 0.876124 0.923148 0.008994 0.006736
0 0.896566 0.955297 0.008994 0.007348
0 0.867948 0.527557 0.008994 0.003062
0 0.916190 0.506124 0.007359 0.003062
0 0.892478 0.493264 0.005724 0.006736
0 0.890025 0.484385 0.010630 0.006124
0 0.982829 0.466320 0.008177 0.003062
0 0.956664 0.461115 0.009812 0.003674
0 0.863859 0.445499 0.008994 0.003062
0 0.864268 0.441825 0.008177 0.003062
0 0.912101 0.327312 0.005724 0.006736
0 0.692150 0.988977 0.005724 0.004899
0 0.696239 0.987446 0.005724 0.005511
0 0.699509 0.986528 0.005724 0.004899
0 0.634505 0.989896 0.006541 0.006736
0 0.679477 0.969075 0.006541 0.006736
0 0.675388 0.970300 0.006541 0.005511
0 0.670891 0.965401 0.007359 0.005511
0 0.667212 0.966320 0.006541 0.004899
0 0.668029 0.974587 0.006541 0.005511
0 0.663532 0.969075 0.007359 0.006736
0 0.659853 0.970912 0.006541 0.005511
0 0.663941 0.976424 0.008177 0.005511
0 0.656582 0.979486 0.008177 0.006736
0 0.653312 0.981629 0.006541 0.006124
0 0.649223 0.982854 0.006541 0.006124
0 0.645544 0.984691 0.007359 0.007348
0 0.638185 0.987753 0.007359 0.006124
0 0.631235 0.991121 0.008177 0.006736
0 0.702780 0.984078 0.007359 0.006124
0 0.636958 0.980710 0.006541 0.005511
0 0.651676 0.973974 0.008177 0.005511
0 0.647997 0.975811 0.007359 0.005511
0 0.645135 0.977648 0.006541 0.005511
0 0.640638 0.979179 0.007359 0.006124
0 0.632870 0.982547 0.006541 0.005511
0 0.629191 0.984078 0.007359 0.006124
0 0.625511 0.985915 0.006541 0.004899
0 0.622240 0.987140 0.006541 0.004899
0 0.617743 0.988365 0.005724 0.004899
0 0.611202 0.991733 0.007359 0.005511
0 0.614473 0.990508 0.007359 0.005511
0 0.609158 0.976730 0.006541 0.006124
0 0.674571 0.963870 0.006541 0.006124
0 0.677433 0.961727 0.007359 0.006736
0 0.681930 0.960502 0.006541 0.006736
0 0.686427 0.958971 0.007359 0.006124
0 0.707686 0.983772 0.007359 0.004287
0 0.711365 0.981935 0.006541 0.005511
0 0.722404 0.977342 0.007359 0.006124
0 0.726083 0.974893 0.008177 0.006124
0 0.667621 0.992652 0.007359 0.007348
0 0.675797 0.988977 0.007359 0.006124
0 0.678250 0.987140 0.007359 0.006124
0 0.683156 0.984385 0.007359 0.006736
0 0.687244 0.983160 0.007359 0.005511
0 0.690515 0.980710 0.005724 0.005511
0 0.694195 0.979486 0.008177 0.006736
0 0.701554 0.976118 0.006541 0.006124
0 0.709321 0.972750 0.005724 0.005511
0 0.724039 0.965707 0.007359 0.004899
0 0.682747 0.967238 0.006541 0.006736
0 0.686836 0.966013 0.006541 0.005511
0 0.690106 0.963564 0.006541 0.005511
0 0.693786 0.962033 0.007359 0.007348
0 0.700327 0.958359 0.005724 0.006124
0 0.705233 0.957134 0.007359 0.006124
0 0.712183 0.953154 0.006541 0.005511
0 0.711365 0.946724 0.008177 0.006124
0 0.708504 0.948867 0.005724 0.005511
0 0.700736 0.951623 0.006541 0.006124
0 0.697056 0.952848 0.007359 0.006124
0 0.692968 0.954991 0.007359 0.006736
0 0.688471 0.956522 0.004906 0.004899
0 0.819297 0.643295 0.009812 0.003062
0 0.821341 0.654011 0.008994 0.002449
0 0.822567 0.714636 0.008177 0.003674
0 0.818479 0.677587 0.008177 0.004287
0 0.934996 0.618800 0.008994 0.003062
0 0.908831 0.623699 0.007359 0.006736
0 0.908831 0.631047 0.008994 0.006736
0 0.908422 0.638396 0.009812 0.006736
0 0.906378 0.645744 0.004088 0.006736
1 0.881030 0.712186 0.004088 0.004899
1 0.880621 0.689222 0.004906 0.007961
1 0.881030 0.670545 0.005724 0.013472
0 0.861815 0.661666 0.009812 0.006736
0 0.861406 0.667483 0.008994 0.004899
0 0.845053 0.668708 0.008994 0.003674
0 0.836468 0.669014 0.008177 0.003062
0 0.818479 0.685548 0.008177 0.003062
0 0.818888 0.673913 0.008994 0.005511
1 0.935814 0.625536 0.008994 0.004287
0 0.817661 0.665646 0.006541 0.002449
0 0.817661 0.661666 0.008177 0.003062
0 0.822159 0.658298 0.007359 0.002449
0 0.846280 0.660747 0.008177 0.002449
0 0.852412 0.665952 0.004088 0.007961
0 0.881848 0.649724 0.007359 0.007348
0 0.881848 0.640845 0.005724 0.006736
0 0.882257 0.630741 0.006541 0.007348
0 0.862224 0.654623 0.008994 0.002449
0 0.863042 0.651562 0.008994 0.002449
0 0.862633 0.647887 0.009812 0.002449
0 0.863042 0.645132 0.008994 0.003062
0 0.863042 0.641764 0.008994 0.002449
0 0.934996 0.622168 0.007359 0.002449
0 0.935814 0.629822 0.007359 0.003062
0 0.847506 0.637171 0.008994 0.001837
0 0.969747 0.646356 0.008177 0.003062
0 0.821341 0.711574 0.008994 0.003674
0 0.821750 0.708206 0.008177 0.003062
0 0.820932 0.705450 0.008177 0.003674
0 0.820114 0.695652 0.008177 0.003674
0 0.819297 0.692284 0.008177 0.003062
0 0.818888 0.689528 0.008994 0.002449
0 0.846688 0.699326 0.010630 0.006124
0 0.846280 0.694427 0.009812 0.004899
0 0.845871 0.690141 0.010630 0.006124
0 0.846688 0.686160 0.010630 0.006736
0 0.835650 0.683405 0.009812 0.003674
0 0.970973 0.635028 0.004088 0.006124
0 0.977923 0.653399 0.008177 0.004899
0 0.972200 0.627985 0.008177 0.005511
0 0.936222 0.634109 0.006541 0.003062
0 0.971791 0.624311 0.008994 0.005511
0 0.953393 0.627067 0.009812 0.003674
0 0.955437 0.621555 0.007359 0.002449
0 0.955437 0.617575 0.007359 0.003062
0 0.955029 0.614819 0.008177 0.003674
0 0.952576 0.647275 0.008177 0.003674
0 0.951349 0.650643 0.007359 0.003062
0 0.968520 0.665646 0.007359 0.006124
0 0.934178 0.651868 0.007359 0.003062
0 0.934587 0.647581 0.008177 0.003062
0 0.934178 0.644213 0.008994 0.002449
0 0.934587 0.640233 0.008177 0.003062
0 0.934587 0.637171 0.008177 0.003062
0 0.863451 0.638396 0.009812 0.003062
0 0.863042 0.635334 0.008994 0.003062
0 0.863042 0.631660 0.008994 0.003062
0 0.949305 0.566442 0.004906 0.007348
0 0.930908 0.574709 0.008994 0.003062
0 0.930499 0.571341 0.009812 0.003674
0 0.980785 0.547152 0.007359 0.005511
0 0.972608 0.546846 0.007359 0.004899
0 0.966067 0.546540 0.007359 0.005511
0 0.962796 0.560012 0.008994 0.005511
0 0.974244 0.561237 0.008994 0.006736
0 0.981194 0.567361 0.003271 0.006736
0 0.975879 0.567361 0.004088 0.006736
0 0.969338 0.567361 0.004088 0.006736
0 0.964432 0.566442 0.004088 0.007348
0 0.959526 0.566442 0.004088 0.007348
0 0.955029 0.566442 0.003271 0.007348
0 0.930090 0.562156 0.007359 0.006124
0 0.856092 0.619106 0.004906 0.006124
0 0.897792 0.579608 0.004906 0.005511
0 0.897383 0.587569 0.004088 0.007961
0 0.864268 0.628598 0.009812 0.003062
0 0.863859 0.624005 0.008994 0.004899
0 0.851594 0.618800 0.004088 0.006736
0 0.847097 0.617575 0.004906 0.007961
0 0.842600 0.617575 0.004088 0.006736
0 0.838103 0.617575 0.003271 0.006736
0 0.846280 0.657379 0.009812 0.003062
0 0.846688 0.653705 0.008994 0.003062
0 0.846688 0.650337 0.008994 0.002449
0 0.847506 0.643601 0.008994 0.002449
0 0.847506 0.640845 0.008994 0.003062
0 0.930908 0.577771 0.008994 0.003062
0 0.930499 0.581445 0.008177 0.003062
0 0.930090 0.584813 0.008994 0.003674
0 0.930090 0.587875 0.008994 0.003674
0 0.859771 0.618800 0.002453 0.005511
0 0.971382 0.620331 0.008177 0.006124
0 0.972608 0.616656 0.008994 0.007348
0 0.972200 0.609920 0.006541 0.004899
0 0.966885 0.599816 0.008994 0.006736
0 0.977105 0.577159 0.009812 0.003062
0 0.980376 0.582364 0.003271 0.007348
0 0.975061 0.582364 0.004088 0.007348
0 0.968520 0.582058 0.004088 0.006736
0 0.963614 0.581751 0.004088 0.007348
0 0.959935 0.576546 0.008177 0.003062
0 0.958708 0.582058 0.004088 0.006736
0 0.953802 0.582058 0.004088 0.006736
0 0.950123 0.576546 0.008177 0.003062
0 0.973835 0.595224 0.003271 0.004899
0 0.970155 0.594917 0.004088 0.004287
0 0.965249 0.594917 0.004088 0.005511
0 0.960752 0.594305 0.003271 0.005511
0 0.956255 0.594611 0.004088 0.004899
0 0.961570 0.600122 0.006541 0.006124
0 0.952576 0.599816 0.009812 0.005511
0 0.950940 0.594305 0.003271 0.005511
0 0.946443 0.594305 0.004088 0.005511
0 0.936222 0.599816 0.003271 0.005511
0 0.938675 0.594305 0.003271 0.005511
0 0.930090 0.594305 0.008994 0.003062
0 0.930090 0.590937 0.008994 0.002449
1 0.150041 0.063686 0.022077 0.023270
