4 0.076408 0.675539 0.008530 0.005829
4 0.102608 0.521177 0.009262 0.006412
4 0.146478 0.676608 0.008287 0.002526
4 0.159030 0.513697 0.006581 0.002331
4 0.161467 0.514766 0.009993 0.003691
4 0.212893 0.812609 0.011942 0.002137
4 0.214112 0.500291 0.009505 0.003497
4 0.214965 0.642219 0.011211 0.002526
4 0.216549 0.587235 0.019742 0.004857
4 0.233122 0.691762 0.015842 0.006800
4 0.263100 0.486983 0.011455 0.003691
4 0.265294 0.257820 0.010480 0.005829
4 0.265659 0.304255 0.009749 0.001943
4 0.278699 0.739266 0.020717 0.004663
4 0.295515 0.276472 0.011455 0.004663
4 0.301974 0.438022 0.022423 0.004080
4 0.302462 0.620944 0.010724 0.003886
4 0.305630 0.326598 0.002925 0.002720
4 0.308798 0.621916 0.018523 0.005051
4 0.312089 0.824364 0.018279 0.006606
4 0.312942 0.822324 0.011211 0.004080
4 0.326834 0.267049 0.008774 0.003303
4 0.362783 0.231203 0.008043 0.005440
4 0.368755 0.767826 0.003412 0.003886
4 0.371923 0.703128 0.019985 0.005440
4 0.374360 0.323587 0.019985 0.004857
4 0.385206 0.440645 0.020717 0.004663
4 0.389227 0.086361 0.002437 0.002526
4 0.391665 0.525257 0.017548 0.004857
4 0.393249 0.629493 0.004143 0.003109
4 0.403363 0.772392 0.016086 0.006800
4 0.413112 0.569944 0.023885 0.005246
4 0.418718 0.825335 0.004874 0.008549
4 0.427005 0.313484 0.020473 0.007966
4 0.440288 0.836312 0.004631 0.004469
4 0.444065 0.834564 0.007312 0.007189
4 0.452474 0.396153 0.011942 0.003497
4 0.460760 0.450554 0.020717 0.005829
4 0.462832 0.816884 0.008287 0.007577
4 0.464538 0.657470 0.032172 0.006994
4 0.466122 0.345638 0.015842 0.005440
4 0.479040 0.016029 0.003656 0.004469
4 0.489885 0.292403 0.011211 0.005440
4 0.500975 0.547309 0.024129 0.003886
4 0.509627 0.035555 0.003412 0.008937
4 0.519864 0.283563 0.002925 0.002914
4 0.538874 0.410336 0.006337 0.010880
4 0.551426 0.470371 0.019742 0.003497
4 0.560078 0.354770 0.011211 0.002331
4 0.582379 0.212648 0.024129 0.023120
4 0.589690 0.653876 0.024616 0.005634
4 0.599318 0.323587 0.019985 0.004857
4 0.600171 0.358170 0.018767 0.004080
4 0.609067 0.015349 0.010236 0.001943
4 0.612601 0.501651 0.019254 0.004663
4 0.614794 0.381387 0.008530 0.009714
4 0.632464 0.085487 0.020473 0.005440
4 0.654765 0.549252 0.017304 0.002720
4 0.708019 0.481154 0.024860 0.007577
4 0.720692 0.071304 0.019985 0.005829
4 0.736412 0.658636 0.020717 0.006217
4 0.771996 0.143190 0.024129 0.008549
4 0.839264 0.308141 0.023154 0.020983
4 0.862540 0.101321 0.006337 0.014183
