4 0.374902 0.783466 0.010946 0.012135
4 0.469507 0.397421 0.089132 0.127418
4 0.558444 0.561813 0.007428 0.007205
4 0.564699 0.568449 0.008210 0.009101
4 0.574472 0.577171 0.006646 0.006826
4 0.582682 0.569018 0.008210 0.007964
4 0.586787 0.570724 0.010164 0.009860
4 0.593237 0.537353 0.008210 0.008343
4 0.604183 0.532044 0.007428 0.006826
4 0.608874 0.535836 0.008210 0.007584
4 0.620407 0.507016 0.009382 0.009860
4 0.632134 0.501517 0.007037 0.006447
4 0.634676 0.503792 0.007428 0.007205
4 0.638780 0.524839 0.006255 0.006826
4 0.641321 0.509860 0.007428 0.007964
4 0.646403 0.515927 0.006646 0.006447
4 0.656763 0.484831 0.006255 0.007205
4 0.659304 0.488813 0.008991 0.009101
4 0.661845 0.492605 0.010164 0.011377
4 0.662236 0.474213 0.007819 0.008722
4 0.665364 0.476868 0.008600 0.009480
4 0.666341 0.494312 0.007428 0.007205
4 0.671423 0.482556 0.008991 0.009480
4 0.681001 0.441600 0.012510 0.012514
4 0.683933 0.453166 0.011337 0.011377
4 0.695074 0.441790 0.011728 0.012135
4 0.695074 0.462837 0.007819 0.007964
4 0.698788 0.445392 0.010555 0.010997
4 0.701329 0.449943 0.009382 0.009480
4 0.723808 0.420933 0.012119 0.012893
4 0.728108 0.423019 0.008991 0.008722
4 0.730258 0.404058 0.014073 0.014790
4 0.730649 0.426621 0.007819 0.006826
4 0.738468 0.412400 0.012510 0.012514
4 0.741204 0.417899 0.007819 0.008343
4 0.747068 0.070724 0.046912 0.127797
4 0.783620 0.312476 0.010555 0.008343
