4 0.867361 0.640064 0.006044 0.044618
4 0.237632 0.307498 0.014103 0.014259
4 0.240318 0.303933 0.023506 0.022769
4 0.255876 0.300138 0.010298 0.009660
4 0.253862 0.301863 0.011193 0.010810
4 0.251959 0.304508 0.015894 0.015639
4 0.243004 0.288983 0.013656 0.013109
4 0.239646 0.292088 0.012760 0.012420
4 0.270540 0.496320 0.038281 0.006900
4 0.304343 0.573482 0.038728 0.016789
4 0.863667 0.636385 0.004477 0.012879
4 0.751399 0.809108 0.032460 0.030819
4 0.415044 0.507590 0.023282 0.015639
4 0.357175 0.424333 0.022163 0.024379
4 0.390978 0.391559 0.006940 0.016789
4 0.384822 0.386155 0.006268 0.023459
4 0.347884 0.436293 0.022834 0.023459
4 0.352921 0.430773 0.022610 0.024379
