2 0.065875 0.965375 0.029250 0.030250
2 0.098625 0.832250 0.024250 0.022000
2 0.115375 0.934125 0.027250 0.026250
2 0.140750 0.970875 0.015500 0.015250
2 0.248500 0.847375 0.026500 0.026250
2 0.270375 0.893000 0.024750 0.024500
2 0.272125 0.916750 0.015250 0.015500
2 0.274125 0.866000 0.026250 0.027000
2 0.294875 0.870750 0.024750 0.028000
2 0.305125 0.820125 0.023750 0.026750
2 0.316625 0.874875 0.022250 0.024750
2 0.324375 0.790875 0.015750 0.014250
2 0.327625 0.982500 0.014750 0.014500
2 0.331750 0.825125 0.025000 0.027750
2 0.338500 0.880625 0.021500 0.024250
2 0.340000 0.932375 0.015000 0.015250
2 0.355750 0.972875 0.027000 0.029750
2 0.360750 0.885625 0.024000 0.024750
2 0.384625 0.840500 0.024250 0.026500
2 0.385250 0.965375 0.024500 0.022750
2 0.411000 0.846000 0.023000 0.024500
2 0.437125 0.963125 0.015250 0.014250
2 0.439375 0.847125 0.023250 0.025750
2 0.443125 0.940375 0.015250 0.013250
2 0.447625 0.916375 0.013750 0.013250
2 0.456125 0.836750 0.016250 0.017000
2 0.462375 0.887500 0.025750 0.027000
2 0.473875 0.741875 0.015250 0.013750
2 0.476500 0.823250 0.025500 0.026000
2 0.481750 0.878000 0.026000 0.029000
2 0.493875 0.748500 0.014750 0.016500
2 0.495500 0.774375 0.016500 0.016250
2 0.497375 0.694750 0.016750 0.016000
2 0.498000 0.809750 0.029500 0.030500
2 0.500500 0.865375 0.026500 0.028250
2 0.505375 0.741625 0.014250 0.015250
2 0.505750 0.947750 0.030500 0.025500
2 0.506625 0.929500 0.016250 0.017000
2 0.516500 0.798000 0.028000 0.028000
2 0.520875 0.853250 0.025250 0.027000
2 0.536250 0.786750 0.027000 0.028000
2 0.540000 0.943625 0.029500 0.028250
2 0.551375 0.672875 0.029750 0.029250
2 0.555125 0.774875 0.026750 0.028750
2 0.570250 0.762750 0.016500 0.017500
2 0.574500 0.711375 0.027000 0.025250
2 0.576500 0.889250 0.017000 0.016000
2 0.577500 0.855000 0.015500 0.016000
2 0.586500 0.813125 0.030500 0.032250
2 0.589500 0.908000 0.018000 0.016500
2 0.618375 0.814750 0.024250 0.025500
2 0.644500 0.826500 0.027500 0.028000
2 0.666125 0.865500 0.028750 0.029000
2 0.677125 0.885125 0.029750 0.030750
