2 0.382625 0.622250 0.010750 0.012500
2 0.404625 0.612625 0.016250 0.016250
2 0.433000 0.699125 0.007000 0.006750
2 0.433375 0.765750 0.010250 0.010500
2 0.444500 0.482500 0.013500 0.014000
2 0.445000 0.669375 0.009500 0.009250
2 0.448250 0.848750 0.010000 0.010500
2 0.449875 0.676750 0.008250 0.007500
2 0.455375 0.737125 0.010750 0.011250
2 0.462500 0.919125 0.010500 0.010750
2 0.580250 0.733625 0.007500 0.009250
2 0.582375 0.710625 0.004250 0.005750
2 0.584000 0.679125 0.004500 0.004750
2 0.596500 0.806125 0.005000 0.004750
2 0.598250 0.824125 0.007000 0.004750
2 0.599375 0.830375 0.005250 0.005750
2 0.605625 0.870500 0.010250 0.011000
