0 0.453997 0.483353 0.014236 0.021576
0 0.452617 0.866554 0.026188 0.016961
0 0.617611 0.804771 0.032251 0.020338
0 0.930692 0.428735 0.013367 0.020092
0 0.503224 0.123790 0.019410 0.022857
0 0.291715 0.379106 0.026421 0.011719
0 0.533493 0.428821 0.031640 0.010592
0 0.302790 0.483367 0.025481 0.012770
0 0.716461 0.147715 0.028869 0.026634
0 0.932017 0.402487 0.013926 0.021875
0 0.914926 0.592460 0.014574 0.022317
0 0.462482 0.098301 0.028500 0.017221
0 0.534428 0.464343 0.031511 0.011792
0 0.360957 0.499106 0.015150 0.023209
0 0.960741 0.078938 0.014119 0.018997
0 0.838797 0.203072 0.025431 0.009954
0 0.901472 0.747860 0.013950 0.022383
0 0.295521 0.351445 0.024807 0.010143
0 0.296321 0.427037 0.030220 0.012597
0 0.287572 0.321611 0.026493 0.009597
0 0.936037 0.353269 0.012635 0.021117
0 0.291651 0.339454 0.027760 0.011221
0 0.912213 0.614967 0.014221 0.020088
0 0.300493 0.413706 0.023101 0.009746
0 0.377003 0.495480 0.013582 0.018924
0 0.113412 0.255249 0.013567 0.022366
0 0.126769 0.254482 0.013474 0.019874
0 0.533352 0.439879 0.030521 0.009375
0 0.292514 0.365593 0.027447 0.012545
0 0.944746 0.246143 0.012973 0.022058
0 0.955271 0.132584 0.013617 0.020454
0 0.298718 0.453836 0.022174 0.010161
