0 0.529780 0.272380 0.016224 0.027277
0 0.231780 0.383877 0.028575 0.013219
0 0.377877 0.471083 0.031562 0.012426
0 0.380745 0.502236 0.034429 0.013866
0 0.150310 0.232381 0.031622 0.012869
0 0.378925 0.485912 0.032450 0.012561
0 0.257480 0.437663 0.015270 0.027396
0 0.417624 0.371596 0.015591 0.026502
0 0.232158 0.369240 0.031910 0.014043
0 0.232306 0.116963 0.032014 0.012882
0 0.150061 0.247274 0.031461 0.012093
0 0.234057 0.397836 0.033335 0.013667
0 0.435332 0.370957 0.014730 0.026453
0 0.231974 0.166499 0.030823 0.012241
0 0.382094 0.372341 0.018013 0.026758
0 0.461823 0.264619 0.014069 0.023890
0 0.349890 0.369079 0.015493 0.027306
0 0.150478 0.217052 0.030049 0.013232
0 0.278350 0.437022 0.016354 0.029174
0 0.233449 0.414949 0.031747 0.012411
0 0.230177 0.196665 0.029357 0.012327
0 0.474138 0.503668 0.035684 0.013910
0 0.379319 0.518158 0.031865 0.013410
0 0.399549 0.369569 0.014936 0.024449
0 0.293742 0.261920 0.015349 0.026339
0 0.430198 0.264623 0.014442 0.024974
0 0.429225 0.264366 0.013753 0.024667
0 0.346841 0.262704 0.015102 0.025726
