0 0.656275 0.030606 0.016116 0.027810
0 0.760702 0.113023 0.019176 0.029579
0 0.621828 0.199128 0.018279 0.027039
0 0.813238 0.200023 0.016694 0.029100
0 0.771591 0.035683 0.020369 0.027828
0 0.802394 0.278074 0.018242 0.028509
0 0.816660 0.180239 0.019578 0.032797
0 0.832164 0.073383 0.017358 0.027099
0 0.822175 0.150340 0.019840 0.029800
0 0.764855 0.075000 0.015533 0.024563
0 0.597296 0.089257 0.013467 0.023942
0 0.748586 0.194679 0.016074 0.025447
0 0.878948 0.029236 0.009530 0.034111
0 0.806198 0.258902 0.017298 0.028390
0 0.595256 0.112459 0.013073 0.024329
0 0.810615 0.220389 0.020017 0.030443
0 0.747972 0.216804 0.017455 0.029018
0 0.824511 0.130103 0.018196 0.028290
0 0.821894 0.108816 0.013857 0.024063
