0 0.098732 0.572763 0.021549 0.021834
0 0.047280 0.466997 0.019915 0.020670
0 0.034654 0.461529 0.023263 0.023160
0 0.105785 0.500434 0.022411 0.023671
0 0.127012 0.582371 0.020921 0.023327
0 0.011331 0.448834 0.021965 0.023479
0 0.161488 0.532330 0.020240 0.021594
0 0.128040 0.513673 0.022386 0.022601
0 0.071162 0.479217 0.022296 0.022303
0 0.160475 0.604480 0.023937 0.024096
0 0.375939 0.716213 0.027400 0.020426
0 0.079221 0.555607 0.023481 0.023888
0 0.523276 0.128437 0.018072 0.021587
0 0.173127 0.539716 0.022408 0.022395
0 0.149725 0.525865 0.021658 0.021440
0 0.137304 0.591725 0.022466 0.022061
0 0.651918 0.192192 0.016047 0.021504
0 0.114041 0.576399 0.020785 0.022869
0 0.043262 0.538773 0.021208 0.020830
0 0.034594 0.528308 0.023221 0.022757
1 0.712378 0.254505 0.021882 0.027741
0 0.624250 0.173629 0.013547 0.021706
0 0.560350 0.141069 0.012700 0.019658
0 0.540219 0.130515 0.018785 0.020747
1 0.723028 0.268832 0.021380 0.028780
0 0.139917 0.519129 0.019703 0.020586
0 0.574808 0.147319 0.015650 0.024363
0 0.608333 0.164351 0.012770 0.021428
1 0.701681 0.238148 0.019858 0.027700
0 0.501999 0.125148 0.021383 0.025446
