0 0.727101 0.754167 0.008448 0.009870
0 0.733782 0.762016 0.008681 0.010832
0 0.835175 0.796436 0.007483 0.008221
0 0.576365 0.957846 0.008404 0.010369
0 0.913694 0.353342 0.008237 0.010365
0 0.583562 0.964932 0.008587 0.010451
0 0.697343 0.769343 0.008284 0.010111
0 0.758116 0.881537 0.009088 0.010668
0 0.765705 0.845283 0.008176 0.009541
0 0.746589 0.790848 0.008003 0.009795
0 0.734466 0.776687 0.007980 0.010098
0 0.682103 0.752368 0.007882 0.010038
0 0.757501 0.835673 0.007617 0.008856
0 0.716129 0.806108 0.008268 0.009891
0 0.585121 0.933463 0.008245 0.008956
0 0.529096 0.618368 0.007579 0.009498
0 0.808773 0.807819 0.007632 0.008813
0 0.795662 0.844529 0.007321 0.009083
0 0.703790 0.776385 0.007925 0.009103
0 0.695027 0.814719 0.009068 0.011925
0 0.665094 0.390347 0.006630 0.008242
0 0.808551 0.766609 0.007302 0.008150
1 0.451273 0.442559 0.019539 0.020347
0 0.772102 0.820640 0.007921 0.010558
0 0.715934 0.754020 0.007376 0.010116
0 0.697513 0.784252 0.007570 0.009334
0 0.679801 0.765909 0.007860 0.010565
0 0.926376 0.366343 0.007768 0.009838
0 0.710389 0.752688 0.007453 0.008771
0 0.979687 0.267913 0.007998 0.010544
0 0.823521 0.758883 0.006491 0.009621
0 0.521238 0.609615 0.007609 0.009360
0 0.677663 0.427694 0.007845 0.009148
0 0.796425 0.829869 0.007923 0.009053
0 0.510315 0.625718 0.007279 0.010496
0 0.550730 0.929087 0.008547 0.010448
0 0.703111 0.979744 0.008843 0.010539
0 0.741443 0.769245 0.008612 0.010006
0 0.608207 0.562281 0.006969 0.009584
0 0.841607 0.804782 0.007076 0.007214
0 0.745278 0.775209 0.008349 0.009279
0 0.641827 0.328128 0.007397 0.009516
0 0.777196 0.808765 0.007989 0.009652
0 0.738301 0.815407 0.008187 0.010778
0 0.839930 0.494099 0.006474 0.008825
0 0.579483 0.926699 0.007804 0.009189
0 0.544874 0.922485 0.008228 0.009617
0 0.765016 0.760205 0.007974 0.009017
0 0.802236 0.762601 0.007928 0.007522
0 0.565073 0.944205 0.008217 0.010375
0 0.850980 0.815303 0.008421 0.008428
0 0.759443 0.753636 0.009125 0.010379
0 0.828665 0.791235 0.006623 0.007620
0 0.783713 0.815172 0.008138 0.010339
0 0.815473 0.661964 0.007602 0.008734
0 0.784441 0.818679 0.008163 0.008285
0 0.919947 0.360307 0.008164 0.010390
0 0.722426 0.761739 0.008369 0.009404
0 0.939523 0.707846 0.008095 0.009696
0 0.669923 0.381526 0.006722 0.008545
0 0.840063 0.775992 0.006932 0.008553
0 0.746980 0.738857 0.008749 0.010514
0 0.760406 0.805602 0.008075 0.009883
0 0.703257 0.792224 0.007832 0.010179
0 0.740149 0.783238 0.008440 0.010727
0 0.548906 0.638958 0.007637 0.010450
0 0.620255 0.546311 0.008035 0.010298
0 0.950671 0.717487 0.008109 0.010330
0 0.509360 0.595288 0.007691 0.010417
0 0.726979 0.851936 0.008348 0.010713
0 0.786914 0.834150 0.008410 0.010427
0 0.953469 0.849745 0.009077 0.010236
0 0.908584 0.346720 0.008292 0.009357
0 0.594476 0.942119 0.008314 0.010192
0 0.682928 0.770441 0.007337 0.010602
0 0.852117 0.789690 0.006708 0.008579
0 0.840984 0.518777 0.007033 0.009359
0 0.571995 0.951987 0.008596 0.009453
0 0.753207 0.844507 0.008796 0.010027
0 0.709486 0.798401 0.008001 0.009606
0 0.595888 0.578397 0.007489 0.009835
0 0.801697 0.836009 0.007361 0.008915
0 0.722886 0.844945 0.009288 0.010890
