0 0.878115 0.810401 0.032414 0.050040
0 0.015864 0.903294 0.031454 0.049335
0 0.129158 0.791674 0.035019 0.047395
0 0.344473 0.911054 0.034236 0.048486
0 0.852367 0.811368 0.032715 0.045111
0 0.103541 0.902276 0.038525 0.054740
0 0.787820 0.924562 0.033360 0.051791
0 0.621135 0.919706 0.034605 0.042721
0 0.151270 0.896729 0.036898 0.056323
0 0.318075 0.908880 0.034404 0.051779
0 0.727922 0.922560 0.036611 0.054443
0 0.430376 0.910844 0.033399 0.048968
0 0.046284 0.897923 0.032860 0.053288
0 0.400909 0.800757 0.037266 0.049592
0 0.675973 0.923812 0.031098 0.048439
0 0.403308 0.908718 0.035208 0.055723
0 0.702859 0.806967 0.047218 0.022097
0 0.509735 0.911522 0.034361 0.049033
0 0.262548 0.796155 0.029452 0.047747
0 0.569076 0.913495 0.029503 0.046972
0 0.788360 0.814156 0.038022 0.046402
