0 0.892618 0.726443 0.012357 0.011162
0 0.867094 0.516244 0.012014 0.011016
0 0.932842 0.427243 0.012004 0.010941
0 0.855101 0.527201 0.011681 0.011023
0 0.827656 0.702419 0.011716 0.012114
0 0.792942 0.923620 0.011592 0.011307
0 0.595128 0.704352 0.013630 0.010800
0 0.679868 0.630760 0.009790 0.010606
0 0.543538 0.978611 0.011035 0.011196
0 0.566117 0.918984 0.013549 0.013220
0 0.541629 0.953252 0.010881 0.010388
0 0.607418 0.787970 0.012254 0.010448
0 0.905758 0.835250 0.010316 0.010468
0 0.916147 0.664876 0.011779 0.011633
0 0.480201 0.821103 0.011498 0.011591
0 0.687098 0.624017 0.009933 0.011013
0 0.665869 0.709576 0.011797 0.012051
0 0.419459 0.986230 0.009957 0.009184
0 0.615643 0.703269 0.011321 0.011537
0 0.925729 0.655024 0.010234 0.010560
0 0.852802 0.479412 0.009274 0.010177
0 0.892150 0.847586 0.010531 0.010387
0 0.665361 0.610041 0.009861 0.011179
0 0.462257 0.832698 0.013120 0.012670
0 0.660825 0.643788 0.010928 0.010810
0 0.950032 0.664168 0.011124 0.011186
0 0.658782 0.715514 0.010729 0.012678
0 0.964087 0.732083 0.013564 0.013863
0 0.967998 0.742467 0.013244 0.013399
0 0.870474 0.714548 0.010661 0.011091
0 0.678492 0.647906 0.011344 0.010818
0 0.735621 0.607250 0.011707 0.011122
0 0.816152 0.579020 0.011169 0.010299
0 0.448909 0.844601 0.010103 0.011056
0 0.885956 0.607584 0.012226 0.011630
0 0.898778 0.841394 0.011241 0.010594
0 0.509255 0.776013 0.010797 0.011678
0 0.899315 0.679798 0.011147 0.011268
0 0.411774 0.979246 0.009449 0.008429
1 0.891045 0.539545 0.019008 0.019701
0 0.438959 0.853013 0.010542 0.010507
0 0.673038 0.604043 0.010133 0.010656
0 0.988373 0.615575 0.009251 0.009853
0 0.884914 0.853100 0.009678 0.009983
0 0.807753 0.920843 0.010075 0.011491
0 0.916864 0.747854 0.013212 0.011851
0 0.673276 0.839004 0.011732 0.012679
0 0.426107 0.952894 0.010385 0.010433
0 0.832465 0.513194 0.010043 0.010484
0 0.879573 0.847549 0.009753 0.010009
0 0.658308 0.614458 0.009972 0.011135
0 0.413116 0.933308 0.011380 0.011113
0 0.820770 0.690520 0.010707 0.011939
0 0.865033 0.741347 0.009726 0.011539
0 0.868310 0.867064 0.010587 0.012175
0 0.809014 0.677573 0.009685 0.010179
0 0.647011 0.828962 0.010445 0.010545
0 0.877095 0.669779 0.009488 0.012393
0 0.691798 0.635752 0.010510 0.010560
0 0.762850 0.810585 0.010573 0.011616
0 0.813303 0.482455 0.009406 0.009879
0 0.686350 0.823708 0.010955 0.010829
0 0.808179 0.486189 0.010122 0.010793
0 0.840081 0.741024 0.011846 0.011494
0 0.824333 0.504399 0.009642 0.009897
0 0.910186 0.447365 0.009441 0.010890
0 0.985291 0.659204 0.012307 0.011975
1 0.761247 0.599220 0.018120 0.017719
0 0.943152 0.484063 0.010823 0.009752
0 0.802464 0.988385 0.011268 0.011411
0 0.836175 0.493084 0.009251 0.009740
0 0.459073 0.971892 0.011732 0.010517
0 0.695581 0.818838 0.010336 0.010818
0 0.503781 0.797031 0.010425 0.009352
0 0.783482 0.916071 0.012660 0.011617
0 0.686890 0.876178 0.008818 0.012875
0 0.831780 0.900728 0.009926 0.011092
0 0.944243 0.657499 0.011941 0.010978
0 0.708654 0.670951 0.010388 0.011442
0 0.768575 0.897294 0.009869 0.008862
0 0.838793 0.972199 0.011632 0.009609
0 0.832289 0.966603 0.012646 0.009888
0 0.671991 0.635965 0.009324 0.010885
0 0.847403 0.964105 0.011297 0.011049
0 0.519776 0.852089 0.013697 0.014451
0 0.650656 0.656983 0.011784 0.011088
0 0.802585 0.960803 0.010784 0.011462
0 0.826059 0.471942 0.009726 0.010644
0 0.743088 0.871030 0.010527 0.011224
0 0.620286 0.800506 0.010607 0.010823
0 0.835484 0.461432 0.010408 0.009445
0 0.949151 0.489265 0.010115 0.009699
