0 0.691111 0.192680 0.008140 0.014984
0 0.164812 0.847869 0.008140 0.015376
0 0.440061 0.958633 0.007258 0.013718
0 0.445459 0.129384 0.006785 0.013717
0 0.446522 0.079812 0.007006 0.012827
0 0.271600 0.904635 0.007873 0.014479
0 0.295329 0.013533 0.011266 0.011041
0 0.841319 0.240305 0.007021 0.014867
0 0.672990 0.185059 0.007452 0.016293
0 0.436219 0.972688 0.007874 0.014306
0 0.226269 0.873161 0.009002 0.014414
0 0.666231 0.168579 0.007182 0.013818
0 0.685426 0.177651 0.008527 0.015508
0 0.864973 0.248248 0.007077 0.014798
0 0.486246 0.976266 0.007722 0.013911
0 0.565165 0.143276 0.007951 0.012619
0 0.585110 0.185315 0.007385 0.013039
0 0.865293 0.265350 0.006297 0.013182
0 0.514872 0.990307 0.007316 0.014405
0 0.507143 0.983749 0.007654 0.014157
0 0.291395 0.025276 0.010849 0.010707
0 0.328443 0.017369 0.011419 0.009860
0 0.628327 0.202538 0.006613 0.014815
0 0.865892 0.298104 0.008222 0.012880
0 0.049769 0.684558 0.011783 0.009247
