0 0.838643 0.769127 0.009353 0.018900
0 0.722212 0.028948 0.015175 0.012788
0 0.352944 0.967906 0.009914 0.017640
0 0.572670 0.179215 0.010787 0.017645
0 0.983521 0.849122 0.008779 0.016726
0 0.691023 0.078330 0.014234 0.012728
0 0.882057 0.755742 0.009686 0.017360
0 0.916548 0.450515 0.013895 0.010816
0 0.560046 0.222502 0.010123 0.017251
0 0.757190 0.796117 0.009542 0.017085
0 0.866642 0.518695 0.014477 0.011656
0 0.610307 0.104542 0.013868 0.011151
0 0.497840 0.250724 0.009271 0.016447
0 0.297628 0.930846 0.016524 0.016102
0 0.007740 0.636834 0.013885 0.016515
0 0.804175 0.820178 0.009202 0.017056
0 0.067109 0.543705 0.009488 0.016901
0 0.869658 0.531147 0.015622 0.012174
0 0.283231 0.349916 0.013561 0.011463
0 0.036116 0.615251 0.015668 0.011956
0 0.102466 0.468353 0.013069 0.011207
0 0.560813 0.185141 0.010940 0.018144
0 0.829556 0.812571 0.008079 0.017050
0 0.321256 0.925062 0.013826 0.016572
0 0.447229 0.918890 0.009762 0.016983
0 0.826003 0.783982 0.015402 0.011433
0 0.628174 0.871095 0.010109 0.017844
0 0.732150 0.057545 0.013328 0.012692
0 0.895696 0.828813 0.009450 0.016940
0 0.903207 0.690579 0.013415 0.011871
0 0.959384 0.854101 0.009470 0.016473
0 0.046437 0.659503 0.014092 0.011201
0 0.605443 0.879148 0.008279 0.017018
0 0.445426 0.966744 0.012787 0.012788
0 0.469988 0.878082 0.013410 0.013891
0 0.425337 0.938924 0.011958 0.017631
0 0.572520 0.217453 0.011471 0.017028
0 0.775226 0.054583 0.014132 0.011289
0 0.869717 0.759566 0.008651 0.016438
0 0.040760 0.638868 0.012925 0.010324
0 0.932337 0.374625 0.014097 0.012936
0 0.892837 0.430249 0.011514 0.020507
0 0.460970 0.961645 0.012052 0.014441
0 0.015514 0.660116 0.013436 0.014715
0 0.928346 0.650653 0.014306 0.012136
0 0.645016 0.060361 0.010986 0.010289
0 0.876785 0.567409 0.012315 0.009655
0 0.860910 0.496403 0.014881 0.012005
0 0.683080 0.050642 0.014130 0.013054
0 0.405646 0.931389 0.010535 0.016590
0 0.708334 0.887073 0.009774 0.016646
0 0.383113 0.993147 0.009736 0.013706
0 0.734083 0.065901 0.013906 0.012453
0 0.113379 0.503073 0.011183 0.009108
0 0.620044 0.873914 0.010554 0.017100
0 0.547424 0.228983 0.010666 0.017505
0 0.891871 0.636115 0.012406 0.012065
0 0.616760 0.911910 0.007406 0.015743
0 0.744570 0.043771 0.011977 0.011528
0 0.791822 0.822240 0.009370 0.016793
0 0.047190 0.670783 0.013474 0.009725
0 0.101038 0.446705 0.014083 0.011662
0 0.039564 0.629381 0.012880 0.010533
