0 0.034221 0.884529 0.013942 0.008313
0 0.451958 0.695930 0.010186 0.006458
0 0.505594 0.978276 0.010905 0.007070
0 0.362151 0.847757 0.008655 0.007003
0 0.365284 0.889446 0.011240 0.006568
0 0.377830 0.832273 0.010480 0.008193
0 0.497323 0.678691 0.010221 0.006438
0 0.345601 0.916272 0.010994 0.006081
0 0.143022 0.939807 0.012852 0.006850
0 0.483887 0.708921 0.011014 0.007444
0 0.443176 0.708726 0.010003 0.006397
0 0.777024 0.926676 0.013165 0.005085
0 0.060899 0.440050 0.009162 0.006979
0 0.850570 0.621933 0.006569 0.009608
