0 0.279058 0.274328 0.035323 0.021979
0 0.345214 0.198816 0.040579 0.023337
0 0.227237 0.334857 0.035536 0.022480
0 0.303331 0.249224 0.033093 0.021092
0 0.152101 0.297191 0.038204 0.023068
0 0.195159 0.372859 0.037216 0.021918
0 0.137876 0.309553 0.034909 0.021910
0 0.578808 0.795941 0.033511 0.022661
0 0.279762 0.496379 0.035076 0.023523
0 0.500844 0.721246 0.030934 0.022032
0 0.206135 0.361166 0.041553 0.026075
0 0.268325 0.486121 0.034290 0.023761
0 0.423927 0.644766 0.035238 0.026372
0 0.626087 0.886043 0.042658 0.027645
0 0.479656 0.700177 0.031034 0.024814
0 0.871763 0.898386 0.025034 0.028813
0 0.589738 0.807953 0.039066 0.022581
0 0.220702 0.207811 0.037654 0.024304
0 0.564125 0.785697 0.037063 0.025847
0 0.390853 0.138472 0.036599 0.022679
0 0.248337 0.313083 0.039541 0.021565
0 0.554750 0.773210 0.035432 0.022943
0 0.467915 0.689848 0.032227 0.023973
0 0.118859 0.270178 0.035895 0.028716
0 0.532072 0.751482 0.029110 0.021646
0 0.541626 0.762455 0.033083 0.024545
0 0.102586 0.378707 0.038043 0.022749
0 0.458271 0.679086 0.036729 0.023291
0 0.232225 0.195362 0.035165 0.021189
0 0.174148 0.268688 0.036569 0.020967
0 0.400743 0.126927 0.034500 0.020606
0 0.843324 0.825577 0.024600 0.031845
0 0.052110 0.305922 0.040130 0.023050
0 0.163356 0.282613 0.041765 0.023155
0 0.259381 0.298260 0.037892 0.021077
0 0.290204 0.510066 0.035096 0.024620
0 0.302262 0.522579 0.035303 0.025582
0 0.220108 0.459564 0.029243 0.025005
0 0.252782 0.477568 0.033477 0.026081
0 0.881122 0.819335 0.028532 0.027041
0 0.906019 0.889171 0.026273 0.029834
0 0.172381 0.444541 0.023604 0.026928
0 0.977506 0.874664 0.024504 0.025281
0 0.862621 0.823017 0.022969 0.027707
0 0.234947 0.468958 0.030472 0.027657
0 0.089554 0.369966 0.036112 0.021029
0 0.941121 0.803217 0.019817 0.021163
0 0.113753 0.391800 0.035881 0.018494
0 0.489817 0.711375 0.029465 0.021823
0 0.521411 0.739570 0.027397 0.019613
0 0.433657 0.655109 0.033536 0.025793
0 0.129086 0.533553 0.020209 0.025950
0 0.827543 0.827672 0.022615 0.028255
