0 0.984107 0.735758 0.015385 0.017584
0 0.779005 0.960373 0.016052 0.018058
0 0.977546 0.742285 0.015434 0.016182
0 0.940244 0.782658 0.016639 0.019932
0 0.970963 0.748141 0.013998 0.016192
0 0.964265 0.754118 0.015759 0.018009
0 0.958081 0.761143 0.015059 0.017464
0 0.821745 0.982016 0.015814 0.017633
0 0.876490 0.919934 0.015977 0.017196
0 0.826767 0.974696 0.015966 0.018058
0 0.833889 0.967413 0.016025 0.017545
0 0.821304 0.914144 0.015134 0.017297
0 0.924723 0.802743 0.016306 0.017178
0 0.863392 0.869479 0.017051 0.018164
0 0.852526 0.947669 0.015925 0.017205
0 0.869440 0.861413 0.016097 0.017447
0 0.815828 0.988153 0.016102 0.017179
0 0.888394 0.841680 0.017864 0.020697
0 0.904671 0.821549 0.018350 0.020945
0 0.772062 0.967838 0.014433 0.015781
0 0.969573 0.823281 0.016078 0.017568
0 0.840723 0.960869 0.014984 0.017148
0 0.934712 0.853667 0.014420 0.016556
0 0.994342 0.788082 0.011031 0.014593
0 0.808480 0.927695 0.015689 0.017711
0 0.947408 0.775410 0.017290 0.019799
0 0.855329 0.873793 0.014957 0.016037
0 0.947693 0.841976 0.017262 0.018453
0 0.863525 0.932401 0.018475 0.020553
0 0.869802 0.926052 0.018013 0.018545
0 0.976331 0.818183 0.014206 0.015476
0 0.928904 0.860191 0.015992 0.018069
0 0.925365 0.868739 0.014532 0.016525
0 0.934039 0.788848 0.015798 0.015853
0 0.912100 0.881526 0.016573 0.017749
