1 0.150045 0.177438 0.035464 0.028344
1 0.515372 0.621726 0.034362 0.025398
1 0.070826 0.953349 0.032940 0.028593
1 0.595742 0.916396 0.024414 0.026907
1 0.785627 0.661141 0.034643 0.026332
1 0.778739 0.765059 0.036698 0.023166
1 0.635212 0.968683 0.037819 0.026090
1 0.521978 0.499311 0.036506 0.026825
1 0.071896 0.690289 0.031278 0.028176
1 0.589668 0.539911 0.035919 0.026411
1 0.665035 0.585442 0.032493 0.025762
1 0.665925 0.872032 0.034970 0.029742
1 0.348280 0.914038 0.039456 0.027677
1 0.504579 0.489456 0.036874 0.026833
1 0.752725 0.642111 0.031340 0.023409
1 0.445417 0.534498 0.043453 0.026790
1 0.552428 0.285092 0.028871 0.023615
1 0.861899 0.706624 0.029737 0.027743
1 0.479535 0.244602 0.036951 0.026975
1 0.893568 0.850851 0.029668 0.021333
1 0.423476 0.206449 0.034408 0.030181
1 0.120102 0.298087 0.033832 0.027619
1 0.903890 0.857295 0.030878 0.025059
1 0.538494 0.510507 0.038630 0.029037
1 0.832094 0.689100 0.035368 0.026766
1 0.631922 0.688391 0.042680 0.032928
1 0.289523 0.308188 0.025925 0.020972
1 0.319112 0.336459 0.036567 0.031479
1 0.453156 0.778599 0.031716 0.019410
1 0.616967 0.646874 0.039579 0.024888
1 0.295608 0.410641 0.027062 0.022746
1 0.932151 0.529436 0.027528 0.021259
1 0.673905 0.755965 0.028959 0.029373
1 0.967735 0.234537 0.048264 0.035601
1 0.487685 0.571097 0.031759 0.024724
1 0.365695 0.685563 0.010723 0.029476
1 0.322543 0.705137 0.014103 0.030708
1 0.253290 0.370061 0.027775 0.021697
1 0.644536 0.575085 0.031074 0.029070
1 0.308497 0.363208 0.032191 0.020689
1 0.436160 0.215485 0.034595 0.028155
1 0.365143 0.171023 0.036090 0.029074
1 0.334374 0.783576 0.018698 0.029094
1 0.848884 0.699277 0.036027 0.027790
1 0.423390 0.819619 0.026818 0.030276
1 0.798411 0.672100 0.031172 0.024473
0 0.497884 0.845446 0.010627 0.008801
1 0.341163 0.157109 0.033454 0.026591
1 0.406981 0.254702 0.036652 0.028181
1 0.581773 0.624802 0.037300 0.024738
1 0.350282 0.164460 0.034065 0.027843
1 0.247079 0.424842 0.027019 0.020494
1 0.616974 0.820057 0.024653 0.029968
1 0.352477 0.773036 0.015526 0.020909
0 0.512289 0.841233 0.011913 0.009675
