0 0.813433 0.201266 0.023512 0.026445
0 0.813079 0.243436 0.020110 0.023731
0 0.963979 0.023569 0.024792 0.026262
0 0.813075 0.158600 0.023975 0.025598
0 0.808426 0.048798 0.024664 0.025443
0 0.809175 0.125691 0.023747 0.025196
0 0.855329 0.220898 0.025069 0.029063
0 0.815093 0.257326 0.017721 0.020962
0 0.989589 0.471668 0.012713 0.032061
0 0.854637 0.161847 0.024356 0.027150
0 0.855925 0.202787 0.022953 0.028272
0 0.927040 0.468033 0.011085 0.029295
0 0.853096 0.105883 0.025837 0.029554
0 0.852605 0.064959 0.024734 0.028904
0 0.853912 0.179445 0.022401 0.026349
0 0.856366 0.240711 0.024382 0.029059
0 0.812631 0.220637 0.018850 0.020855
0 0.940116 0.468762 0.010017 0.027621
0 0.979890 0.049323 0.023929 0.028215
0 0.951649 0.467198 0.011195 0.028730
