1 0.676367 0.701817 0.027768 0.014626
1 0.959161 0.844609 0.038056 0.023169
1 0.228444 0.534327 0.037670 0.019980
0 0.107659 0.947168 0.010044 0.012867
1 0.304300 0.035466 0.025025 0.044068
1 0.316021 0.233819 0.027934 0.018052
1 0.308664 0.102251 0.026590 0.015454
1 0.938027 0.803635 0.018030 0.027664
1 0.409866 0.132738 0.017555 0.011392
0 0.328406 0.660972 0.006278 0.011904
1 0.374420 0.278462 0.017500 0.024948
1 0.350704 0.921894 0.026277 0.009227
0 0.096440 0.940859 0.008848 0.012819
0 0.493745 0.072693 0.009043 0.011549
0 0.570411 0.394938 0.006868 0.011604
0 0.530596 0.417501 0.008429 0.012390
1 0.913872 0.838638 0.020478 0.013529
1 0.735631 0.776592 0.027756 0.012439
0 0.342351 0.471565 0.007526 0.012673
1 0.244398 0.780228 0.020870 0.026831
1 0.357948 0.273163 0.019799 0.028766
1 0.710275 0.760283 0.020442 0.010790
1 0.383628 0.285260 0.020373 0.025963
0 0.523294 0.416215 0.008371 0.012712
1 0.718998 0.735737 0.028679 0.018293
1 0.736532 0.767501 0.025194 0.011955
1 0.743633 0.753928 0.029547 0.014015
1 0.363615 0.302411 0.018265 0.023446
1 0.304344 0.091035 0.027296 0.014108
1 0.364888 0.110849 0.024797 0.015188
1 0.556611 0.982634 0.013432 0.017054
0 0.516005 0.042038 0.009439 0.012119
1 0.416404 0.104933 0.018268 0.021196
1 0.704076 0.783272 0.025763 0.014843
1 0.644637 0.791764 0.029632 0.016157
1 0.958120 0.828539 0.020117 0.013704
1 0.243292 0.552458 0.016804 0.008968
0 0.502013 0.377657 0.011876 0.010367
1 0.362462 0.119075 0.017347 0.011854
0 0.517604 0.119928 0.008943 0.011487
0 0.195060 0.660248 0.009682 0.012555
0 0.856628 0.911354 0.008617 0.013189
1 0.282500 0.326686 0.020050 0.015670
0 0.327926 0.463962 0.014580 0.007554
1 0.651646 0.777604 0.023636 0.013081
1 0.670070 0.723146 0.028035 0.016753
1 0.963474 0.860884 0.031594 0.017181
0 0.104727 0.904111 0.009754 0.012469
0 0.559190 0.178494 0.012896 0.009544
1 0.703825 0.772598 0.030512 0.018501
0 0.557407 0.460558 0.007609 0.012004
0 0.219281 0.664056 0.008608 0.011305
0 0.321887 0.500380 0.013704 0.007141
1 0.409434 0.103755 0.012162 0.018034
0 0.328458 0.876476 0.006465 0.011783
0 0.184065 0.952772 0.012690 0.010366
0 0.504482 0.453793 0.007684 0.012121
0 0.525818 0.121091 0.009038 0.012080
0 0.452710 0.203445 0.009714 0.013135
1 0.431749 0.890861 0.027717 0.017632
1 0.444192 0.109197 0.013223 0.015145
1 0.269768 0.342452 0.020246 0.012902
0 0.200317 0.946098 0.011064 0.008178
0 0.534316 0.124311 0.009385 0.012700
0 0.377437 0.340098 0.010073 0.012462
0 0.537991 0.459238 0.007031 0.011771
1 0.897814 0.825380 0.019154 0.029066
1 0.914772 0.817414 0.019674 0.030063
1 0.891913 0.896501 0.015145 0.010983
1 0.716020 0.746101 0.027616 0.016623
0 0.324863 0.486167 0.013038 0.007350
0 0.561623 0.435229 0.006116 0.010715
0 0.555153 0.134363 0.008406 0.011013
1 0.301266 0.441246 0.013157 0.018462
0 0.088863 0.938020 0.007685 0.012211
0 0.203407 0.660710 0.009130 0.013857
