0 0.178846 0.045967 0.055238 0.036893
1 0.528002 0.143441 0.073140 0.075854
0 0.068121 0.147333 0.053302 0.036735
0 0.100076 0.108310 0.054678 0.034476
0 0.158316 0.104293 0.053116 0.034137
0 0.182865 0.184595 0.042163 0.038923
1 0.564495 0.457892 0.090042 0.026394
0 0.120988 0.047867 0.056086 0.036514
1 0.583502 0.487484 0.087369 0.027074
1 0.556669 0.127947 0.069324 0.076503
0 0.897224 0.055886 0.050597 0.046458
0 0.041110 0.262979 0.028849 0.048637
0 0.242420 0.040573 0.057197 0.038167
0 0.094904 0.015801 0.061491 0.031602
0 0.916763 0.170813 0.048696 0.042081
1 0.465854 0.163774 0.075610 0.079248
0 0.227264 0.022211 0.046614 0.034367
0 0.111567 0.125775 0.052333 0.035295
0 0.292773 0.129127 0.045143 0.045905
1 0.321490 0.226145 0.098734 0.113612
0 0.304812 0.097719 0.047623 0.043664
0 0.269409 0.139851 0.047282 0.047660
0 0.863272 0.069353 0.038390 0.035006
0 0.058314 0.056191 0.066386 0.043468
1 0.690631 0.640740 0.092964 0.028893
0 0.019168 0.418708 0.025776 0.041547
0 0.132773 0.293095 0.051847 0.027975
0 0.129826 0.359632 0.048998 0.020454
1 0.639269 0.304019 0.105829 0.074169
0 0.983077 0.100919 0.033846 0.040201
1 0.721402 0.529181 0.070936 0.074549
1 0.606288 0.518887 0.093939 0.030383
0 0.248038 0.152960 0.046344 0.045869
0 0.918338 0.032403 0.039116 0.035720
1 0.371310 0.196076 0.085216 0.092694
0 0.130032 0.316444 0.054231 0.028624
0 0.163702 0.028828 0.045793 0.032356
1 0.961991 0.810159 0.076017 0.033330
1 0.672644 0.612758 0.092007 0.028518
1 0.618754 0.389901 0.080790 0.078153
0 0.131903 0.067894 0.054603 0.038306
1 0.745072 0.727375 0.091084 0.025104
0 0.945671 0.960198 0.030592 0.040058
0 0.137061 0.247314 0.051287 0.021685
1 0.409814 0.325592 0.088219 0.055240
0 0.056186 0.384165 0.034830 0.043771
0 0.080876 0.427115 0.027045 0.040753
1 0.770622 0.342404 0.087978 0.052278
0 0.971383 0.454899 0.051277 0.047585
1 0.610215 0.248016 0.097998 0.064438
0 0.107760 0.028445 0.050215 0.034813
1 0.408629 0.190370 0.075116 0.082265
0 0.010498 0.236223 0.020996 0.042229
1 0.448418 0.190431 0.090120 0.098275
0 0.160077 0.196889 0.056151 0.050814
0 0.047065 0.036676 0.058134 0.045513
0 0.132233 0.067731 0.053505 0.038298
1 0.595266 0.118423 0.109517 0.136440
0 0.219419 0.072874 0.030571 0.028276
0 0.152649 0.012946 0.059298 0.025893
