1 0.305437 0.203263 0.066903 0.051880
1 0.313529 0.171411 0.069147 0.052310
1 0.298825 0.271355 0.068696 0.048548
1 0.298806 0.236471 0.070433 0.050025
1 0.332985 0.113922 0.066207 0.048864
1 0.368911 0.155879 0.043771 0.096574
1 0.713396 0.186616 0.052157 0.039238
1 0.322193 0.140520 0.072066 0.051890
1 0.593772 0.136157 0.056182 0.040055
1 0.441399 0.979364 0.054412 0.039175
1 0.859108 0.359279 0.033060 0.078222
0 0.662921 0.165248 0.036384 0.032098
1 0.469440 0.302976 0.052962 0.037792
0 0.233034 0.397027 0.029132 0.050923
1 0.044590 0.813165 0.051105 0.036140
1 0.857391 0.623953 0.043563 0.095184
1 0.445852 0.203236 0.051761 0.053560
1 0.838378 0.355508 0.033731 0.078868
0 0.521108 0.209978 0.037973 0.034577
1 0.881226 0.364592 0.034224 0.076568
1 0.294372 0.298987 0.070282 0.047087
0 0.216962 0.387452 0.028076 0.048765
0 0.136632 0.842509 0.035248 0.030642
