1 0.353479 0.462719 0.095301 0.047046
1 0.354151 0.515023 0.084249 0.042960
1 0.693470 0.701050 0.089108 0.017337
1 0.344385 0.538412 0.087023 0.046186
1 0.167872 0.328506 0.074941 0.019697
1 0.737522 0.841338 0.084172 0.017401
1 0.528156 0.601918 0.098538 0.018396
1 0.199374 0.221928 0.082859 0.017649
1 0.656680 0.782144 0.085676 0.017914
1 0.383875 0.309216 0.092807 0.036444
1 0.139594 0.547625 0.067832 0.017799
1 0.525631 0.627401 0.091444 0.018049
1 0.172297 0.350679 0.064791 0.019062
1 0.292886 0.711949 0.076153 0.058003
1 0.376426 0.389043 0.077937 0.041719
1 0.376462 0.432554 0.097933 0.045793
1 0.168670 0.589986 0.090988 0.018048
1 0.159822 0.700889 0.077400 0.061413
1 0.543770 0.455061 0.094794 0.017204
1 0.173906 0.639760 0.103719 0.016291
0 0.886167 0.779390 0.051120 0.015059
0 0.944312 0.686144 0.040811 0.021294
1 0.741649 0.800627 0.070135 0.016337
1 0.689005 0.724892 0.094138 0.016278
1 0.684128 0.761228 0.091195 0.018526
1 0.741204 0.782334 0.065192 0.016342
0 0.891036 0.682214 0.042805 0.012722
0 0.950946 0.724312 0.052821 0.025672
0 0.886399 0.278293 0.043483 0.013283
1 0.160364 0.617708 0.082590 0.016566
0 0.886153 0.746686 0.039620 0.012928
1 0.169514 0.374591 0.068211 0.016706
0 0.533692 0.327879 0.046138 0.013600
1 0.454058 0.138251 0.029458 0.062203
0 0.891646 0.664925 0.037895 0.011385
1 0.349283 0.488270 0.058892 0.030885
1 0.172156 0.401847 0.086895 0.024288
1 0.155168 0.569000 0.076239 0.016496
1 0.542968 0.576793 0.056118 0.017296
1 0.647147 0.820303 0.075455 0.018307
0 0.185598 0.934977 0.038728 0.011695
0 0.890966 0.697015 0.041588 0.012530
1 0.378418 0.359942 0.085906 0.034942
1 0.529976 0.551050 0.092088 0.016217
1 0.660805 0.802198 0.054678 0.012223
1 0.182753 0.428796 0.077403 0.024223
0 0.884013 0.811202 0.049196 0.014470
0 0.881929 0.795112 0.049803 0.013432
1 0.547805 0.532297 0.062688 0.016569
1 0.173454 0.277238 0.093705 0.021255
0 0.894944 0.712564 0.039750 0.013625
1 0.638969 0.839032 0.063225 0.017779
0 0.922883 0.409689 0.045035 0.012292
0 0.836672 0.254699 0.042496 0.012708
