1 0.243761 0.426517 0.054673 0.047787
1 0.242309 0.289752 0.053823 0.046932
1 0.384351 0.918755 0.054726 0.048073
1 0.375957 0.736869 0.054238 0.045862
1 0.698184 0.097337 0.057827 0.049113
1 0.190615 0.727937 0.055937 0.048195
1 0.374702 0.369753 0.055194 0.048202
1 0.192539 0.750557 0.055771 0.050391
1 0.378430 0.527697 0.055739 0.047102
1 0.188195 0.521303 0.055890 0.048129
1 0.189713 0.589126 0.056528 0.049430
1 0.378605 0.828919 0.056569 0.050791
1 0.428932 0.717524 0.054471 0.046462
1 0.377304 0.855108 0.056123 0.049749
1 0.374635 0.554925 0.055936 0.048493
1 0.429053 0.740285 0.055374 0.047702
1 0.429344 0.925891 0.053383 0.046216
1 0.374755 0.785755 0.056528 0.047482
1 0.427745 0.764537 0.054298 0.046795
1 0.379463 0.620566 0.053683 0.047588
1 0.728548 0.149152 0.058956 0.054079
1 0.191253 0.565316 0.057447 0.049848
1 0.796065 0.725494 0.048497 0.042142
1 0.188613 0.402474 0.058997 0.046385
1 0.376888 0.760806 0.054841 0.048426
1 0.429205 0.853714 0.052597 0.047933
1 0.248131 0.655318 0.055315 0.047212
1 0.428039 0.787160 0.054396 0.046629
0 0.882987 0.052311 0.029324 0.024438
1 0.436010 0.873193 0.054259 0.049081
1 0.383395 0.479286 0.052383 0.047534
1 0.238215 0.477487 0.053792 0.045603
1 0.248060 0.607724 0.053377 0.047204
1 0.191713 0.797035 0.055781 0.047703
1 0.240790 0.686250 0.053559 0.044431
1 0.186884 0.428385 0.055436 0.046502
1 0.239299 0.546803 0.051412 0.047833
1 0.427478 0.811822 0.054014 0.047401
1 0.742969 0.717735 0.053929 0.049077
1 0.235803 0.502302 0.054879 0.049164
1 0.253427 0.697252 0.053070 0.048663
1 0.334765 0.103540 0.052740 0.046265
1 0.372405 0.158197 0.055722 0.048134
1 0.187704 0.496514 0.055345 0.048043
1 0.631301 0.154151 0.052264 0.047015
1 0.189215 0.473367 0.053952 0.048192
1 0.238283 0.454686 0.052837 0.047082
1 0.238899 0.522610 0.052494 0.048062
1 0.754866 0.148171 0.054985 0.050057
1 0.240159 0.754682 0.051245 0.047501
1 0.189930 0.612889 0.055382 0.048623
1 0.381287 0.897025 0.054903 0.048457
1 0.426007 0.509782 0.051333 0.050225
1 0.412584 0.148036 0.053245 0.047468
1 0.681283 0.151370 0.053075 0.047389
1 0.197069 0.817372 0.060123 0.054370
1 0.131804 0.357711 0.033742 0.054355
1 0.388502 0.151049 0.053525 0.048575
1 0.186793 0.451856 0.055037 0.046411
1 0.377364 0.807602 0.054719 0.047823
1 0.250410 0.628958 0.054357 0.048783
1 0.785316 0.713536 0.053630 0.045354
1 0.245596 0.586671 0.052882 0.047623
1 0.340563 0.154891 0.052167 0.047355
0 0.932456 0.096223 0.025197 0.019852
0 0.957850 0.924901 0.034443 0.013382
0 0.955087 0.835253 0.027835 0.012470
0 0.963325 0.879587 0.027070 0.011248
1 0.380035 0.944361 0.054222 0.049713
0 0.962839 0.852375 0.027930 0.011264
1 0.188070 0.544182 0.056959 0.049951
0 0.866265 0.032265 0.025391 0.021319
1 0.342138 0.155545 0.052922 0.045714
1 0.242684 0.776259 0.054954 0.049345
0 0.913259 0.077942 0.024245 0.019158
0 0.913620 0.464959 0.031575 0.011652
1 0.131971 0.357784 0.034454 0.056983
0 0.959176 0.866052 0.027348 0.010613
1 0.741160 0.720474 0.056697 0.050858
1 0.755561 0.148751 0.051467 0.046250
1 0.376847 0.668456 0.054946 0.046586
0 0.926108 0.312967 0.034136 0.014679
