1 0.549931 0.274363 0.056924 0.055816
1 0.573774 0.293788 0.057856 0.057697
1 0.539331 0.566968 0.056677 0.057685
1 0.407262 0.465799 0.055091 0.056602
1 0.445424 0.496081 0.056416 0.059385
1 0.542680 0.254761 0.063994 0.060193
1 0.678398 0.375272 0.056364 0.055371
1 0.474203 0.516767 0.058229 0.058481
0 0.585444 0.033951 0.020132 0.020994
0 0.206020 0.496405 0.022324 0.024357
1 0.385949 0.441856 0.055906 0.051906
0 0.553063 0.048565 0.018529 0.021981
1 0.626335 0.334851 0.057702 0.055193
1 0.392408 0.243963 0.069164 0.060267
0 0.259265 0.521145 0.017998 0.021964
1 0.309966 0.438963 0.070691 0.056854
1 0.297789 0.454412 0.072436 0.059239
0 0.195778 0.491192 0.019104 0.023725
0 0.146991 0.539586 0.016176 0.021231
0 0.203809 0.557608 0.015278 0.021158
1 0.459651 0.504340 0.053995 0.054283
0 0.237626 0.510788 0.019605 0.023425
0 0.028034 0.468295 0.016773 0.021600
0 0.216716 0.501817 0.020727 0.023699
1 0.368524 0.620029 0.063131 0.065200
0 0.051782 0.515413 0.024202 0.017033
1 0.440754 0.682767 0.062500 0.064937
0 0.114240 0.526414 0.018576 0.022051
0 0.615539 0.047678 0.018986 0.021987
1 0.587945 0.305421 0.056694 0.056991
0 0.136515 0.536039 0.017497 0.021353
0 0.100685 0.471726 0.025718 0.018830
1 0.634348 0.299163 0.046840 0.069816
1 0.498492 0.536635 0.056883 0.056316
0 0.653030 0.082264 0.023424 0.011855
0 0.052263 0.478381 0.015836 0.021101
0 0.153788 0.471618 0.021385 0.024968
0 0.164857 0.476072 0.018552 0.023407
0 0.171471 0.544950 0.016943 0.021800
0 0.284654 0.790552 0.022531 0.022859
0 0.038817 0.473180 0.016001 0.021675
0 0.089103 0.490188 0.025786 0.018527
1 0.786848 0.314512 0.069052 0.055443
0 0.247985 0.515783 0.017526 0.023211
1 0.283523 0.570027 0.060676 0.061663
0 0.182163 0.549648 0.016831 0.020421
0 0.192459 0.027184 0.017574 0.020009
0 0.583912 0.063054 0.020581 0.023836
0 0.271022 0.526362 0.020784 0.026078
0 0.335992 0.354607 0.020501 0.019027
0 0.213291 0.037061 0.019458 0.024304
0 0.305324 0.809686 0.023946 0.022371
0 0.226785 0.564883 0.016161 0.022129
0 0.175232 0.482426 0.017668 0.023355
0 0.605095 0.053563 0.018443 0.021707
0 0.015908 0.606893 0.015131 0.023664
0 0.192452 0.555098 0.016062 0.019448
0 0.455572 0.233525 0.025742 0.021054
0 0.160533 0.718782 0.022675 0.023579
0 0.185385 0.487376 0.018907 0.022893
0 0.214458 0.562606 0.016631 0.021026
0 0.159648 0.540148 0.015860 0.021685
0 0.033740 0.622495 0.016231 0.022068
0 0.654532 0.070217 0.019235 0.011142
0 0.088456 0.010315 0.013558 0.018457
0 0.106391 0.461939 0.024671 0.018965
1 0.289591 0.584115 0.055565 0.056120
0 0.077303 0.654999 0.017139 0.023398
0 0.277998 0.059005 0.018129 0.021015
