1 0.497902 0.263968 0.027111 0.036180
1 0.364867 0.507910 0.031221 0.037742
1 0.356428 0.369245 0.049277 0.020953
1 0.482346 0.179133 0.028178 0.035815
1 0.511393 0.145841 0.027056 0.036593
1 0.418646 0.459181 0.028834 0.037548
1 0.427842 0.406992 0.029182 0.036498
1 0.229762 0.638524 0.048741 0.021637
1 0.292078 0.610823 0.032364 0.036328
1 0.535107 0.154266 0.028673 0.037051
1 0.168024 0.803647 0.038268 0.043063
0 0.084693 0.153702 0.013712 0.016799
1 0.086952 0.751350 0.036789 0.034430
1 0.262640 0.594595 0.049592 0.020983
1 0.570156 0.310207 0.045372 0.024081
1 0.217026 0.657022 0.048925 0.021514
1 0.431989 0.326601 0.047643 0.020295
1 0.315743 0.512383 0.048734 0.020025
1 0.506497 0.185765 0.026961 0.035867
0 0.872801 0.707609 0.017622 0.016556
0 0.907217 0.791875 0.023703 0.012324
1 0.224595 0.648736 0.047601 0.020201
1 0.297829 0.539333 0.046843 0.021187
1 0.122583 0.728231 0.047761 0.025171
1 0.195477 0.693785 0.050167 0.022765
0 0.011397 0.571150 0.019852 0.009506
1 0.153832 0.787117 0.049953 0.052619
0 0.124037 0.332984 0.017192 0.017307
0 0.841907 0.771685 0.020919 0.017086
1 0.518275 0.189124 0.025273 0.036205
1 0.404285 0.384050 0.046565 0.019834
0 0.051941 0.147676 0.013238 0.017036
0 0.027230 0.489395 0.020941 0.009020
1 0.489661 0.221836 0.027599 0.037596
1 0.256046 0.602623 0.048202 0.020061
0 0.150773 0.022558 0.016871 0.019476
1 0.362614 0.637107 0.047549 0.027576
0 0.027901 0.441238 0.020210 0.009075
0 0.935802 0.071038 0.019010 0.013166
1 0.562074 0.319957 0.045370 0.025409
0 0.710725 0.871466 0.019398 0.014867
0 0.239669 0.346203 0.021276 0.010979
0 0.676171 0.063890 0.018512 0.018202
1 0.327614 0.494576 0.050681 0.020914
0 0.026749 0.450621 0.019950 0.008527
1 0.295899 0.652918 0.035473 0.038549
1 0.324665 0.699970 0.049723 0.026974
0 0.133859 0.039072 0.015765 0.016262
0 0.215147 0.282816 0.022311 0.011557
1 0.624971 0.979917 0.048279 0.029415
0 0.650285 0.052902 0.014280 0.016280
0 0.747012 0.110019 0.018697 0.012954
1 0.214564 0.470518 0.031890 0.054802
1 0.309388 0.520333 0.050194 0.020341
0 0.108915 0.377693 0.013076 0.015557
0 0.625427 0.064528 0.016308 0.017689
0 0.592778 0.039914 0.015537 0.015854
0 0.108400 0.032639 0.014786 0.015633
0 0.620215 0.047298 0.013104 0.015482
0 0.863214 0.702920 0.017595 0.015727
0 0.948138 0.710812 0.023080 0.012024
1 0.176661 0.580145 0.037681 0.055294
0 0.807373 0.796710 0.022727 0.018851
0 0.076664 0.173284 0.014942 0.015808
0 0.036279 0.565244 0.019734 0.011318
0 0.668004 0.021239 0.015104 0.015828
1 0.255797 0.538299 0.031136 0.032007
0 0.003801 0.096068 0.007602 0.015406
1 0.276644 0.575374 0.049849 0.022039
0 0.743681 0.970615 0.019685 0.014512
0 0.018204 0.551825 0.021547 0.010091
1 0.638303 0.960303 0.046082 0.025139
1 0.250186 0.612285 0.049775 0.020220
0 0.738772 0.888381 0.019411 0.016483
1 0.197884 0.831223 0.016438 0.040276
1 0.215472 0.598646 0.045431 0.052465
0 0.609231 0.101893 0.014452 0.015907
0 0.200909 0.263688 0.020820 0.011005
0 0.906991 0.684374 0.017450 0.015790
0 0.805647 0.734652 0.021803 0.019069
0 0.029915 0.432923 0.019671 0.008593
0 0.766960 0.840790 0.017850 0.015816
0 0.804565 0.753817 0.018757 0.015616
0 0.107437 0.159554 0.015037 0.017331
1 0.615962 0.987826 0.046261 0.024349
0 0.931521 0.741382 0.022392 0.012887
0 0.765822 0.795577 0.018616 0.017235
1 0.390719 0.016506 0.044525 0.015417
0 0.322330 0.133872 0.013994 0.016099
0 0.181186 0.307618 0.019973 0.012072
0 0.599019 0.095716 0.015577 0.017239
0 0.013170 0.096697 0.012341 0.015298
1 0.106333 0.765259 0.042586 0.045683
0 0.094584 0.083070 0.026540 0.014776
1 0.291547 0.548461 0.046907 0.019318
0 0.280993 0.223170 0.015243 0.016530
0 0.210590 0.240932 0.027388 0.013014
1 0.499695 0.141685 0.028626 0.036232
1 0.322756 0.502977 0.048375 0.021541
1 0.501178 0.226393 0.023904 0.036140
1 0.390994 0.412335 0.047065 0.019165
0 0.672653 0.914932 0.018175 0.013689
1 0.403504 0.361306 0.069377 0.026963
0 0.042352 0.554761 0.024678 0.011940
0 0.165762 0.045555 0.015967 0.016796
0 0.618154 0.010030 0.016331 0.018092
0 0.852812 0.697688 0.018190 0.015534
0 0.775455 0.801326 0.018037 0.016599
0 0.772486 0.077708 0.020650 0.015519
0 0.773119 0.864260 0.017903 0.015908
0 0.047470 0.500814 0.022225 0.010050
0 0.100928 0.328448 0.014299 0.016193
0 0.783932 0.869007 0.017765 0.015730
1 0.394688 0.401760 0.047361 0.020760
0 0.959489 0.663345 0.019326 0.008797
0 0.709178 0.084778 0.016790 0.013748
0 0.267793 0.010981 0.016737 0.016974
0 0.124497 0.019214 0.012899 0.015139
0 0.727092 0.838747 0.015998 0.015764
1 0.191364 0.524190 0.034439 0.054450
1 0.375324 0.059658 0.036350 0.019328
0 0.336315 0.876112 0.012261 0.015514
0 0.019170 0.542525 0.022883 0.011363
1 0.344598 0.197961 0.034284 0.055760
0 0.767465 0.773832 0.025169 0.018714
0 0.822830 0.764622 0.017853 0.016618
0 0.086525 0.327059 0.012376 0.015606
0 0.857087 0.822878 0.018192 0.016177
0 0.070457 0.387848 0.021893 0.013785
1 0.272890 0.350285 0.028231 0.031590
0 0.262214 0.220277 0.012730 0.015235
1 0.633803 0.970624 0.047105 0.026640
0 0.812122 0.882176 0.019454 0.016442
0 0.689177 0.091645 0.018361 0.014502
1 0.363054 0.360278 0.049599 0.021334
0 0.799202 0.098453 0.020862 0.015879
1 0.565354 0.292086 0.052434 0.029401
0 0.054641 0.458571 0.024186 0.009629
0 0.080796 0.112144 0.024307 0.014702
0 0.649724 0.073377 0.015448 0.016575
0 0.861040 0.721172 0.016791 0.014818
0 0.658847 0.019020 0.015592 0.016413
0 0.685722 0.070064 0.017503 0.016372
0 0.046830 0.166781 0.015387 0.015742
0 0.082962 0.102236 0.021012 0.013594
1 0.398842 0.393082 0.046326 0.019542
0 0.281628 0.265251 0.022558 0.012038
0 0.023205 0.100771 0.011719 0.014904
0 0.361267 0.087454 0.020518 0.012231
0 0.562981 0.085220 0.014283 0.017396
0 0.089291 0.094609 0.025142 0.012887
0 0.723220 0.165882 0.020132 0.014700
1 0.332927 0.484492 0.049183 0.020244
0 0.880335 0.670281 0.016881 0.013265
0 0.913688 0.043880 0.019813 0.014344
0 0.033162 0.415652 0.020345 0.008820
0 0.716924 0.089862 0.018316 0.014778
0 0.028153 0.159847 0.014041 0.015821
0 0.738863 0.104427 0.018430 0.013940
0 0.872563 0.770174 0.017541 0.016691
0 0.839091 0.835540 0.017433 0.014668
0 0.869355 0.787731 0.020508 0.017664
1 0.391597 0.005871 0.046377 0.011529
0 0.078431 0.367212 0.016003 0.015872
0 0.028886 0.589876 0.019462 0.008573
0 0.190703 0.293298 0.020832 0.011876
0 0.807423 0.920942 0.022290 0.020342
0 0.018815 0.159578 0.015206 0.015818
0 0.781371 0.135721 0.019063 0.014512
1 0.272016 0.585578 0.049387 0.020096
0 0.315834 0.185752 0.023353 0.012787
0 0.211353 0.039103 0.013783 0.016172
0 0.130763 0.165462 0.013860 0.017469
0 0.968756 0.674297 0.020848 0.009655
1 0.326958 0.493814 0.048114 0.018977
0 0.836872 0.749093 0.016597 0.015646
0 0.729918 0.046034 0.021542 0.017963
0 0.780635 0.083492 0.023895 0.018239
1 0.274145 0.512129 0.025278 0.024450
0 0.052103 0.469890 0.018178 0.008453
0 0.536030 0.039889 0.023536 0.012014
0 0.605067 0.058859 0.014613 0.014893
0 0.952271 0.085371 0.025294 0.017461
1 0.340243 0.476398 0.047796 0.021199
0 0.270275 0.288378 0.022347 0.013039
1 0.239926 0.563649 0.025265 0.024964
0 0.272621 0.280020 0.020990 0.012356
0 0.678066 0.876538 0.018040 0.017215
0 0.322657 0.867055 0.014386 0.015722
0 0.789214 0.089366 0.019475 0.015196
0 0.044643 0.382601 0.014963 0.017199
1 0.408111 0.374516 0.048203 0.021545
0 0.755296 0.977153 0.016969 0.012815
0 0.035723 0.201772 0.017286 0.017177
0 0.551796 0.083945 0.014928 0.016570
1 0.324383 0.241507 0.024914 0.031765
0 0.918619 0.763328 0.022279 0.010758
0 0.140095 0.384323 0.011999 0.015266
1 0.246729 0.434730 0.019378 0.024655
0 0.278753 0.013701 0.013123 0.015279
0 0.779321 0.780259 0.018396 0.016301
1 0.272043 0.493294 0.040012 0.050981
1 0.642122 0.964437 0.042653 0.024501
1 0.287393 0.557809 0.048975 0.020440
0 0.853364 0.715974 0.017804 0.015506
0 0.680336 0.086836 0.019346 0.016117
0 0.208973 0.396853 0.024941 0.021068
0 0.198462 0.035731 0.014650 0.016583
0 0.176462 0.322907 0.021728 0.012126
0 0.640513 0.068539 0.017586 0.017636
0 0.853573 0.006008 0.018855 0.012017
0 0.241179 0.215065 0.016237 0.016652
0 0.096086 0.157006 0.014538 0.017540
0 0.006541 0.133509 0.013082 0.016603
0 0.025174 0.507868 0.021363 0.009559
0 0.033816 0.407342 0.018498 0.008469
0 0.735671 0.171967 0.020551 0.015198
0 0.833098 0.706131 0.018614 0.016114
0 0.602698 0.042024 0.015074 0.017209
0 0.087338 0.541461 0.017041 0.010949
0 0.724266 0.095407 0.018599 0.014242
0 0.714144 0.160223 0.019303 0.014690
0 0.661888 0.122811 0.018965 0.013145
1 0.233936 0.629651 0.050122 0.021334
1 0.681882 0.983456 0.047396 0.028257
0 0.880878 0.847446 0.019978 0.011255
0 0.130183 0.382044 0.012713 0.015621
0 0.888830 0.735083 0.017466 0.014835
1 0.212829 0.667223 0.048705 0.021110
0 0.028985 0.479758 0.019806 0.008632
0 0.736337 0.173162 0.021151 0.015228
0 0.760006 0.121824 0.018840 0.014061
0 0.138875 0.094711 0.029526 0.014230
1 0.205998 0.613829 0.026731 0.024618
1 0.362502 0.637252 0.046137 0.027986
0 0.149826 0.495924 0.024835 0.011755
0 0.842869 0.817021 0.017816 0.016304
0 0.964981 0.602516 0.018525 0.008233
1 0.275472 0.378275 0.023152 0.027490
0 0.585763 0.054907 0.013872 0.015576
0 0.845296 0.691520 0.018773 0.015524
0 0.786573 0.806756 0.017994 0.015863
0 0.326358 0.113315 0.012256 0.015330
0 0.063157 0.148536 0.013384 0.016968
0 0.639620 0.011641 0.017995 0.019748
1 0.131454 0.774725 0.052176 0.052085
1 0.228123 0.471916 0.030146 0.049267
0 0.825811 0.746169 0.018336 0.017094
0 0.903791 0.719593 0.018775 0.016125
0 0.241855 0.338565 0.022260 0.012185
0 0.094894 0.178443 0.015428 0.016093
0 0.740187 0.127893 0.016894 0.013132
0 0.664313 0.927121 0.017196 0.014589
0 0.750077 0.831447 0.016148 0.014625
1 0.667739 0.819767 0.036023 0.032677
0 0.016661 0.135960 0.013637 0.014686
0 0.688398 0.942825 0.018744 0.014989
0 0.025946 0.499233 0.021325 0.009522
1 0.514980 0.228106 0.026548 0.036859
1 0.393209 0.005938 0.042832 0.011710
0 0.788929 0.974251 0.016393 0.016444
0 0.232236 0.179733 0.015858 0.018105
0 0.748363 0.134376 0.015479 0.012334
0 0.258929 0.310224 0.024705 0.012698
0 0.629843 0.103892 0.014687 0.017378
0 0.706680 0.029283 0.015884 0.016532
0 0.973945 0.853350 0.029665 0.010206
0 0.173752 0.330945 0.019872 0.010834
1 0.260064 0.593734 0.048455 0.019696
0 0.241702 0.972318 0.021571 0.008860
1 0.247915 0.403380 0.026488 0.029136
1 0.245030 0.621274 0.051307 0.018554
0 0.822366 0.806648 0.017474 0.015435
0 0.686009 0.025395 0.012749 0.015661
0 0.349193 0.121127 0.019682 0.009470
0 0.649662 0.015889 0.017631 0.015695
1 0.173212 0.798313 0.051316 0.052871
0 0.879195 0.731370 0.018189 0.016218
0 0.619948 0.247740 0.021031 0.014533
0 0.748694 0.058346 0.019832 0.016940
1 0.398897 0.393726 0.047193 0.018858
0 0.033705 0.469135 0.023141 0.008786
0 0.676705 0.022837 0.014281 0.015401
0 0.870554 0.727149 0.018081 0.015120
0 0.073258 0.151678 0.012018 0.016130
0 0.135883 0.020189 0.012400 0.016199
0 0.048590 0.032962 0.013743 0.015556
0 0.054612 0.411730 0.021583 0.008917
0 0.257101 0.317928 0.021034 0.011983
