1 0.476413 0.482455 0.023470 0.019811
1 0.436946 0.330334 0.021865 0.036825
1 0.658820 0.604340 0.022190 0.032485
1 0.438579 0.299360 0.021414 0.033969
1 0.434409 0.361167 0.021635 0.034944
1 0.590083 0.266063 0.020672 0.040890
1 0.658385 0.260684 0.013215 0.044165
1 0.640143 0.264058 0.014513 0.048189
1 0.391451 0.540024 0.024919 0.027977
1 0.543878 0.325819 0.023255 0.036008
1 0.478269 0.451341 0.024163 0.019336
1 0.393348 0.506909 0.023449 0.025282
1 0.407592 0.292415 0.023655 0.023391
1 0.432408 0.379511 0.021486 0.036537
1 0.853069 0.303913 0.019466 0.016348
1 0.415986 0.626385 0.024323 0.035670
1 0.473209 0.517107 0.023667 0.018778
1 0.516615 0.493530 0.023203 0.031970
1 0.809750 0.330750 0.015046 0.038375
1 0.388613 0.589933 0.022525 0.021978
1 0.720757 0.254200 0.011841 0.040714
1 0.472492 0.549041 0.024578 0.019191
1 0.576144 0.414085 0.022947 0.020410
1 0.399514 0.422680 0.022578 0.020380
1 0.572934 0.465794 0.022916 0.021282
1 0.344384 0.409009 0.009022 0.052857
1 0.401804 0.374364 0.023602 0.025519
1 0.596093 0.251451 0.019728 0.041209
1 0.483560 0.384284 0.023249 0.019030
1 0.656923 0.636396 0.022557 0.031421
1 0.728987 0.347351 0.016447 0.039673
1 0.570267 0.513844 0.022979 0.023416
1 0.419413 0.561117 0.021368 0.034841
1 0.515779 0.526764 0.022815 0.033635
1 0.408367 0.276570 0.023703 0.022905
1 0.507557 0.657093 0.022908 0.033360
1 0.428418 0.427926 0.022517 0.033510
1 0.659341 0.584268 0.022388 0.028481
1 0.854477 0.286388 0.018478 0.016342
1 0.747039 0.250540 0.013597 0.041922
1 0.765309 0.340796 0.015065 0.038474
1 0.441517 0.266317 0.022362 0.032324
1 0.613532 0.490725 0.023652 0.021015
1 0.513332 0.574017 0.023179 0.032969
1 0.427069 0.444526 0.019892 0.031190
0 0.151429 0.534150 0.009617 0.030186
1 0.322600 0.266628 0.012789 0.043093
1 0.747985 0.343784 0.014915 0.038673
1 0.485071 0.351990 0.021694 0.018269
1 0.566647 0.612389 0.023032 0.020354
1 0.396562 0.472980 0.022215 0.023355
0 0.691208 0.257578 0.010129 0.036764
0 0.239769 0.445282 0.016671 0.017018
1 0.857162 0.186414 0.020350 0.016448
0 0.764272 0.382962 0.007558 0.029390
1 0.354304 0.415656 0.009884 0.044227
0 0.771109 0.381178 0.007418 0.030928
0 0.794747 0.438239 0.006446 0.028237
1 0.335951 0.369391 0.009249 0.052505
1 0.856161 0.217549 0.020238 0.014977
1 0.854031 0.320417 0.017644 0.014608
1 0.791925 0.333975 0.014890 0.036357
1 0.685041 0.356027 0.014408 0.034850
0 0.245555 0.357031 0.015230 0.018028
0 0.740015 0.386767 0.007975 0.027862
0 0.147742 0.360351 0.008805 0.028085
1 0.657342 0.136885 0.008014 0.042816
0 0.710111 0.394484 0.006855 0.028720
1 0.853262 0.387006 0.020358 0.017051
1 0.352907 0.248988 0.011683 0.039989
0 0.142163 0.446878 0.009634 0.033535
1 0.202304 0.203104 0.026594 0.031436
1 0.855133 0.237004 0.020413 0.015186
0 0.716546 0.452745 0.007731 0.026976
1 0.734152 0.127885 0.008156 0.042250
1 0.716126 0.786677 0.017907 0.018024
1 0.774870 0.339604 0.016570 0.038203
1 0.696086 0.133347 0.007698 0.041368
0 0.190777 0.618471 0.007088 0.027888
1 0.331885 0.581017 0.022893 0.032983
1 0.701856 0.352493 0.014586 0.036188
1 0.521145 0.441944 0.023106 0.033499
1 0.783084 0.336595 0.015447 0.038527
1 0.711914 0.130145 0.008291 0.045395
0 0.804969 0.434510 0.005706 0.027285
0 0.760902 0.443272 0.006533 0.024757
1 0.400572 0.406978 0.022068 0.021425
0 0.521876 0.303694 0.011900 0.020944
1 0.511716 0.592533 0.022502 0.032974
1 0.738654 0.248351 0.013664 0.039319
0 0.751256 0.385489 0.007492 0.027622
0 0.569717 0.243761 0.011980 0.024180
1 0.600088 0.244121 0.020059 0.038271
1 0.853906 0.269280 0.019309 0.016018
1 0.312341 0.265450 0.012084 0.041049
1 0.451738 0.126730 0.010306 0.035761
1 0.566121 0.593849 0.024043 0.022781
0 0.770216 0.441038 0.006638 0.025747
0 0.757352 0.384324 0.006901 0.028895
1 0.729352 0.253752 0.013078 0.040346
1 0.750919 0.127819 0.007718 0.043488
