0 0.890766 0.254986 0.028458 0.025820
0 0.848678 0.221011 0.025563 0.022300
1 0.580374 0.684689 0.020583 0.061095
1 0.260913 0.383686 0.059174 0.014763
1 0.758286 0.449054 0.056393 0.013192
0 0.968870 0.303240 0.026780 0.024981
1 0.527412 0.681734 0.024327 0.062368
1 0.445581 0.434885 0.113561 0.012791
1 0.659790 0.684044 0.019311 0.065870
0 0.857720 0.522022 0.026392 0.020924
1 0.610946 0.684554 0.023861 0.065774
1 0.208074 0.713554 0.051167 0.012778
0 0.880146 0.897741 0.014477 0.022587
0 0.919713 0.500134 0.032797 0.024146
0 0.958613 0.318239 0.025910 0.025101
1 0.553208 0.498460 0.109187 0.014394
0 0.894675 0.896877 0.012418 0.020097
0 0.760735 0.063819 0.027322 0.021276
1 0.245275 0.573060 0.112996 0.013447
0 0.954437 0.879082 0.024838 0.019218
0 0.937358 0.297170 0.025231 0.023428
0 0.839726 0.644590 0.029809 0.011553
1 0.235178 0.634493 0.109719 0.013578
0 0.852662 0.895472 0.012156 0.022230
0 0.982171 0.347030 0.021816 0.024362
0 0.838675 0.722488 0.026343 0.010346
0 0.748450 0.891998 0.012489 0.022212
0 0.798796 0.647230 0.016936 0.031527
0 0.839814 0.656374 0.026928 0.012010
0 0.804627 0.896012 0.014108 0.024130
1 0.219396 0.603099 0.086609 0.013153
0 0.068719 0.209759 0.026662 0.011938
0 0.835686 0.832406 0.023167 0.010036
0 0.842879 0.704756 0.029888 0.012402
0 0.699840 0.911992 0.022793 0.020736
0 0.833810 0.845194 0.025095 0.010622
0 0.874475 0.463644 0.020808 0.021983
0 0.107005 0.289663 0.012456 0.022776
1 0.239005 0.666170 0.108389 0.012130
1 0.455485 0.513312 0.094587 0.016413
1 0.551735 0.466712 0.115001 0.012766
1 0.247784 0.257189 0.113994 0.016790
1 0.237239 0.651043 0.107115 0.014305
0 0.259630 0.126589 0.036054 0.013009
0 0.775476 0.894135 0.011698 0.021113
0 0.105986 0.316458 0.013443 0.027067
0 0.835736 0.819590 0.026792 0.011525
1 0.446435 0.545642 0.073194 0.019135
0 0.834331 0.794808 0.025921 0.010694
1 0.469235 0.807998 0.018696 0.096199
0 0.842153 0.669496 0.026834 0.011370
1 0.341673 0.321939 0.025697 0.097175
1 0.759515 0.431776 0.055282 0.013963
1 0.552310 0.482105 0.115520 0.014909
1 0.238572 0.777436 0.118990 0.019172
1 0.255827 0.320739 0.121651 0.016092
0 0.839428 0.733841 0.026657 0.010470
1 0.756263 0.480958 0.053026 0.014433
