1 0.149855 0.244833 0.064373 0.039843
1 0.267963 0.338334 0.065367 0.030396
1 0.159117 0.439922 0.061587 0.039876
1 0.152916 0.314910 0.062904 0.039141
1 0.156040 0.351111 0.063390 0.040614
1 0.165736 0.509673 0.061433 0.037699
1 0.267774 0.320690 0.065906 0.029342
1 0.289824 0.425078 0.085185 0.041074
1 0.164278 0.492163 0.061315 0.037433
1 0.166174 0.528528 0.063298 0.038042
1 0.157859 0.404849 0.061841 0.038561
1 0.156592 0.385671 0.064347 0.040026
1 0.169244 0.600221 0.062622 0.040713
1 0.355648 0.678781 0.057929 0.045767
1 0.696547 0.563689 0.058011 0.042775
0 0.594344 0.134373 0.018549 0.023903
1 0.387952 0.725477 0.083367 0.039361
1 0.713977 0.270458 0.061628 0.032971
1 0.172501 0.654663 0.061441 0.039348
1 0.263153 0.711191 0.053925 0.043348
1 0.162394 0.458062 0.062609 0.040759
0 0.509663 0.884889 0.030457 0.032181
0 0.966662 0.645398 0.021990 0.024039
1 0.175686 0.687221 0.061718 0.040810
1 0.482650 0.630517 0.056204 0.043619
1 0.165342 0.546655 0.059966 0.037685
1 0.263940 0.250579 0.068202 0.034157
1 0.342334 0.688899 0.056380 0.044769
0 0.744768 0.894753 0.031930 0.026664
1 0.146487 0.210708 0.058538 0.039415
1 0.167492 0.565321 0.061492 0.039022
0 0.369412 0.361511 0.019445 0.022430
0 0.738517 0.882067 0.034032 0.029009
0 0.948244 0.139672 0.026074 0.016815
1 0.452923 0.429102 0.065682 0.035477
1 0.467581 0.638830 0.057022 0.045910
1 0.147959 0.171898 0.065090 0.038903
0 0.736677 0.685285 0.021851 0.023067
0 0.651229 0.197801 0.018496 0.023348
0 0.250949 0.963886 0.027098 0.030115
0 0.659720 0.732264 0.026168 0.019306
1 0.741977 0.328043 0.063155 0.033312
1 0.399452 0.670109 0.057743 0.043543
1 0.773429 0.541451 0.058178 0.042198
0 0.553186 0.788570 0.029180 0.033704
0 0.441432 0.810800 0.037203 0.019627
0 0.273297 0.984293 0.026460 0.029927
0 0.706548 0.177011 0.018574 0.023219
0 0.672831 0.189440 0.017027 0.022043
1 0.826613 0.518025 0.057592 0.042362
0 0.781848 0.933998 0.032794 0.024451
0 0.362986 0.779324 0.026499 0.018923
0 0.241042 0.951820 0.025475 0.026941
1 0.153091 0.278850 0.064269 0.039820
1 0.658857 0.576760 0.055130 0.044170
0 0.293980 0.758188 0.024631 0.015426
0 0.525175 0.044232 0.025132 0.014638
0 0.662858 0.972393 0.027409 0.023655
1 0.446852 0.644804 0.056618 0.044582
0 0.759850 0.903156 0.034976 0.025516
1 0.520634 0.616789 0.058378 0.041724
0 0.571184 0.065907 0.025557 0.016020
0 0.635971 0.682554 0.023901 0.017463
0 0.559760 0.228383 0.020512 0.023752
1 0.301174 0.589586 0.086712 0.044129
1 0.292335 0.478303 0.085843 0.039020
0 0.045051 0.695841 0.026971 0.027274
0 0.116889 0.861062 0.028636 0.020223
1 0.803074 0.522767 0.052730 0.041811
0 0.574109 0.168123 0.018701 0.022499
0 0.383893 0.214530 0.015452 0.023086
0 0.716373 0.858406 0.031537 0.024877
0 0.699867 0.702916 0.020014 0.021040
0 0.723494 0.690336 0.021707 0.022951
1 0.733006 0.550218 0.060484 0.044334
1 0.296771 0.515652 0.089028 0.039673
0 0.680110 0.814901 0.029693 0.025942
0 0.646721 0.713215 0.026160 0.020967
0 0.663258 0.139751 0.019359 0.022085
0 0.544469 0.071391 0.023562 0.015572
0 0.222035 0.922873 0.030737 0.016983
0 0.606361 0.213564 0.017284 0.021636
0 0.943616 0.129311 0.025516 0.017755
0 0.531618 0.105129 0.017403 0.022747
1 0.269562 0.358875 0.066929 0.031051
0 0.631337 0.051813 0.023708 0.014054
0 0.685231 0.207388 0.023286 0.015796
0 0.671101 0.982731 0.022649 0.022146
0 0.603562 0.056709 0.023918 0.013709
0 0.706292 0.848171 0.033070 0.025922
1 0.464339 0.698566 0.050998 0.029719
0 0.514397 0.162746 0.020726 0.025632
0 0.426969 0.339817 0.019086 0.023494
0 0.521285 0.875944 0.031319 0.031039
0 0.710145 0.608523 0.024291 0.017567
0 0.684755 0.707839 0.021634 0.024296
1 0.597905 0.592648 0.060586 0.046047
0 0.438134 0.178689 0.015256 0.022736
0 0.402169 0.132251 0.016334 0.024224
0 0.676098 0.751899 0.025519 0.021562
0 0.596725 0.160920 0.018512 0.022536
1 0.834303 0.566872 0.080510 0.037862
0 0.580367 0.773961 0.027075 0.032494
0 0.347623 0.052682 0.023594 0.011863
0 0.573535 0.139738 0.017578 0.022504
1 0.432994 0.654840 0.057730 0.044158
0 0.886978 0.634237 0.020242 0.023645
0 0.463137 0.175081 0.016620 0.025775
0 0.810369 0.961536 0.035606 0.031224
0 0.920384 0.610232 0.017419 0.022244
0 0.595354 0.217395 0.018361 0.022054
0 0.475623 0.172353 0.015267 0.022136
0 0.552427 0.752087 0.026845 0.033929
0 0.596833 0.089551 0.025021 0.018673
0 0.628053 0.121192 0.018193 0.024511
0 0.431503 0.834205 0.036531 0.023220
1 0.677626 0.572006 0.059940 0.044383
1 0.295229 0.603196 0.076806 0.037187
0 0.689258 0.824907 0.034194 0.028348
0 0.228229 0.905908 0.031578 0.025444
1 0.163808 0.474668 0.064420 0.041465
0 0.377777 0.135549 0.016452 0.024949
0 0.403293 0.064641 0.025941 0.013168
0 0.964268 0.179438 0.024741 0.018013
0 0.913566 0.278896 0.025266 0.015899
0 0.652032 0.142848 0.020712 0.023687
0 0.524796 0.525887 0.015681 0.030550
1 0.296519 0.532937 0.089807 0.040299
0 0.711723 0.657582 0.023329 0.018420
0 0.862238 0.640043 0.017027 0.021998
0 0.090089 0.831758 0.024490 0.016941
0 0.431558 0.202681 0.015323 0.022052
0 0.342223 0.217591 0.014782 0.021363
0 0.551769 0.176981 0.017392 0.023148
0 0.416053 0.344438 0.019333 0.022475
0 0.606668 0.129793 0.019207 0.023375
0 0.572873 0.099567 0.026404 0.020352
0 0.433255 0.040084 0.023370 0.012374
0 0.063503 0.840565 0.026149 0.018855
0 0.654013 0.787926 0.035280 0.029068
0 0.538237 0.154380 0.018059 0.022989
0 0.926515 0.661500 0.019488 0.026608
0 0.824531 0.654435 0.018828 0.024636
0 0.428019 0.094544 0.024219 0.012862
0 0.697363 0.126847 0.018418 0.020495
0 0.425789 0.180706 0.014563 0.022264
1 0.171888 0.634938 0.062170 0.040220
0 0.378061 0.191411 0.014625 0.021688
0 0.608130 0.157621 0.017904 0.022276
0 0.619637 0.152637 0.019106 0.022692
0 0.357403 0.364700 0.018685 0.022060
1 0.288728 0.408108 0.087139 0.039833
0 0.389266 0.189218 0.014222 0.022061
0 0.392663 0.352314 0.023248 0.028412
0 0.256352 0.897095 0.014944 0.020888
1 0.262215 0.268298 0.064726 0.030798
1 0.299041 0.568060 0.089897 0.042941
0 0.840801 0.611705 0.024188 0.018009
0 0.628884 0.203443 0.019076 0.022456
1 0.295267 0.695853 0.060501 0.045547
0 0.664249 0.796205 0.028974 0.024716
0 0.518906 0.108473 0.018798 0.023713
0 0.765341 0.013208 0.024890 0.017273
0 0.389836 0.769489 0.024885 0.018602
0 0.225477 0.939163 0.030198 0.021220
0 0.320661 0.109533 0.024253 0.011936
0 0.712331 0.694880 0.021185 0.022755
0 0.451029 0.178467 0.014211 0.020484
0 0.236981 0.893468 0.024355 0.026151
0 0.355842 0.214011 0.013716 0.021298
1 0.598957 0.593233 0.058444 0.044022
0 0.696716 0.836459 0.034263 0.028768
0 0.987163 0.715578 0.025675 0.021817
0 0.261003 0.113677 0.024538 0.011857
1 0.789851 0.531618 0.054366 0.043144
0 0.711899 0.199095 0.023692 0.016074
0 0.407753 0.209369 0.018102 0.022593
0 0.425342 0.126265 0.014173 0.022814
1 0.168914 0.599839 0.062222 0.040824
1 0.510492 0.682780 0.043166 0.026750
0 0.529732 0.496020 0.015984 0.029880
1 0.293430 0.497160 0.087889 0.039374
0 0.549880 0.148018 0.018101 0.021576
0 0.270291 0.904906 0.015585 0.022616
0 0.935787 0.546728 0.025778 0.017487
0 0.545723 0.491604 0.016149 0.029630
0 0.668287 0.742029 0.024176 0.018730
0 0.541107 0.891365 0.031510 0.026347
0 0.450557 0.123811 0.015569 0.024045
0 0.726968 0.870334 0.033394 0.027716
0 0.322971 0.057516 0.019881 0.010676
1 0.292717 0.460646 0.086384 0.040692
0 0.605202 0.643737 0.027904 0.017484
0 0.766948 0.913601 0.028893 0.023089
0 0.547304 0.922662 0.038360 0.031360
0 0.523935 0.758694 0.025809 0.032926
0 0.560573 0.143171 0.017518 0.022121
0 0.566851 0.781601 0.027800 0.032404
0 0.326161 0.746423 0.020712 0.014160
0 0.899989 0.458839 0.030289 0.018344
0 0.291879 0.111784 0.024177 0.012990
0 0.497702 0.081953 0.021701 0.012161
1 0.236875 0.727137 0.054866 0.041269
0 0.286881 0.923831 0.018344 0.030206
0 0.552959 0.096150 0.019116 0.021969
0 0.364470 0.190896 0.015527 0.024049
0 0.477097 0.739420 0.028015 0.018435
1 0.318406 0.692959 0.054585 0.046264
0 0.399022 0.098323 0.022018 0.011383
0 0.675447 0.668311 0.027829 0.018496
0 0.661828 0.044320 0.021528 0.013787
0 0.409916 0.044553 0.020720 0.011389
0 0.520047 0.077292 0.021294 0.012796
0 0.799993 0.948150 0.032808 0.025433
0 0.979658 0.438029 0.015872 0.022706
0 0.576185 0.655875 0.024018 0.017186
0 0.346777 0.368589 0.017244 0.021621
0 0.233699 0.779113 0.024665 0.017525
0 0.686076 0.131543 0.018904 0.022611
1 0.292623 0.445034 0.089766 0.042551
0 0.369686 0.212191 0.015523 0.021735
0 0.943695 0.606099 0.021299 0.031685
1 0.903564 0.248369 0.044422 0.014136
0 0.419376 0.758619 0.024026 0.017625
0 0.673445 0.105294 0.017450 0.021016
1 0.890740 0.228640 0.030949 0.010167
0 0.450968 0.784932 0.033816 0.018890
0 0.856505 0.147207 0.029773 0.019964
0 0.548161 0.862576 0.032397 0.031864
0 0.866520 0.601313 0.022887 0.016384
0 0.602557 0.740559 0.023131 0.031362
0 0.525784 0.799663 0.029497 0.034554
1 0.169862 0.617886 0.059342 0.039893
0 0.896642 0.477295 0.037079 0.023470
0 0.540259 0.180392 0.021194 0.024161
0 0.845236 0.138428 0.027644 0.019200
0 0.549907 0.666706 0.023419 0.017200
0 0.507862 0.530973 0.016261 0.030083
0 0.567298 0.743960 0.023334 0.027939
1 0.157660 0.831096 0.052170 0.026722
0 0.075753 0.073828 0.020569 0.010030
0 0.829791 0.990745 0.032642 0.018510
0 0.929026 0.503942 0.024177 0.033251
1 0.292409 0.462492 0.089549 0.043872
0 0.173185 0.068979 0.019393 0.010170
0 0.760586 0.380904 0.025622 0.016592
0 0.181634 0.796946 0.027617 0.017175
0 0.595387 0.473425 0.016762 0.030257
0 0.959127 0.602747 0.025207 0.034842
0 0.090422 0.871942 0.025940 0.017249
0 0.509617 0.761632 0.023450 0.029899
0 0.684221 0.185785 0.016100 0.022602
0 0.009721 0.859678 0.019442 0.016785
1 0.287967 0.390735 0.088832 0.037733
0 0.542603 0.101516 0.016547 0.021060
0 0.374671 0.102070 0.020604 0.013281
0 0.685357 0.760712 0.026058 0.019924
0 0.380547 0.049165 0.023808 0.011522
0 0.957680 0.165704 0.029751 0.019418
0 0.414068 0.184145 0.015946 0.022114
0 0.520277 0.874513 0.032172 0.031469
0 0.464466 0.176344 0.017202 0.026318
0 0.695147 0.182251 0.018519 0.023396
0 0.361541 0.990818 0.027637 0.018365
0 0.413392 0.127416 0.015335 0.023417
0 0.443508 0.201056 0.016906 0.021919
0 0.401596 0.185566 0.015752 0.021803
0 0.674095 0.804139 0.029010 0.024430
0 0.660786 0.109496 0.018539 0.022708
0 0.350807 0.106381 0.020140 0.010990
0 0.545370 0.018298 0.022475 0.012666
1 0.170676 0.617836 0.062218 0.040223
