0 0.321853 0.799121 0.012347 0.033783
0 0.251996 0.964588 0.025189 0.026479
0 0.528476 0.809529 0.013762 0.033719
0 0.577121 0.812457 0.013295 0.036599
0 0.553580 0.809299 0.013906 0.036029
0 0.634068 0.951233 0.012020 0.033547
0 0.306514 0.925157 0.012446 0.033306
0 0.307815 0.799051 0.013261 0.035219
0 0.524027 0.165414 0.023667 0.017260
0 0.745645 0.951465 0.012941 0.036170
0 0.618467 0.170089 0.022259 0.016097
0 0.431245 0.807762 0.012482 0.036754
0 0.345757 0.801985 0.012661 0.035881
0 0.489721 0.897887 0.011570 0.032495
0 0.404368 0.933368 0.011784 0.035468
0 0.328654 0.894925 0.012744 0.035087
0 0.492541 0.086140 0.023750 0.015988
0 0.613986 0.814248 0.014269 0.038207
0 0.658951 0.946653 0.011643 0.032551
0 0.334123 0.800877 0.011637 0.033252
0 0.818198 0.180343 0.023153 0.015748
0 0.443356 0.159273 0.023673 0.016940
0 0.439569 0.936810 0.011853 0.034766
0 0.489046 0.937084 0.012096 0.033977
0 0.503603 0.899148 0.012930 0.036036
0 0.501807 0.936545 0.013188 0.035619
0 0.392282 0.934129 0.011694 0.032117
0 0.801750 0.103682 0.023023 0.015688
0 0.654941 0.169890 0.023876 0.016534
0 0.451985 0.901830 0.011455 0.034735
0 0.464507 0.899475 0.011309 0.034186
0 0.379923 0.932902 0.012124 0.032112
0 0.392144 0.896095 0.011830 0.034978
0 0.563514 0.940768 0.012448 0.031750
0 0.451925 0.939113 0.011025 0.034014
0 0.462545 0.085202 0.024477 0.016114
0 0.492074 0.808830 0.012700 0.033636
0 0.595212 0.093357 0.023751 0.016259
0 0.366200 0.889818 0.013880 0.034269
0 0.354861 0.931461 0.013084 0.033707
0 0.503782 0.810190 0.013447 0.033646
0 0.554388 0.167089 0.023425 0.016093
0 0.526893 0.088713 0.029092 0.019578
0 0.721645 0.947475 0.012649 0.035827
0 0.686001 0.173445 0.022856 0.015292
0 0.375509 0.078400 0.023113 0.016842
0 0.394489 0.804988 0.012640 0.034117
0 0.476997 0.937476 0.012594 0.037988
0 0.743563 0.175299 0.025408 0.017278
0 0.407124 0.802023 0.011455 0.031814
0 0.455372 0.806636 0.011881 0.033549
0 0.356251 0.801592 0.010819 0.034445
0 0.627220 0.095506 0.024687 0.018160
0 0.343626 0.895472 0.011568 0.033790
0 0.385534 0.156320 0.024788 0.017849
0 0.610733 0.910101 0.012116 0.034451
0 0.784553 0.176426 0.027631 0.017683
0 0.317441 0.889312 0.011828 0.033101
0 0.713621 0.176131 0.024068 0.018202
0 0.419925 0.807821 0.011625 0.032490
0 0.345301 0.078435 0.022824 0.016276
0 0.560743 0.090550 0.024609 0.017670
0 0.427445 0.937630 0.011339 0.034287
0 0.415865 0.938399 0.011511 0.033837
0 0.358232 0.156860 0.023832 0.018939
0 0.467093 0.806795 0.012662 0.032739
0 0.587166 0.904298 0.012163 0.039620
0 0.587353 0.945660 0.012890 0.036932
0 0.627505 0.814813 0.012547 0.036421
0 0.515327 0.937318 0.013091 0.033177
0 0.574952 0.942883 0.011069 0.034981
0 0.475199 0.162633 0.025705 0.017039
0 0.294938 0.924769 0.012647 0.031447
0 0.289497 0.749511 0.021111 0.017781
0 0.213365 0.096602 0.020719 0.017174
0 0.368377 0.933238 0.011169 0.032342
0 0.317439 0.926039 0.013291 0.031355
