2 0.342442 0.706667 0.052932 0.043665
2 0.441124 0.746367 0.060245 0.048891
2 0.330312 0.570082 0.055464 0.048000
2 0.523900 0.445182 0.050289 0.038654
2 0.789234 0.647829 0.074038 0.060894
2 0.387396 0.532075 0.054832 0.045846
2 0.461207 0.798859 0.055402 0.050070
2 0.847046 0.609427 0.075043 0.059080
2 0.502633 0.606283 0.053508 0.042943
2 0.570390 0.662772 0.052273 0.043030
2 0.703083 0.482701 0.062618 0.048593
2 0.299733 0.731774 0.055146 0.045369
2 0.357910 0.798879 0.053687 0.044774
2 0.602521 0.392408 0.049576 0.042981
2 0.490045 0.835019 0.057872 0.051500
2 0.761580 0.286501 0.058961 0.052082
2 0.604364 0.146207 0.047482 0.044382
2 0.702277 0.582133 0.045440 0.037641
2 0.613840 0.638185 0.050679 0.043631
2 0.629459 0.270947 0.046431 0.037799
2 0.398273 0.771643 0.051717 0.042856
2 0.381974 0.849825 0.053612 0.045662
2 0.731164 0.255893 0.050143 0.042480
2 0.422510 0.655344 0.043055 0.036598
2 0.121442 0.690042 0.051028 0.047351
2 0.571727 0.355972 0.050573 0.043305
2 0.635103 0.176415 0.046652 0.041978
2 0.571430 0.355790 0.051152 0.043214
