1 0.134254 0.938223 0.049447 0.018310
1 0.350511 0.799590 0.014034 0.078053
1 0.329709 0.564998 0.042266 0.012825
1 0.207986 0.374458 0.037406 0.011752
1 0.328861 0.580235 0.039954 0.011813
1 0.206281 0.359811 0.036840 0.012597
1 0.446799 0.342098 0.044647 0.012471
1 0.388178 0.798955 0.013532 0.080553
1 0.360858 0.510382 0.047238 0.013439
0 0.828709 0.645823 0.008370 0.017447
0 0.783355 0.534755 0.017386 0.016241
0 0.189581 0.846260 0.015207 0.020158
1 0.367375 0.582381 0.035779 0.011149
0 0.758070 0.564053 0.017942 0.018231
0 0.834218 0.673052 0.015780 0.018605
1 0.326269 0.592972 0.039867 0.012629
0 0.065666 0.785927 0.017320 0.016062
0 0.047324 0.419035 0.009001 0.019293
0 0.745195 0.855908 0.009792 0.019474
0 0.751748 0.676113 0.015367 0.019888
1 0.313171 0.633190 0.043656 0.014033
1 0.350719 0.467249 0.062011 0.014401
1 0.324051 0.606351 0.041504 0.013595
0 0.765537 0.802708 0.009426 0.018828
0 0.697699 0.739344 0.014452 0.020118
0 0.896232 0.491510 0.017001 0.016079
0 0.870988 0.427995 0.019122 0.018190
0 0.947191 0.860827 0.008797 0.018537
0 0.772717 0.549288 0.017117 0.016228
0 0.806277 0.584354 0.017817 0.016136
0 0.820750 0.858413 0.009224 0.018609
0 0.811265 0.803867 0.009465 0.019427
0 0.746706 0.579525 0.018530 0.016708
1 0.748622 0.319739 0.033269 0.010944
0 0.800500 0.592030 0.014943 0.015427
0 0.112347 0.757207 0.019510 0.015783
0 0.775390 0.804415 0.010102 0.019785
0 0.135486 0.843146 0.016436 0.021547
0 0.178132 0.845856 0.015183 0.020929
1 0.166591 0.359979 0.033620 0.012686
1 0.663221 0.461245 0.049884 0.057588
0 0.821713 0.804218 0.009092 0.018866
0 0.161111 0.729098 0.017961 0.008957
0 0.794624 0.518307 0.017798 0.016149
0 0.879307 0.420218 0.018877 0.018323
0 0.878560 0.731284 0.016862 0.020277
0 0.718431 0.663046 0.016598 0.025299
0 0.819185 0.645772 0.008938 0.018461
0 0.740081 0.587003 0.015507 0.015369
0 0.678734 0.852260 0.009160 0.018425
0 0.794726 0.698115 0.010834 0.018581
0 0.030747 0.418933 0.010132 0.022191
1 0.403722 0.340658 0.036007 0.014086
0 0.688468 0.852518 0.009348 0.018134
0 0.069177 0.849599 0.019485 0.018447
0 0.811170 0.858172 0.010151 0.019284
0 0.071770 0.492556 0.009479 0.019193
1 0.414975 0.622367 0.066682 0.013887
0 0.207013 0.729633 0.016777 0.009429
0 0.112180 0.768941 0.016805 0.013905
0 0.066896 0.859378 0.018514 0.018135
