1 0.455899 0.808073 0.049089 0.039181
0 0.914051 0.847212 0.030816 0.020223
0 0.381978 0.319607 0.032062 0.026858
0 0.441329 0.763058 0.029293 0.029080
0 0.832636 0.391493 0.031760 0.027758
0 0.725667 0.576616 0.020168 0.025544
0 0.296621 0.374020 0.022172 0.028286
0 0.649405 0.630468 0.029440 0.027806
0 0.629748 0.305291 0.028371 0.030381
0 0.365225 0.844005 0.021654 0.025749
0 0.565993 0.683478 0.030616 0.021339
0 0.404787 0.859952 0.026086 0.029357
0 0.085089 0.059431 0.020300 0.033267
0 0.035834 0.780011 0.019083 0.032444
0 0.618819 0.686338 0.030155 0.024077
0 0.451131 0.287338 0.036917 0.021103
0 0.223636 0.888562 0.019308 0.029552
0 0.216649 0.454149 0.025712 0.026252
0 0.519098 0.729441 0.033097 0.022741
0 0.061529 0.270035 0.019821 0.034367
0 0.649636 0.630127 0.029737 0.027603
