0 0.899868 0.635044 0.025209 0.021031
0 0.922591 0.652803 0.029684 0.024120
0 0.665556 0.926351 0.025691 0.023140
0 0.659067 0.755774 0.026331 0.021825
0 0.690364 0.779983 0.025612 0.021931
0 0.859626 0.909312 0.026608 0.021104
0 0.912133 0.579477 0.030116 0.023622
0 0.713992 0.797219 0.028566 0.021514
0 0.618471 0.582001 0.028425 0.022493
0 0.825230 0.576585 0.027916 0.022485
0 0.764324 0.836731 0.029926 0.023768
0 0.590576 0.702606 0.027262 0.021578
0 0.221810 0.097112 0.020283 0.023544
0 0.873343 0.614174 0.025353 0.020776
0 0.144424 0.085471 0.023772 0.023960
0 0.552612 0.952031 0.031011 0.024146
0 0.835638 0.521273 0.026696 0.021288
0 0.795161 0.859691 0.027458 0.022907
0 0.885572 0.560523 0.029225 0.024648
0 0.872137 0.119131 0.028738 0.024126
0 0.641053 0.947371 0.027450 0.021842
0 0.207464 0.071642 0.020171 0.021690
0 0.849556 0.595949 0.025427 0.021025
0 0.769852 0.201836 0.025688 0.021364
0 0.577560 0.932111 0.027399 0.022573
0 0.882383 0.926101 0.026525 0.022000
0 0.801261 0.929026 0.027413 0.022439
0 0.740033 0.817362 0.024620 0.021647
0 0.794490 0.180866 0.026690 0.022741
0 0.623985 0.894534 0.025849 0.021050
0 0.861872 0.541308 0.025982 0.021165
0 0.943914 0.062706 0.027925 0.023073
0 0.797030 0.556913 0.029508 0.023869
0 0.686582 0.201810 0.027439 0.022600
0 0.527666 0.971696 0.025598 0.020952
0 0.818130 0.163007 0.024578 0.020041
0 0.765616 0.139025 0.026558 0.021233
0 0.883597 0.043427 0.026696 0.021868
0 0.871822 0.983641 0.027659 0.023018
0 0.725511 0.438653 0.024431 0.021746
0 0.710155 0.183584 0.027633 0.022187
0 0.661620 0.823829 0.024642 0.020907
0 0.906189 0.943637 0.027414 0.022496
0 0.183581 0.154948 0.020714 0.021814
0 0.591886 0.599424 0.028127 0.020642
0 0.406860 0.610736 0.030447 0.020494
0 0.748015 0.220008 0.027142 0.022812
0 0.179860 0.025331 0.021224 0.022932
0 0.312861 0.236726 0.025591 0.018215
0 0.774159 0.908380 0.027273 0.022096
0 0.156740 0.108641 0.023705 0.022918
0 0.139889 0.599736 0.032061 0.019161
0 0.618237 0.965639 0.026668 0.022730
0 0.662079 0.220840 0.029384 0.023818
0 0.750526 0.893721 0.026359 0.018825
0 0.823181 0.946172 0.026074 0.021869
0 0.750009 0.456148 0.025912 0.020489
0 0.547633 0.251051 0.025331 0.016963
0 0.933934 0.596261 0.024409 0.019350
0 0.704421 0.418649 0.021326 0.020010
0 0.126343 0.057796 0.023828 0.025294
0 0.196762 0.177435 0.020350 0.021378
0 0.392158 0.623079 0.032167 0.017369
0 0.236213 0.122731 0.024278 0.026300
0 0.634910 0.737909 0.024323 0.019808
0 0.839436 0.893722 0.024377 0.018977
0 0.088631 0.520362 0.031391 0.019783
0 0.357617 0.241828 0.030659 0.015112
0 0.268818 0.177493 0.023782 0.027773
0 0.722727 0.239140 0.024651 0.020682
0 0.701864 0.255563 0.023284 0.019167
0 0.653369 0.301315 0.022708 0.024744
0 0.818171 0.877475 0.025886 0.020764
0 0.318747 0.599639 0.027376 0.018131
0 0.112633 0.032388 0.024160 0.023819
0 0.845476 0.962564 0.024490 0.019893
0 0.813111 0.100064 0.024647 0.020778
0 0.639632 0.563896 0.025916 0.021324
0 0.969122 0.042040 0.025612 0.021472
0 0.349837 0.610750 0.027309 0.015404
0 0.936236 0.966976 0.027285 0.021774
0 0.658665 0.542574 0.024221 0.023550
0 0.520577 0.242357 0.027723 0.015879
0 0.740710 0.158693 0.029123 0.024088
0 0.613225 0.785409 0.026269 0.019845
0 0.860725 0.061147 0.025633 0.019534
0 0.288217 0.585553 0.029937 0.019635
