1 0.930932 0.558916 0.058166 0.025904
0 0.507274 0.833168 0.033254 0.025643
0 0.722140 0.820486 0.026980 0.025392
0 0.697768 0.813381 0.022536 0.032609
0 0.528541 0.822657 0.036307 0.029463
0 0.598453 0.911664 0.018371 0.027618
0 0.549416 0.810921 0.027317 0.031126
0 0.697105 0.930338 0.019136 0.030322
0 0.571905 0.811034 0.025331 0.031374
0 0.853626 0.977696 0.038854 0.026735
0 0.465541 0.956846 0.027696 0.028473
0 0.660207 0.886569 0.016543 0.029776
0 0.676741 0.805709 0.016885 0.024927
0 0.678330 0.890344 0.017321 0.026162
0 0.638982 0.916090 0.017301 0.025315
0 0.740319 0.833708 0.032832 0.026361
0 0.563258 0.878973 0.018382 0.028181
0 0.486815 0.960198 0.025548 0.025855
1 0.849875 0.458162 0.020666 0.043085
0 0.543900 0.876744 0.019143 0.025854
0 0.114062 0.353328 0.017776 0.028048
0 0.677593 0.926242 0.017407 0.029919
0 0.903587 0.230729 0.027460 0.028099
0 0.641087 0.884268 0.017283 0.027391
0 0.091542 0.344605 0.018326 0.027090
0 0.718568 0.901857 0.016197 0.023989
0 0.852113 0.402198 0.018823 0.028029
0 0.764196 0.864452 0.038141 0.023654
0 0.540417 0.908272 0.019197 0.027852
0 0.493019 0.848250 0.035112 0.023651
0 0.445538 0.939972 0.031821 0.017631
0 0.759647 0.848854 0.039611 0.026503
0 0.658559 0.925512 0.017729 0.027354
0 0.580693 0.880792 0.016283 0.025285
0 0.559476 0.909961 0.016159 0.024830
0 0.035074 0.472231 0.019699 0.027801
0 0.653723 0.803645 0.016255 0.026718
0 0.855347 0.627849 0.014658 0.024784
0 0.614769 0.808649 0.017557 0.027497
0 0.919783 0.679697 0.019253 0.030211
0 0.071412 0.337307 0.018345 0.028569
0 0.775304 0.895954 0.040819 0.016092
0 0.619167 0.916242 0.017346 0.025804
0 0.769882 0.880686 0.035675 0.018450
0 0.600911 0.881092 0.018950 0.027014
0 0.658565 0.925988 0.017537 0.027684
0 0.859912 0.658142 0.021249 0.029603
0 0.562263 0.977661 0.021411 0.023894
0 0.444442 0.920939 0.033255 0.013045
0 0.758892 0.264194 0.028846 0.027192
0 0.255470 0.828237 0.033769 0.029744
0 0.200195 0.893324 0.032809 0.027650
