2 0.093064 0.123115 0.034135 0.036012
2 0.699537 0.582885 0.023953 0.025647
2 0.954171 0.755092 0.021998 0.028905
2 0.789675 0.688116 0.020829 0.021856
2 0.776991 0.935945 0.022344 0.017931
2 0.046542 0.163124 0.025416 0.027029
2 0.602659 0.557546 0.031134 0.032910
2 0.625758 0.430329 0.020900 0.021658
2 0.799438 0.928106 0.024473 0.025149
2 0.200659 0.267329 0.023344 0.022776
2 0.810423 0.728724 0.021592 0.024116
2 0.733459 0.547390 0.025191 0.026634
2 0.233554 0.235669 0.020958 0.021695
2 0.771060 0.685281 0.019326 0.020894
2 0.241917 0.329247 0.020524 0.022053
2 0.772489 0.703806 0.020806 0.021976
2 0.272070 0.378830 0.021142 0.023163
2 0.446074 0.655757 0.026405 0.026973
2 0.731450 0.637452 0.018731 0.020831
2 0.071701 0.396824 0.021846 0.021695
2 0.826310 0.712616 0.023609 0.024861
2 0.259714 0.311632 0.023333 0.021724
2 0.788642 0.668778 0.020038 0.022038
2 0.964631 0.787421 0.026693 0.035246
2 0.610921 0.446570 0.024981 0.027660
2 0.735845 0.568301 0.021119 0.022286
2 0.072247 0.194464 0.021967 0.023078
2 0.185118 0.283643 0.021644 0.021698
2 0.209234 0.361121 0.019585 0.022580
2 0.321122 0.331047 0.023796 0.025183
2 0.657521 0.462066 0.017102 0.019141
2 0.238421 0.410681 0.022585 0.023026
2 0.054573 0.412376 0.021882 0.024826
2 0.257254 0.448718 0.016248 0.018760
2 0.303513 0.468592 0.019510 0.019275
2 0.223193 0.427355 0.021338 0.024278
2 0.750384 0.639909 0.018876 0.020619
2 0.564978 0.565772 0.022021 0.026126
2 0.271829 0.500482 0.018751 0.019352
2 0.851988 0.806610 0.023245 0.023494
2 0.274094 0.431668 0.018844 0.020211
2 0.168109 0.298788 0.020701 0.022554
2 0.288536 0.429582 0.018905 0.019620
2 0.750444 0.622090 0.017915 0.019429
2 0.271008 0.312579 0.022145 0.022425
2 0.086400 0.379918 0.019907 0.020420
2 0.102877 0.363979 0.021661 0.021655
2 0.119540 0.348947 0.018398 0.019097
2 0.191057 0.393156 0.019524 0.020597
2 0.116874 0.062459 0.021211 0.022940
2 0.823877 0.654472 0.018778 0.021666
2 0.256073 0.463222 0.018153 0.019566
2 0.206237 0.377068 0.018229 0.019038
2 0.594097 0.393400 0.020819 0.022109
2 0.401875 0.129766 0.020490 0.022178
2 0.716963 0.565383 0.020214 0.022470
2 0.842568 0.697405 0.023522 0.025357
2 0.778010 0.743240 0.020549 0.023670
2 0.102103 0.078746 0.025708 0.029109
2 0.192998 0.378740 0.019791 0.021768
2 0.289267 0.414903 0.018995 0.020081
2 0.217654 0.251006 0.022100 0.022330
2 0.405415 0.288747 0.018229 0.021649
2 0.648896 0.554869 0.023070 0.029407
2 0.059709 0.180287 0.019787 0.021612
2 0.868004 0.881511 0.018127 0.021244
2 0.868294 0.902312 0.014424 0.019592
2 0.854779 0.682879 0.024477 0.026141
2 0.411832 0.257883 0.017511 0.020206
