2 0.728332 0.342514 0.048042 0.077494
2 0.359204 0.339924 0.055800 0.096625
2 0.115181 0.598327 0.039134 0.081336
2 0.632229 0.277674 0.048285 0.073706
2 0.752682 0.616521 0.049104 0.077792
2 0.799305 0.651591 0.047718 0.073766
2 0.141826 0.656159 0.035942 0.082741
2 0.871179 0.576273 0.047758 0.094672
2 0.788900 0.583593 0.046148 0.070462
2 0.825156 0.411869 0.047339 0.074731
2 0.921856 0.479894 0.048942 0.076345
2 0.439473 0.345453 0.057841 0.098999
2 0.704070 0.779459 0.053677 0.089884
2 0.751665 0.817585 0.056225 0.094440
2 0.537117 0.209386 0.048991 0.071133
2 0.739715 0.549935 0.047326 0.073576
2 0.777606 0.378461 0.047180 0.073240
2 0.165918 0.475366 0.035001 0.075675
2 0.872037 0.446652 0.043494 0.062533
2 0.175785 0.383681 0.042183 0.084696
2 0.487278 0.382321 0.055125 0.088313
2 0.606587 0.718024 0.046527 0.075734
2 0.436967 0.143476 0.049944 0.078977
2 0.799665 0.850372 0.053142 0.084946
2 0.681290 0.314323 0.047302 0.080417
2 0.834215 0.612015 0.044653 0.068688
2 0.487041 0.181685 0.051112 0.088397
0 0.476349 0.972924 0.013668 0.034732
0 0.390290 0.913936 0.013728 0.038469
0 0.369522 0.902731 0.015026 0.037617
0 0.383446 0.950813 0.016242 0.038186
0 0.414017 0.926366 0.013238 0.036025
0 0.510097 0.985513 0.014265 0.028974
0 0.434412 0.942840 0.015118 0.037716
0 0.402070 0.922607 0.014032 0.037985
0 0.414690 0.972390 0.013640 0.034209
0 0.404016 0.965501 0.014284 0.035527
0 0.497529 0.986235 0.014372 0.027530
