2 0.138893 0.515629 0.025915 0.080224
2 0.088635 0.510680 0.039775 0.118094
2 0.190329 0.535693 0.039453 0.117173
2 0.801018 0.681380 0.024967 0.073611
2 0.662175 0.683554 0.034033 0.105038
2 0.027042 0.600610 0.041606 0.118484
2 0.495466 0.509628 0.026790 0.076441
2 0.452315 0.680869 0.021410 0.060753
2 0.428172 0.680959 0.024929 0.076804
2 0.404632 0.684767 0.021472 0.063067
2 0.178189 0.236135 0.024651 0.081178
2 0.689010 0.711728 0.019535 0.054886
2 0.492232 0.675701 0.022395 0.067644
2 0.299996 0.300276 0.037082 0.121266
2 0.472150 0.680386 0.019191 0.057751
2 0.933136 0.700299 0.048447 0.151160
2 0.158757 0.533208 0.020200 0.072473
2 0.142562 0.238083 0.032719 0.100893
2 0.323492 0.245896 0.024652 0.076342
2 0.716480 0.674250 0.026448 0.095556
2 0.647233 0.818685 0.019781 0.055616
2 0.280131 0.248235 0.022000 0.063672
2 0.161639 0.277660 0.028757 0.095079
2 0.519692 0.500982 0.018528 0.053631
2 0.449907 0.524902 0.022432 0.065671
2 0.190722 0.534895 0.037472 0.117140
2 0.204941 0.231066 0.025576 0.078557
