2 0.570988 0.609934 0.025593 0.056497
2 0.897653 0.320055 0.025430 0.052354
2 0.515290 0.531762 0.028944 0.059069
2 0.488928 0.485985 0.027050 0.052803
2 0.077191 0.783935 0.033404 0.069497
2 0.953172 0.334285 0.022957 0.048521
2 0.388470 0.309318 0.028025 0.056498
2 0.848013 0.433947 0.023932 0.051029
2 0.594162 0.716030 0.028322 0.055197
2 0.542743 0.623497 0.029423 0.058646
2 0.957875 0.371815 0.025176 0.053410
2 0.158681 0.597483 0.024024 0.049929
2 0.589973 0.667907 0.026940 0.056610
2 0.915162 0.280517 0.023920 0.050689
2 0.463966 0.440136 0.027798 0.056126
2 0.831594 0.471639 0.023622 0.051537
2 0.179496 0.541672 0.025016 0.051219
2 0.898776 0.508089 0.024269 0.052426
2 0.138634 0.643461 0.024198 0.051144
2 0.926730 0.398057 0.023380 0.048876
2 0.783896 0.725215 0.031982 0.056805
2 0.518150 0.576032 0.028601 0.056241
2 0.441927 0.439137 0.027132 0.056648
2 0.641774 0.758669 0.025557 0.053653
2 0.812645 0.654423 0.034151 0.063949
2 0.100814 0.730664 0.026078 0.052995
2 0.646580 0.801443 0.023298 0.048182
2 0.973808 0.336270 0.022633 0.050149
2 0.118888 0.686179 0.024700 0.049752
2 0.492797 0.531717 0.029668 0.056041
2 0.898914 0.471062 0.023661 0.047243
2 0.915537 0.474237 0.022812 0.047215
2 0.554283 0.830475 0.026481 0.053296
2 0.438128 0.395066 0.026756 0.053353
2 0.467133 0.480578 0.025174 0.055167
