2 0.257429 0.397213 0.068867 0.160113
2 0.677972 0.284609 0.034694 0.057382
2 0.723267 0.680653 0.033640 0.056654
2 0.721936 0.287035 0.037246 0.060391
2 0.838916 0.512101 0.038453 0.063493
2 0.608594 0.507788 0.034051 0.060452
2 0.376706 0.683417 0.032843 0.059838
2 0.631095 0.680918 0.037310 0.066227
2 0.864913 0.466406 0.031880 0.060508
2 0.328741 0.681599 0.035766 0.059239
2 0.539888 0.454364 0.038626 0.076650
2 0.908407 0.679285 0.028383 0.056440
2 0.305288 0.331751 0.056500 0.132544
2 0.677193 0.678853 0.028652 0.052666
2 0.274765 0.673940 0.039582 0.075805
2 0.629414 0.461620 0.028710 0.054694
2 0.631314 0.290379 0.033344 0.060657
2 0.747339 0.505813 0.035537 0.060704
2 0.909165 0.453797 0.042789 0.075838
2 0.403145 0.316882 0.028451 0.082769
2 0.768531 0.679900 0.037051 0.059124
2 0.250658 0.782298 0.038362 0.062644
2 0.305797 0.738813 0.034204 0.057851
2 0.588533 0.288624 0.035325 0.050007
2 0.076726 0.804172 0.037756 0.060133
2 0.379317 0.353118 0.029894 0.084879
2 0.538867 0.678535 0.033917 0.061323
2 0.218049 0.669895 0.043646 0.078731
