2 0.227521 0.750534 0.071092 0.047761
2 0.661824 0.361821 0.095611 0.065721
2 0.297849 0.337716 0.064966 0.045111
2 0.301678 0.802486 0.050906 0.034032
2 0.518306 0.453908 0.071779 0.050669
2 0.661593 0.203288 0.076037 0.052472
2 0.356137 0.668040 0.055666 0.040385
2 0.679351 0.300970 0.096633 0.060796
2 0.820821 0.406496 0.093058 0.068248
2 0.054238 0.747759 0.095313 0.059934
2 0.324844 0.506660 0.097940 0.064419
2 0.405740 0.417289 0.090726 0.060808
2 0.727215 0.228485 0.062376 0.046106
2 0.586621 0.332948 0.097878 0.069625
2 0.277366 0.743219 0.071789 0.045825
2 0.505533 0.304158 0.101111 0.066761
2 0.236714 0.718091 0.071187 0.045167
2 0.327894 0.758893 0.056558 0.035140
2 0.566697 0.481050 0.076535 0.055367
2 0.223250 0.610438 0.120425 0.074002
2 0.432491 0.558277 0.057938 0.038043
2 0.882150 0.374197 0.099021 0.066349
2 0.186998 0.695883 0.069486 0.046735
2 0.470349 0.628956 0.045537 0.028886
2 0.353129 0.629175 0.082132 0.054122
2 0.393697 0.687663 0.058578 0.041825
2 0.408264 0.656180 0.086018 0.058866
2 0.387569 0.531457 0.044936 0.029496
2 0.189520 0.727168 0.068247 0.046621
2 0.475534 0.579964 0.038408 0.027379
