1 0.409605 0.500743 0.113043 0.089314
1 0.535565 0.776916 0.109540 0.095502
1 0.727543 0.866331 0.057170 0.105777
1 0.471148 0.745266 0.112232 0.092360
1 0.317925 0.221436 0.135519 0.046959
1 0.298675 0.170603 0.099854 0.038593
1 0.385309 0.463178 0.116795 0.091935
1 0.850109 0.834433 0.063904 0.102172
1 0.451907 0.641814 0.117941 0.091414
1 0.382024 0.421823 0.116409 0.095131
1 0.866387 0.608078 0.072654 0.123211
0 0.650908 0.842538 0.044079 0.048570
1 0.728663 0.866812 0.054493 0.103266
0 0.061827 0.807146 0.061013 0.039329
