1 0.868280 0.489564 0.100214 0.048984
1 0.754141 0.690746 0.069134 0.045893
1 0.766308 0.673235 0.071136 0.047710
1 0.710042 0.601677 0.073499 0.043134
1 0.333760 0.725597 0.072844 0.042985
1 0.890298 0.908291 0.058986 0.090529
1 0.679173 0.653998 0.070502 0.043170
1 0.695134 0.618181 0.071656 0.043243
1 0.687488 0.636478 0.073058 0.042545
1 0.783481 0.634291 0.072319 0.049548
1 0.953974 0.934868 0.057331 0.085365
1 0.449690 0.653234 0.071141 0.047843
1 0.867903 0.532132 0.101945 0.053614
1 0.525340 0.678618 0.071435 0.040393
0 0.039074 0.354276 0.034946 0.025384
1 0.874742 0.462405 0.107688 0.060474
1 0.648059 0.036237 0.053044 0.033264
0 0.035532 0.302290 0.021444 0.032068
0 0.532666 0.874996 0.024872 0.032949
1 0.612525 0.130361 0.051300 0.032036
1 0.378825 0.627389 0.065376 0.038837
1 0.932637 0.921891 0.061168 0.086537
0 0.493306 0.962130 0.023241 0.033235
0 0.194054 0.025475 0.023360 0.032786
0 0.695321 0.451047 0.021241 0.028953
1 0.632332 0.069647 0.046035 0.031354
0 0.096220 0.040269 0.034021 0.023405
1 0.629224 0.089352 0.041067 0.026800
1 0.884188 0.587071 0.069276 0.039641
