1 0.763329 0.767889 0.137881 0.052212
1 0.582606 0.558191 0.096753 0.034050
1 0.552134 0.360258 0.101029 0.044907
1 0.708171 0.657929 0.107516 0.043982
1 0.592044 0.500023 0.096749 0.040617
1 0.569688 0.443668 0.104103 0.043607
1 0.700286 0.630833 0.106234 0.043695
1 0.583394 0.471370 0.090908 0.037014
1 0.569812 0.414032 0.095647 0.040436
1 0.288033 0.880328 0.083642 0.126965
1 0.477279 0.312768 0.092994 0.041186
1 0.718237 0.687151 0.110818 0.047127
1 0.552570 0.390543 0.080286 0.033991
1 0.978119 0.353547 0.038881 0.068011
1 0.431672 0.175386 0.093957 0.040951
