1 0.920486 0.370434 0.057659 0.094987
0 0.862312 0.943659 0.029801 0.031716
0 0.906053 0.933031 0.031172 0.033160
0 0.989795 0.867356 0.020409 0.033430
0 0.843663 0.949619 0.030322 0.034075
0 0.782444 0.966421 0.029553 0.033857
0 0.988305 0.906504 0.023390 0.030767
0 0.928236 0.886600 0.031760 0.034616
0 0.870993 0.904002 0.030112 0.033859
0 0.960833 0.787404 0.032437 0.033847
0 0.883346 0.939027 0.030664 0.033890
0 0.929167 0.926279 0.033221 0.035723
0 0.848874 0.911637 0.030320 0.033678
0 0.973157 0.872725 0.027637 0.034366
0 0.954744 0.881013 0.031892 0.031310
0 0.968317 0.913139 0.026190 0.032482
0 0.825598 0.917508 0.032043 0.035269
0 0.765540 0.934096 0.027515 0.033795
0 0.806101 0.923961 0.031822 0.033016
