1 0.692834 0.439454 0.119967 0.048556
1 0.455564 0.220108 0.118139 0.054145
1 0.551157 0.457797 0.050895 0.101452
1 0.348473 0.476580 0.120520 0.048842
1 0.391182 0.357856 0.117347 0.057766
1 0.788944 0.532203 0.067338 0.082651
1 0.430085 0.310010 0.125870 0.053634
1 0.626059 0.626154 0.132429 0.049507
1 0.370514 0.444828 0.099585 0.054517
1 0.302645 0.569796 0.118242 0.043249
1 0.655734 0.574579 0.128184 0.044983
1 0.379756 0.418422 0.108014 0.058161
1 0.330727 0.509615 0.119289 0.040491
1 0.640359 0.600866 0.127570 0.045292
1 0.692602 0.471539 0.130174 0.054250
1 0.770092 0.342196 0.101330 0.039154
1 0.414244 0.335146 0.116348 0.052603
1 0.527846 0.610969 0.062781 0.097130
1 0.446557 0.283823 0.131388 0.051796
1 0.710782 0.415083 0.129587 0.050711
1 0.573699 0.298958 0.060082 0.095533
1 0.407543 0.574554 0.060434 0.095484
1 0.737821 0.636457 0.077007 0.106209
1 0.734623 0.386985 0.127738 0.053783
1 0.799872 0.845725 0.088701 0.042813
0 0.253846 0.372177 0.036598 0.048688
1 0.612481 0.216933 0.061274 0.066878
1 0.451215 0.563961 0.064222 0.106167
0 0.198826 0.571588 0.036676 0.046031
0 0.286433 0.308538 0.039409 0.048456
1 0.688207 0.268817 0.079670 0.033486
0 0.234060 0.418452 0.036668 0.044966
0 0.237287 0.478207 0.042915 0.056999
1 0.603155 0.650438 0.125227 0.053118
0 0.793527 0.265236 0.055583 0.034781
0 0.176156 0.327987 0.038396 0.045591
0 0.282949 0.382779 0.034725 0.044475
1 0.695664 0.236443 0.081613 0.043012
0 0.628035 0.277354 0.030684 0.044337
1 0.445922 0.246631 0.086640 0.036699
1 0.385336 0.389133 0.121168 0.064854
1 0.303425 0.615276 0.073946 0.027931
0 0.805898 0.309137 0.063142 0.031080
0 0.192294 0.509780 0.044359 0.049184
0 0.079874 0.378145 0.054367 0.028656
1 0.384037 0.389573 0.123450 0.064013
