0 0.403394 0.234806 0.038477 0.053977
0 0.251386 0.373941 0.041317 0.056585
0 0.158171 0.330495 0.030876 0.044146
0 0.327154 0.157013 0.032875 0.046906
0 0.195104 0.438263 0.039511 0.054225
0 0.652820 0.059667 0.030402 0.046616
0 0.667476 0.043936 0.033276 0.047435
0 0.420638 0.219116 0.040905 0.055687
0 0.213167 0.416018 0.039563 0.054342
0 0.570098 0.125939 0.030959 0.046334
0 0.363034 0.274638 0.041625 0.054213
0 0.620319 0.087108 0.032677 0.047872
0 0.311334 0.170515 0.032206 0.044409
0 0.602267 0.100304 0.039457 0.053535
0 0.174316 0.311471 0.034149 0.046978
0 0.174641 0.452404 0.033717 0.047943
0 0.552636 0.140649 0.033849 0.050217
0 0.439880 0.196876 0.041538 0.055238
0 0.265989 0.215067 0.034263 0.044526
1 0.074078 0.400091 0.080186 0.089747
0 0.231848 0.246852 0.030003 0.041720
0 0.142449 0.344523 0.031070 0.046548
0 0.384584 0.257103 0.040288 0.053547
0 0.017657 0.458579 0.034849 0.051386
0 0.319981 0.313798 0.042705 0.053367
0 0.206304 0.279687 0.029432 0.042148
0 0.193109 0.295324 0.029228 0.044070
0 0.236052 0.393782 0.042597 0.057003
0 0.283621 0.200331 0.032723 0.043779
0 0.340171 0.293863 0.042070 0.055077
0 0.537125 0.157243 0.029519 0.044400
0 0.464260 0.180081 0.034301 0.048001
0 0.700884 0.021209 0.036743 0.042418
0 0.220223 0.265007 0.031717 0.043860
0 0.250330 0.233055 0.031593 0.043595
