1 0.601306 0.591613 0.082503 0.027273
1 0.239679 0.392723 0.019154 0.077622
1 0.129243 0.467119 0.058293 0.023943
1 0.128164 0.497175 0.061687 0.022500
1 0.729598 0.538648 0.064731 0.025927
1 0.727580 0.595151 0.062626 0.025950
1 0.260254 0.395086 0.020758 0.072744
1 0.901345 0.228912 0.049405 0.026159
1 0.814341 0.540498 0.064373 0.032609
1 0.912772 0.138063 0.042754 0.026555
1 0.816693 0.446515 0.062215 0.036321
1 0.273672 0.891835 0.103626 0.033403
1 0.220469 0.394671 0.019043 0.070893
1 0.281042 0.395563 0.020250 0.074894
1 0.900033 0.262984 0.054865 0.028609
1 0.728819 0.413305 0.066583 0.026588
1 0.895231 0.196786 0.041979 0.026825
1 0.813610 0.606722 0.066500 0.031062
1 0.897023 0.166599 0.051453 0.027500
1 0.128848 0.428285 0.045106 0.026262
0 0.671106 0.722512 0.015605 0.044090
0 0.781909 0.723043 0.014535 0.047092
1 0.257559 0.573218 0.046524 0.029634
0 0.835004 0.073221 0.028810 0.021177
1 0.301431 0.394690 0.019652 0.071524
0 0.653246 0.722633 0.015032 0.050366
0 0.703365 0.721934 0.015190 0.041994
0 0.592343 0.720592 0.015090 0.044834
0 0.829896 0.731345 0.015013 0.046128
0 0.434263 0.478429 0.013599 0.041517
