1 0.233723 0.717143 0.097551 0.020243
1 0.476863 0.339330 0.094146 0.025183
1 0.478533 0.361692 0.096192 0.022652
1 0.240501 0.635617 0.096928 0.018886
1 0.704170 0.599303 0.063414 0.018846
1 0.466948 0.406666 0.101520 0.027963
1 0.466584 0.266828 0.099396 0.032936
1 0.556233 0.410519 0.047836 0.017187
1 0.350128 0.533668 0.028576 0.076545
1 0.232251 0.690689 0.096170 0.020232
1 0.565382 0.283265 0.089036 0.060038
1 0.497451 0.212824 0.084772 0.066457
1 0.404670 0.838008 0.024370 0.076729
1 0.320776 0.533710 0.030759 0.078896
1 0.436245 0.541230 0.030104 0.076296
1 0.498296 0.541709 0.025636 0.078361
1 0.240418 0.613905 0.097094 0.018088
1 0.654349 0.797712 0.057469 0.014729
1 0.684112 0.947719 0.062200 0.015088
1 0.490309 0.388697 0.092836 0.024354
1 0.640282 0.558071 0.024704 0.077188
1 0.586102 0.555282 0.025510 0.074213
1 0.531655 0.546117 0.027816 0.077243
1 0.409033 0.539023 0.028862 0.074902
1 0.433686 0.839037 0.024458 0.075446
1 0.378301 0.838846 0.024440 0.078888
1 0.654216 0.777679 0.058457 0.016594
1 0.468145 0.541842 0.028309 0.079074
1 0.617557 0.400549 0.048573 0.014784
1 0.704914 0.657087 0.056375 0.014634
1 0.659254 0.745325 0.061546 0.017951
1 0.483400 0.313306 0.097597 0.019991
1 0.237201 0.587549 0.092664 0.017576
1 0.675927 0.864358 0.061684 0.018427
1 0.484968 0.869250 0.027567 0.079275
1 0.697388 0.637156 0.049582 0.016888
1 0.606425 0.437031 0.050346 0.019870
1 0.459187 0.850411 0.026681 0.073061
1 0.256985 0.964780 0.018776 0.042049
1 0.559628 0.549445 0.025847 0.074193
1 0.379999 0.536207 0.028973 0.073233
1 0.546400 0.849077 0.026396 0.077831
1 0.683255 0.927342 0.061536 0.014478
1 0.613770 0.556920 0.025798 0.076247
1 0.690457 0.970406 0.052869 0.016242
