1 0.470512 0.438840 0.088517 0.059643
1 0.806209 0.464628 0.091200 0.050348
1 0.781118 0.501377 0.093812 0.054057
1 0.463744 0.876307 0.094068 0.056695
1 0.684729 0.296129 0.085709 0.070980
1 0.786604 0.363153 0.074076 0.057551
1 0.765930 0.521012 0.091698 0.053959
1 0.806181 0.380564 0.082934 0.067560
1 0.706969 0.591433 0.094602 0.051578
1 0.824604 0.447277 0.086790 0.050381
1 0.663543 0.282147 0.081753 0.067879
1 0.580674 0.226945 0.076618 0.066344
1 0.489953 0.409914 0.083992 0.059798
1 0.449182 0.895175 0.090488 0.054543
1 0.743950 0.534471 0.085238 0.050007
1 0.687146 0.607810 0.077612 0.045540
1 0.639620 0.662150 0.074599 0.045464
1 0.796101 0.484611 0.076070 0.045515
1 0.722961 0.323822 0.087851 0.073909
1 0.642784 0.267754 0.086706 0.070227
1 0.673482 0.627802 0.089809 0.049303
1 0.518961 0.393616 0.078000 0.066059
1 0.603400 0.239305 0.083230 0.068899
1 0.467828 0.254381 0.074896 0.062323
1 0.435509 0.246562 0.075438 0.061766
1 0.561068 0.211640 0.078732 0.063929
1 0.431757 0.912584 0.097155 0.056141
1 0.330519 0.761781 0.099796 0.073536
1 0.429359 0.529464 0.072842 0.063966
1 0.719888 0.573113 0.094746 0.054433
1 0.550408 0.771726 0.083121 0.050612
1 0.392381 0.365941 0.070891 0.061961
1 0.436296 0.134710 0.087545 0.066604
0 0.553441 0.062727 0.035217 0.029775
1 0.309754 0.789711 0.110848 0.083700
1 0.752345 0.340838 0.079261 0.063949
1 0.391244 0.485902 0.104933 0.086142
0 0.537372 0.052237 0.033657 0.027683
1 0.733166 0.554417 0.095713 0.057934
1 0.430899 0.911798 0.095964 0.055067
1 0.542173 0.197952 0.078171 0.061544
0 0.054717 0.071790 0.033470 0.027824
0 0.519061 0.041172 0.031184 0.025396
1 0.833363 0.940999 0.051840 0.043992
1 0.409409 0.385440 0.049272 0.040288
