1 0.267851 0.641336 0.049618 0.030854
1 0.733279 0.429614 0.064810 0.044263
1 0.255658 0.545771 0.060850 0.032651
1 0.291907 0.710951 0.064651 0.036829
1 0.263908 0.614962 0.064827 0.031924
1 0.163784 0.553407 0.092445 0.036160
1 0.302183 0.468493 0.031483 0.068476
1 0.194042 0.694068 0.089485 0.043315
1 0.285671 0.687738 0.065357 0.041450
1 0.200879 0.716237 0.092807 0.044114
1 0.262124 0.589388 0.071205 0.034921
1 0.423456 0.535507 0.063214 0.034535
1 0.352595 0.454456 0.029748 0.071118
1 0.156339 0.496819 0.083380 0.042712
1 0.256878 0.567716 0.066159 0.033934
1 0.568892 0.393642 0.027295 0.058797
1 0.587968 0.390789 0.031471 0.067197
1 0.473981 0.587081 0.076803 0.037619
1 0.319044 0.462841 0.026289 0.054027
1 0.210961 0.735266 0.091290 0.042900
1 0.596732 0.622415 0.045821 0.029922
1 0.185404 0.635759 0.085475 0.039417
1 0.742877 0.530096 0.058729 0.033514
1 0.255980 0.363436 0.045791 0.128832
1 0.716017 0.511011 0.043336 0.029524
1 0.664147 0.374702 0.028436 0.073623
1 0.499826 0.643739 0.086611 0.039947
1 0.166219 0.576518 0.090367 0.035812
1 0.718410 0.612239 0.041289 0.064889
1 0.741737 0.450706 0.049670 0.033069
1 0.627476 0.672291 0.060789 0.034188
1 0.429429 0.435039 0.028493 0.050974
1 0.747546 0.713883 0.035904 0.074623
1 0.276294 0.662866 0.043844 0.027218
1 0.187480 0.656984 0.082605 0.038806
1 0.215890 0.755293 0.089700 0.043337
1 0.515056 0.414236 0.026966 0.049756
1 0.543138 0.567951 0.058361 0.037451
1 0.171000 0.596756 0.077554 0.033828
1 0.462711 0.693341 0.062846 0.034338
1 0.700929 0.491559 0.037982 0.028403
1 0.493378 0.627285 0.084900 0.043414
1 0.746055 0.577676 0.052508 0.041365
1 0.290945 0.348373 0.035290 0.127787
1 0.605854 0.388259 0.029062 0.059991
1 0.745618 0.476266 0.046552 0.026610
1 0.822214 0.840934 0.017426 0.045904
1 0.164353 0.266719 0.101422 0.053937
1 0.570632 0.601042 0.060557 0.035709
1 0.422987 0.645244 0.034917 0.023330
1 0.515590 0.659621 0.087673 0.038324
1 0.334885 0.458317 0.024388 0.051757
1 0.608648 0.641543 0.050334 0.032569
1 0.701402 0.355036 0.028155 0.068770
1 0.472265 0.302526 0.054505 0.145946
1 0.160782 0.533727 0.094544 0.031661
1 0.254851 0.357851 0.045554 0.133257
