2 0.659442 0.812702 0.076644 0.119442
2 0.842456 0.725077 0.143465 0.236876
2 0.632135 0.701727 0.074253 0.132357
2 0.765288 0.797661 0.070228 0.122130
2 0.878571 0.539804 0.126156 0.237755
2 0.257728 0.150417 0.101810 0.188582
2 0.709099 0.622838 0.082184 0.130256
2 0.143204 0.522396 0.066642 0.116839
2 0.512478 0.504958 0.072580 0.102515
2 0.351215 0.120763 0.103954 0.197140
2 0.879331 0.649540 0.092510 0.159327
2 0.510790 0.128995 0.081685 0.141169
2 0.086562 0.325968 0.043453 0.077121
2 0.214268 0.204775 0.062376 0.117938
2 0.401585 0.152112 0.053753 0.099147
2 0.132600 0.233238 0.099858 0.183231
2 0.163094 0.331366 0.101385 0.173721
2 0.187796 0.132911 0.066656 0.126609
2 0.339305 0.649165 0.051058 0.105303
2 0.121955 0.436140 0.129267 0.237319
2 0.096724 0.561870 0.065101 0.116302
2 0.524989 0.638013 0.098543 0.156024
2 0.936545 0.630555 0.086913 0.144471
2 0.321582 0.783916 0.102059 0.169631
