0 0.040502 0.775341 0.021845 0.036266
0 0.319799 0.794824 0.022674 0.034248
0 0.243510 0.800847 0.024662 0.033764
0 0.185164 0.802489 0.020514 0.031980
0 0.014229 0.481771 0.018909 0.031437
0 0.216877 0.757109 0.025576 0.042310
0 0.053417 0.476960 0.017706 0.034670
0 0.034004 0.366083 0.021807 0.036458
0 0.019515 0.976337 0.015600 0.030105
0 0.018955 0.780860 0.023665 0.037857
0 0.010014 0.445728 0.018870 0.030763
0 0.262602 0.803758 0.023969 0.036767
0 0.177872 0.769569 0.021592 0.032342
0 0.234585 0.079088 0.038016 0.024841
0 0.033691 0.477374 0.016921 0.033526
0 0.029945 0.738504 0.021399 0.034305
0 0.011290 0.738949 0.022579 0.037454
0 0.020166 0.899847 0.026271 0.037484
0 0.060193 0.775282 0.022954 0.035959
0 0.049804 0.738487 0.021986 0.032640
