1 0.409619 0.403553 0.034337 0.110058
1 0.374398 0.402215 0.031399 0.107776
1 0.167007 0.388813 0.034613 0.112534
1 0.340691 0.401346 0.032321 0.108580
1 0.270544 0.395240 0.038742 0.108218
1 0.227461 0.397504 0.034085 0.100512
0 0.285007 0.870456 0.026026 0.066214
0 0.226608 0.794241 0.024948 0.070265
0 0.283416 0.793994 0.023673 0.068430
0 0.254176 0.796863 0.027153 0.069228
0 0.095629 0.793820 0.025892 0.071904
0 0.349165 0.628635 0.025734 0.066043
0 0.136314 0.637576 0.026264 0.066185
0 0.255815 0.863964 0.024117 0.060849
0 0.344397 0.864405 0.025241 0.061040
0 0.316287 0.871583 0.025594 0.063364
0 0.288004 0.635783 0.029832 0.082946
0 0.315935 0.796249 0.026352 0.075206
0 0.163496 0.860200 0.024205 0.061740
0 0.164406 0.628630 0.025360 0.070868
0 0.197159 0.865594 0.025031 0.065742
0 0.229392 0.866948 0.025988 0.069624
1 0.306904 0.399667 0.038415 0.111877
0 0.163065 0.796448 0.025985 0.063062
0 0.374700 0.795419 0.028534 0.070357
0 0.547745 0.887203 0.054203 0.026978
0 0.070137 0.635267 0.039934 0.097525
0 0.376071 0.866481 0.024943 0.065015
0 0.546650 0.774355 0.050325 0.026773
0 0.543693 0.921131 0.056246 0.034269
0 0.549164 0.814257 0.056503 0.027969
0 0.551060 0.851628 0.054558 0.040563
0 0.123673 0.505301 0.061190 0.035416
0 0.546368 0.958622 0.055612 0.032095
0 0.195350 0.791866 0.026234 0.072263
0 0.094362 0.860799 0.027410 0.066794
0 0.065227 0.857688 0.025044 0.073998
