0 0.022654 0.845367 0.019985 0.048903
0 0.202682 0.762538 0.019106 0.047005
0 0.102312 0.577983 0.017233 0.047540
0 0.015244 0.714152 0.018211 0.046367
0 0.012065 0.895223 0.019168 0.046803
0 0.121467 0.720073 0.019376 0.047833
0 0.242936 0.785567 0.019138 0.048754
0 0.087740 0.572648 0.017078 0.045741
0 0.251468 0.665924 0.019097 0.045627
0 0.096526 0.936033 0.018702 0.042465
0 0.009380 0.839065 0.017899 0.044475
0 0.210148 0.645820 0.018496 0.046911
0 0.258270 0.795952 0.019176 0.047898
0 0.509215 0.806258 0.019567 0.051437
0 0.140541 0.788167 0.019804 0.050856
0 0.306028 0.697217 0.019022 0.047418
0 0.340602 0.836954 0.018740 0.045357
0 0.065211 0.691734 0.017457 0.046822
0 0.083146 0.927374 0.018904 0.046296
0 0.071539 0.743517 0.018808 0.047120
0 0.107635 0.713387 0.019577 0.048180
0 0.130801 0.592196 0.017159 0.044933
0 0.207849 0.819771 0.020124 0.049441
0 0.197211 0.636705 0.017817 0.043633
0 0.111663 0.770083 0.020235 0.051137
0 0.183824 0.630688 0.018038 0.048664
0 0.027688 0.722361 0.018881 0.044234
0 0.103345 0.893019 0.017848 0.044749
0 0.214947 0.770899 0.017927 0.045728
0 0.025522 0.667275 0.017607 0.047489
0 0.063152 0.868235 0.018414 0.049746
0 0.198115 0.944582 0.019092 0.049085
0 0.010445 0.657202 0.016267 0.044476
0 0.040948 0.909192 0.019405 0.046989
0 0.255543 0.975587 0.019297 0.048825
0 0.249208 0.844503 0.019700 0.048985
0 0.109692 0.947499 0.020272 0.050351
0 0.327268 0.834236 0.017354 0.045756
0 0.270647 0.805789 0.019420 0.048970
0 0.352731 0.848543 0.018529 0.047570
0 0.228725 0.778015 0.018882 0.049807
0 0.269943 0.978786 0.017409 0.042428
0 0.521820 0.812493 0.018682 0.050013
0 0.058128 0.738623 0.018364 0.047368
0 0.084864 0.748146 0.020172 0.048579
0 0.226415 0.962219 0.021159 0.054131
0 0.291545 0.685663 0.018611 0.047227
0 0.156726 0.615661 0.019249 0.049001
0 0.079548 0.695681 0.018433 0.048673
0 0.144292 0.603375 0.019577 0.045328
0 0.170699 0.923549 0.022009 0.059513
0 0.052675 0.687831 0.016716 0.044975
0 0.133392 0.732130 0.017275 0.044270
0 0.076932 0.872963 0.020837 0.052091
0 0.070608 0.918964 0.018254 0.044974
0 0.175645 0.981302 0.018346 0.037395
0 0.237373 0.661529 0.018899 0.041862
0 0.262611 0.852129 0.018744 0.047371
0 0.336255 0.708817 0.020604 0.051688
0 0.457446 0.958176 0.016371 0.040507
0 0.284898 0.812611 0.019830 0.050045
0 0.116129 0.898723 0.018954 0.050767
0 0.184238 0.938055 0.020206 0.049231
0 0.267370 0.672470 0.018303 0.045051
0 0.240883 0.965776 0.021774 0.051913
0 0.526356 0.975585 0.028625 0.031076
0 0.148820 0.737908 0.018033 0.044891
0 0.114943 0.585240 0.017969 0.046113
0 0.331858 0.885982 0.018158 0.041890
0 0.026024 0.898447 0.018980 0.044433
0 0.366872 0.855714 0.019512 0.049022
