1 0.709121 0.483642 0.043679 0.041444
1 0.374508 0.773601 0.047379 0.041765
1 0.234556 0.469211 0.056598 0.046415
1 0.278027 0.074106 0.053819 0.091501
1 0.469143 0.304264 0.050605 0.074204
1 0.831282 0.299586 0.051949 0.069763
1 0.144888 0.280156 0.039956 0.086697
1 0.463911 0.051452 0.044045 0.067026
0 0.548030 0.413738 0.024605 0.035366
1 0.379983 0.751654 0.044387 0.038467
1 0.707653 0.219519 0.035992 0.056873
1 0.648148 0.384063 0.044255 0.044140
1 0.530627 0.323131 0.048637 0.075017
1 0.667199 0.555122 0.043788 0.043748
0 0.397622 0.146244 0.024007 0.034982
1 0.843259 0.314182 0.051350 0.069706
1 0.485764 0.055319 0.032902 0.054286
1 0.778505 0.345018 0.034967 0.045103
0 0.536836 0.774949 0.033028 0.034583
1 0.814330 0.399867 0.032934 0.045239
0 0.491728 0.364677 0.023782 0.032056
1 0.264341 0.428494 0.041183 0.039751
0 0.342319 0.087755 0.022671 0.035998
1 0.954866 0.091837 0.040990 0.040517
1 0.944400 0.104428 0.042075 0.044077
0 0.524532 0.791249 0.032311 0.033928
1 0.328951 0.056531 0.040749 0.073011
0 0.468817 0.700216 0.026126 0.027979
0 0.562262 0.575650 0.026197 0.031702
1 0.597930 0.180853 0.040952 0.061299
0 0.500446 0.672601 0.025712 0.030270
0 0.609185 0.478195 0.029116 0.031267
0 0.565031 0.419290 0.026278 0.040303
0 0.509427 0.659341 0.024598 0.028879
1 0.281717 0.395268 0.046379 0.039204
1 0.802385 0.379991 0.034061 0.051333
1 0.296577 0.364872 0.050196 0.040129
0 0.530659 0.630065 0.027691 0.030505
1 0.620220 0.464876 0.039518 0.042877
0 0.518461 0.643707 0.025496 0.030132
