2 0.308841 0.601036 0.117198 0.106752
2 0.530036 0.774071 0.157390 0.136924
2 0.393899 0.270189 0.152436 0.131688
2 0.641746 0.725578 0.163484 0.140534
2 0.505939 0.427535 0.112053 0.102802
2 0.341888 0.185736 0.129769 0.113423
2 0.391998 0.520816 0.131293 0.102402
2 0.724724 0.692937 0.074153 0.064724
2 0.452148 0.355479 0.107470 0.100833
2 0.512179 0.204774 0.189662 0.156597
2 0.702008 0.598670 0.122421 0.095263
2 0.133463 0.616681 0.108230 0.100177
2 0.829636 0.542217 0.122831 0.094115
2 0.602797 0.744575 0.056694 0.052536
