2 0.575561 0.884602 0.064750 0.068781
2 0.774481 0.474608 0.052759 0.058344
2 0.088257 0.451048 0.051433 0.054202
2 0.681898 0.804865 0.055251 0.062585
2 0.747195 0.427839 0.052746 0.058514
2 0.852071 0.316803 0.081531 0.092534
2 0.856689 0.499114 0.067595 0.073487
2 0.392753 0.276586 0.049467 0.057155
2 0.131514 0.535945 0.047503 0.058961
2 0.745997 0.122482 0.036088 0.040965
2 0.719995 0.148572 0.034948 0.037942
2 0.059031 0.926573 0.095320 0.107168
2 0.310058 0.266739 0.059576 0.069557
2 0.695626 0.164681 0.035159 0.037270
2 0.105350 0.408638 0.053902 0.056771
2 0.257219 0.285448 0.050973 0.057579
