2 0.702628 0.782665 0.031004 0.032773
2 0.288972 0.624132 0.028906 0.031283
2 0.695983 0.880262 0.036563 0.041941
2 0.404741 0.664392 0.019601 0.022669
2 0.637915 0.859559 0.031920 0.037231
2 0.382792 0.693339 0.027305 0.027900
2 0.250551 0.665160 0.021572 0.025823
2 0.357732 0.108446 0.026129 0.026330
2 0.870891 0.533603 0.024795 0.026159
2 0.280890 0.289559 0.018237 0.021034
2 0.251426 0.277704 0.015321 0.016110
2 0.333792 0.638060 0.022160 0.024840
2 0.505456 0.703524 0.021614 0.022787
2 0.275178 0.304492 0.010408 0.011265
2 0.872763 0.556599 0.019413 0.020464
2 0.264400 0.324365 0.010315 0.010598
2 0.229004 0.381371 0.010705 0.010101
