1 0.243482 0.469952 0.068540 0.013848
1 0.800672 0.744304 0.069072 0.015498
1 0.793766 0.264656 0.071219 0.013632
1 0.794054 0.826199 0.055193 0.042372
1 0.639272 0.723935 0.018652 0.053645
1 0.743764 0.199531 0.029896 0.043594
1 0.803750 0.603138 0.070434 0.014013
1 0.583577 0.838293 0.021642 0.055316
1 0.799861 0.425047 0.071151 0.013726
1 0.764921 0.196934 0.036385 0.051363
1 0.801188 0.516763 0.070257 0.013390
1 0.802031 0.709969 0.069337 0.013788
1 0.631044 0.831115 0.020340 0.055169
1 0.680268 0.645470 0.020665 0.047987
1 0.532025 0.839521 0.018738 0.055155
1 0.800269 0.568145 0.063202 0.013332
1 0.551690 0.321022 0.018413 0.049563
1 0.470828 0.313911 0.020758 0.054400
1 0.616988 0.723084 0.018495 0.052147
1 0.794143 0.375275 0.070001 0.015279
1 0.795901 0.463717 0.068809 0.014683
1 0.561527 0.532865 0.019552 0.043304
1 0.801113 0.479197 0.069053 0.013638
1 0.471366 0.534887 0.019267 0.044399
1 0.310118 0.851933 0.019553 0.051936
1 0.716968 0.201360 0.021992 0.043022
1 0.411107 0.403652 0.020617 0.049905
1 0.380115 0.210598 0.019838 0.051558
1 0.797752 0.497728 0.069032 0.015724
1 0.751773 0.841211 0.019032 0.052401
1 0.210489 0.225876 0.020772 0.052546
1 0.627583 0.534806 0.019987 0.051103
1 0.807032 0.642552 0.072844 0.012586
1 0.714329 0.841804 0.018407 0.051802
1 0.608650 0.832182 0.021460 0.054388
1 0.796884 0.676383 0.069127 0.013698
1 0.364621 0.408981 0.021652 0.050306
1 0.333011 0.854297 0.019736 0.052361
1 0.685472 0.720079 0.019029 0.050442
1 0.243348 0.453165 0.070082 0.012983
1 0.801308 0.443999 0.066715 0.012647
1 0.804108 0.622754 0.071106 0.013337
1 0.449747 0.535836 0.019700 0.044375
1 0.662967 0.313800 0.018967 0.053925
1 0.510274 0.835194 0.018360 0.054525
1 0.655750 0.644405 0.018467 0.046683
1 0.635651 0.320495 0.019378 0.053675
1 0.805546 0.763888 0.072488 0.013000
1 0.796669 0.393363 0.068461 0.014809
1 0.507145 0.206155 0.021639 0.050900
1 0.449068 0.837248 0.018954 0.053183
1 0.493085 0.536662 0.019900 0.038777
1 0.654061 0.834682 0.018955 0.055174
1 0.304403 0.212926 0.018166 0.052127
1 0.458039 0.403384 0.019516 0.049931
1 0.485150 0.207364 0.023601 0.051138
1 0.502864 0.401533 0.018999 0.050549
1 0.612163 0.319959 0.019277 0.053384
1 0.644404 0.399330 0.019439 0.053429
1 0.674352 0.840062 0.019409 0.053141
1 0.591664 0.320501 0.017654 0.052921
1 0.547662 0.402491 0.020113 0.049795
1 0.404700 0.839649 0.019921 0.051613
1 0.435220 0.402990 0.020441 0.049943
1 0.804049 0.782188 0.069240 0.012584
1 0.467232 0.209891 0.020606 0.049490
1 0.481135 0.402842 0.018777 0.049885
1 0.801212 0.547936 0.065976 0.012799
1 0.528246 0.204078 0.020247 0.050780
1 0.616410 0.200410 0.018954 0.049308
1 0.241337 0.219411 0.019864 0.050623
1 0.489109 0.835832 0.018171 0.053180
1 0.355889 0.851954 0.019383 0.051545
1 0.797865 0.658582 0.070776 0.013214
1 0.469846 0.836183 0.017878 0.054071
1 0.797588 0.340568 0.069181 0.013556
1 0.694364 0.837635 0.018994 0.054156
1 0.357979 0.210574 0.019603 0.050867
1 0.562671 0.845911 0.020987 0.053895
1 0.732223 0.840129 0.017667 0.052699
1 0.524808 0.401677 0.019890 0.049327
1 0.572735 0.402505 0.019425 0.049555
1 0.222444 0.306130 0.058943 0.012945
1 0.341261 0.409707 0.020561 0.049683
1 0.383217 0.842985 0.020428 0.049967
1 0.590821 0.201136 0.019555 0.053757
1 0.694457 0.195344 0.018394 0.053146
1 0.426288 0.539386 0.019289 0.039245
1 0.223877 0.322949 0.051324 0.013841
1 0.650425 0.534356 0.020507 0.048004
1 0.428719 0.211684 0.017388 0.048964
1 0.608039 0.532909 0.017666 0.048087
1 0.887816 0.982991 0.020002 0.031947
1 0.551222 0.201572 0.019152 0.054199
1 0.284691 0.212177 0.018686 0.055418
1 0.409656 0.212491 0.017274 0.048200
1 0.448573 0.209152 0.018764 0.052160
1 0.843030 0.983349 0.022202 0.031076
1 0.388415 0.405098 0.021587 0.051090
1 0.333924 0.206882 0.019261 0.054439
1 0.864845 0.983334 0.020919 0.031324
1 0.425620 0.837685 0.018892 0.052658
1 0.539939 0.535499 0.019748 0.038579
1 0.675529 0.200495 0.016834 0.042873
1 0.656432 0.197931 0.016992 0.049902
1 0.222212 0.355621 0.049176 0.013028
1 0.595241 0.399891 0.018580 0.052904
1 0.569860 0.200262 0.017705 0.053194
