1 0.589164 0.369731 0.065026 0.034655
1 0.280774 0.451111 0.059472 0.038239
1 0.596293 0.613609 0.061917 0.040510
1 0.422786 0.402020 0.058957 0.033484
1 0.606015 0.401104 0.064338 0.035942
1 0.645635 0.457618 0.063083 0.037772
1 0.726020 0.596005 0.068403 0.032369
1 0.756327 0.638742 0.065213 0.031818
1 0.295288 0.464132 0.060176 0.035087
1 0.678689 0.500163 0.064729 0.039357
1 0.595837 0.385048 0.065490 0.037028
1 0.770614 0.668694 0.060537 0.028860
1 0.411821 0.388147 0.057379 0.034629
1 0.687999 0.518690 0.068522 0.031914
1 0.329002 0.523892 0.060268 0.034371
1 0.320777 0.508884 0.062207 0.034049
1 0.306890 0.495054 0.061603 0.034058
1 0.786126 0.698471 0.068551 0.030333
1 0.782692 0.682205 0.068430 0.030498
1 0.667426 0.484856 0.063141 0.038371
1 0.625877 0.428232 0.064656 0.036939
1 0.351065 0.551623 0.053720 0.031190
1 0.360533 0.566153 0.060303 0.034261
1 0.695397 0.533427 0.069262 0.032192
1 0.736779 0.609854 0.066376 0.031538
1 0.722296 0.578465 0.068304 0.031554
1 0.633803 0.445235 0.066098 0.036103
1 0.483256 0.487309 0.056740 0.034877
1 0.450041 0.446420 0.057848 0.035737
1 0.618667 0.413938 0.064910 0.035224
1 0.493648 0.522021 0.049490 0.031233
1 0.301428 0.479765 0.058840 0.034434
1 0.491715 0.502788 0.057326 0.033892
1 0.460116 0.460553 0.057188 0.034042
1 0.744923 0.625021 0.068285 0.031909
1 0.764035 0.653971 0.065155 0.029482
1 0.342329 0.538191 0.054610 0.033516
1 0.365608 0.582502 0.058318 0.035420
1 0.712345 0.563384 0.069314 0.031315
1 0.655711 0.472208 0.064818 0.036931
1 0.831013 0.728451 0.041632 0.059294
0 0.683797 0.778499 0.033608 0.023677
1 0.702231 0.548723 0.067698 0.031144
1 0.401308 0.374333 0.060554 0.034044
0 0.480844 0.743511 0.031620 0.022962
1 0.769063 0.770308 0.034872 0.036437
1 0.469397 0.473934 0.057394 0.035372
0 0.902846 0.032093 0.035295 0.019710
0 0.791667 0.151195 0.032937 0.019904
0 0.569691 0.608330 0.035636 0.025895
0 0.902443 0.206586 0.031308 0.019709
1 0.703756 0.548272 0.067084 0.032401
