1 0.503857 0.401776 0.051417 0.036062
1 0.496750 0.450202 0.058068 0.042142
1 0.132171 0.411441 0.055303 0.043243
1 0.110851 0.708206 0.057612 0.042968
1 0.122133 0.547183 0.056237 0.043602
1 0.565145 0.499144 0.054368 0.043716
1 0.114771 0.684460 0.056348 0.044000
1 0.672476 0.529377 0.049474 0.035665
1 0.494867 0.473530 0.058993 0.041503
1 0.488725 0.588333 0.058364 0.041128
1 0.489912 0.543312 0.058222 0.040648
1 0.131464 0.386657 0.055381 0.044362
1 0.308193 0.470632 0.055165 0.039056
1 0.385326 0.518111 0.050605 0.040035
1 0.664046 0.579033 0.049828 0.035362
1 0.479376 0.727478 0.061111 0.039677
1 0.374446 0.627764 0.048420 0.038113
1 0.206783 0.423963 0.053875 0.043970
1 0.128850 0.432044 0.056987 0.043053
1 0.484794 0.679153 0.059676 0.040305
1 0.120024 0.616551 0.056370 0.042607
1 0.673629 0.483730 0.049005 0.035425
1 0.127871 0.454904 0.057893 0.043578
1 0.484242 0.633327 0.059396 0.040336
1 0.490316 0.566512 0.059107 0.041800
1 0.201124 0.466759 0.055521 0.043281
1 0.369545 0.677406 0.056194 0.043383
1 0.310655 0.447047 0.057226 0.039380
1 0.488221 0.653508 0.052307 0.035227
1 0.186410 0.622031 0.058724 0.042816
1 0.376003 0.580019 0.055704 0.042703
1 0.186305 0.670977 0.058458 0.042360
1 0.665060 0.622297 0.052108 0.036564
1 0.298398 0.584970 0.057421 0.038752
1 0.496242 0.515935 0.050873 0.037784
1 0.310329 0.489780 0.048759 0.034973
1 0.501736 0.359928 0.050814 0.035850
1 0.200400 0.489583 0.055093 0.042939
1 0.376546 0.654795 0.048407 0.038447
1 0.563922 0.521860 0.054198 0.042847
1 0.192383 0.600999 0.054955 0.043551
1 0.127086 0.501386 0.056623 0.043934
1 0.296931 0.609187 0.058452 0.039422
1 0.569184 0.428920 0.056654 0.043061
1 0.565365 0.451087 0.054750 0.042750
1 0.382027 0.538343 0.056018 0.043942
1 0.382938 0.491028 0.053100 0.038741
1 0.571672 0.409455 0.054608 0.041972
1 0.190419 0.575931 0.055601 0.043554
1 0.668241 0.598715 0.048973 0.034122
1 0.127604 0.477968 0.057514 0.043056
1 0.386751 0.471593 0.056643 0.039715
1 0.569689 0.477582 0.055517 0.041801
1 0.379153 0.560476 0.055061 0.042231
1 0.670686 0.397207 0.058759 0.042087
1 0.668512 0.553585 0.046412 0.034863
1 0.382204 0.607867 0.054044 0.042123
1 0.681375 0.501432 0.048955 0.034155
1 0.387090 0.401239 0.048701 0.036171
1 0.555886 0.657880 0.053662 0.042455
1 0.301260 0.561122 0.056206 0.039996
1 0.186931 0.696096 0.057119 0.042658
1 0.499014 0.493596 0.050510 0.037071
1 0.673132 0.373413 0.056324 0.040702
1 0.118482 0.568702 0.055979 0.042916
1 0.557038 0.634263 0.054121 0.042048
1 0.499649 0.427382 0.050115 0.036061
1 0.561433 0.544184 0.055101 0.043110
1 0.203756 0.396048 0.057000 0.042528
1 0.559888 0.613503 0.056217 0.042419
1 0.559756 0.590265 0.056822 0.043611
1 0.667750 0.642398 0.050255 0.037296
1 0.191442 0.650725 0.054736 0.041441
1 0.389728 0.380937 0.049324 0.034942
1 0.316385 0.374679 0.050034 0.033964
1 0.306177 0.427651 0.059308 0.038895
1 0.318379 0.349206 0.061601 0.038269
1 0.597821 0.381151 0.046637 0.046889
1 0.203438 0.372414 0.058230 0.044568
1 0.297969 0.630845 0.056653 0.041275
1 0.308192 0.511787 0.048892 0.036083
1 0.135818 0.367098 0.055118 0.040614
1 0.313092 0.399710 0.059059 0.040240
1 0.197879 0.511503 0.056603 0.043323
1 0.672598 0.462348 0.050025 0.037935
1 0.663298 0.689566 0.051015 0.036029
1 0.385150 0.424818 0.053135 0.043418
1 0.664329 0.667001 0.052548 0.036704
1 0.551470 0.677328 0.046958 0.036092
1 0.120760 0.593512 0.055983 0.041597
1 0.503523 0.380912 0.052415 0.036206
1 0.546033 0.721162 0.045816 0.036714
1 0.296475 0.654145 0.057049 0.040542
1 0.485430 0.611908 0.059310 0.041379
1 0.197745 0.534964 0.056123 0.043412
1 0.664780 0.711610 0.038113 0.027352
1 0.311372 0.529573 0.047480 0.035762
1 0.653384 0.741195 0.049054 0.035693
1 0.671953 0.441587 0.048953 0.035661
1 0.296858 0.654723 0.054727 0.039964
1 0.101739 0.726384 0.056798 0.043728
0 0.667081 0.760712 0.037946 0.017527
