2 0.380410 0.327115 0.016685 0.017158
2 0.521238 0.087213 0.012046 0.015591
2 0.419455 0.083639 0.013097 0.016081
2 0.763333 0.068488 0.012891 0.014212
2 0.273254 0.279301 0.019505 0.021442
2 0.254632 0.278411 0.018843 0.020600
2 0.793209 0.068826 0.013088 0.014864
2 0.361389 0.327144 0.018051 0.018920
2 0.777919 0.068424 0.012328 0.014544
2 0.698032 0.145593 0.012521 0.015052
2 0.683541 0.146291 0.013543 0.015994
2 0.499691 0.070726 0.013346 0.015151
2 0.872192 0.112433 0.012708 0.016705
2 0.741990 0.145544 0.011751 0.013585
2 0.669498 0.147236 0.012074 0.014119
2 0.388822 0.084043 0.012264 0.014141
2 0.410048 0.284524 0.019587 0.021251
2 0.359947 0.082988 0.012332 0.011863
2 0.341296 0.325698 0.019330 0.018562
2 0.749081 0.069318 0.012252 0.013860
2 0.362659 0.273340 0.019629 0.018722
2 0.641989 0.196742 0.011899 0.015767
2 0.374640 0.082861 0.013805 0.014384
2 0.675842 0.068808 0.011091 0.014447
2 0.729087 0.197010 0.010927 0.015862
2 0.433616 0.083644 0.011970 0.013883
2 0.541599 0.452048 0.013048 0.013028
2 0.536212 0.088462 0.013324 0.015288
2 0.690211 0.100839 0.012640 0.013152
2 0.625256 0.145480 0.012656 0.016267
2 0.654809 0.144831 0.011479 0.014418
2 0.640067 0.145699 0.013567 0.017092
2 0.727102 0.145503 0.012144 0.014244
2 0.426300 0.070335 0.013396 0.014982
2 0.439593 0.331003 0.016935 0.019025
2 0.705373 0.068457 0.012931 0.014396
2 0.367080 0.069442 0.013976 0.016520
2 0.778343 0.102386 0.012181 0.015681
2 0.316478 0.081554 0.011500 0.012018
2 0.678358 0.181567 0.013841 0.016173
2 0.976789 0.101546 0.018253 0.014623
2 0.400054 0.327322 0.017478 0.015965
2 0.550310 0.088494 0.012727 0.014950
2 0.719607 0.068314 0.012716 0.015829
2 0.826200 0.146763 0.010933 0.014681
2 0.476579 0.087319 0.012724 0.015701
2 0.783591 0.145776 0.011096 0.013443
2 0.579477 0.088977 0.012794 0.015800
2 0.294638 0.065313 0.011743 0.014184
2 0.351894 0.282749 0.018404 0.016777
2 0.913249 0.146139 0.013757 0.016106
2 0.448029 0.085009 0.012491 0.015366
2 0.682801 0.109852 0.012216 0.012995
2 0.762884 0.100500 0.012518 0.013377
2 0.890747 0.181988 0.012041 0.013879
2 0.331332 0.083104 0.011333 0.015551
2 0.793141 0.102386 0.011275 0.014954
2 0.697442 0.110359 0.011924 0.012537
2 0.807110 0.101152 0.012476 0.012631
2 0.280136 0.066075 0.013165 0.014412
2 0.839038 0.181280 0.013772 0.015092
2 0.309544 0.064399 0.011872 0.013597
2 0.382331 0.069749 0.015082 0.016367
2 0.814346 0.109525 0.011804 0.013226
2 0.855999 0.145593 0.011982 0.012890
2 0.809917 0.181420 0.010813 0.015677
2 0.286693 0.081619 0.012525 0.015142
2 0.455323 0.070552 0.013861 0.015170
2 0.735065 0.068963 0.013400 0.014972
2 0.704423 0.100277 0.012975 0.014306
2 0.403751 0.083093 0.010533 0.013949
2 0.756338 0.146909 0.010771 0.014516
2 0.301880 0.080708 0.011952 0.014540
2 0.460569 0.277750 0.016695 0.018832
2 0.470311 0.071010 0.013574 0.015359
2 0.497711 0.331219 0.018405 0.018663
2 0.353653 0.068780 0.013083 0.016617
2 0.699162 0.197028 0.011207 0.015663
2 0.491174 0.086954 0.014902 0.015377
2 0.718937 0.101445 0.012975 0.012532
2 0.770534 0.146328 0.010166 0.013862
2 0.441239 0.070353 0.013793 0.015255
2 0.831759 0.199175 0.012919 0.014378
2 0.675968 0.100712 0.012136 0.013374
2 0.484684 0.071610 0.013852 0.015305
2 0.670178 0.197205 0.012221 0.014083
2 0.271699 0.080379 0.011660 0.015274
2 0.461896 0.085781 0.012192 0.015570
2 0.513677 0.517578 0.011431 0.015497
2 0.899119 0.147274 0.013780 0.018188
2 0.630526 0.099284 0.013828 0.015880
2 0.258195 0.080216 0.012980 0.015212
2 0.816690 0.199925 0.012673 0.013548
2 0.690154 0.068308 0.011780 0.014848
2 0.646223 0.100479 0.012492 0.015835
2 0.711898 0.112379 0.012613 0.017253
2 0.794841 0.181532 0.012170 0.015969
2 0.714067 0.197305 0.011554 0.017124
2 0.843140 0.111758 0.012362 0.016612
2 0.737031 0.181228 0.012933 0.015562
2 0.498775 0.281123 0.017515 0.020492
2 0.564838 0.087918 0.012721 0.016594
2 0.469548 0.288795 0.015536 0.015498
2 0.750672 0.181273 0.013654 0.016078
2 0.648754 0.180542 0.013451 0.015795
2 0.223645 0.320705 0.019105 0.020838
2 0.885252 0.146022 0.012090 0.014890
2 0.668305 0.108230 0.012373 0.015525
2 0.458287 0.331607 0.017242 0.020055
2 0.419456 0.330482 0.015343 0.019905
2 0.265434 0.065101 0.011963 0.014714
2 0.868770 0.182645 0.014230 0.015532
2 0.824414 0.181708 0.013324 0.015700
2 0.757566 0.199162 0.012492 0.014693
2 0.660773 0.068157 0.013255 0.017168
2 0.748548 0.101010 0.012999 0.012965
2 0.634938 0.181162 0.014341 0.016104
2 0.807798 0.068910 0.013296 0.015271
2 0.857300 0.111395 0.012208 0.014065
2 0.843417 0.111590 0.012234 0.015843
2 0.583035 0.414647 0.013323 0.017086
2 0.339274 0.067754 0.012395 0.016885
2 0.781222 0.181722 0.011809 0.014757
2 0.505754 0.087770 0.012870 0.018394
2 0.857456 0.111270 0.011692 0.012473
2 0.684798 0.197656 0.013357 0.013692
2 0.773686 0.199122 0.012703 0.014955
2 0.397181 0.069943 0.013342 0.014671
2 0.692915 0.180681 0.014931 0.016507
2 0.765701 0.182514 0.013358 0.015288
2 0.662602 0.181037 0.013766 0.018216
2 0.461812 0.085550 0.012604 0.015042
2 0.727313 0.145639 0.013180 0.014719
2 0.490197 0.460580 0.010355 0.017668
1 0.413410 0.916024 0.016230 0.014468
2 0.626890 0.196381 0.015756 0.016913
2 0.505573 0.087779 0.012763 0.017829
2 0.733975 0.101496 0.012920 0.011679
2 0.543112 0.071931 0.012392 0.013375
2 0.757914 0.198485 0.012228 0.013406
2 0.558556 0.561658 0.011347 0.020081
2 0.220744 0.189649 0.009011 0.015356
2 0.302098 0.325103 0.019053 0.020330
2 0.829475 0.112306 0.011197 0.016287
2 0.515224 0.144718 0.008304 0.009919
2 0.439498 0.276527 0.018288 0.018948
