2 0.136296 0.167739 0.027746 0.049302
2 0.161812 0.167210 0.026011 0.044360
2 0.128596 0.494490 0.026149 0.044638
2 0.776249 0.440415 0.024081 0.033173
2 0.751179 0.337081 0.026207 0.033521
2 0.365716 0.206732 0.018972 0.035379
2 0.501377 0.348945 0.019995 0.034737
2 0.752868 0.109009 0.025044 0.034569
2 0.153855 0.495921 0.026253 0.045544
2 0.402425 0.421734 0.021607 0.035781
2 0.775348 0.542850 0.023967 0.032703
2 0.768075 0.085450 0.026132 0.036038
2 0.101665 0.494613 0.027095 0.047578
2 0.213510 0.168497 0.025036 0.041921
2 0.076709 0.253431 0.029324 0.049861
2 0.238623 0.169855 0.027265 0.044158
2 0.752026 0.235132 0.025897 0.037161
2 0.459676 0.348159 0.020717 0.036537
2 0.764565 0.315424 0.024944 0.032304
2 0.422075 0.421321 0.020339 0.034276
2 0.381453 0.124661 0.019810 0.039418
2 0.813836 0.523127 0.023874 0.034872
2 0.490238 0.319067 0.021229 0.037060
2 0.802649 0.441443 0.024474 0.036333
2 0.358305 0.345550 0.020776 0.034480
2 0.345977 0.205920 0.022451 0.037465
2 0.469807 0.317931 0.019893 0.036646
2 0.788284 0.519347 0.025308 0.035538
2 0.765155 0.212420 0.025125 0.032720
2 0.084290 0.162502 0.026245 0.045244
2 0.802245 0.544425 0.025425 0.034349
2 0.109887 0.162893 0.024868 0.039769
2 0.458045 0.129225 0.020027 0.036433
2 0.230536 0.764917 0.028735 0.048174
2 0.880440 0.445097 0.024340 0.035769
2 0.854243 0.442384 0.025636 0.033518
2 0.845010 0.090376 0.025646 0.033343
2 0.180069 0.497526 0.027068 0.045154
2 0.855622 0.341053 0.026228 0.039724
2 0.497077 0.128790 0.016894 0.032635
2 0.382855 0.419911 0.020181 0.033719
2 0.206148 0.259919 0.028260 0.046174
2 0.476133 0.242998 0.022700 0.038573
2 0.492002 0.449678 0.020523 0.031877
2 0.388910 0.317279 0.021140 0.035803
2 0.780295 0.109498 0.027014 0.036267
2 0.204384 0.051188 0.018346 0.022008
2 0.840243 0.420533 0.026912 0.035858
2 0.140366 0.285497 0.026235 0.045764
2 0.777907 0.235509 0.025154 0.034509
2 0.777994 0.337906 0.024469 0.036646
2 0.409686 0.317325 0.019213 0.035954
2 0.482343 0.423929 0.020326 0.034228
2 0.102281 0.256027 0.027524 0.045726
2 0.882380 0.243768 0.023480 0.032120
2 0.828147 0.441917 0.025759 0.034693
2 0.128274 0.256165 0.029470 0.048251
2 0.501015 0.424424 0.019453 0.033036
2 0.853258 0.548199 0.025104 0.035634
2 0.877066 0.648902 0.026166 0.037508
2 0.472610 0.448597 0.019150 0.033161
2 0.153923 0.255803 0.026518 0.046222
2 0.819746 0.088307 0.023665 0.033673
2 0.371409 0.589343 0.017616 0.024055
2 0.814844 0.418933 0.025559 0.033759
2 0.180708 0.257853 0.029372 0.047480
2 0.871509 0.092312 0.023426 0.034264
2 0.879287 0.551002 0.026788 0.034359
2 0.478250 0.128882 0.018839 0.035133
2 0.818232 0.215930 0.025660 0.033907
2 0.827488 0.545771 0.024966 0.035642
2 0.205409 0.499704 0.026032 0.043731
2 0.894858 0.317292 0.024417 0.035686
2 0.187081 0.168146 0.024039 0.041682
2 0.450033 0.317982 0.019312 0.035710
2 0.748941 0.541947 0.023848 0.032007
2 0.115127 0.285478 0.027130 0.046982
2 0.456468 0.242208 0.021125 0.037861
2 0.432448 0.062260 0.012501 0.019561
2 0.803943 0.338487 0.026256 0.035924
2 0.506039 0.212535 0.022106 0.036990
2 0.399581 0.126148 0.018067 0.035455
2 0.856034 0.241743 0.026014 0.033188
2 0.869509 0.217640 0.027475 0.036491
2 0.378141 0.346532 0.020567 0.034336
2 0.839948 0.524300 0.025906 0.034996
2 0.866655 0.524865 0.023910 0.033916
2 0.791917 0.213358 0.025479 0.035116
2 0.869761 0.318215 0.027534 0.036879
2 0.080956 0.608904 0.027934 0.046428
2 0.362976 0.419358 0.017649 0.033942
2 0.791032 0.315025 0.024795 0.036140
2 0.883818 0.117356 0.023167 0.031297
2 0.480524 0.348621 0.020364 0.035608
2 0.348095 0.317046 0.019934 0.032577
2 0.867758 0.420191 0.027374 0.037535
2 0.816580 0.317276 0.026338 0.036379
2 0.358682 0.053926 0.014825 0.023954
2 0.244364 0.057994 0.019263 0.031470
2 0.230820 0.261138 0.028369 0.048542
2 0.165336 0.287241 0.027291 0.047448
2 0.418233 0.059314 0.013380 0.022255
2 0.892536 0.421041 0.025809 0.036372
2 0.892941 0.527202 0.023225 0.032892
2 0.089604 0.284289 0.027869 0.045419
2 0.185882 0.051137 0.014923 0.023923
2 0.842863 0.317853 0.027009 0.036114
2 0.442103 0.421770 0.020039 0.037351
2 0.463089 0.058932 0.011895 0.021080
2 0.405189 0.594339 0.017241 0.035809
2 0.690885 0.068295 0.015124 0.018125
2 0.429872 0.316530 0.019752 0.035461
2 0.406484 0.206532 0.021858 0.036799
2 0.749797 0.439134 0.024803 0.033751
2 0.183888 0.614704 0.029757 0.047076
2 0.383875 0.056127 0.010321 0.019473
2 0.831688 0.111276 0.024878 0.033001
2 0.897399 0.092671 0.024478 0.033504
2 0.372872 0.055898 0.013192 0.019670
2 0.858028 0.113978 0.025199 0.033986
2 0.805881 0.110756 0.025424 0.033893
2 0.403164 0.057863 0.010344 0.018580
2 0.425429 0.208774 0.019528 0.032444
2 0.485784 0.063165 0.010144 0.019918
2 0.419975 0.125870 0.019105 0.034005
2 0.844501 0.216847 0.027691 0.034374
2 0.577408 0.067119 0.014928 0.023871
2 0.386728 0.207624 0.018292 0.038503
2 0.632912 0.609114 0.012972 0.025206
2 0.353483 0.588519 0.014570 0.021654
2 0.793896 0.086101 0.027104 0.038095
2 0.804126 0.238607 0.023393 0.036247
2 0.464763 0.210438 0.020775 0.038633
2 0.697994 0.658320 0.009076 0.023971
2 0.463049 0.425469 0.018761 0.028489
2 0.894988 0.220340 0.024955 0.033862
2 0.851742 0.839423 0.026462 0.040585
2 0.337244 0.345579 0.020275 0.035809
2 0.473445 0.062594 0.009430 0.017287
2 0.603511 0.064750 0.007695 0.013620
2 0.881915 0.341837 0.026446 0.035913
2 0.422445 0.590456 0.014193 0.022288
2 0.591406 0.064425 0.010982 0.017056
2 0.337064 0.588903 0.013275 0.023672
2 0.666017 0.064529 0.008203 0.012735
2 0.340150 0.052118 0.010730 0.018837
2 0.438478 0.127872 0.018785 0.037569
2 0.634008 0.065317 0.009948 0.015726
2 0.223944 0.056142 0.018113 0.034424
2 0.419034 0.347561 0.020567 0.034642
2 0.417784 0.058832 0.012150 0.020433
2 0.503993 0.062389 0.008405 0.021670
2 0.630839 0.065788 0.015027 0.019046
2 0.258965 0.052697 0.010520 0.019058
