2 0.582441 0.812572 0.022757 0.051029
2 0.751729 0.327652 0.022338 0.048115
2 0.582120 0.862877 0.023170 0.049100
2 0.582427 0.714563 0.022646 0.051270
2 0.694602 0.501070 0.022608 0.045329
2 0.751836 0.374520 0.021342 0.046635
2 0.692818 0.646618 0.022777 0.052571
2 0.284501 0.474294 0.019114 0.039606
2 0.511200 0.536978 0.022955 0.048430
2 0.766945 0.399718 0.021134 0.044519
2 0.526118 0.316211 0.020517 0.051630
2 0.582346 0.764521 0.021577 0.048230
2 0.509304 0.782099 0.021455 0.047636
2 0.823508 0.895282 0.021131 0.050180
2 0.824022 0.745431 0.021042 0.049078
2 0.582505 0.569289 0.019667 0.043932
2 0.708877 0.573358 0.018669 0.045648
2 0.134319 0.459351 0.017657 0.035934
2 0.653288 0.372827 0.023022 0.052161
2 0.709228 0.721619 0.021163 0.046080
2 0.188878 0.433782 0.020187 0.042714
2 0.510480 0.684071 0.022283 0.051865
2 0.238580 0.367000 0.018289 0.032458
2 0.882591 0.388102 0.016542 0.047567
2 0.652731 0.736132 0.024692 0.057396
2 0.766228 0.851018 0.023029 0.050957
2 0.251311 0.436416 0.020453 0.040892
2 0.128134 0.357987 0.020432 0.039453
2 0.511444 0.489262 0.023065 0.049641
2 0.259068 0.190912 0.013417 0.041606
2 0.811445 0.575046 0.022952 0.049981
2 0.452910 0.718634 0.016689 0.041412
2 0.510646 0.733899 0.023051 0.056737
2 0.752010 0.571340 0.018465 0.041494
2 0.652739 0.628808 0.020928 0.047796
2 0.766317 0.791422 0.021791 0.049302
2 0.810982 0.623093 0.023440 0.053036
2 0.177978 0.461662 0.020445 0.038311
2 0.295204 0.586396 0.023795 0.042485
2 0.128365 0.431207 0.018883 0.035279
2 0.176053 0.365118 0.017731 0.030194
2 0.768632 0.252497 0.020386 0.047433
2 0.811342 0.524001 0.021738 0.048372
2 0.749269 0.764743 0.023491 0.049395
2 0.583967 0.616533 0.019101 0.045814
2 0.652462 0.570792 0.025230 0.063301
2 0.751580 0.429051 0.021537 0.050629
2 0.710186 0.325035 0.024677 0.051267
2 0.638600 0.447472 0.021985 0.048949
2 0.653535 0.323826 0.020339 0.046492
2 0.568471 0.251137 0.022209 0.051293
2 0.154274 0.457468 0.022312 0.044767
2 0.208696 0.432468 0.022107 0.047780
2 0.766251 0.641183 0.021022 0.045998
2 0.164686 0.186920 0.014758 0.033386
2 0.510968 0.436080 0.022091 0.044485
2 0.708673 0.671699 0.019238 0.042188
2 0.240825 0.465151 0.020064 0.040421
2 0.708728 0.623058 0.020498 0.044444
2 0.695256 0.354791 0.021896 0.052521
2 0.334393 0.398604 0.016969 0.041252
2 0.288524 0.503728 0.019674 0.043051
2 0.637206 0.761968 0.022036 0.047393
2 0.825764 0.403995 0.022414 0.056415
2 0.810660 0.821190 0.021536 0.049069
2 0.766238 0.596036 0.020944 0.047126
2 0.767319 0.352717 0.021925 0.045511
2 0.278164 0.368537 0.018826 0.039880
2 0.766238 0.744141 0.021455 0.043234
2 0.751626 0.522717 0.021990 0.047976
2 0.811543 0.327882 0.021904 0.047839
2 0.709611 0.524042 0.022069 0.045272
2 0.882881 0.338073 0.015453 0.041502
2 0.882100 0.686735 0.015590 0.041657
2 0.195967 0.186030 0.014509 0.037834
2 0.766293 0.549028 0.022166 0.046622
2 0.752543 0.281176 0.020522 0.049857
2 0.109204 0.356733 0.016983 0.038229
2 0.881704 0.439814 0.017960 0.042345
2 0.708843 0.869766 0.019649 0.037828
2 0.114226 0.459473 0.019540 0.035474
2 0.749514 0.818704 0.022725 0.047293
2 0.811815 0.429071 0.022366 0.049840
2 0.169007 0.429012 0.019736 0.036756
2 0.767074 0.447361 0.020786 0.045039
2 0.154247 0.359342 0.019118 0.035226
2 0.466417 0.473501 0.016362 0.035760
2 0.227563 0.190332 0.012900 0.042331
2 0.811483 0.672614 0.022176 0.049083
2 0.653028 0.418902 0.021549 0.047683
2 0.212041 0.189221 0.016305 0.042219
2 0.258045 0.555568 0.019313 0.041604
2 0.709752 0.474562 0.018393 0.041269
2 0.651533 0.838836 0.020238 0.049951
2 0.810152 0.868856 0.020346 0.046531
2 0.810669 0.719640 0.021085 0.050658
2 0.824213 0.794635 0.020929 0.048075
2 0.765957 0.693779 0.021514 0.052495
2 0.525351 0.414865 0.022259 0.051605
2 0.695364 0.256915 0.021771 0.054066
2 0.184815 0.582352 0.019974 0.042331
2 0.923389 0.614926 0.018088 0.041456
2 0.242673 0.185738 0.017730 0.046449
2 0.092606 0.457589 0.019910 0.044862
2 0.247555 0.582580 0.019758 0.041493
2 0.299269 0.369408 0.018973 0.038726
2 0.195875 0.554539 0.021321 0.040458
2 0.073029 0.457131 0.018872 0.039107
2 0.811375 0.279591 0.022207 0.048213
2 0.229508 0.432227 0.019167 0.041973
2 0.526427 0.366496 0.021727 0.048031
2 0.582137 0.420264 0.021715 0.050784
2 0.321297 0.198521 0.014093 0.039954
2 0.582266 0.518790 0.021544 0.050900
2 0.208385 0.582424 0.021223 0.030446
2 0.452997 0.758179 0.017379 0.037783
2 0.653889 0.277493 0.021761 0.047588
2 0.651539 0.792655 0.022000 0.051154
2 0.766223 0.500258 0.022491 0.046398
2 0.344561 0.534668 0.013941 0.035736
2 0.710657 0.277492 0.020622 0.046627
2 0.294573 0.763175 0.011376 0.022899
2 0.290000 0.193349 0.014898 0.042364
2 0.352129 0.436735 0.019488 0.044059
2 0.452920 0.644098 0.015283 0.039472
2 0.257972 0.365007 0.012375 0.037206
2 0.881896 0.640972 0.017485 0.046168
2 0.694401 0.554299 0.019952 0.044442
2 0.881630 0.289859 0.017091 0.037654
2 0.227484 0.582882 0.019669 0.034173
2 0.197365 0.364016 0.020288 0.034306
2 0.692537 0.696069 0.020542 0.044277
2 0.279195 0.555028 0.019119 0.038110
2 0.453156 0.682374 0.016382 0.038472
2 0.465808 0.588864 0.019470 0.038723
2 0.653114 0.473653 0.021091 0.047460
2 0.082832 0.433062 0.021610 0.042842
2 0.882177 0.535436 0.014823 0.039991
2 0.511850 0.295157 0.019373 0.043218
2 0.694094 0.597727 0.022115 0.047495
2 0.695540 0.308347 0.023381 0.046897
2 0.336178 0.452468 0.018360 0.035340
2 0.923760 0.415050 0.015192 0.025297
2 0.709741 0.428672 0.020109 0.041071
2 0.276482 0.780525 0.009815 0.017669
2 0.812019 0.378916 0.021936 0.050372
2 0.282163 0.761636 0.011426 0.019846
2 0.180119 0.185031 0.015676 0.040833
2 0.509990 0.831236 0.020089 0.053109
2 0.217081 0.363596 0.018517 0.035247
2 0.882818 0.588610 0.016093 0.040810
2 0.220152 0.463287 0.021237 0.040339
2 0.578387 0.365673 0.030077 0.064495
2 0.125981 0.222411 0.010938 0.024806
2 0.283829 0.834508 0.009593 0.020484
2 0.114760 0.576447 0.015820 0.033690
2 0.454418 0.568542 0.016416 0.038112
2 0.350818 0.251401 0.014558 0.027943
2 0.524448 0.805944 0.019855 0.044677
2 0.695561 0.454215 0.021801 0.045958
2 0.115345 0.223789 0.010136 0.023528
2 0.525367 0.461223 0.020645 0.049139
2 0.707909 0.772199 0.020091 0.048855
2 0.637410 0.867490 0.024592 0.049491
2 0.582234 0.273010 0.019169 0.047181
2 0.694159 0.842018 0.021053 0.045892
2 0.338011 0.838447 0.010188 0.021958
2 0.749808 0.869821 0.021709 0.044358
2 0.352546 0.277274 0.016999 0.024169
2 0.290166 0.779198 0.010115 0.019510
2 0.269982 0.761450 0.009861 0.019549
2 0.825904 0.308732 0.024095 0.060654
2 0.751248 0.479706 0.019556 0.043197
2 0.248206 0.832870 0.007471 0.017920
2 0.934569 0.839834 0.015317 0.038673
2 0.269835 0.582422 0.020545 0.034642
2 0.510493 0.587325 0.021876 0.049584
2 0.882239 0.491475 0.015570 0.037450
2 0.652598 0.522967 0.020936 0.041628
2 0.160164 0.837140 0.009002 0.026217
2 0.709810 0.379875 0.021064 0.046915
2 0.233820 0.781812 0.009169 0.018274
2 0.227370 0.763634 0.010452 0.022974
2 0.524882 0.607833 0.025481 0.059877
2 0.825267 0.601746 0.019636 0.044922
2 0.924082 0.566771 0.017096 0.042002
2 0.810936 0.476547 0.020891 0.044473
2 0.260165 0.834875 0.009651 0.021329
2 0.169710 0.840161 0.010039 0.020606
2 0.164993 0.225362 0.010810 0.023735
2 0.104345 0.222665 0.010074 0.024973
2 0.934768 0.339840 0.016919 0.042890
2 0.295466 0.833801 0.010989 0.022848
2 0.640578 0.297815 0.022163 0.042697
2 0.241148 0.762779 0.009644 0.019553
2 0.297824 0.734430 0.010377 0.019582
2 0.823332 0.846649 0.022535 0.048562
2 0.272877 0.437819 0.018628 0.036957
2 0.213856 0.764242 0.010352 0.022756
2 0.393123 0.856695 0.014713 0.021031
2 0.305579 0.190908 0.016234 0.046902
2 0.366604 0.763960 0.010579 0.019640
2 0.136550 0.224906 0.009002 0.019392
2 0.934850 0.389965 0.014492 0.038276
2 0.638103 0.597804 0.021281 0.047826
2 0.922499 0.862742 0.016396 0.042408
2 0.130319 0.842732 0.009344 0.022254
2 0.103919 0.431104 0.019628 0.038258
2 0.337933 0.809659 0.010821 0.025510
2 0.218674 0.552540 0.021136 0.041337
2 0.581968 0.323602 0.020995 0.050250
2 0.823644 0.700728 0.022567 0.049121
2 0.934225 0.787878 0.017685 0.045467
2 0.208590 0.780371 0.008638 0.017676
2 0.271719 0.833856 0.010772 0.022219
2 0.108353 0.840165 0.006578 0.016043
2 0.197786 0.781169 0.010671 0.021845
2 0.347212 0.791772 0.011549 0.024148
2 0.467923 0.549385 0.017915 0.035695
2 0.221333 0.780058 0.008664 0.017654
2 0.365830 0.719173 0.010143 0.023622
2 0.935206 0.291371 0.017578 0.041944
2 0.569694 0.299846 0.021884 0.047169
2 0.510034 0.635837 0.022276 0.051520
2 0.241572 0.272554 0.005790 0.025305
2 0.923405 0.758928 0.017153 0.035399
2 0.637165 0.812568 0.020675 0.049227
2 0.465228 0.626157 0.016203 0.037240
2 0.271720 0.832431 0.007945 0.019146
2 0.227236 0.270285 0.005903 0.022015
2 0.637607 0.650531 0.021874 0.047328
2 0.923582 0.315375 0.016954 0.042989
2 0.195757 0.836395 0.012862 0.022286
2 0.186332 0.779886 0.009452 0.019892
2 0.179652 0.765040 0.008951 0.018381
2 0.109374 0.763840 0.005666 0.016313
2 0.241312 0.624725 0.011841 0.025811
2 0.523993 0.757664 0.023676 0.048136
2 0.751889 0.664784 0.023189 0.051350
2 0.063950 0.430210 0.011463 0.034093
2 0.261704 0.470635 0.019819 0.034775
2 0.455223 0.530831 0.018121 0.037591
2 0.750857 0.716187 0.021739 0.045757
2 0.197855 0.226335 0.013663 0.024057
2 0.261835 0.778851 0.010916 0.020545
2 0.199327 0.465225 0.017217 0.038236
2 0.824703 0.508702 0.021878 0.045496
2 0.157459 0.778300 0.007148 0.019434
2 0.138579 0.835976 0.008792 0.024809
2 0.339250 0.714840 0.012092 0.025641
2 0.464954 0.666785 0.017862 0.038901
2 0.164970 0.764835 0.008506 0.023450
2 0.262854 0.619017 0.014313 0.026962
2 0.292827 0.444170 0.020262 0.038448
2 0.116141 0.840095 0.006748 0.016289
2 0.100924 0.840756 0.005960 0.017132
2 0.569366 0.398799 0.024171 0.052532
2 0.128917 0.764088 0.005828 0.014445
2 0.265736 0.316090 0.006889 0.023426
2 0.239475 0.736663 0.006023 0.018207
2 0.935381 0.890695 0.018523 0.049510
2 0.160845 0.580787 0.008899 0.025337
2 0.135354 0.763539 0.006532 0.015200
2 0.247822 0.780124 0.007315 0.018082
2 0.378003 0.315677 0.017399 0.020054
2 0.178367 0.268826 0.005739 0.022224
2 0.256187 0.762777 0.009593 0.021391
2 0.146083 0.775173 0.007233 0.019529
2 0.252424 0.315241 0.008249 0.025557
2 0.285025 0.736314 0.007118 0.019046
2 0.569909 0.545506 0.020537 0.044742
