1 0.785559 0.661297 0.032840 0.026318
1 0.932220 0.528899 0.026514 0.020968
1 0.893168 0.850352 0.028365 0.021374
1 0.149694 0.177295 0.033778 0.026935
1 0.071678 0.952675 0.029397 0.028157
1 0.503807 0.489848 0.037529 0.027633
1 0.403054 0.507445 0.034003 0.025243
1 0.515324 0.621714 0.033651 0.025402
1 0.589450 0.539814 0.034794 0.027018
1 0.119466 0.297942 0.031517 0.027212
1 0.778551 0.765153 0.036067 0.023318
1 0.582211 0.624557 0.032761 0.022963
1 0.967790 0.233876 0.047516 0.035167
1 0.968196 0.466460 0.034788 0.031071
1 0.663990 0.585272 0.031384 0.025292
1 0.831229 0.689304 0.036206 0.027325
1 0.452917 0.778294 0.029410 0.018788
1 0.634245 0.968126 0.032401 0.023431
1 0.665714 0.871610 0.034074 0.029996
1 0.552246 0.285355 0.028652 0.024337
1 0.177015 0.448585 0.025022 0.016045
1 0.904039 0.856556 0.029788 0.024316
1 0.443861 0.534549 0.040489 0.025924
1 0.839851 0.394976 0.024634 0.019089
1 0.649711 0.500397 0.026904 0.021382
1 0.521821 0.498857 0.036047 0.026642
1 0.833874 0.614283 0.025475 0.021232
1 0.894619 0.563071 0.028418 0.021696
1 0.978503 0.253552 0.028499 0.021850
1 0.596490 0.917152 0.023011 0.024906
1 0.752382 0.641976 0.030348 0.023363
1 0.798387 0.671877 0.031371 0.024850
1 0.904407 0.889171 0.025512 0.020414
1 0.849268 0.698751 0.036229 0.027853
1 0.042552 0.226937 0.034487 0.017817
1 0.023455 0.827845 0.031093 0.016404
1 0.487483 0.571601 0.030921 0.023328
1 0.380202 0.391330 0.034014 0.025357
1 0.056795 0.588665 0.023382 0.021889
1 0.381405 0.393660 0.031507 0.019352
1 0.447174 0.451511 0.025180 0.020512
