1 0.177343 0.406928 0.030265 0.023262
1 0.857476 0.800851 0.018148 0.028882
1 0.603821 0.250146 0.031699 0.021266
1 0.377951 0.341143 0.051648 0.015251
1 0.656868 0.244843 0.029711 0.022146
1 0.609888 0.816003 0.039137 0.010031
1 0.393863 0.310123 0.051531 0.018664
1 0.749262 0.235944 0.031376 0.023549
1 0.465456 0.434314 0.016554 0.025101
1 0.354544 0.380475 0.030831 0.012342
1 0.611276 0.835176 0.039351 0.010186
1 0.444293 0.429508 0.019313 0.024653
1 0.376808 0.351996 0.047637 0.013794
1 0.582872 0.879139 0.039052 0.008956
1 0.863104 0.533478 0.032387 0.008362
1 0.838361 0.426651 0.035389 0.007599
1 0.497055 0.439749 0.016959 0.024759
1 0.390131 0.319358 0.046925 0.015634
1 0.769848 0.233929 0.028590 0.023031
1 0.806928 0.238634 0.030680 0.020093
1 0.864312 0.540615 0.030701 0.008098
1 0.490843 0.347115 0.012378 0.024828
1 0.842491 0.439472 0.034014 0.008223
1 0.842991 0.446560 0.033332 0.007287
1 0.873199 0.573378 0.032046 0.008310
1 0.373649 0.370956 0.032294 0.010127
1 0.375483 0.659227 0.042355 0.008334
1 0.619241 0.303647 0.030124 0.015529
1 0.390461 0.326143 0.043229 0.013656
1 0.530521 0.338881 0.012339 0.024677
1 0.827595 0.379832 0.034248 0.007776
1 0.847990 0.466697 0.034783 0.008249
1 0.599394 0.341505 0.028029 0.007893
1 0.388094 0.333746 0.042510 0.011671
1 0.871998 0.566688 0.034153 0.007838
1 0.383119 0.614489 0.025687 0.032944
1 0.476098 0.435766 0.014484 0.024338
1 0.319066 0.389410 0.032001 0.010720
1 0.394124 0.312226 0.047274 0.015134
1 0.187775 0.415551 0.027295 0.023820
1 0.831825 0.394013 0.038119 0.008847
1 0.856815 0.501200 0.034837 0.007979
1 0.853053 0.479604 0.036729 0.007705
1 0.828406 0.386244 0.035396 0.007912
1 0.857657 0.506435 0.034827 0.008187
1 0.835496 0.413076 0.033861 0.007550
1 0.175895 0.393913 0.029701 0.020377
1 0.389954 0.317735 0.051999 0.015177
1 0.383030 0.641252 0.038297 0.007330
1 0.628007 0.893123 0.035293 0.007798
