1 0.316261 0.448884 0.048589 0.021867
1 0.538997 0.493365 0.046789 0.021214
1 0.320185 0.412150 0.046109 0.019961
1 0.578534 0.415894 0.046914 0.019966
1 0.351558 0.451159 0.048008 0.019987
1 0.692112 0.457413 0.045702 0.020328
1 0.617529 0.530488 0.041066 0.020844
1 0.333758 0.485034 0.047721 0.020316
1 0.238167 0.485254 0.046828 0.021000
1 0.539583 0.456320 0.051277 0.020406
1 0.387587 0.411891 0.044618 0.017943
1 0.436379 0.453489 0.044402 0.019053
1 0.250006 0.447577 0.045968 0.019833
1 0.827040 0.569455 0.045164 0.019253
1 0.273631 0.448743 0.044178 0.020716
1 0.262678 0.409789 0.049493 0.020538
1 0.759272 0.879905 0.017631 0.021285
1 0.661858 0.416952 0.050237 0.020891
1 0.696673 0.559993 0.049828 0.007240
1 0.315974 0.448869 0.048501 0.021114
1 0.559083 0.530074 0.043709 0.022505
1 0.730947 0.879554 0.032656 0.007139
1 0.448303 0.414691 0.045198 0.021020
1 0.533114 0.416393 0.045239 0.020008
1 0.445733 0.525588 0.043868 0.020355
1 0.596777 0.720286 0.015160 0.033311
1 0.643499 0.106516 0.040155 0.023619
1 0.645980 0.494592 0.050842 0.020422
1 0.345744 0.526980 0.039641 0.018045
1 0.381636 0.452059 0.038858 0.019235
1 0.660432 0.774090 0.013179 0.029444
1 0.403783 0.526263 0.040589 0.021259
1 0.511470 0.528063 0.039899 0.019670
1 0.731631 0.532608 0.044666 0.021400
1 0.578652 0.138139 0.028365 0.013840
1 0.834874 0.503540 0.031761 0.027423
1 0.469499 0.527494 0.039668 0.019153
1 0.577703 0.822697 0.046319 0.007068
1 0.595312 0.418483 0.043689 0.018804
1 0.609347 0.861733 0.059611 0.007483
1 0.569731 0.455532 0.041001 0.019274
1 0.243170 0.875634 0.033030 0.007179
1 0.850007 0.420076 0.014857 0.030784
1 0.214243 0.257670 0.050015 0.013883
1 0.533692 0.528774 0.040562 0.020505
1 0.488478 0.527306 0.041718 0.019146
1 0.776574 0.562870 0.045942 0.022374
1 0.655640 0.498609 0.043370 0.017970
