1 0.629041 0.762731 0.060867 0.019274
1 0.564972 0.670821 0.039613 0.021059
1 0.637474 0.263507 0.055187 0.013025
1 0.623811 0.290078 0.051168 0.013579
1 0.671662 0.186783 0.065577 0.011879
1 0.520250 0.888997 0.024547 0.029579
1 0.679271 0.170798 0.059079 0.010493
1 0.517340 0.686446 0.034973 0.014930
1 0.495515 0.703176 0.039369 0.015370
1 0.665907 0.875821 0.016231 0.033021
1 0.680923 0.875600 0.015333 0.033141
1 0.489857 0.710182 0.038190 0.015139
1 0.647820 0.237744 0.057948 0.013153
1 0.354427 0.200703 0.021717 0.031238
1 0.626403 0.749785 0.057948 0.018002
1 0.647496 0.228187 0.044561 0.011996
1 0.505298 0.697707 0.041309 0.017030
1 0.623070 0.732096 0.061138 0.022058
1 0.393410 0.289250 0.052743 0.012006
1 0.366503 0.302106 0.054463 0.012551
1 0.701876 0.756059 0.018270 0.031679
1 0.604449 0.671340 0.058766 0.021919
1 0.616016 0.700389 0.062504 0.023315
1 0.661000 0.193295 0.052462 0.010734
1 0.625871 0.743182 0.056833 0.018608
1 0.628324 0.878584 0.014773 0.033677
1 0.470915 0.129791 0.064562 0.012839
1 0.651929 0.876455 0.014059 0.033179
1 0.551841 0.886865 0.019153 0.032446
1 0.536561 0.888710 0.021086 0.031417
1 0.484130 0.139465 0.030253 0.009910
1 0.585221 0.882860 0.021193 0.033902
1 0.612568 0.684505 0.058741 0.020541
1 0.365117 0.169138 0.019338 0.020106
1 0.462501 0.161187 0.048989 0.010439
