1 0.423489 0.555188 0.036535 0.051759
1 0.579755 0.564733 0.032015 0.038057
1 0.577993 0.618804 0.031930 0.044967
1 0.528747 0.649543 0.027934 0.032503
1 0.595617 0.542055 0.029336 0.036965
1 0.518668 0.657573 0.027659 0.031640
0 0.283619 0.307388 0.017934 0.020034
1 0.511552 0.613515 0.048295 0.071233
1 0.626996 0.649607 0.035594 0.037077
1 0.478797 0.593211 0.034872 0.055510
1 0.548654 0.612923 0.031775 0.037717
1 0.456735 0.577117 0.032251 0.048029
0 0.686233 0.271076 0.017426 0.017536
1 0.432314 0.569105 0.034319 0.048412
0 0.745600 0.302916 0.018541 0.019144
0 0.727503 0.288934 0.020018 0.019372
0 0.670245 0.300318 0.020174 0.019451
0 0.259737 0.317416 0.015490 0.018666
1 0.587309 0.554358 0.029460 0.033755
0 0.277887 0.232361 0.017378 0.021166
1 0.629973 0.537845 0.035420 0.049220
1 0.566408 0.666271 0.032495 0.048139
0 0.795805 0.511146 0.016352 0.019750
0 0.288353 0.226953 0.016573 0.020115
0 0.722298 0.336088 0.021118 0.022323
0 0.736681 0.270903 0.018769 0.018427
0 0.744412 0.261994 0.019948 0.020601
0 0.256033 0.257446 0.018282 0.019654
0 0.707142 0.365361 0.022024 0.021864
0 0.601172 0.289148 0.019291 0.017556
1 0.572045 0.576516 0.029944 0.035653
1 0.454050 0.453516 0.033050 0.031371
0 0.696492 0.383934 0.021119 0.019368
0 0.263973 0.294468 0.017358 0.020420
1 0.536550 0.637345 0.028791 0.035809
1 0.461168 0.442156 0.033877 0.032343
1 0.172991 0.649106 0.030159 0.025088
0 0.269959 0.239658 0.017807 0.021303
1 0.694417 0.644106 0.042692 0.040393
0 0.829827 0.537714 0.016855 0.022821
1 0.670520 0.710725 0.028419 0.052557
1 0.487433 0.602593 0.038848 0.059462
0 0.774946 0.543713 0.015034 0.016366
0 0.250481 0.309329 0.014861 0.017443
0 0.251368 0.267262 0.019464 0.020340
1 0.554803 0.661265 0.031249 0.045233
0 0.813634 0.522739 0.015875 0.020811
1 0.555837 0.599502 0.031182 0.037757
0 0.244486 0.275754 0.017389 0.018997
1 0.564937 0.588992 0.029229 0.035208
0 0.242531 0.302924 0.015163 0.018426
0 0.715371 0.306449 0.017457 0.018904
1 0.694149 0.715810 0.038811 0.061931
0 0.492615 0.834915 0.018538 0.015623
1 0.555250 0.660556 0.029859 0.042049
0 0.788556 0.505805 0.015467 0.020875
