1 0.316281 0.481314 0.088767 0.051730
1 0.466352 0.408805 0.045642 0.102784
1 0.344033 0.563900 0.110380 0.058019
1 0.376030 0.678671 0.109700 0.064262
1 0.401581 0.794345 0.106990 0.067549
1 0.326411 0.516567 0.108729 0.057407
1 0.399361 0.761937 0.108206 0.071766
1 0.695956 0.337551 0.054156 0.120256
1 0.692841 0.852690 0.052748 0.133438
1 0.638429 0.875810 0.054001 0.131834
1 0.386492 0.332600 0.064790 0.166017
1 0.666014 0.862420 0.052021 0.134298
1 0.794453 0.319664 0.055658 0.143866
1 0.716274 0.828967 0.068002 0.159186
1 0.316471 0.197409 0.072587 0.156813
1 0.891075 0.709544 0.064721 0.146943
1 0.866299 0.735486 0.062400 0.153500
1 0.381404 0.737566 0.116756 0.070075
1 0.844874 0.370113 0.033553 0.066740
1 0.625712 0.376511 0.059532 0.143039
1 0.533137 0.407681 0.058389 0.142672
1 0.869049 0.741091 0.057969 0.130497
1 0.731423 0.333916 0.057291 0.131123
1 0.611727 0.886351 0.053574 0.132733
