1 0.787936 0.599456 0.034837 0.042002
1 0.277532 0.387630 0.045450 0.057389
1 0.446968 0.236737 0.036875 0.047601
1 0.268594 0.369588 0.041112 0.047432
1 0.428843 0.580922 0.048469 0.055991
1 0.512764 0.319382 0.040825 0.051140
1 0.468093 0.263772 0.040079 0.049927
1 0.589489 0.850570 0.048083 0.060851
1 0.437398 0.812260 0.034758 0.015466
1 0.648443 0.291693 0.061110 0.016148
1 0.524808 0.916754 0.037462 0.014326
1 0.414089 0.195283 0.039306 0.048166
1 0.589297 0.415003 0.035432 0.045148
1 0.778251 0.446524 0.050065 0.014740
1 0.543170 0.363197 0.043927 0.055010
1 0.125822 0.502481 0.035227 0.043703
1 0.532411 0.349485 0.041072 0.054287
1 0.472123 0.844977 0.035105 0.013574
1 0.329857 0.431845 0.028879 0.035344
1 0.657676 0.308386 0.050466 0.014604
1 0.317168 0.420602 0.034418 0.041077
1 0.448777 0.078994 0.013682 0.076683
1 0.320517 0.656805 0.031124 0.014535
1 0.343246 0.690754 0.036167 0.011906
1 0.254991 0.359311 0.046451 0.057949
1 0.311940 0.637475 0.030480 0.012782
1 0.524535 0.719352 0.034656 0.041936
1 0.786547 0.463730 0.061119 0.014272
1 0.886005 0.586598 0.052106 0.015553
1 0.852050 0.551917 0.062239 0.015001
1 0.394740 0.759446 0.058062 0.015470
1 0.341327 0.444279 0.028549 0.034236
1 0.392517 0.741910 0.031921 0.014517
1 0.552803 0.378471 0.046220 0.053549
1 0.502758 0.898553 0.055657 0.013829
1 0.338988 0.672251 0.031140 0.013714
0 0.057027 0.366519 0.015017 0.021176
1 0.287733 0.400414 0.046824 0.056220
1 0.306099 0.406560 0.034915 0.042141
1 0.249678 0.337776 0.035033 0.041913
1 0.408955 0.553810 0.049694 0.056594
0 0.133034 0.400020 0.016126 0.020214
1 0.475885 0.282943 0.043404 0.055382
0 0.681962 0.591351 0.013988 0.019802
1 0.796928 0.480740 0.062467 0.015479
0 0.245483 0.824941 0.014819 0.019191
1 0.495750 0.883146 0.039790 0.012960
1 0.840751 0.533264 0.061955 0.015162
0 0.249002 0.555214 0.015709 0.022036
1 0.529974 0.733675 0.028371 0.034246
