2 0.459266 0.553963 0.075122 0.047962
2 0.177759 0.652963 0.040991 0.027364
2 0.183317 0.619328 0.059773 0.039393
2 0.590581 0.637875 0.051003 0.030299
2 0.244533 0.707122 0.066861 0.043307
2 0.515753 0.786607 0.056588 0.038518
2 0.308931 0.752911 0.057239 0.036127
2 0.207183 0.546087 0.093202 0.060762
2 0.355047 0.790210 0.052764 0.033696
2 0.275194 0.730163 0.053087 0.033144
2 0.309968 0.167451 0.122756 0.069227
2 0.330379 0.771888 0.037268 0.024181
2 0.689667 0.923652 0.066694 0.045782
2 0.259909 0.194344 0.078250 0.055686
2 0.279075 0.116411 0.136342 0.086278
2 0.365703 0.136515 0.046581 0.030608
2 0.721750 0.541744 0.032317 0.022228
