1 0.505248 0.589139 0.022616 0.124795
1 0.595047 0.415936 0.059281 0.031717
1 0.517482 0.376985 0.025113 0.073100
1 0.493847 0.379787 0.024573 0.076581
1 0.556296 0.598935 0.024310 0.090245
1 0.408398 0.558484 0.021125 0.138106
1 0.581778 0.600183 0.022671 0.090650
1 0.286648 0.568154 0.024803 0.133553
1 0.644869 0.583837 0.028918 0.085032
1 0.467747 0.384608 0.022088 0.075473
1 0.624865 0.593916 0.027510 0.082056
0 0.013839 0.206021 0.015786 0.040768
1 0.430888 0.387823 0.018838 0.064601
1 0.604511 0.602248 0.024744 0.081336
0 0.028009 0.120003 0.018048 0.043193
0 0.045957 0.251776 0.015530 0.037301
0 0.048282 0.345477 0.016991 0.041007
0 0.014075 0.247973 0.014332 0.035712
0 0.011012 0.081232 0.020948 0.043770
1 0.412272 0.385110 0.019583 0.069667
0 0.065320 0.208659 0.016199 0.041270
1 0.557838 0.378720 0.024653 0.054228
0 0.065510 0.619610 0.016430 0.042707
1 0.882584 0.532501 0.030827 0.075409
0 0.057943 0.911393 0.016334 0.035625
0 0.065513 0.010266 0.017803 0.020531
1 0.348402 0.563304 0.023716 0.134609
0 0.714958 0.632434 0.034762 0.024290
