1 0.555239 0.452738 0.113905 0.035242
1 0.535585 0.384636 0.124820 0.037475
1 0.499424 0.342570 0.095987 0.030091
1 0.575189 0.521162 0.116260 0.034530
1 0.561251 0.476303 0.096650 0.030753
1 0.572697 0.497344 0.117884 0.035949
1 0.066325 0.250602 0.056493 0.066983
1 0.576499 0.567191 0.096156 0.031084
1 0.489949 0.296566 0.114412 0.035669
1 0.519582 0.363124 0.111603 0.033163
1 0.582667 0.542161 0.110999 0.035095
1 0.500594 0.317109 0.114152 0.037545
1 0.469581 0.223539 0.128219 0.038704
1 0.480995 0.273654 0.116477 0.034658
1 0.475936 0.249911 0.125539 0.035834
1 0.893109 0.529037 0.041986 0.049700
1 0.030698 0.256274 0.054790 0.059566
1 0.540865 0.408882 0.116733 0.035504
1 0.607860 0.589091 0.112872 0.034663
1 0.638119 0.675735 0.110598 0.033394
1 0.475837 0.250381 0.124599 0.035831
1 0.701789 0.090811 0.113668 0.035877
1 0.398834 0.159636 0.103284 0.056544
1 0.797341 0.364671 0.069936 0.085813
1 0.354224 0.829198 0.107335 0.032498
1 0.549646 0.430910 0.108720 0.033120
1 0.298821 0.696424 0.100294 0.033454
1 0.230478 0.517383 0.141297 0.039101
1 0.759193 0.545946 0.066785 0.032470
