2 0.220570 0.265507 0.033650 0.036176
2 0.575312 0.202551 0.027831 0.033431
2 0.308258 0.125541 0.040578 0.044816
2 0.208724 0.366461 0.024856 0.022291
2 0.513853 0.155926 0.022984 0.027760
2 0.128867 0.299745 0.016440 0.017610
2 0.671730 0.271759 0.032230 0.036018
2 0.859299 0.567700 0.019724 0.022190
2 0.923634 0.498050 0.022767 0.026318
2 0.840220 0.515495 0.018713 0.020998
2 0.884033 0.489357 0.021282 0.023176
2 0.223881 0.301229 0.033311 0.035239
2 0.872400 0.449179 0.017026 0.017628
2 0.820779 0.478592 0.016270 0.016987
2 0.836552 0.469204 0.021200 0.021036
2 0.648600 0.254386 0.029421 0.036324
2 0.809172 0.541172 0.018106 0.018887
2 0.774802 0.341534 0.015932 0.017850
2 0.531332 0.167081 0.023006 0.026598
2 0.231400 0.171159 0.034606 0.036640
2 0.117403 0.341535 0.014780 0.017346
2 0.123396 0.368531 0.014829 0.014909
2 0.794920 0.495075 0.011484 0.012038
2 0.226306 0.387261 0.015755 0.010526
2 0.123879 0.368444 0.015127 0.015072
2 0.216568 0.336408 0.026804 0.028499
