0 0.731638 0.709153 0.042344 0.043391
0 0.771198 0.474724 0.033700 0.041447
0 0.415714 0.641040 0.025903 0.043173
0 0.578164 0.582855 0.023310 0.041225
0 0.306664 0.752685 0.044591 0.042298
0 0.561636 0.522430 0.033757 0.043217
0 0.476126 0.656426 0.026468 0.042681
0 0.771199 0.683399 0.039841 0.046630
0 0.662789 0.404577 0.039736 0.040049
0 0.537418 0.664516 0.029355 0.044707
0 0.016314 0.785281 0.021102 0.038188
0 0.220620 0.294280 0.022898 0.035286
0 0.506786 0.568653 0.026203 0.043895
0 0.556740 0.578441 0.024083 0.040917
0 0.416267 0.775736 0.020299 0.039280
0 0.753939 0.697070 0.044484 0.049030
0 0.637293 0.541884 0.026251 0.039600
0 0.458794 0.394117 0.026974 0.042593
0 0.987671 0.530020 0.024657 0.027391
0 0.536257 0.572841 0.023677 0.037446
0 0.597530 0.585871 0.022313 0.038067
0 0.833014 0.550771 0.040983 0.028285
0 0.787871 0.489747 0.032134 0.037672
0 0.636253 0.594316 0.026064 0.040022
0 0.841084 0.575797 0.038598 0.023797
0 0.454687 0.774146 0.019246 0.039091
0 0.616634 0.591803 0.021709 0.035779
0 0.494410 0.771556 0.020143 0.039698
0 0.395145 0.592244 0.038289 0.031995
0 0.278955 0.310733 0.022862 0.037359
0 0.727234 0.457015 0.026351 0.036120
0 0.541072 0.519217 0.037312 0.046264
0 0.375979 0.528035 0.019928 0.034869
0 0.476318 0.556613 0.018258 0.033281
0 0.596771 0.427551 0.026070 0.041998
0 0.967691 0.490648 0.042350 0.026500
0 0.675793 0.604794 0.020611 0.036022
0 0.395081 0.636544 0.031935 0.043280
0 0.555869 0.417505 0.021888 0.041823
0 0.821690 0.526895 0.042411 0.033395
0 0.296987 0.312921 0.023205 0.037799
0 0.054898 0.785345 0.019917 0.037583
0 0.579299 0.422346 0.024510 0.043436
0 0.578006 0.529529 0.028662 0.039561
0 0.677251 0.553025 0.025648 0.041782
0 0.485131 0.401702 0.023707 0.039158
0 0.519554 0.514588 0.027242 0.043796
0 0.449728 0.607457 0.045605 0.027333
0 0.537146 0.768734 0.020237 0.035172
0 0.657075 0.545138 0.029205 0.043939
0 0.495570 0.659182 0.024081 0.041966
0 0.600029 0.535322 0.028098 0.037924
0 0.957012 0.640042 0.024332 0.036610
0 0.540135 0.612012 0.047338 0.030090
0 0.695910 0.557097 0.024150 0.040182
