1 0.490183 0.482000 0.027733 0.024634
1 0.440654 0.418822 0.031033 0.028338
1 0.425691 0.292665 0.032218 0.029859
1 0.659602 0.246629 0.030484 0.027364
1 0.678569 0.404212 0.031009 0.028598
1 0.579124 0.581844 0.035986 0.034439
1 0.926648 0.149593 0.022331 0.030414
1 0.472566 0.456707 0.031155 0.028500
1 0.533154 0.471485 0.030109 0.028041
1 0.447214 0.427491 0.031273 0.030010
1 0.907349 0.342101 0.032366 0.030393
1 0.867374 0.343536 0.027656 0.027792
1 0.479311 0.403503 0.032653 0.029779
1 0.459440 0.439784 0.030578 0.028917
1 0.647901 0.601475 0.026902 0.033668
1 0.489878 0.357357 0.032189 0.029608
1 0.951177 0.228916 0.026673 0.028800
1 0.515525 0.448267 0.031800 0.029881
1 0.677179 0.579658 0.024897 0.029363
1 0.861021 0.351445 0.028081 0.028174
1 0.536990 0.523040 0.041651 0.038530
1 0.897695 0.131746 0.021926 0.030796
1 0.335384 0.820261 0.030200 0.036561
1 0.669038 0.586787 0.025721 0.028850
1 0.650688 0.226087 0.032896 0.031185
1 0.496620 0.490599 0.028176 0.026376
1 0.871900 0.424273 0.028186 0.028149
1 0.629113 0.622167 0.024998 0.028399
1 0.573459 0.459896 0.028407 0.029672
1 0.740807 0.323977 0.026812 0.031339
1 0.396771 0.367094 0.030323 0.028915
1 0.668742 0.262308 0.029805 0.026438
1 0.691588 0.241213 0.014094 0.031945
1 0.622150 0.628455 0.025127 0.030174
1 0.319210 0.838139 0.027266 0.029144
1 0.937651 0.154975 0.023906 0.029120
1 0.275062 0.869805 0.032409 0.038264
1 0.949460 0.158846 0.022500 0.029171
1 0.300621 0.849379 0.032337 0.035955
1 0.865665 0.432008 0.025626 0.029543
1 0.566672 0.558928 0.035634 0.033247
1 0.540250 0.541672 0.031404 0.028215
1 0.873879 0.335230 0.030733 0.029522
1 0.228412 0.779436 0.029163 0.031775
1 0.615456 0.635071 0.025079 0.028340
1 0.694114 0.314596 0.026252 0.031223
1 0.867412 0.343745 0.028324 0.027565
0 0.645131 0.501274 0.014054 0.014343
1 0.230058 0.883321 0.012825 0.026390
1 0.492461 0.427453 0.032649 0.030381
1 0.977000 0.250968 0.034408 0.036672
1 0.871547 0.262371 0.021031 0.019290
1 0.385004 0.352701 0.030832 0.027882
1 0.270881 0.746807 0.027841 0.028135
1 0.301338 0.658008 0.020138 0.019974
1 0.241638 0.883110 0.013128 0.026865
1 0.329641 0.759330 0.019560 0.021893
1 0.628894 0.621901 0.024463 0.028682
1 0.083558 0.321652 0.028034 0.021677
0 0.806274 0.475519 0.015826 0.017865
1 0.403751 0.375542 0.031388 0.030476
0 0.701479 0.495109 0.016053 0.017385
0 0.765094 0.510660 0.014286 0.016677
1 0.217833 0.451411 0.025390 0.022301
1 0.531907 0.509255 0.039606 0.036732
1 0.300221 0.847878 0.030926 0.038084
1 0.714806 0.030349 0.024870 0.022725
0 0.655477 0.491091 0.013962 0.015438
0 0.736052 0.488590 0.013529 0.016126
0 0.795933 0.439418 0.014653 0.015447
0 0.733178 0.424462 0.013993 0.015317
0 0.334698 0.684495 0.015478 0.015882
0 0.677287 0.516287 0.013497 0.015308
0 0.783252 0.496258 0.014460 0.016472
0 0.731862 0.471075 0.014649 0.015196
1 0.263990 0.751797 0.023928 0.029317
0 0.058137 0.643500 0.010829 0.015796
0 0.537994 0.324886 0.015877 0.017103
0 0.844449 0.083594 0.015473 0.015568
