1 0.792179 0.551986 0.039777 0.017721
1 0.527640 0.356634 0.027329 0.014538
1 0.499806 0.221901 0.026118 0.014951
1 0.506975 0.248671 0.027174 0.015431
1 0.658291 0.454428 0.026407 0.014324
1 0.632773 0.426058 0.017004 0.043905
1 0.720967 0.469197 0.020678 0.024879
1 0.192436 0.919612 0.034133 0.016833
1 0.497408 0.209160 0.026053 0.014259
1 0.709338 0.414574 0.015190 0.033195
1 0.322336 0.884327 0.028064 0.014638
1 0.524198 0.348121 0.026125 0.013749
1 0.251476 0.867076 0.038818 0.017375
1 0.516796 0.291862 0.024727 0.012953
1 0.640667 0.490670 0.021277 0.023471
1 0.533156 0.383169 0.028167 0.015669
1 0.956286 0.389695 0.027528 0.014701
1 0.508390 0.257143 0.027149 0.014969
1 0.601326 0.424132 0.013725 0.033076
1 0.502550 0.230547 0.026986 0.015362
1 0.729404 0.412703 0.013636 0.031290
1 0.492565 0.194605 0.033797 0.019536
1 0.828039 0.455286 0.035659 0.017673
1 0.663344 0.416808 0.016045 0.043447
1 0.369473 0.837996 0.032422 0.020116
1 0.538649 0.824163 0.039116 0.019743
1 0.281522 0.894859 0.035105 0.016770
1 0.898248 0.356612 0.016556 0.039213
1 0.718818 0.414039 0.014687 0.034178
1 0.148358 0.930403 0.036071 0.017435
1 0.677497 0.481838 0.017414 0.022240
1 0.922578 0.388993 0.021359 0.011464
1 0.599168 0.504778 0.019920 0.022320
1 0.962280 0.361706 0.009195 0.027076
1 0.684761 0.479249 0.018176 0.021906
1 0.625987 0.496720 0.019537 0.022885
1 0.478495 0.156080 0.037228 0.017128
1 0.161021 0.891787 0.040731 0.017714
1 0.615852 0.499652 0.021953 0.025167
1 0.524070 0.337969 0.025018 0.013506
1 0.311230 0.858952 0.035048 0.017418
1 0.960496 0.418941 0.027487 0.014979
1 0.531633 0.373953 0.028157 0.013211
1 0.462943 0.297801 0.014668 0.048442
1 0.519988 0.308681 0.023015 0.013357
1 0.958466 0.402316 0.027903 0.014902
1 0.703300 0.474402 0.019180 0.022801
1 0.709480 0.607642 0.014307 0.028014
1 0.879027 0.361592 0.016092 0.037189
1 0.357976 0.871714 0.040114 0.017466
1 0.488723 0.838419 0.042476 0.023043
1 0.556213 0.440413 0.017875 0.040030
1 0.532901 0.393220 0.025627 0.013996
1 0.919799 0.379905 0.020909 0.011748
1 0.103294 0.859284 0.014351 0.030000
1 0.509694 0.266497 0.025945 0.013543
1 0.395132 0.633563 0.013144 0.029625
1 0.641799 0.422714 0.017249 0.044345
1 0.227285 0.673686 0.012617 0.027196
1 0.907382 0.352024 0.015788 0.033248
1 0.518663 0.299650 0.023970 0.013006
1 0.884016 0.439903 0.027188 0.015511
1 0.096447 0.827180 0.012214 0.028040
1 0.696126 0.621193 0.014305 0.043367
1 0.956539 0.332557 0.011976 0.028969
1 0.771999 0.401337 0.017265 0.043887
1 0.515495 0.692463 0.013780 0.024537
1 0.826620 0.368688 0.011389 0.021213
1 0.589584 0.425229 0.012925 0.029221
1 0.805597 0.385211 0.014348 0.027719
1 0.936713 0.363024 0.012460 0.025230
1 0.696655 0.477135 0.016808 0.022296
1 0.159392 0.901418 0.045530 0.021177
1 0.109130 0.834204 0.013684 0.032565
1 0.713053 0.473267 0.021454 0.024460
1 0.233567 0.889130 0.039032 0.013865
