2 0.636529 0.707021 0.024727 0.070832
2 0.132793 0.689849 0.015797 0.045459
2 0.598214 0.717337 0.022500 0.067584
2 0.952356 0.199840 0.018844 0.050893
2 0.101251 0.725595 0.015201 0.043282
2 0.150787 0.744937 0.012991 0.047701
2 0.950566 0.311450 0.010077 0.030922
2 0.137671 0.218354 0.011780 0.036534
2 0.134412 0.525640 0.015147 0.039621
2 0.800676 0.179618 0.009950 0.038791
2 0.136881 0.257004 0.016346 0.043003
2 0.838867 0.173049 0.013839 0.050043
2 0.070258 0.420307 0.012697 0.043546
2 0.917578 0.184813 0.013103 0.049506
2 0.903571 0.188203 0.009818 0.035142
2 0.357146 0.762735 0.014972 0.042971
2 0.864502 0.181622 0.013812 0.050137
2 0.482736 0.296384 0.011398 0.030311
2 0.086916 0.482003 0.013464 0.040975
2 0.136134 0.331111 0.014950 0.039110
2 0.134959 0.488364 0.015640 0.036017
2 0.277145 0.239519 0.011726 0.032178
2 0.326635 0.235483 0.010166 0.029564
2 0.070289 0.339078 0.010421 0.036262
2 0.137842 0.183465 0.013277 0.034090
2 0.358274 0.586707 0.014934 0.036873
2 0.188229 0.699876 0.015543 0.042951
2 0.189172 0.299197 0.012116 0.035153
2 0.787661 0.173816 0.012947 0.042525
2 0.045604 0.729323 0.011851 0.037507
2 0.320818 0.129074 0.012718 0.027758
2 0.101447 0.767976 0.012773 0.034527
2 0.388503 0.456377 0.011211 0.032246
2 0.306432 0.409649 0.011491 0.031846
2 0.104199 0.587493 0.016443 0.041727
2 0.420764 0.136883 0.011681 0.031575
2 0.303447 0.540492 0.014041 0.038597
2 0.480265 0.634968 0.013661 0.035170
2 0.131078 0.453970 0.015618 0.035802
2 0.477890 0.827929 0.012618 0.033223
2 0.221905 0.424371 0.013560 0.033900
2 0.387510 0.638142 0.013261 0.035081
2 0.189709 0.380720 0.017445 0.036450
2 0.422343 0.694879 0.009743 0.040680
2 0.302400 0.576839 0.013017 0.035170
2 0.253163 0.725591 0.011341 0.038482
2 0.051159 0.425361 0.009031 0.027443
2 0.877869 0.187979 0.010054 0.044242
2 0.105581 0.538138 0.015841 0.052741
2 0.388406 0.422234 0.013112 0.032625
2 0.102057 0.229797 0.012360 0.038088
2 0.106920 0.382602 0.014777 0.043468
2 0.518731 0.139465 0.011819 0.028801
2 0.302081 0.608228 0.010733 0.033095
2 0.356308 0.654833 0.012195 0.032263
2 0.170583 0.514548 0.009271 0.042314
2 0.053001 0.393166 0.012636 0.034868
2 0.482627 0.345369 0.011752 0.033135
2 0.272066 0.643078 0.013086 0.033590
2 0.050916 0.602436 0.011940 0.032976
2 0.184421 0.627273 0.014258 0.039434
2 0.171142 0.585714 0.010144 0.037994
2 0.307250 0.438899 0.010043 0.028842
2 0.135678 0.378507 0.015176 0.035652
2 0.358182 0.619604 0.011801 0.029932
2 0.221392 0.230826 0.015681 0.036988
2 0.384515 0.702065 0.012799 0.032996
2 0.050523 0.565971 0.012897 0.035101
2 0.222274 0.305358 0.014017 0.030284
2 0.302983 0.645486 0.011974 0.035337
2 0.271275 0.678729 0.011310 0.030913
2 0.276658 0.272126 0.011035 0.027571
2 0.305456 0.340029 0.012890 0.028215
2 0.221360 0.270410 0.015177 0.032474
2 0.273704 0.714899 0.011420 0.027662
2 0.123034 0.854930 0.015405 0.030449
2 0.480455 0.678393 0.011659 0.038466
2 0.218509 0.666517 0.011110 0.032589
2 0.066732 0.590751 0.010241 0.045632
2 0.678112 0.920926 0.013869 0.034459
2 0.067038 0.587343 0.009532 0.041186
2 0.599661 0.837861 0.024269 0.063274
