1 0.880653 0.442717 0.066111 0.022791
1 0.842780 0.539815 0.069832 0.025270
1 0.813759 0.615380 0.067002 0.024229
1 0.654848 0.590389 0.062544 0.022705
1 0.826846 0.577506 0.067011 0.024004
1 0.720300 0.417531 0.066306 0.022004
1 0.915112 0.345955 0.069887 0.023696
1 0.391078 0.388910 0.066893 0.023392
1 0.668897 0.552642 0.066732 0.023468
1 0.906359 0.364759 0.066936 0.023065
1 0.855837 0.501274 0.067960 0.023758
1 0.458560 0.386816 0.040943 0.038701
1 0.764346 0.301620 0.062689 0.019976
1 0.711569 0.437734 0.066081 0.021963
1 0.647736 0.610944 0.064770 0.022914
1 0.493798 0.567567 0.066032 0.024703
1 0.460124 0.214128 0.064088 0.023099
1 0.480283 0.605749 0.064619 0.021654
1 0.609119 0.257814 0.065949 0.022587
1 0.423157 0.310450 0.067030 0.026249
1 0.448984 0.403356 0.038446 0.037821
1 0.465453 0.366492 0.040726 0.039004
1 0.362798 0.465964 0.064879 0.023524
1 0.248533 0.498127 0.045738 0.044970
1 0.521701 0.490073 0.070233 0.022123
1 0.581251 0.335817 0.066722 0.024600
1 0.886208 0.423099 0.064973 0.021559
1 0.561909 0.374857 0.066384 0.024712
1 0.850130 0.520168 0.067850 0.023250
1 0.819116 0.596817 0.066262 0.023015
1 0.899041 0.385127 0.067968 0.023322
1 0.446224 0.252964 0.065399 0.022989
1 0.376595 0.427144 0.064874 0.024864
1 0.587507 0.315129 0.066292 0.023252
1 0.822103 0.319479 0.039945 0.041092
1 0.413635 0.330021 0.067244 0.022538
1 0.750481 0.340191 0.063003 0.022464
1 0.675565 0.533836 0.066779 0.023857
1 0.769778 0.281552 0.061510 0.020142
1 0.659930 0.572017 0.063958 0.022972
1 0.735730 0.551765 0.038404 0.039495
1 0.690754 0.665899 0.043673 0.041384
1 0.491532 0.192458 0.046498 0.023434
1 0.756721 0.321450 0.062141 0.021981
1 0.863856 0.481206 0.068213 0.023407
1 0.442206 0.422522 0.036852 0.038060
1 0.437092 0.272692 0.067190 0.024712
1 0.749329 0.510427 0.038051 0.040441
1 0.918545 0.506826 0.044666 0.019829
1 0.893040 0.403187 0.066099 0.023978
1 0.689954 0.494817 0.066930 0.024041
1 0.834441 0.558240 0.067563 0.025003
1 0.705043 0.456329 0.068005 0.023368
1 0.390030 0.581414 0.049638 0.043830
1 0.516284 0.509137 0.069684 0.022640
1 0.472013 0.345598 0.040540 0.038899
1 0.830939 0.738429 0.050028 0.018349
1 0.630078 0.650550 0.062600 0.024017
1 0.843655 0.699873 0.047469 0.020932
1 0.805072 0.635008 0.064938 0.022832
1 0.734750 0.378799 0.061211 0.020319
1 0.924003 0.488715 0.047086 0.020190
1 0.494918 0.287158 0.042637 0.039233
1 0.485866 0.586079 0.065915 0.022624
1 0.594887 0.296037 0.067295 0.022096
1 0.930437 0.469013 0.044404 0.019411
1 0.348265 0.504106 0.066460 0.022457
1 0.616614 0.239830 0.065947 0.021944
1 0.909706 0.526400 0.046219 0.020391
1 0.921519 0.326400 0.068915 0.020104
1 0.684322 0.685153 0.042244 0.040892
1 0.807562 0.358387 0.041013 0.039856
1 0.792353 0.396294 0.041131 0.042023
1 0.897154 0.564112 0.044914 0.020884
1 0.777831 0.434479 0.041860 0.041511
1 0.770660 0.452743 0.041810 0.040099
1 0.256974 0.459294 0.051191 0.044137
1 0.573869 0.354277 0.066925 0.025240
1 0.837036 0.718784 0.044389 0.019494
1 0.798370 0.654946 0.068073 0.022661
1 0.698428 0.646319 0.043628 0.042057
1 0.355998 0.484928 0.065252 0.022687
1 0.530930 0.470735 0.070019 0.023507
1 0.428147 0.291739 0.065735 0.024250
1 0.831163 0.300467 0.040615 0.040185
1 0.543589 0.432153 0.069180 0.024299
1 0.784432 0.415388 0.042912 0.041122
1 0.886166 0.584478 0.043815 0.017644
1 0.902581 0.545458 0.044895 0.020699
1 0.383983 0.407351 0.066965 0.024061
1 0.641431 0.629409 0.062931 0.022431
1 0.799567 0.376352 0.041239 0.041107
1 0.742292 0.532134 0.037981 0.040860
1 0.565683 0.543266 0.038150 0.037432
1 0.398553 0.368807 0.068241 0.023715
1 0.391862 0.558515 0.049172 0.046433
1 0.480393 0.326771 0.041549 0.042591
1 0.756393 0.491109 0.039248 0.038802
1 0.814125 0.338542 0.041591 0.041352
1 0.712395 0.609073 0.038106 0.038490
1 0.728299 0.666880 0.026326 0.034658
1 0.763750 0.472656 0.039240 0.039182
1 0.945309 0.430380 0.043939 0.018123
1 0.455676 0.233232 0.064854 0.023480
1 0.719193 0.588742 0.038904 0.042051
1 0.882083 0.603048 0.047819 0.018068
1 0.706572 0.627801 0.038398 0.039515
1 0.660243 0.293152 0.034905 0.035558
1 0.743732 0.359547 0.062213 0.022374
1 0.600535 0.446140 0.033060 0.031541
1 0.341296 0.523199 0.065693 0.021984
1 0.681837 0.514328 0.066046 0.024127
1 0.556519 0.395221 0.068177 0.021899
1 0.655298 0.313217 0.035824 0.033156
1 0.498622 0.548976 0.066053 0.025912
1 0.850149 0.680799 0.046015 0.020567
1 0.593446 0.464238 0.032192 0.031415
1 0.727552 0.398447 0.060903 0.021988
1 0.600127 0.278217 0.065731 0.021102
1 0.609138 0.425252 0.032645 0.033231
1 0.501945 0.269122 0.039606 0.039237
1 0.517474 0.229718 0.039521 0.037794
1 0.537070 0.451226 0.069230 0.023146
1 0.616783 0.409303 0.032538 0.031528
1 0.585002 0.510191 0.032333 0.033378
1 0.521723 0.092765 0.026534 0.039520
1 0.502531 0.086511 0.027438 0.038453
1 0.631884 0.370348 0.033069 0.032595
1 0.726420 0.569649 0.038071 0.040406
1 0.696510 0.475938 0.067718 0.024994
1 0.487240 0.306364 0.040090 0.039093
1 0.647675 0.332290 0.032445 0.032596
1 0.669678 0.274378 0.035729 0.034454
1 0.872013 0.461822 0.068167 0.021340
