1 0.719762 0.346372 0.038117 0.037412
1 0.191471 0.669584 0.033059 0.034079
1 0.778568 0.247388 0.036850 0.037806
1 0.214419 0.630736 0.032396 0.035987
1 0.286806 0.682175 0.046341 0.009763
1 0.735369 0.321604 0.038528 0.037060
1 0.750163 0.296833 0.037593 0.036894
1 0.727642 0.333491 0.037707 0.036658
1 0.685712 0.558728 0.042430 0.010136
1 0.302297 0.657805 0.045684 0.009833
1 0.272276 0.708471 0.046383 0.010482
1 0.488023 0.609964 0.027970 0.028872
1 0.206619 0.644365 0.033077 0.034307
1 0.266238 0.561027 0.034868 0.038544
1 0.742667 0.308744 0.037534 0.036942
1 0.481657 0.301228 0.030296 0.034587
1 0.295320 0.747492 0.042097 0.014948
1 0.626001 0.621154 0.034885 0.026421
1 0.729067 0.668177 0.030681 0.040500
1 0.467135 0.648516 0.026411 0.029615
1 0.792960 0.474971 0.041828 0.009387
1 0.326197 0.460705 0.035058 0.037796
1 0.316455 0.472781 0.034116 0.037830
1 0.791227 0.389014 0.043409 0.009497
1 0.279823 0.694693 0.047245 0.009700
1 0.443510 0.683870 0.027759 0.029585
1 0.481589 0.623110 0.026930 0.030014
1 0.639080 0.628375 0.037139 0.025715
1 0.757256 0.284636 0.037248 0.036568
1 0.421360 0.722365 0.025545 0.027860
1 0.295131 0.511793 0.035255 0.037142
1 0.773335 0.413339 0.043177 0.010026
1 0.799259 0.375851 0.041516 0.009302
1 0.843823 0.212648 0.029929 0.039864
1 0.783404 0.401407 0.043156 0.009644
1 0.682384 0.646815 0.035188 0.026250
1 0.360334 0.645009 0.050252 0.009643
1 0.301112 0.497987 0.036356 0.037949
1 0.695483 0.545133 0.041492 0.009677
1 0.812496 0.437735 0.038129 0.009969
1 0.429769 0.710474 0.026323 0.029227
1 0.850304 0.388763 0.038746 0.009972
1 0.451791 0.672511 0.026265 0.029131
1 0.763587 0.522268 0.040499 0.009764
1 0.286846 0.522905 0.035243 0.038088
1 0.348028 0.669650 0.050929 0.010165
1 0.701904 0.533701 0.042611 0.009862
1 0.379666 0.620304 0.049589 0.010279
1 0.312169 0.731536 0.045421 0.010248
1 0.742285 0.559131 0.040255 0.010020
1 0.858665 0.363736 0.038159 0.009669
1 0.656502 0.633258 0.032069 0.024872
1 0.113630 0.765238 0.029860 0.037891
1 0.843808 0.303383 0.044279 0.009188
1 0.325685 0.707224 0.047466 0.009974
1 0.340291 0.682173 0.048336 0.009954
1 0.821640 0.340178 0.042964 0.009436
1 0.813721 0.352437 0.043232 0.009458
1 0.338400 0.595959 0.045222 0.010022
1 0.828849 0.413388 0.038021 0.009772
1 0.850135 0.291302 0.042885 0.008976
1 0.858286 0.278698 0.043127 0.009499
1 0.418274 0.461651 0.041939 0.008854
1 0.308919 0.485423 0.033838 0.038082
1 0.733286 0.572390 0.038605 0.010231
1 0.331609 0.608447 0.045425 0.009731
1 0.406067 0.571822 0.051170 0.009884
1 0.279994 0.535036 0.034907 0.037447
1 0.459260 0.659698 0.026861 0.029143
1 0.544665 0.326434 0.030540 0.036888
1 0.819096 0.425945 0.035809 0.010418
1 0.667282 0.641025 0.034230 0.025443
1 0.863005 0.352958 0.037743 0.009200
1 0.272065 0.547093 0.035059 0.037548
1 0.384375 0.522924 0.044603 0.009649
1 0.767581 0.425239 0.044106 0.009413
1 0.457769 0.486355 0.053858 0.009268
1 0.376052 0.535351 0.044476 0.009055
1 0.354645 0.657379 0.050941 0.010202
1 0.722911 0.498422 0.044080 0.009259
1 0.663107 0.324561 0.034109 0.011686
1 0.335028 0.694616 0.047834 0.009820
1 0.361182 0.559787 0.044802 0.008998
1 0.693377 0.654343 0.031837 0.025608
1 0.854826 0.376215 0.038337 0.009476
1 0.420609 0.547090 0.050775 0.009482
1 0.650003 0.210194 0.023961 0.025892
1 0.833544 0.315606 0.043294 0.009196
1 0.318685 0.719352 0.045002 0.009812
0 0.705623 0.084185 0.012105 0.017703
1 0.324675 0.621470 0.044872 0.009367
1 0.346863 0.583749 0.045296 0.009325
1 0.368231 0.633344 0.050488 0.010701
1 0.828798 0.327496 0.042276 0.009786
1 0.307012 0.645404 0.047347 0.010149
1 0.390749 0.596471 0.049398 0.009616
0 0.844050 0.052981 0.010638 0.017238
1 0.398341 0.583688 0.051482 0.009481
1 0.405248 0.485995 0.042199 0.009368
1 0.368873 0.547723 0.044541 0.009190
1 0.676237 0.300787 0.027302 0.010832
1 0.662729 0.216446 0.024838 0.026627
1 0.407167 0.749032 0.025341 0.027878
1 0.746740 0.461674 0.048162 0.008721
1 0.382783 0.608434 0.049998 0.010049
1 0.669101 0.312599 0.028425 0.010949
1 0.606769 0.187021 0.017032 0.031091
