1 0.187245 0.521353 0.057305 0.048637
1 0.242390 0.426855 0.056686 0.048535
1 0.188867 0.589708 0.057574 0.048757
1 0.377368 0.807682 0.055666 0.047583
1 0.753737 0.146793 0.056355 0.049947
1 0.796946 0.725341 0.045905 0.040781
1 0.247381 0.655320 0.056960 0.046884
1 0.247526 0.608339 0.054417 0.047241
1 0.378892 0.620140 0.053767 0.046978
1 0.778851 0.144581 0.060641 0.053181
1 0.191944 0.750202 0.055557 0.050991
1 0.188971 0.728233 0.056488 0.048209
1 0.374873 0.553967 0.054563 0.048265
1 0.189762 0.612807 0.055933 0.049895
1 0.241430 0.290044 0.053594 0.047053
1 0.728365 0.148713 0.062116 0.055200
1 0.188267 0.496399 0.057991 0.048953
1 0.241005 0.685497 0.055227 0.047097
1 0.190548 0.565688 0.057613 0.049838
1 0.697146 0.096680 0.062084 0.052223
1 0.237169 0.478220 0.055508 0.048895
1 0.377865 0.527595 0.057248 0.047306
1 0.244551 0.587066 0.054135 0.047366
1 0.186093 0.427835 0.057104 0.048757
1 0.333609 0.102486 0.056964 0.047519
1 0.427633 0.717834 0.055937 0.048619
1 0.190602 0.797396 0.055381 0.048350
1 0.187767 0.402301 0.061030 0.047356
1 0.189969 0.472594 0.055307 0.048615
1 0.371011 0.157186 0.055761 0.047023
1 0.428856 0.926009 0.053743 0.046928
1 0.375346 0.736883 0.055417 0.046261
1 0.374435 0.369192 0.056157 0.047308
1 0.187712 0.543978 0.058760 0.051483
1 0.426303 0.765002 0.058333 0.047010
1 0.678675 0.150163 0.056044 0.050463
1 0.253175 0.697210 0.053770 0.049279
1 0.383149 0.479023 0.053472 0.047542
1 0.376594 0.760358 0.055321 0.047801
1 0.427779 0.740749 0.057950 0.048149
1 0.249243 0.629590 0.055003 0.049289
1 0.783932 0.713978 0.051567 0.046900
1 0.910795 0.698888 0.049582 0.013404
1 0.376442 0.667946 0.054826 0.046950
1 0.185985 0.452329 0.056274 0.047386
1 0.428535 0.854074 0.053275 0.048411
1 0.238054 0.522805 0.055106 0.049862
1 0.383896 0.918236 0.054680 0.048408
1 0.238670 0.546942 0.053860 0.049063
1 0.739444 0.721111 0.056374 0.049461
1 0.410135 0.146623 0.055917 0.048944
1 0.629861 0.153063 0.054019 0.048095
1 0.239991 0.754893 0.053039 0.049290
1 0.427307 0.787648 0.057200 0.049360
1 0.377031 0.854829 0.054601 0.048159
1 0.427014 0.812532 0.056259 0.047699
1 0.378528 0.829218 0.056634 0.050006
1 0.435030 0.873005 0.052954 0.049239
1 0.379704 0.897150 0.054291 0.047936
1 0.339695 0.154829 0.051699 0.046013
1 0.234941 0.502940 0.054932 0.048308
1 0.242491 0.776510 0.056331 0.050602
1 0.193369 0.819752 0.056271 0.049293
1 0.426288 0.509241 0.050941 0.049940
1 0.374691 0.785002 0.056609 0.047501
1 0.380148 0.944259 0.053937 0.048218
1 0.131432 0.357310 0.033388 0.055026
0 0.882843 0.052260 0.028849 0.024322
1 0.727808 0.708391 0.046063 0.036674
