1 0.345396 0.627785 0.033346 0.028990
1 0.186435 0.631440 0.041689 0.025908
1 0.178872 0.482815 0.043644 0.021996
1 0.424569 0.505216 0.032730 0.030055
1 0.572578 0.230092 0.042644 0.026535
1 0.434729 0.399796 0.035529 0.030113
1 0.460335 0.468780 0.035588 0.030315
1 0.581046 0.221222 0.041591 0.026084
1 0.393838 0.597816 0.035830 0.031588
1 0.333523 0.562205 0.034529 0.030750
1 0.524504 0.214289 0.045595 0.017267
1 0.290580 0.844792 0.045918 0.017996
1 0.224700 0.555482 0.034893 0.030894
1 0.472409 0.585231 0.033873 0.029523
1 0.407468 0.440771 0.033838 0.031414
1 0.338810 0.363664 0.035335 0.031278
1 0.583327 0.156609 0.046212 0.017377
1 0.260480 0.521731 0.036709 0.031352
1 0.203448 0.446812 0.035038 0.030993
1 0.329259 0.409942 0.036523 0.031235
1 0.146024 0.515980 0.039971 0.024248
1 0.309162 0.870307 0.040265 0.022233
1 0.183782 0.888766 0.015845 0.033182
1 0.234897 0.833896 0.044668 0.013703
1 0.232463 0.417324 0.036206 0.032192
1 0.317631 0.499216 0.034606 0.030733
1 0.631725 0.174375 0.041861 0.025024
1 0.543246 0.514444 0.034002 0.031328
1 0.486643 0.428334 0.035613 0.030146
1 0.219272 0.891039 0.014424 0.032501
1 0.267379 0.581209 0.036728 0.031411
1 0.250502 0.674915 0.037948 0.029818
1 0.134482 0.886007 0.017609 0.034763
1 0.508989 0.440636 0.035892 0.027622
1 0.282567 0.825859 0.045480 0.016098
1 0.305158 0.852136 0.042090 0.022048
1 0.362128 0.377218 0.035666 0.031261
1 0.195375 0.889818 0.014714 0.033093
1 0.398723 0.655509 0.032509 0.030525
1 0.231512 0.892243 0.015829 0.033327
1 0.486137 0.539661 0.034717 0.029846
1 0.742219 0.241319 0.034502 0.030395
1 0.711286 0.223506 0.036280 0.030063
1 0.613760 0.189092 0.039720 0.024499
1 0.219904 0.625553 0.038917 0.027509
1 0.272974 0.392239 0.035871 0.029947
1 0.691999 0.207484 0.041847 0.037028
1 0.207330 0.890589 0.014510 0.032504
1 0.355835 0.632512 0.034053 0.030578
1 0.408524 0.551050 0.034692 0.030476
1 0.429397 0.563646 0.034119 0.030519
1 0.237508 0.560875 0.034890 0.031040
1 0.286417 0.835272 0.044661 0.017233
1 0.164060 0.500430 0.040612 0.024037
1 0.599119 0.204959 0.041584 0.026656
1 0.158947 0.888204 0.014415 0.033519
1 0.153771 0.508224 0.042909 0.023921
1 0.237466 0.844977 0.046133 0.013616
1 0.172212 0.490719 0.043637 0.023054
1 0.435302 0.620294 0.034784 0.031118
1 0.465977 0.418007 0.034813 0.030705
1 0.415031 0.609340 0.036070 0.029070
1 0.245368 0.893865 0.015088 0.033885
1 0.122996 0.444853 0.024756 0.020260
1 0.170949 0.888298 0.015633 0.033942
1 0.290162 0.699222 0.039203 0.026753
1 0.138515 0.852777 0.044977 0.009530
1 0.622606 0.181434 0.038929 0.024438
1 0.187838 0.835026 0.044568 0.009977
1 0.731061 0.234699 0.034815 0.030573
1 0.793165 0.270475 0.038996 0.034497
1 0.388037 0.649824 0.034708 0.030934
1 0.519576 0.445966 0.035239 0.031362
1 0.606144 0.198132 0.042994 0.025807
1 0.262850 0.386733 0.034866 0.030111
1 0.257788 0.894366 0.015828 0.034935
1 0.186988 0.858513 0.049043 0.012510
1 0.480658 0.482048 0.035439 0.030353
1 0.513670 0.499110 0.036882 0.030014
0 0.064804 0.696631 0.016932 0.014163
0 0.177694 0.693870 0.016469 0.013682
1 0.185294 0.845315 0.048784 0.011406
0 0.151155 0.656251 0.021191 0.015765
0 0.205191 0.674984 0.016713 0.014487
1 0.985398 0.371196 0.029204 0.020643
0 0.245759 0.734915 0.016047 0.013795
1 0.444777 0.516702 0.035049 0.029761
0 0.187167 0.687040 0.018345 0.014690
0 0.195248 0.682385 0.016041 0.013294
0 0.833817 0.217609 0.021386 0.017114
1 0.334574 0.867183 0.035506 0.029700
0 0.027160 0.675968 0.017829 0.014472
1 0.232774 0.862096 0.046775 0.010116
1 0.271292 0.893971 0.015911 0.034902
1 0.762981 0.252858 0.032777 0.031333
0 0.802983 0.203420 0.017760 0.015277
0 0.155339 0.705130 0.017347 0.013656
1 0.989238 0.405505 0.021524 0.017308
0 0.197498 0.737419 0.018297 0.016411
1 0.466314 0.417962 0.035628 0.030615
1 0.425077 0.614123 0.034627 0.028918
0 0.215026 0.727862 0.015336 0.012822
