1 0.904576 0.251587 0.036425 0.035924
1 0.624490 0.315044 0.043008 0.022225
1 0.889584 0.255192 0.036437 0.038020
1 0.838492 0.270420 0.039402 0.035048
1 0.359386 0.439465 0.027358 0.041542
1 0.948970 0.236605 0.038377 0.033552
1 0.809658 0.278654 0.035559 0.035781
1 0.677794 0.632137 0.027635 0.042341
1 0.647602 0.365963 0.031164 0.040662
1 0.657821 0.399603 0.028591 0.038433
1 0.466170 0.452075 0.028059 0.042009
1 0.621622 0.672944 0.026187 0.038671
1 0.353150 0.558592 0.028886 0.043507
1 0.597154 0.714513 0.028378 0.042634
1 0.552318 0.387864 0.027651 0.043306
1 0.614937 0.367850 0.029285 0.042599
1 0.340873 0.503451 0.029492 0.042206
1 0.452432 0.530426 0.028616 0.043193
1 0.768535 0.288550 0.034757 0.040144
1 0.365479 0.458612 0.029498 0.042424
1 0.501784 0.743007 0.027485 0.043062
1 0.641835 0.478450 0.027930 0.042838
1 0.574556 0.619709 0.027810 0.042248
1 0.471979 0.628822 0.029772 0.042260
1 0.875900 0.260102 0.037309 0.036311
1 0.686506 0.670298 0.028101 0.043797
1 0.457205 0.414155 0.027939 0.040802
1 0.501689 0.603880 0.028571 0.042498
1 0.682647 0.299439 0.042223 0.020010
1 0.633437 0.440045 0.028507 0.042497
1 0.505466 0.787402 0.041068 0.029096
1 0.528099 0.432403 0.028107 0.042738
1 0.147637 0.579029 0.027227 0.042342
1 0.653084 0.382001 0.029797 0.041556
1 0.377367 0.516544 0.028464 0.041022
1 0.682915 0.651467 0.026468 0.041168
1 0.691572 0.553133 0.028965 0.041867
1 0.606608 0.617729 0.026531 0.041903
1 0.386616 0.692190 0.028392 0.041641
1 0.580514 0.660870 0.030455 0.042410
1 0.327375 0.444226 0.030320 0.042626
1 0.163979 0.496266 0.028294 0.041720
1 0.308558 0.655913 0.026485 0.041312
1 0.716878 0.733128 0.034318 0.017262
1 0.619548 0.384777 0.028758 0.041918
1 0.424680 0.416882 0.030250 0.042433
1 0.316700 0.695601 0.026857 0.044416
1 0.529188 0.720072 0.028734 0.042362
1 0.624320 0.691540 0.025947 0.042311
1 0.696185 0.685108 0.027910 0.045245
1 0.476343 0.648655 0.029405 0.043508
1 0.278733 0.682567 0.027880 0.042901
1 0.525687 0.409557 0.028027 0.040305
1 0.469206 0.607406 0.029580 0.044204
1 0.696786 0.572299 0.027830 0.040785
1 0.574010 0.483580 0.025599 0.040296
1 0.482074 0.666108 0.031135 0.042758
1 0.757044 0.296398 0.032812 0.041107
1 0.470541 0.472476 0.027728 0.041910
1 0.670814 0.455947 0.026294 0.041026
1 0.564547 0.582854 0.028621 0.044870
1 0.674734 0.475695 0.026126 0.040312
1 0.552621 0.523848 0.026948 0.040723
1 0.369423 0.477002 0.027335 0.040443
1 0.332710 0.462659 0.029183 0.041565
1 0.490262 0.543107 0.023804 0.033677
1 0.486226 0.684918 0.029217 0.042467
1 0.542738 0.486495 0.029025 0.043360
1 0.163477 0.631839 0.027767 0.038680
1 0.656282 0.534795 0.028651 0.042880
1 0.474347 0.490269 0.027415 0.040229
1 0.603045 0.596058 0.025295 0.039413
1 0.307474 0.793894 0.028361 0.041115
1 0.158007 0.615220 0.026059 0.042252
1 0.466514 0.588492 0.029585 0.044864
1 0.482593 0.530163 0.026405 0.040382
1 0.209247 0.824694 0.025692 0.042534
1 0.699333 0.591864 0.029419 0.041032
1 0.332133 0.751822 0.025178 0.039513
1 0.458834 0.548797 0.025996 0.039827
1 0.557750 0.408291 0.027493 0.040120
1 0.598018 0.577086 0.026886 0.041745
1 0.382679 0.535519 0.027224 0.038540
1 0.236287 0.799633 0.025540 0.041524
1 0.714404 0.643601 0.023529 0.036638
1 0.171316 0.673478 0.027977 0.042846
1 0.931719 0.239953 0.038011 0.033747
1 0.376557 0.654717 0.028798 0.041084
1 0.430007 0.435932 0.027203 0.042981
1 0.514981 0.662970 0.026731 0.043319
1 0.573608 0.483920 0.025962 0.041692
1 0.689034 0.533195 0.027159 0.042736
1 0.629775 0.421166 0.026144 0.042477
1 0.497535 0.585109 0.027451 0.043554
1 0.660812 0.418940 0.027167 0.042306
1 0.461360 0.434479 0.028372 0.040229
1 0.337087 0.480733 0.029291 0.041795
1 0.398599 0.749833 0.026328 0.042805
1 0.709435 0.627771 0.026513 0.041540
1 0.579461 0.639316 0.029112 0.041850
1 0.284007 0.697378 0.027178 0.044735
1 0.165797 0.654738 0.027939 0.040071
1 0.275384 0.523414 0.028543 0.041080
1 0.693535 0.770817 0.043770 0.021780
1 0.576306 0.328065 0.040948 0.022695
0 0.754562 0.789585 0.012930 0.024029
1 0.372456 0.498742 0.028960 0.043791
1 0.706456 0.607360 0.026653 0.039282
1 0.560024 0.565275 0.030157 0.042699
0 0.690214 0.870880 0.008626 0.017476
1 0.593479 0.559346 0.023815 0.038444
0 0.661206 0.857561 0.010392 0.019092
1 0.359221 0.576939 0.028178 0.043030
1 0.611286 0.637137 0.026743 0.042275
1 0.386443 0.555161 0.029113 0.045737
0 0.007130 0.050450 0.011596 0.021705
1 0.638848 0.458260 0.028303 0.041803
1 0.565810 0.443789 0.026759 0.039501
1 0.560845 0.427287 0.027988 0.040753
1 0.585202 0.545481 0.024694 0.037361
1 0.189218 0.750112 0.027563 0.041531
1 0.367865 0.615335 0.027932 0.040431
1 0.536221 0.339597 0.042166 0.021555
1 0.504324 0.625959 0.026685 0.039624
1 0.537796 0.466613 0.028635 0.042954
0 0.017283 0.048852 0.011423 0.020208
1 0.587588 0.677507 0.029080 0.041131
1 0.682532 0.299411 0.041926 0.019529
0 0.688032 0.803959 0.010338 0.020058
1 0.583065 0.521684 0.024021 0.036025
1 0.682157 0.515867 0.026581 0.038488
1 0.590427 0.696508 0.028659 0.042757
0 0.714203 0.798668 0.012351 0.025575
0 0.715161 0.863627 0.009580 0.018815
0 0.853788 0.867419 0.012210 0.022023
0 0.332550 0.964891 0.015132 0.025458
0 0.685617 0.851852 0.009879 0.018308
0 0.727376 0.837804 0.010105 0.017482
0 0.760122 0.830938 0.011025 0.019327
1 0.271892 0.641481 0.028712 0.041072
0 0.704347 0.801250 0.009020 0.020438
0 0.736317 0.837361 0.009776 0.019025
1 0.491244 0.569318 0.025315 0.037665
0 0.832236 0.827299 0.012245 0.021091
1 0.917599 0.245301 0.035815 0.035105
1 0.336213 0.770160 0.027472 0.041184
0 0.651636 0.858605 0.010264 0.019005
1 0.821783 0.273296 0.036309 0.035473
0 0.702096 0.845884 0.011129 0.019060
1 0.578724 0.501747 0.026550 0.039677
0 0.747976 0.852907 0.010280 0.018610
