1 0.573054 0.294363 0.056890 0.056929
1 0.446058 0.495675 0.058291 0.059921
1 0.407272 0.465827 0.057236 0.057793
1 0.539156 0.566870 0.056444 0.057657
1 0.785962 0.312840 0.070621 0.061327
1 0.498219 0.537166 0.057713 0.057623
1 0.474018 0.516771 0.059216 0.059405
1 0.626392 0.334270 0.059207 0.057607
1 0.296442 0.452574 0.070577 0.057962
1 0.368817 0.619036 0.066195 0.067574
1 0.542693 0.254105 0.063863 0.061158
1 0.290505 0.584593 0.054819 0.053664
1 0.385762 0.442019 0.055430 0.052443
0 0.205860 0.496283 0.020817 0.023803
1 0.440923 0.682030 0.065295 0.065312
1 0.283657 0.569929 0.062916 0.062503
1 0.459206 0.504654 0.053995 0.055595
1 0.596671 0.317090 0.047627 0.049076
1 0.393010 0.243494 0.068797 0.059491
1 0.550254 0.274187 0.059254 0.056478
1 0.586284 0.306200 0.055320 0.056763
0 0.185334 0.487873 0.018006 0.022196
0 0.182080 0.549109 0.017021 0.020534
0 0.615529 0.047062 0.018893 0.021526
0 0.259300 0.520711 0.017540 0.021408
0 0.136058 0.535972 0.017500 0.020230
0 0.216683 0.501504 0.019808 0.022399
0 0.585823 0.033779 0.019294 0.020341
0 0.583730 0.062831 0.020434 0.023597
0 0.195682 0.491629 0.018750 0.023479
0 0.100580 0.471787 0.024359 0.018835
0 0.247299 0.515976 0.016622 0.022653
0 0.553465 0.048544 0.017800 0.021004
0 0.164495 0.475878 0.018673 0.023215
0 0.605465 0.053716 0.018872 0.021913
0 0.114706 0.525707 0.016906 0.020113
0 0.052010 0.478615 0.015862 0.020486
0 0.147086 0.539381 0.016089 0.020466
0 0.192067 0.554686 0.015680 0.018342
0 0.214703 0.562961 0.016009 0.020771
0 0.653792 0.082395 0.024013 0.011988
0 0.213581 0.036591 0.018420 0.022416
1 0.630563 0.302984 0.054719 0.076777
0 0.153716 0.471833 0.020442 0.024223
0 0.260545 0.474181 0.028372 0.021709
0 0.038521 0.473281 0.014929 0.020695
0 0.305175 0.809613 0.023317 0.021250
0 0.203956 0.557713 0.014692 0.019399
