1 0.511767 0.519933 0.059392 0.033865
1 0.326123 0.509739 0.058807 0.029866
1 0.705088 0.171881 0.053878 0.033805
1 0.717083 0.181102 0.053787 0.032834
1 0.547307 0.219173 0.040105 0.043172
1 0.379671 0.484866 0.055369 0.035403
1 0.614718 0.418327 0.048216 0.029365
1 0.654940 0.488924 0.048187 0.028557
1 0.648975 0.473300 0.055891 0.032829
1 0.441046 0.397441 0.040856 0.047511
1 0.287966 0.470349 0.042553 0.046448
1 0.414845 0.466310 0.053845 0.036622
1 0.423203 0.403170 0.039449 0.045974
1 0.316391 0.453871 0.042250 0.046470
1 0.462785 0.442310 0.056620 0.034166
1 0.169857 0.427976 0.059079 0.037719
1 0.643704 0.458418 0.049388 0.031594
1 0.557240 0.334887 0.034852 0.038433
1 0.912274 0.444910 0.049956 0.029526
1 0.347563 0.679664 0.038201 0.046067
1 0.893563 0.422984 0.053365 0.031495
1 0.333950 0.689635 0.035524 0.040037
1 0.851969 0.363399 0.045340 0.029576
1 0.457281 0.391083 0.040859 0.046311
1 0.596880 0.179560 0.039567 0.046150
1 0.573971 0.329188 0.035879 0.038256
1 0.536410 0.407911 0.049647 0.022846
1 0.342506 0.500071 0.045799 0.026929
1 0.844434 0.351090 0.046248 0.030020
1 0.430363 0.458832 0.052174 0.035938
1 0.581937 0.186209 0.041261 0.046783
1 0.318908 0.696553 0.034981 0.038874
1 0.137866 0.639478 0.034371 0.038907
1 0.833462 0.340430 0.051782 0.034364
1 0.448831 0.452952 0.053189 0.035552
1 0.617424 0.434385 0.055187 0.033516
1 0.364217 0.673561 0.038289 0.044486
1 0.156458 0.636151 0.041189 0.043678
1 0.334185 0.446851 0.043754 0.047764
1 0.356528 0.491937 0.049539 0.030563
1 0.591272 0.570796 0.031083 0.030598
1 0.124752 0.651467 0.035098 0.038866
1 0.236289 0.359714 0.041909 0.044678
1 0.529982 0.532592 0.053596 0.033822
1 0.500078 0.235456 0.040749 0.046184
1 0.725012 0.193593 0.054225 0.032881
1 0.888346 0.408952 0.047758 0.028229
1 0.285873 0.390025 0.056671 0.019414
1 0.568445 0.193666 0.039565 0.044254
1 0.677625 0.121173 0.046309 0.028393
1 0.591507 0.324916 0.041819 0.042640
1 0.395907 0.474973 0.055514 0.035037
1 0.660026 0.531907 0.038756 0.041249
1 0.630193 0.447969 0.055490 0.033319
1 0.611839 0.171038 0.038156 0.041357
1 0.530104 0.353914 0.044298 0.045852
1 0.359285 0.353237 0.048708 0.013730
1 0.602401 0.312981 0.038034 0.039779
1 0.486021 0.435703 0.058365 0.030383
1 0.791128 0.486535 0.059362 0.035356
1 0.733960 0.205860 0.053780 0.032521
1 0.820976 0.455229 0.037299 0.046593
1 0.289125 0.568390 0.043044 0.047385
1 0.170601 0.627500 0.043007 0.047204
1 0.797238 0.292267 0.057405 0.034955
1 0.787869 0.279464 0.054554 0.034141
1 0.379711 0.665262 0.041703 0.045922
1 0.826121 0.327019 0.047447 0.030384
1 0.649205 0.543842 0.038978 0.041977
1 0.545830 0.346541 0.043011 0.046453
1 0.332254 0.365088 0.052518 0.016629
1 0.349103 0.439049 0.039731 0.046658
1 0.517249 0.416277 0.056719 0.026674
1 0.444456 0.265866 0.042082 0.047240
1 0.509446 0.281534 0.060226 0.016869
1 0.770994 0.457730 0.053366 0.033011
1 0.621707 0.308455 0.034672 0.038660
1 0.378986 0.425686 0.039782 0.044858
1 0.212543 0.604216 0.034910 0.039756
1 0.601353 0.360061 0.055840 0.014862
1 0.259046 0.722728 0.038614 0.043293
1 0.196194 0.749775 0.039541 0.044734
1 0.780962 0.472015 0.056960 0.034571
1 0.500133 0.425929 0.057660 0.027063
1 0.694278 0.145338 0.045876 0.028245
1 0.302967 0.462229 0.041021 0.044941
1 0.200760 0.613548 0.041623 0.045262
1 0.500280 0.367288 0.039534 0.046647
1 0.427437 0.327673 0.054438 0.012489
1 0.556240 0.203155 0.041151 0.045428
1 0.742833 0.217878 0.048941 0.029993
1 0.572271 0.386106 0.059642 0.023691
1 0.879887 0.397808 0.050379 0.030158
1 0.687081 0.133031 0.046665 0.028229
1 0.280201 0.339090 0.038271 0.042079
1 0.286693 0.706599 0.039260 0.045306
1 0.471825 0.249652 0.042085 0.046185
1 0.448980 0.313820 0.046517 0.012264
1 0.535253 0.547821 0.056247 0.032011
1 0.487062 0.375737 0.040120 0.045579
0 0.868795 0.160675 0.028406 0.019587
1 0.458710 0.257753 0.041121 0.047399
1 0.266346 0.345612 0.040907 0.043634
1 0.274049 0.717074 0.035221 0.039509
1 0.552982 0.398447 0.053534 0.023181
1 0.255264 0.398203 0.057508 0.024805
1 0.364308 0.431662 0.039623 0.045140
1 0.414621 0.279568 0.043117 0.048541
1 0.185814 0.619723 0.042171 0.044536
1 0.482384 0.298943 0.057715 0.012745
1 0.595856 0.373968 0.055654 0.017646
1 0.634001 0.551389 0.038210 0.042190
1 0.701121 0.157415 0.045193 0.027750
1 0.244693 0.590916 0.042268 0.045662
1 0.397391 0.636705 0.044841 0.050511
1 0.384682 0.339975 0.058222 0.012993
1 0.566181 0.587287 0.029307 0.029266
1 0.392341 0.417955 0.039016 0.045692
0 0.849995 0.510752 0.030264 0.021039
1 0.309529 0.326706 0.040179 0.046391
1 0.936903 0.193315 0.033943 0.026531
1 0.306132 0.377853 0.054374 0.013745
1 0.806660 0.196114 0.032043 0.030524
1 0.771810 0.151389 0.030743 0.029881
1 0.617960 0.557090 0.036750 0.040834
1 0.153629 0.419244 0.059510 0.039182
1 0.640710 0.346295 0.051772 0.013160
1 0.679076 0.526614 0.033911 0.032779
1 0.763474 0.140185 0.033013 0.032112
1 0.228728 0.736576 0.038704 0.044300
1 0.212810 0.742889 0.040470 0.045641
1 0.384258 0.644184 0.040467 0.042862
1 0.398881 0.286478 0.043734 0.049910
1 0.486785 0.243776 0.040357 0.045009
1 0.399396 0.287940 0.041773 0.047622
1 0.232409 0.600620 0.040482 0.045151
1 0.294274 0.332181 0.041834 0.045030
1 0.906877 0.433094 0.044941 0.027472
1 0.472694 0.381689 0.042046 0.044886
1 0.257723 0.582109 0.040477 0.044303
1 0.870665 0.385756 0.047608 0.028969
1 0.385557 0.294505 0.039551 0.045371
1 0.603484 0.563408 0.032981 0.032562
1 0.219319 0.366294 0.040613 0.042285
0 0.948146 0.464121 0.027905 0.020408
1 0.249365 0.350950 0.038113 0.042000
0 0.833053 0.237198 0.028168 0.025932
1 0.780771 0.162473 0.033000 0.031418
