1 0.516490 0.420807 0.109177 0.070298
1 0.370926 0.652120 0.104947 0.071001
1 0.445157 0.430833 0.103367 0.067834
1 0.553098 0.359722 0.107983 0.073221
1 0.146603 0.807731 0.106357 0.073576
1 0.359951 0.494084 0.107075 0.073316
1 0.746005 0.342791 0.132384 0.019965
1 0.446589 0.352587 0.039996 0.085655
1 0.550592 0.476594 0.136927 0.023874
1 0.419075 0.577627 0.132042 0.023883
1 0.648537 0.407460 0.137542 0.020382
0 0.494744 0.853788 0.046105 0.031836
1 0.683735 0.275652 0.105241 0.069977
1 0.521242 0.496841 0.139483 0.024261
1 0.497601 0.516414 0.133866 0.024406
1 0.249096 0.738970 0.108433 0.071869
1 0.680521 0.385704 0.131853 0.019854
1 0.706332 0.364066 0.131738 0.020345
1 0.621354 0.431954 0.128489 0.020913
1 0.433506 0.557837 0.141242 0.024043
1 0.608185 0.356986 0.113282 0.074853
1 0.600714 0.252889 0.042020 0.080521
1 0.322052 0.440448 0.037582 0.092008
1 0.588751 0.453420 0.128030 0.021313
1 0.708753 0.288656 0.107575 0.069708
0 0.350275 0.728185 0.044165 0.027977
1 0.535450 0.295250 0.033815 0.087075
1 0.505237 0.305194 0.034981 0.084255
1 0.632897 0.243958 0.051185 0.051798
1 0.466914 0.538492 0.136616 0.026028
1 0.256810 0.484919 0.033955 0.102980
1 0.765252 0.320697 0.131557 0.020485
1 0.351480 0.416327 0.027441 0.089597
