1 0.582652 0.501708 0.064180 0.050150
1 0.425797 0.142334 0.031333 0.072184
1 0.551628 0.469336 0.058493 0.045979
1 0.539048 0.354081 0.059927 0.049527
1 0.492177 0.309151 0.058878 0.053641
1 0.483514 0.413781 0.060922 0.051142
1 0.609100 0.412780 0.061078 0.050097
1 0.523592 0.339063 0.058642 0.047691
1 0.340534 0.456828 0.046546 0.050304
1 0.385720 0.324639 0.050902 0.043621
1 0.509751 0.323584 0.058765 0.050241
1 0.430490 0.372886 0.056788 0.048716
1 0.416870 0.357090 0.058749 0.049514
1 0.592193 0.398822 0.060163 0.049082
1 0.716136 0.464992 0.060907 0.061278
1 0.468966 0.398277 0.058517 0.050534
1 0.453213 0.284135 0.057103 0.050243
1 0.531883 0.456358 0.060004 0.049091
1 0.400140 0.341761 0.059242 0.050115
1 0.556980 0.369453 0.059425 0.052515
1 0.480929 0.579630 0.050912 0.054958
1 0.515281 0.441302 0.061849 0.050404
1 0.367441 0.153600 0.058879 0.048368
1 0.421013 0.251865 0.058267 0.052170
1 0.451558 0.384138 0.056801 0.049532
1 0.574942 0.383060 0.059471 0.050119
1 0.340708 0.166196 0.063467 0.051572
1 0.475640 0.127813 0.034064 0.080387
1 0.302789 0.437152 0.044004 0.048362
1 0.371130 0.309086 0.050671 0.045361
1 0.460257 0.133996 0.032038 0.072812
1 0.505136 0.117997 0.019291 0.074414
1 0.357869 0.471629 0.049758 0.049802
1 0.569108 0.482346 0.062634 0.049690
1 0.321598 0.447158 0.045623 0.046285
1 0.287162 0.423166 0.050304 0.052346
1 0.646222 0.251508 0.017333 0.084821
1 0.628304 0.240394 0.015183 0.082474
1 0.595811 0.217868 0.016148 0.078439
1 0.697729 0.283753 0.018627 0.062928
1 0.525325 0.149116 0.018145 0.088342
0 0.760203 0.316062 0.025316 0.040554
1 0.576990 0.201882 0.016082 0.079819
1 0.324210 0.181003 0.035572 0.037252
0 0.786001 0.334060 0.022848 0.036790
1 0.543687 0.166724 0.017297 0.088549
1 0.569879 0.483252 0.063550 0.048657
0 0.111791 0.781357 0.032174 0.031759
1 0.560112 0.200808 0.016618 0.077841
0 0.774796 0.324455 0.024081 0.038250
