1 0.157216 0.520181 0.060947 0.052457
1 0.844504 0.121283 0.073088 0.031601
1 0.889961 0.165003 0.070510 0.030711
1 0.554677 0.247487 0.069494 0.034785
1 0.634989 0.177249 0.070056 0.034842
1 0.537827 0.261806 0.068020 0.034959
1 0.255926 0.593337 0.058289 0.053444
1 0.618946 0.192253 0.069358 0.034656
1 0.649632 0.462905 0.028727 0.058606
1 0.140476 0.507182 0.057224 0.051810
1 0.210622 0.701791 0.045340 0.061225
1 0.571842 0.233610 0.069009 0.035157
1 0.681856 0.134617 0.068441 0.034002
1 0.253099 0.745366 0.044273 0.061703
1 0.584927 0.218578 0.068918 0.034004
1 0.687678 0.116720 0.071170 0.035726
1 0.601816 0.204758 0.068125 0.034352
1 0.763547 0.366441 0.033643 0.068077
1 0.173774 0.533746 0.054197 0.049632
1 0.872857 0.150910 0.077699 0.031651
1 0.197820 0.559959 0.059089 0.053338
0 0.893020 0.713688 0.022985 0.024739
0 0.886759 0.677276 0.025527 0.025145
0 0.855203 0.703527 0.025831 0.025506
1 0.601278 0.392277 0.058408 0.055389
1 0.914587 0.196967 0.057754 0.029666
1 0.587674 0.379292 0.058057 0.055768
1 0.684319 0.439130 0.033589 0.067827
1 0.666342 0.149305 0.069848 0.031741
1 0.780644 0.352648 0.031256 0.068847
1 0.213127 0.412610 0.040837 0.036339
1 0.860322 0.135983 0.069354 0.030609
0 0.059095 0.133927 0.023114 0.022047
0 0.866013 0.695366 0.025470 0.024089
1 0.187799 0.546498 0.055028 0.049632
1 0.666951 0.452942 0.031890 0.065702
1 0.797107 0.341103 0.034534 0.069990
1 0.880567 0.282770 0.032155 0.064181
1 0.307848 0.634442 0.065721 0.048046
0 0.901570 0.707739 0.023926 0.025156
1 0.509064 0.291335 0.070460 0.035134
1 0.651102 0.161356 0.069883 0.036027
0 0.876362 0.627936 0.020166 0.020264
1 0.731957 0.396971 0.033528 0.068289
0 0.900961 0.800594 0.022167 0.022312
1 0.225427 0.561234 0.059964 0.055104
0 0.767027 0.702891 0.026231 0.025910
1 0.830320 0.312521 0.033605 0.065054
1 0.237598 0.732944 0.045020 0.061427
0 0.887023 0.619620 0.020992 0.020969
0 0.859494 0.729015 0.023692 0.023487
1 0.846826 0.299712 0.031037 0.070398
1 0.699875 0.423656 0.031908 0.065939
0 0.911142 0.655982 0.024021 0.022244
0 0.901081 0.777264 0.023556 0.024335
1 0.299388 0.789796 0.046168 0.062172
0 0.135531 0.656191 0.021788 0.023619
0 0.917664 0.596538 0.020375 0.021365
1 0.223099 0.719451 0.043989 0.060145
1 0.811240 0.091070 0.076758 0.030717
0 0.685587 0.739501 0.022546 0.022397
0 0.847091 0.652758 0.020108 0.020342
0 0.922164 0.647766 0.019868 0.020035
0 0.933826 0.642227 0.021309 0.021885
1 0.282486 0.776426 0.042378 0.061206
0 0.137820 0.706959 0.026053 0.026811
0 0.909661 0.606111 0.020458 0.022181
0 0.897938 0.668696 0.026469 0.026883
0 0.161751 0.838431 0.022723 0.020895
0 0.887425 0.812526 0.031267 0.029740
0 0.865710 0.791647 0.020079 0.020272
0 0.914048 0.698628 0.022999 0.023902
0 0.898910 0.669340 0.027637 0.026688
0 0.917441 0.797008 0.022192 0.023451
0 0.157478 0.148618 0.025359 0.023600
0 0.754607 0.737425 0.022405 0.022875
0 0.943804 0.873954 0.029146 0.030697
0 0.943547 0.760572 0.026501 0.024620
0 0.368720 0.667074 0.023792 0.022695
1 0.718672 0.716602 0.035392 0.035723
