1 0.534584 0.755386 0.050152 0.056323
1 0.603150 0.358943 0.043798 0.067533
1 0.429118 0.679337 0.047977 0.076643
1 0.529805 0.185219 0.044335 0.067024
1 0.659542 0.632845 0.058747 0.069046
1 0.708047 0.555599 0.059575 0.064827
1 0.464971 0.240711 0.044547 0.067397
1 0.542380 0.292139 0.046019 0.067638
1 0.241142 0.472426 0.050909 0.082595
1 0.565236 0.499433 0.045593 0.067115
1 0.089249 0.620125 0.052058 0.078439
1 0.571286 0.258176 0.045298 0.066451
1 0.196977 0.771420 0.049775 0.075962
1 0.664454 0.423753 0.041895 0.067068
1 0.408315 0.429628 0.050017 0.078785
1 0.315631 0.521962 0.051631 0.082617
1 0.421733 0.289607 0.042936 0.066153
1 0.541194 0.416997 0.044634 0.067091
1 0.258478 0.586123 0.051148 0.081623
1 0.547295 0.509722 0.044118 0.064246
1 0.509628 0.445434 0.044757 0.066230
1 0.298298 0.409052 0.048707 0.074785
1 0.396522 0.703821 0.050079 0.082114
1 0.109604 0.701738 0.051246 0.080304
1 0.458477 0.521320 0.049902 0.078010
1 0.436769 0.275497 0.043736 0.066964
1 0.471633 0.627822 0.050107 0.078150
1 0.377849 0.462184 0.049638 0.077262
1 0.585252 0.242519 0.045044 0.067539
1 0.396226 0.577068 0.048335 0.077447
1 0.284466 0.423948 0.049316 0.076717
1 0.378363 0.589686 0.049359 0.075948
1 0.302854 0.667474 0.049865 0.080682
1 0.317321 0.648934 0.050139 0.079761
1 0.496746 0.338739 0.045185 0.067547
1 0.365790 0.735056 0.049239 0.079286
1 0.351985 0.750783 0.050868 0.079644
1 0.313042 0.393671 0.048619 0.074800
1 0.737308 0.683504 0.051852 0.057877
1 0.620622 0.346364 0.045637 0.066974
1 0.649495 0.439711 0.043006 0.066329
1 0.273095 0.570634 0.052423 0.083152
1 0.362603 0.350366 0.047897 0.074991
1 0.210388 0.502523 0.049710 0.079888
1 0.392202 0.447328 0.043682 0.066394
1 0.555649 0.275103 0.045329 0.069484
1 0.526041 0.431759 0.046632 0.067657
1 0.589504 0.377080 0.045990 0.069495
1 0.255603 0.458643 0.051007 0.078941
1 0.719255 0.577049 0.060039 0.067836
1 0.381896 0.718926 0.049749 0.081457
1 0.330714 0.380175 0.047188 0.076753
1 0.425030 0.547298 0.048223 0.076179
1 0.335235 0.635049 0.051354 0.081714
1 0.331111 0.505966 0.049410 0.078358
1 0.301542 0.536693 0.051632 0.083066
1 0.129543 0.692177 0.044041 0.068245
1 0.409778 0.561208 0.047969 0.077081
1 0.149292 0.683368 0.050650 0.075727
1 0.101154 0.600862 0.045900 0.069808
1 0.348434 0.619860 0.051040 0.080897
1 0.442895 0.659883 0.046927 0.074026
1 0.512288 0.197402 0.043459 0.067702
1 0.268627 0.439676 0.052475 0.081402
1 0.629246 0.320352 0.043748 0.065847
1 0.597219 0.693681 0.058239 0.064675
1 0.376463 0.335459 0.046820 0.073196
1 0.632734 0.451635 0.044787 0.068296
1 0.362376 0.477952 0.049906 0.078839
1 0.497479 0.214305 0.044713 0.068239
1 0.671214 0.745871 0.049989 0.059802
1 0.347429 0.492294 0.050011 0.076211
1 0.345050 0.364128 0.046575 0.078634
1 0.070130 0.630856 0.044417 0.068747
0 0.870886 0.929281 0.030980 0.050057
1 0.225977 0.488274 0.051571 0.081991
1 0.454407 0.261895 0.043885 0.069539
1 0.614992 0.460139 0.033641 0.054531
1 0.544148 0.168669 0.042894 0.064869
1 0.151423 0.772520 0.044742 0.071573
1 0.189428 0.843079 0.049037 0.078189
1 0.467159 0.367764 0.044415 0.068678
1 0.288316 0.552526 0.053873 0.084889
1 0.476714 0.218289 0.031816 0.052361
1 0.168503 0.853728 0.052681 0.085385
1 0.482052 0.355931 0.044023 0.066290
0 0.811973 0.856528 0.032615 0.038825
1 0.457552 0.646956 0.043957 0.070276
1 0.521239 0.298184 0.034286 0.053874
0 0.014201 0.036129 0.028401 0.038603
