1 0.671457 0.328728 0.061168 0.041631
1 0.521824 0.265575 0.079881 0.040752
1 0.601642 0.335905 0.062377 0.042380
1 0.091799 0.396806 0.065233 0.062556
1 0.566074 0.337465 0.060910 0.040785
1 0.583670 0.694210 0.064036 0.060148
1 0.221136 0.484976 0.065037 0.059684
1 0.637742 0.331678 0.062303 0.041425
1 0.446606 0.615412 0.060998 0.059285
1 0.170150 0.454240 0.062694 0.061411
1 0.497979 0.644441 0.062119 0.057934
1 0.567388 0.683670 0.062079 0.058646
1 0.361334 0.564510 0.061038 0.059194
1 0.428365 0.605177 0.060956 0.058465
1 0.411163 0.595145 0.061337 0.057243
1 0.273225 0.515560 0.061094 0.058920
1 0.671409 0.744006 0.062790 0.058147
1 0.187874 0.464890 0.061725 0.058138
1 0.307072 0.534333 0.062549 0.059683
1 0.602631 0.704840 0.060560 0.059097
1 0.125511 0.416399 0.062039 0.060938
1 0.667884 0.397506 0.065132 0.043848
1 0.342841 0.554624 0.062010 0.058693
1 0.480589 0.633929 0.061129 0.058221
1 0.631756 0.401179 0.066723 0.045722
1 0.394122 0.583896 0.062694 0.057967
1 0.456209 0.345742 0.059892 0.040650
1 0.654808 0.733431 0.061083 0.057104
0 0.079885 0.336806 0.027338 0.025160
1 0.290901 0.525539 0.062488 0.060238
0 0.806956 0.376795 0.032090 0.021945
0 0.694428 0.308066 0.034056 0.020963
1 0.777046 0.387923 0.062847 0.041428
1 0.514735 0.654016 0.061506 0.057401
1 0.463058 0.625234 0.060665 0.060840
1 0.533517 0.663740 0.062719 0.061683
1 0.838916 0.447182 0.063745 0.042025
0 0.758033 0.348770 0.035023 0.022333
1 0.490418 0.341991 0.060062 0.040350
0 0.088413 0.061592 0.033536 0.026835
1 0.627358 0.537416 0.061576 0.041532
0 0.179551 0.069616 0.028772 0.021522
1 0.142692 0.426897 0.060509 0.059255
1 0.237573 0.495635 0.063850 0.059946
1 0.550273 0.673129 0.063045 0.060951
1 0.339388 0.416223 0.064296 0.042851
1 0.703031 0.392816 0.061913 0.041232
1 0.262618 0.291057 0.084004 0.038346
1 0.159414 0.435182 0.064215 0.059542
1 0.324673 0.544769 0.060839 0.058121
1 0.461372 0.256376 0.080053 0.039006
1 0.723365 0.358990 0.052203 0.035673
1 0.378143 0.575282 0.061615 0.060869
0 0.190917 0.266551 0.034810 0.019850
1 0.525702 0.479389 0.064593 0.041531
1 0.825203 0.417642 0.049028 0.032602
1 0.688431 0.753932 0.067612 0.062444
1 0.730273 0.597953 0.059476 0.038146
0 0.792057 0.366344 0.037610 0.024235
0 0.201588 0.050087 0.027849 0.021013
0 0.171230 0.081073 0.030301 0.023868
0 0.108210 0.352948 0.029944 0.026017
0 0.838697 0.396351 0.033217 0.022071
0 0.218205 0.027266 0.028447 0.022434
0 0.098187 0.051072 0.023537 0.019234
