1 0.522213 0.608039 0.071615 0.023059
1 0.285093 0.160754 0.074569 0.024508
1 0.749514 0.691126 0.042043 0.058099
1 0.634504 0.733040 0.039234 0.054853
1 0.265279 0.574140 0.063574 0.048301
1 0.411333 0.585739 0.085558 0.027594
1 0.766487 0.758561 0.038285 0.057191
1 0.657385 0.736937 0.036281 0.054986
1 0.770713 0.697663 0.039323 0.054072
1 0.670917 0.612167 0.084138 0.026530
1 0.704422 0.679902 0.038688 0.055703
1 0.539569 0.714788 0.068089 0.048544
1 0.719972 0.752041 0.037862 0.058212
1 0.791827 0.700121 0.036144 0.057953
1 0.472027 0.822161 0.024180 0.052733
1 0.679891 0.740388 0.037154 0.056107
1 0.512746 0.709477 0.070415 0.046452
1 0.652407 0.861185 0.021782 0.056275
1 0.516227 0.585550 0.082813 0.027469
1 0.434048 0.627042 0.088470 0.026979
1 0.442692 0.659406 0.085961 0.027611
1 0.659096 0.672960 0.039567 0.059838
1 0.494448 0.827426 0.022606 0.052338
1 0.380778 0.799198 0.023394 0.054287
1 0.743728 0.755518 0.039230 0.056045
1 0.069185 0.806249 0.056545 0.015318
1 0.444760 0.690239 0.089216 0.027409
1 0.403454 0.804768 0.022991 0.053679
1 0.695679 0.873935 0.021293 0.056363
1 0.223315 0.371848 0.065129 0.049609
1 0.728219 0.682274 0.039503 0.054386
1 0.323037 0.765282 0.060412 0.049191
1 0.585536 0.848960 0.021412 0.051951
1 0.288047 0.650322 0.061432 0.045572
1 0.683134 0.675179 0.039331 0.055538
1 0.741299 0.877792 0.022921 0.057625
1 0.232014 0.388823 0.058368 0.043442
1 0.264510 0.173350 0.080325 0.028099
1 0.565448 0.718433 0.067876 0.047284
1 0.516697 0.831987 0.023731 0.053439
1 0.254739 0.187915 0.070960 0.023548
1 0.075076 0.840570 0.057312 0.014630
1 0.258036 0.487018 0.050179 0.039882
1 0.225002 0.344760 0.057238 0.041568
1 0.280166 0.609037 0.054102 0.038188
1 0.607254 0.853795 0.021625 0.055146
1 0.434677 0.641543 0.089962 0.027461
1 0.445214 0.676004 0.085195 0.027695
1 0.540115 0.838367 0.021905 0.053067
1 0.718724 0.876526 0.022425 0.056373
1 0.317301 0.744125 0.050584 0.039253
1 0.280308 0.632150 0.067626 0.047044
1 0.028505 0.777413 0.052063 0.011908
1 0.563235 0.844148 0.022206 0.052789
1 0.247540 0.469999 0.062448 0.047225
1 0.292450 0.670408 0.060305 0.045376
1 0.427997 0.609148 0.093578 0.029220
1 0.266984 0.525571 0.046384 0.036019
1 0.498093 0.074249 0.083861 0.027664
1 0.261451 0.506486 0.050456 0.039213
1 0.058123 0.878267 0.027071 0.041936
1 0.583968 0.618374 0.052788 0.020705
1 0.629273 0.855981 0.023089 0.055946
1 0.221857 0.301523 0.051356 0.040336
1 0.245472 0.448141 0.061946 0.043846
1 0.262854 0.552480 0.056527 0.043440
1 0.071428 0.823859 0.055514 0.013040
0 0.874659 0.144213 0.032568 0.013388
1 0.300356 0.686118 0.056284 0.039344
0 0.364432 0.225208 0.032622 0.014357
1 0.240598 0.406178 0.054011 0.041800
1 0.274351 0.592490 0.056552 0.047396
0 0.815080 0.864265 0.034708 0.015944
