1 0.854382 0.103328 0.038653 0.053317
1 0.413500 0.367229 0.030798 0.042043
1 0.188148 0.680234 0.017055 0.053774
1 0.489334 0.681766 0.053133 0.015929
1 0.486664 0.709650 0.055026 0.016894
1 0.269883 0.473578 0.040131 0.048164
1 0.781898 0.286324 0.040670 0.052094
1 0.624528 0.809141 0.041553 0.049432
1 0.505810 0.540424 0.054699 0.017205
1 0.224109 0.509692 0.040703 0.049686
1 0.559784 0.280058 0.038337 0.046104
1 0.478271 0.794377 0.053433 0.016021
1 0.401875 0.375324 0.031368 0.042307
1 0.428502 0.362354 0.029125 0.040907
1 0.497937 0.625451 0.054157 0.016421
1 0.201848 0.527855 0.042440 0.047042
1 0.189025 0.535796 0.043145 0.050429
1 0.695698 0.199105 0.038580 0.052643
1 0.695031 0.565792 0.042965 0.047049
1 0.645743 0.227176 0.039513 0.052878
1 0.323829 0.426934 0.042410 0.048442
1 0.146632 0.576839 0.037293 0.042026
1 0.632867 0.758803 0.034108 0.050720
1 0.159634 0.676087 0.016812 0.053233
1 0.364935 0.876883 0.013804 0.030664
1 0.502598 0.568969 0.053133 0.015686
1 0.572055 0.272706 0.038122 0.048959
1 0.348193 0.697090 0.015941 0.053061
1 0.301185 0.445994 0.043877 0.049893
1 0.804795 0.133889 0.038131 0.050166
1 0.504260 0.555059 0.054034 0.017041
1 0.621209 0.243405 0.038296 0.049133
1 0.508562 0.512715 0.052649 0.017207
1 0.891077 0.080947 0.038653 0.054273
1 0.349438 0.399678 0.040025 0.054848
1 0.327653 0.752185 0.016981 0.053295
1 0.131001 0.674192 0.015322 0.055138
1 0.361633 0.698092 0.016747 0.052551
1 0.235218 0.911447 0.016666 0.045745
1 0.139119 0.732749 0.017506 0.052988
1 0.123652 0.731581 0.016521 0.052620
1 0.269721 0.745710 0.016823 0.052472
1 0.507077 0.525945 0.053557 0.015555
1 0.341992 0.754173 0.016737 0.052999
1 0.501677 0.583413 0.054425 0.016099
1 0.158709 0.566268 0.037643 0.044447
1 0.583334 0.265497 0.039428 0.050613
0 0.606456 0.874465 0.020448 0.019632
1 0.255294 0.744991 0.016890 0.053542
1 0.482046 0.766576 0.054807 0.015696
1 0.867187 0.096133 0.038585 0.053840
1 0.351504 0.875866 0.012543 0.031354
1 0.476994 0.807965 0.055355 0.016555
1 0.633960 0.234990 0.036662 0.052247
1 0.206365 0.904364 0.015941 0.037203
1 0.261490 0.687607 0.016971 0.055191
1 0.332625 0.695385 0.016365 0.054380
1 0.256491 0.480154 0.044138 0.052911
1 0.088671 0.893497 0.017945 0.054465
0 0.922245 0.216606 0.021290 0.020248
1 0.388201 0.381608 0.036122 0.046825
1 0.279463 0.911241 0.017814 0.051709
1 0.282106 0.465905 0.038695 0.044087
0 0.715685 0.845181 0.011025 0.018819
1 0.732163 0.176447 0.037972 0.050624
1 0.363854 0.395329 0.037244 0.048421
1 0.145009 0.673841 0.016058 0.054153
1 0.275797 0.688270 0.016082 0.055691
0 0.769629 0.929651 0.011547 0.023102
1 0.097033 0.836118 0.016677 0.043363
1 0.290285 0.689751 0.016412 0.055575
1 0.375500 0.388398 0.036192 0.047547
1 0.212405 0.518210 0.042966 0.048018
1 0.152822 0.734897 0.016966 0.054040
1 0.828366 0.119036 0.037988 0.050315
0 0.683371 0.921144 0.011468 0.020968
1 0.569699 0.512871 0.012913 0.031619
0 0.704536 0.922669 0.011397 0.019541
1 0.658788 0.221881 0.036369 0.046857
1 0.415144 0.891061 0.035077 0.013647
0 0.695994 0.841707 0.010026 0.017811
1 0.743649 0.169411 0.036858 0.051206
0 0.665723 0.841636 0.009474 0.018330
1 0.298221 0.749487 0.017913 0.053637
0 0.748183 0.926820 0.011265 0.018763
0 0.655522 0.840335 0.010889 0.019260
0 0.674032 0.898432 0.011735 0.020380
0 0.929439 0.339768 0.022104 0.024951
0 0.725607 0.924538 0.011216 0.020358
1 0.312905 0.750813 0.016395 0.053345
0 0.230819 0.051332 0.025547 0.025606
1 0.480327 0.780507 0.055045 0.016471
1 0.509767 0.498913 0.054024 0.018657
0 0.685680 0.900187 0.011744 0.018973
