1 0.328244 0.283540 0.050888 0.049870
1 0.648512 0.481232 0.033444 0.055897
1 0.727453 0.388437 0.033384 0.054645
1 0.735719 0.460056 0.035975 0.064430
1 0.647485 0.580634 0.035323 0.067467
1 0.763949 0.433524 0.035916 0.059972
1 0.696537 0.772798 0.024011 0.070734
1 0.773729 0.405004 0.032486 0.056167
1 0.598733 0.545265 0.030312 0.063640
1 0.813307 0.548848 0.026172 0.067616
1 0.410279 0.315588 0.038815 0.066265
1 0.463314 0.272432 0.049272 0.047067
1 0.216056 0.400687 0.051896 0.046405
1 0.785939 0.384774 0.034764 0.051056
1 0.583832 0.562183 0.031737 0.054708
1 0.685364 0.420416 0.030789 0.059050
1 0.634340 0.495438 0.036928 0.068916
1 0.317829 0.423800 0.052400 0.052847
1 0.742481 0.374067 0.030824 0.052478
1 0.771293 0.615539 0.030792 0.067098
1 0.671198 0.542191 0.036468 0.066321
1 0.690750 0.639832 0.015621 0.068255
1 0.732200 0.779149 0.024856 0.061561
1 0.789547 0.619381 0.032528 0.067122
1 0.612317 0.533690 0.032764 0.065675
1 0.751609 0.612782 0.029962 0.069466
1 0.774969 0.545573 0.032138 0.066416
1 0.795726 0.547480 0.028392 0.068013
1 0.353701 0.323032 0.053339 0.051189
0 0.905502 0.140088 0.017453 0.022104
0 0.845622 0.122377 0.018620 0.022555
1 0.933554 0.700991 0.047317 0.018689
0 0.833420 0.120460 0.018183 0.023546
1 0.785550 0.784428 0.017403 0.059587
0 0.748679 0.178427 0.018124 0.022477
0 0.971450 0.113123 0.024491 0.018775
0 0.869317 0.130094 0.016992 0.023366
0 0.897139 0.160415 0.018024 0.020554
1 0.790758 0.324468 0.067534 0.019768
0 0.812199 0.138849 0.017929 0.022045
