1 0.555291 0.363897 0.054338 0.023828
1 0.747855 0.437129 0.048287 0.036664
1 0.326413 0.639258 0.055961 0.014483
1 0.917203 0.357666 0.049351 0.021837
1 0.618339 0.261252 0.058443 0.022958
1 0.681441 0.401670 0.057736 0.028766
1 0.650507 0.300558 0.029432 0.048399
1 0.650322 0.360202 0.040062 0.044067
1 0.429675 0.177266 0.028373 0.047536
1 0.579206 0.205261 0.026131 0.044001
1 0.543651 0.440254 0.030581 0.041712
1 0.701883 0.331009 0.054283 0.020200
1 0.562209 0.201965 0.025924 0.043771
1 0.309004 0.200772 0.056093 0.019576
1 0.670566 0.414935 0.055850 0.028079
1 0.705867 0.317762 0.055584 0.020978
1 0.550581 0.313643 0.057832 0.025733
1 0.225045 0.717868 0.034085 0.044557
1 0.826146 0.377106 0.054467 0.026719
1 0.647611 0.483732 0.042620 0.040747
1 0.358983 0.167804 0.023058 0.046644
1 0.377707 0.172123 0.024827 0.046385
1 0.740338 0.409388 0.055551 0.033475
1 0.505964 0.190432 0.026658 0.047744
1 0.468179 0.182344 0.025346 0.048918
1 0.677810 0.468105 0.040692 0.040474
1 0.681423 0.272677 0.055208 0.020884
1 0.411400 0.174505 0.023723 0.044633
1 0.658583 0.218118 0.025579 0.046407
1 0.578668 0.513553 0.042460 0.045976
1 0.615716 0.501181 0.043420 0.042741
1 0.632864 0.450131 0.055485 0.030874
1 0.263547 0.254474 0.056853 0.022149
1 0.233551 0.150930 0.029432 0.045237
1 0.324270 0.160954 0.023802 0.044181
1 0.440352 0.283394 0.056395 0.024180
1 0.691328 0.459034 0.043288 0.040061
1 0.640303 0.216394 0.025386 0.044073
1 0.678094 0.220251 0.025374 0.045533
1 0.247877 0.607500 0.056682 0.031156
1 0.843687 0.302311 0.052038 0.020160
1 0.707489 0.453558 0.045698 0.043726
1 0.842998 0.287673 0.052252 0.019334
1 0.686260 0.389141 0.052895 0.025074
1 0.738731 0.264014 0.056515 0.021587
1 0.755335 0.297947 0.061143 0.022812
1 0.762149 0.326034 0.051266 0.022516
1 0.869570 0.334831 0.051862 0.021643
1 0.141590 0.653034 0.017630 0.048969
1 0.465464 0.561426 0.043115 0.042744
1 0.210109 0.733329 0.040983 0.043586
1 0.196991 0.673488 0.034361 0.044951
1 0.163019 0.398241 0.030747 0.044273
1 0.546778 0.532011 0.041942 0.045616
1 0.815186 0.351826 0.057279 0.024605
1 0.446220 0.181468 0.026332 0.045936
1 0.204861 0.480411 0.031711 0.044679
1 0.265410 0.690600 0.031183 0.044475
1 0.523859 0.194944 0.024447 0.045272
1 0.563689 0.335697 0.058770 0.026818
1 0.257527 0.149417 0.022550 0.042235
1 0.708784 0.363671 0.058108 0.024421
1 0.666672 0.316318 0.025702 0.039927
1 0.621906 0.214627 0.022758 0.043640
1 0.171832 0.763417 0.042474 0.041790
1 0.486759 0.188981 0.023384 0.045479
1 0.714290 0.226863 0.027069 0.045549
1 0.710407 0.304712 0.054407 0.021028
1 0.321973 0.263470 0.054992 0.020140
1 0.174878 0.698069 0.034296 0.041971
1 0.395165 0.170747 0.022502 0.043871
1 0.544973 0.199336 0.026183 0.045529
1 0.695036 0.224680 0.026574 0.044616
1 0.758979 0.340200 0.058375 0.024531
1 0.824021 0.391690 0.053834 0.027598
1 0.560429 0.349159 0.057843 0.025336
1 0.196053 0.743843 0.043261 0.041686
1 0.212572 0.666653 0.033903 0.044689
1 0.922295 0.345112 0.052880 0.021434
1 0.134783 0.557671 0.017162 0.043988
1 0.146926 0.508285 0.018597 0.046783
1 0.778554 0.255231 0.053240 0.022585
1 0.341458 0.164025 0.023843 0.046298
1 0.815499 0.337626 0.055265 0.023566
1 0.871610 0.321413 0.055985 0.023521
1 0.631353 0.493465 0.042736 0.043507
1 0.926708 0.332874 0.052428 0.021137
1 0.289339 0.152499 0.022844 0.043392
1 0.240701 0.711959 0.033042 0.043853
1 0.114218 0.730085 0.018296 0.041616
1 0.379828 0.273212 0.057019 0.021711
1 0.813788 0.309876 0.055120 0.023805
1 0.606473 0.020091 0.028804 0.040181
1 0.831507 0.268805 0.057464 0.023586
1 0.274419 0.147561 0.022494 0.046829
1 0.944976 0.309602 0.055543 0.022856
1 0.789110 0.272826 0.052964 0.023064
1 0.161561 0.706336 0.032822 0.042172
1 0.784383 0.409865 0.052129 0.030106
1 0.815103 0.323487 0.053395 0.022457
1 0.606208 0.212077 0.022023 0.044024
1 0.894177 0.298727 0.050235 0.021098
1 0.253415 0.700836 0.032194 0.045370
1 0.562644 0.521631 0.041505 0.046780
1 0.306116 0.156754 0.023281 0.043854
1 0.681969 0.373866 0.051603 0.024621
0 0.286977 0.334587 0.018077 0.021958
1 0.868873 0.362836 0.050279 0.021581
1 0.739617 0.279176 0.056849 0.022444
1 0.463704 0.021731 0.059370 0.024177
0 0.254891 0.327916 0.015085 0.018996
1 0.449723 0.046668 0.052816 0.021130
1 0.586721 0.015968 0.029987 0.031802
1 0.184149 0.751954 0.042042 0.043296
1 0.448124 0.220361 0.060438 0.019947
1 0.331231 0.346831 0.022092 0.025387
1 0.660995 0.474794 0.041563 0.041834
1 0.153467 0.446090 0.019859 0.046039
1 0.353810 0.028807 0.050754 0.022503
0 0.153709 0.244669 0.023853 0.010286
1 0.622288 0.437658 0.052028 0.029583
0 0.176877 0.068846 0.025622 0.017557
1 0.788593 0.288278 0.053625 0.022527
1 0.715689 0.348292 0.049283 0.022425
1 0.764867 0.360912 0.058295 0.026749
