1 0.323325 0.620797 0.115384 0.015860
1 0.299349 0.129913 0.114358 0.036300
1 0.308281 0.539687 0.119793 0.017343
1 0.527139 0.404358 0.117407 0.016320
1 0.274823 0.328389 0.114258 0.038656
1 0.295565 0.460545 0.115426 0.015219
1 0.296927 0.484912 0.114899 0.015435
1 0.273985 0.175425 0.112130 0.037433
1 0.281077 0.284326 0.113997 0.037101
1 0.571366 0.250228 0.117257 0.015747
1 0.317291 0.578211 0.123227 0.017651
1 0.286432 0.144607 0.113810 0.037874
1 0.546034 0.326176 0.125663 0.016513
1 0.299017 0.500772 0.113622 0.017591
1 0.295112 0.445640 0.117175 0.015499
1 0.281881 0.220577 0.120915 0.035507
1 0.307911 0.525702 0.121065 0.016218
1 0.293090 0.432244 0.121413 0.015797
1 0.275490 0.301054 0.115535 0.040228
1 0.388963 0.823303 0.038433 0.056381
1 0.281987 0.236356 0.123601 0.038436
1 0.526550 0.419492 0.116044 0.015190
1 0.503020 0.111202 0.030731 0.056781
1 0.277427 0.159638 0.110235 0.035925
1 0.555799 0.274934 0.117952 0.015317
1 0.531338 0.373761 0.123327 0.015889
1 0.654952 0.107566 0.031572 0.040478
1 0.288457 0.256798 0.119925 0.041330
0 0.772218 0.896160 0.024131 0.022248
1 0.445356 0.110489 0.030148 0.055162
0 0.866327 0.836981 0.025527 0.024205
1 0.407626 0.882700 0.030367 0.057072
1 0.585434 0.113756 0.028750 0.057006
1 0.303517 0.687493 0.042279 0.082946
0 0.929596 0.978164 0.022737 0.021243
0 0.837359 0.977152 0.027072 0.023873
0 0.820711 0.836327 0.026644 0.024675
0 0.654078 0.833961 0.022056 0.021561
0 0.693531 0.972955 0.021753 0.019903
0 0.696508 0.915333 0.025647 0.022685
0 0.863904 0.920452 0.026526 0.023364
1 0.094102 0.489081 0.035283 0.043500
1 0.387151 0.108508 0.028735 0.057420
0 0.724747 0.832187 0.024132 0.021291
0 0.794852 0.920085 0.026054 0.022829
1 0.556310 0.113268 0.032525 0.057007
1 0.334819 0.685431 0.044808 0.080015
0 0.699044 0.891015 0.024984 0.021917
1 0.540188 0.906533 0.054612 0.061841
0 0.889533 0.896602 0.022033 0.023148
0 0.959701 0.921407 0.025906 0.024358
0 0.911515 0.110331 0.024839 0.022770
1 0.480906 0.827117 0.033284 0.085570
0 0.679354 0.833736 0.022858 0.023609
0 0.912918 0.897177 0.024813 0.022011
0 0.724512 0.916109 0.025190 0.023490
0 0.882169 0.976874 0.026794 0.022369
0 0.748553 0.918007 0.023051 0.022365
0 0.893447 0.839796 0.027711 0.024899
0 0.941050 0.175293 0.024483 0.024299
0 0.792597 0.838149 0.022496 0.023043
0 0.712756 0.993293 0.025280 0.013140
0 0.785871 0.975163 0.025975 0.025244
0 0.749132 0.106056 0.024863 0.023080
0 0.667846 0.990848 0.023768 0.017299
1 0.515692 0.828430 0.035594 0.086117
0 0.701874 0.832280 0.021010 0.021515
0 0.820398 0.172389 0.025919 0.023431
