1 0.475601 0.470643 0.053161 0.037935
1 0.489930 0.488366 0.058139 0.043043
1 0.606299 0.291299 0.058182 0.040839
1 0.597137 0.276472 0.059116 0.041523
1 0.381795 0.302195 0.058898 0.039250
1 0.443239 0.415378 0.053992 0.042211
1 0.370577 0.284009 0.058100 0.036803
1 0.517893 0.132210 0.061613 0.042344
1 0.580680 0.245514 0.056460 0.036900
1 0.358539 0.246020 0.063410 0.045812
1 0.573844 0.230926 0.060064 0.040896
1 0.540540 0.177245 0.059044 0.039993
1 0.367081 0.262030 0.060301 0.041551
1 0.340604 0.231429 0.058746 0.042070
1 0.401164 0.198640 0.039987 0.056644
1 0.566634 0.219240 0.058066 0.037630
1 0.435986 0.397617 0.055045 0.036529
1 0.526714 0.146906 0.055830 0.040109
1 0.765700 0.371652 0.067728 0.014389
1 0.551542 0.190778 0.059105 0.037786
1 0.332012 0.215168 0.061015 0.040526
1 0.391775 0.321119 0.056245 0.037459
1 0.660760 0.418708 0.038672 0.055407
1 0.418002 0.190908 0.045346 0.063306
1 0.646646 0.429154 0.037298 0.056592
1 0.555762 0.303282 0.043593 0.060532
1 0.853825 0.727740 0.037933 0.054767
1 0.829927 0.479522 0.061359 0.026500
1 0.639779 0.449822 0.030342 0.040204
1 0.584336 0.263373 0.058979 0.044014
1 0.618477 0.305291 0.060295 0.043529
1 0.681352 0.406439 0.038517 0.056626
1 0.170074 0.317774 0.049981 0.059704
1 0.509318 0.116756 0.063430 0.045182
1 0.788826 0.408815 0.062349 0.012513
1 0.535945 0.321048 0.042260 0.060718
1 0.802432 0.428872 0.062134 0.012527
1 0.293363 0.618476 0.040983 0.055171
1 0.868749 0.551600 0.059187 0.027652
1 0.153705 0.330669 0.047789 0.059858
1 0.385045 0.207071 0.043619 0.056690
0 0.623815 0.758184 0.019004 0.025261
0 0.713867 0.224746 0.028931 0.024948
0 0.109058 0.684252 0.028357 0.024338
1 0.774833 0.388772 0.066111 0.014603
0 0.605865 0.172705 0.026190 0.023453
0 0.670981 0.149461 0.026855 0.022424
1 0.877507 0.687826 0.034227 0.061838
0 0.066304 0.606324 0.022343 0.020886
0 0.125165 0.719784 0.026635 0.022691
1 0.209169 0.558821 0.049483 0.067770
0 0.054199 0.582837 0.022971 0.022351
1 0.093923 0.366696 0.045572 0.062058
1 0.272321 0.628587 0.035225 0.052790
1 0.509892 0.116127 0.062576 0.044912
0 0.584205 0.679824 0.018876 0.025480
0 0.612787 0.763734 0.018031 0.024297
1 0.175785 0.504477 0.044309 0.062954
0 0.600487 0.766959 0.018241 0.023631
0 0.652158 0.675595 0.023340 0.021006
0 0.133744 0.530245 0.019747 0.025619
1 0.535205 0.160553 0.052548 0.038221
1 0.743363 0.340078 0.067967 0.015037
0 0.637946 0.655082 0.024044 0.020738
0 0.257217 0.471247 0.024353 0.024545
0 0.690170 0.181667 0.027636 0.021579
1 0.867647 0.711937 0.037829 0.058056
0 0.635538 0.226295 0.028214 0.024016
1 0.617777 0.305820 0.060833 0.043408
0 0.079452 0.627236 0.022472 0.021301
0 0.627882 0.216040 0.023852 0.021130
0 0.115336 0.695324 0.021497 0.021121
0 0.634109 0.749689 0.018616 0.027969
1 0.560414 0.204936 0.057290 0.038093
0 0.653675 0.259668 0.024081 0.020193
1 0.058130 0.401497 0.027141 0.034375
1 0.829839 0.462702 0.062842 0.030533
