1 0.219185 0.438401 0.052909 0.034863
1 0.204958 0.670573 0.053011 0.035293
1 0.256704 0.326805 0.057536 0.036280
1 0.199529 0.730307 0.053561 0.027339
1 0.231432 0.515809 0.053548 0.033986
1 0.359523 0.394600 0.039752 0.027446
1 0.200000 0.689431 0.054314 0.034824
1 0.267337 0.296175 0.056375 0.035301
1 0.707328 0.396637 0.035644 0.057855
1 0.836693 0.266368 0.053785 0.032970
1 0.654470 0.328219 0.052813 0.031162
1 0.413783 0.217604 0.040060 0.052109
1 0.595253 0.666899 0.032635 0.060237
1 0.369735 0.362672 0.040758 0.029830
1 0.782748 0.246665 0.052409 0.033886
1 0.287279 0.232309 0.056797 0.034743
1 0.842408 0.251426 0.052506 0.033178
1 0.551843 0.397473 0.029188 0.058186
1 0.541404 0.862902 0.050893 0.038221
1 0.191514 0.705876 0.054095 0.035061
1 0.223524 0.547198 0.053380 0.034004
1 0.250569 0.346727 0.056663 0.034872
1 0.609365 0.675050 0.029371 0.058844
1 0.508807 0.912636 0.030628 0.060955
1 0.689853 0.433353 0.032730 0.059472
1 0.553526 0.942578 0.029768 0.066128
1 0.214091 0.633165 0.051878 0.034742
1 0.616693 0.537956 0.040982 0.057136
1 0.566154 0.652242 0.030506 0.060179
1 0.281013 0.248878 0.056314 0.034386
1 0.290002 0.211273 0.053549 0.034916
1 0.219017 0.561801 0.052717 0.033279
1 0.677394 0.212512 0.016149 0.059746
1 0.373921 0.748605 0.053786 0.034925
1 0.773429 0.285839 0.052952 0.028675
1 0.379108 0.329721 0.042537 0.029619
1 0.427066 0.771283 0.051934 0.037005
1 0.246735 0.363886 0.055485 0.034876
1 0.069030 0.623233 0.030976 0.058494
1 0.213249 0.576477 0.053945 0.033423
1 0.225692 0.421494 0.051982 0.033665
1 0.475166 0.290530 0.055413 0.017562
1 0.272097 0.279896 0.055963 0.034681
1 0.682022 0.456065 0.032292 0.061353
1 0.434620 0.861152 0.028307 0.060092
1 0.524448 0.918760 0.030290 0.061042
1 0.665762 0.148039 0.016082 0.059934
1 0.634635 0.150659 0.016563 0.061141
1 0.566838 0.402323 0.028895 0.057627
1 0.237506 0.494643 0.054745 0.037122
1 0.209719 0.649855 0.052875 0.037459
1 0.228014 0.531811 0.052859 0.032869
1 0.645755 0.421329 0.050785 0.037664
1 0.642379 0.402391 0.052334 0.036714
1 0.565687 0.953284 0.025519 0.055257
1 0.466506 0.556586 0.057172 0.036199
1 0.670531 0.468913 0.031145 0.061980
1 0.651135 0.147620 0.015561 0.059264
1 0.781152 0.268896 0.052530 0.029816
1 0.581158 0.956718 0.027542 0.060095
1 0.404989 0.234262 0.042727 0.053018
1 0.430950 0.162907 0.040702 0.052417
1 0.264754 0.534633 0.025313 0.060147
1 0.276385 0.265286 0.055655 0.033875
1 0.649259 0.311966 0.051942 0.030913
1 0.142151 0.705230 0.053763 0.032083
1 0.083352 0.487918 0.030320 0.055705
1 0.576741 0.730171 0.028858 0.061094
1 0.696676 0.152307 0.016230 0.060028
1 0.418218 0.197911 0.042241 0.053041
1 0.692612 0.211999 0.016428 0.059338
1 0.435810 0.142159 0.039639 0.050479
1 0.699957 0.057470 0.054208 0.019751
1 0.495108 0.880384 0.030204 0.059112
0 0.804220 0.144893 0.016398 0.027086
1 0.444314 0.127694 0.042675 0.055317
1 0.422980 0.177543 0.040065 0.050318
0 0.840384 0.158903 0.016013 0.027256
0 0.016785 0.704027 0.015648 0.025221
1 0.236301 0.407434 0.051456 0.033945
0 0.828627 0.152617 0.014952 0.024925
1 0.614937 0.051065 0.050894 0.018506
0 0.814036 0.148834 0.015217 0.027248
0 0.781330 0.135006 0.013631 0.022938
1 0.623876 0.679356 0.028739 0.059809
1 0.423451 0.480021 0.052812 0.035368
1 0.631952 0.491859 0.031067 0.057337
1 0.812730 0.318560 0.053770 0.032350
1 0.795399 0.212855 0.052199 0.033899
0 0.085173 0.807935 0.022066 0.019655
1 0.129668 0.435453 0.023097 0.041147
1 0.618842 0.499603 0.032033 0.062654
1 0.652077 0.364081 0.052060 0.035133
0 0.410339 0.061773 0.011725 0.026619
1 0.360352 0.723442 0.049362 0.033233
1 0.654202 0.472244 0.029408 0.061250
0 0.988798 0.959595 0.015745 0.026656
1 0.654035 0.472582 0.028509 0.060354
1 0.681626 0.150507 0.014037 0.059809
0 0.840342 0.135641 0.021823 0.017918
1 0.826115 0.300094 0.054710 0.034729
0 0.031382 0.748344 0.014333 0.025840
1 0.698693 0.415158 0.032970 0.059941
1 0.481006 0.872212 0.030003 0.061395
0 0.851511 0.163193 0.012641 0.022511
0 0.864375 0.218288 0.010387 0.020750
0 0.782120 0.183669 0.010143 0.024105
1 0.847683 0.235314 0.053646 0.036445
