0 0.259348 0.220291 0.029076 0.025483
0 0.421636 0.457928 0.023705 0.026806
0 0.263927 0.389495 0.023894 0.028646
0 0.724550 0.465212 0.026669 0.030695
0 0.344417 0.609631 0.024563 0.028560
0 0.754338 0.768844 0.022908 0.027415
0 0.439757 0.654108 0.019658 0.023067
0 0.340792 0.540963 0.024419 0.028367
0 0.707803 0.266485 0.021466 0.024645
0 0.612107 0.155670 0.021337 0.026028
0 0.463476 0.538120 0.021894 0.025732
0 0.541988 0.777368 0.020268 0.023302
0 0.675106 0.788781 0.025289 0.028916
0 0.620019 0.426063 0.024945 0.029568
0 0.496080 0.233177 0.022414 0.024159
0 0.596754 0.766631 0.022165 0.023774
0 0.380264 0.620379 0.023202 0.027829
0 0.288915 0.259693 0.029474 0.025259
0 0.576960 0.853047 0.025884 0.028387
0 0.406150 0.502425 0.020582 0.023713
0 0.434369 0.585163 0.024890 0.028367
0 0.706767 0.765129 0.023428 0.027784
0 0.475764 0.712103 0.024655 0.026322
0 0.757110 0.334794 0.022567 0.025622
0 0.602226 0.165547 0.022761 0.026173
0 0.212766 0.426250 0.023974 0.027482
0 0.549433 0.199637 0.021841 0.025230
0 0.546335 0.663052 0.020167 0.023138
0 0.652857 0.801784 0.022708 0.027110
0 0.380659 0.216984 0.027574 0.026083
0 0.671021 0.326177 0.023143 0.027585
0 0.724345 0.357191 0.023176 0.025559
0 0.427014 0.554326 0.022028 0.025397
0 0.647303 0.444432 0.023548 0.028487
0 0.517843 0.220561 0.020305 0.023390
0 0.346208 0.505029 0.023687 0.029548
0 0.473562 0.529708 0.020453 0.023465
0 0.556442 0.297245 0.020573 0.024709
0 0.583037 0.354706 0.020007 0.024172
0 0.682556 0.712654 0.020785 0.023707
0 0.325517 0.456340 0.023773 0.028406
0 0.480169 0.742692 0.022937 0.025149
0 0.635032 0.712030 0.020418 0.023327
0 0.697988 0.408921 0.020987 0.024272
0 0.565899 0.687100 0.024061 0.026011
0 0.284024 0.376771 0.023854 0.029713
0 0.639668 0.738427 0.020054 0.022030
0 0.652634 0.407398 0.022876 0.026126
0 0.517351 0.685261 0.021411 0.024129
0 0.632081 0.814912 0.022530 0.025664
0 0.736171 0.743844 0.021447 0.024990
0 0.581473 0.746258 0.020114 0.024138
0 0.670305 0.500691 0.023077 0.028558
0 0.580901 0.179959 0.022962 0.026131
0 0.763274 0.366214 0.023976 0.028241
0 0.521373 0.287580 0.020464 0.025057
0 0.464977 0.254235 0.020737 0.024263
0 0.333938 0.446691 0.023476 0.027918
0 0.508949 0.796247 0.024375 0.027624
0 0.624324 0.717448 0.021156 0.024558
0 0.243362 0.579657 0.024947 0.028236
0 0.264367 0.562076 0.022058 0.026145
0 0.602449 0.229292 0.017399 0.020358
0 0.290550 0.215978 0.028605 0.025214
0 0.679717 0.316444 0.022310 0.025077
0 0.449661 0.646429 0.022214 0.024884
0 0.598081 0.268884 0.024495 0.029057
0 0.502677 0.727531 0.022665 0.024756
0 0.300191 0.571480 0.021087 0.025811
0 0.970437 0.456673 0.025920 0.030887
0 0.797701 0.416827 0.021869 0.025365
0 0.464008 0.717980 0.021582 0.024192
0 0.736211 0.350851 0.020808 0.024680
0 0.800399 0.808121 0.024449 0.028316
0 0.288060 0.445774 0.021315 0.024735
0 0.693726 0.876639 0.025134 0.030614
0 0.403248 0.475438 0.020248 0.022810
0 0.390755 0.587869 0.022578 0.026137
0 0.727727 0.754555 0.024298 0.027220
0 0.619101 0.613238 0.021472 0.026623
0 0.571161 0.753808 0.022277 0.025204
0 0.621225 0.822696 0.023798 0.026717
0 0.567526 0.290900 0.021261 0.024392
0 0.307270 0.535121 0.024922 0.028216
0 0.457297 0.572329 0.021678 0.025568
0 0.375905 0.592019 0.023510 0.028853
0 0.377989 0.420058 0.022351 0.025392
0 0.469592 0.631263 0.023745 0.028940
0 0.391032 0.481987 0.018565 0.023375
0 0.192319 0.440907 0.021124 0.024711
0 0.613846 0.332506 0.019101 0.022344
0 0.700762 0.367837 0.023338 0.026457
0 0.427394 0.486960 0.020173 0.023547
0 0.393182 0.614953 0.022117 0.024538
0 0.484497 0.239217 0.019656 0.023382
0 0.693950 0.128274 0.029294 0.023527
0 0.268519 0.461242 0.022742 0.025520
1 0.249017 0.073508 0.050231 0.042138
0 0.372913 0.521782 0.023341 0.026098
0 0.305695 0.362324 0.020566 0.024409
0 0.450338 0.262614 0.026451 0.028210
0 0.173411 0.265071 0.029235 0.027544
0 0.630389 0.607639 0.021627 0.027568
0 0.510831 0.295648 0.021130 0.025063
0 0.739786 0.531513 0.021443 0.026546
0 0.359122 0.500492 0.022007 0.025698
0 0.330539 0.416396 0.024039 0.028786
0 0.693327 0.705560 0.021833 0.026774
0 0.777520 0.823119 0.021095 0.022574
0 0.496457 0.699833 0.023676 0.028432
0 0.417754 0.664358 0.022426 0.026570
0 0.381479 0.489617 0.020451 0.023051
0 0.750862 0.370286 0.020700 0.022849
0 0.578983 0.643150 0.025787 0.028507
0 0.644533 0.310471 0.021571 0.024055
0 0.650036 0.731143 0.019799 0.022998
0 0.730387 0.538725 0.023304 0.025643
0 0.763330 0.517181 0.024205 0.026104
0 0.697159 0.275110 0.020309 0.025239
0 0.718995 0.392619 0.021657 0.025209
0 0.226923 0.286819 0.024424 0.020491
0 0.609874 0.828575 0.019730 0.023814
0 0.662443 0.226708 0.026801 0.030779
0 0.544684 0.802158 0.020474 0.023143
0 0.562170 0.260007 0.020217 0.023592
0 0.731573 0.782246 0.019994 0.023089
0 0.654900 0.698245 0.022674 0.025932
0 0.582511 0.245262 0.019003 0.022005
0 0.588562 0.278211 0.024176 0.026179
0 0.620101 0.362802 0.021635 0.024132
0 0.491981 0.620141 0.019981 0.024216
0 0.697847 0.667436 0.022839 0.027216
0 0.618986 0.252709 0.020789 0.024830
0 0.809611 0.404665 0.025987 0.033132
0 0.709232 0.399707 0.021161 0.024946
0 0.863459 0.363763 0.028178 0.025224
0 0.593924 0.741192 0.020978 0.022503
0 0.366675 0.427167 0.023680 0.029123
0 0.652986 0.594824 0.021338 0.024257
0 0.316481 0.355966 0.022457 0.027013
0 0.543776 0.700396 0.018671 0.022138
0 0.658126 0.624821 0.021186 0.025868
0 0.178629 0.230405 0.025926 0.024513
0 0.409716 0.674332 0.022220 0.025602
0 0.550482 0.768868 0.022293 0.028431
0 0.912548 0.496838 0.021415 0.025515
0 0.505310 0.334504 0.023720 0.028426
0 0.607023 0.260101 0.021383 0.024707
0 0.737217 0.280582 0.022412 0.025849
0 0.673080 0.721413 0.020043 0.023710
0 0.784205 0.852950 0.022093 0.024234
0 0.718592 0.546263 0.025229 0.027661
0 0.696132 0.772541 0.021000 0.025075
0 0.538508 0.380819 0.023148 0.027057
0 0.829054 0.823492 0.023457 0.026561
0 0.623855 0.455913 0.019876 0.025618
0 0.361048 0.396348 0.020908 0.024873
0 0.635832 0.142063 0.024108 0.027396
0 0.747025 0.845588 0.020426 0.023302
0 0.724267 0.289759 0.023085 0.026279
0 0.579632 0.391367 0.022907 0.026732
0 0.685591 0.675612 0.022334 0.025113
0 0.531383 0.281565 0.019774 0.023411
0 0.271313 0.594369 0.021338 0.025279
0 0.468632 0.566581 0.022530 0.026714
0 0.592712 0.238098 0.018588 0.023723
0 0.700379 0.137901 0.026398 0.023087
0 0.784613 0.421284 0.020852 0.023863
0 0.700024 0.807827 0.024308 0.027734
0 0.628880 0.747123 0.022112 0.025086
0 0.702405 0.477878 0.024307 0.029551
0 0.206505 0.259622 0.028307 0.024244
0 0.485578 0.705084 0.023595 0.028571
0 0.336911 0.342019 0.023269 0.026735
0 0.649289 0.730594 0.020210 0.022581
0 0.566923 0.861766 0.025378 0.028055
0 0.775398 0.356949 0.023974 0.028668
0 0.659388 0.332330 0.022451 0.024652
0 0.708958 0.656408 0.024980 0.026238
0 0.640411 0.600664 0.021746 0.025553
0 0.154051 0.463274 0.025748 0.029448
0 0.352466 0.534612 0.021250 0.025133
0 0.319433 0.664724 0.024156 0.025832
0 0.526444 0.318174 0.021418 0.025707
0 0.624790 0.218325 0.022981 0.026530
0 0.820045 0.396112 0.024263 0.027304
0 0.585591 0.673003 0.023985 0.026343
0 0.451579 0.543562 0.021016 0.026041
0 0.656763 0.197233 0.018403 0.020433
0 0.571293 0.360166 0.021336 0.025158
0 0.562064 0.762282 0.023446 0.026876
0 0.675602 0.288213 0.019867 0.023817
0 0.804099 0.838349 0.020266 0.022237
0 0.686059 0.281613 0.022773 0.028179
0 0.686843 0.781222 0.022948 0.027707
0 0.607854 0.621229 0.019566 0.021764
0 0.307038 0.638229 0.028205 0.029328
0 0.710887 0.867687 0.021282 0.024446
0 0.662550 0.401094 0.020489 0.023955
0 0.458767 0.638078 0.020001 0.023775
0 0.528094 0.678720 0.023934 0.027132
0 0.748901 0.736114 0.024588 0.027998
0 0.640481 0.239580 0.023719 0.027302
0 0.624511 0.927512 0.024544 0.026952
0 0.711892 0.159640 0.026253 0.022760
0 0.309820 0.124740 0.028719 0.026268
0 0.282923 0.248023 0.024807 0.022065
0 0.671054 0.619177 0.021588 0.024941
0 0.318638 0.133653 0.022697 0.021337
0 0.671703 0.393529 0.022773 0.027849
0 0.328016 0.266805 0.024799 0.021549
1 0.855988 0.589829 0.091172 0.071415
0 0.681281 0.493105 0.021364 0.024901
0 0.844932 0.988643 0.022952 0.021090
0 0.168843 0.454033 0.024920 0.029197
0 0.765855 0.762255 0.023792 0.029756
0 0.337796 0.165003 0.022948 0.020705
0 0.668796 0.430711 0.021503 0.026482
0 0.742949 0.380318 0.023231 0.026112
0 0.359518 0.632068 0.019498 0.020920
0 0.330127 0.153079 0.024493 0.020376
0 0.350058 0.181434 0.023844 0.021055
0 0.505254 0.689802 0.021917 0.024845
0 0.475105 0.246563 0.019748 0.024048
0 0.530670 0.781774 0.019100 0.022345
0 0.622835 0.149610 0.023976 0.028949
0 0.729848 0.386974 0.024364 0.029152
0 0.575024 0.679781 0.019642 0.022535
0 0.762494 0.728302 0.024273 0.028474
0 0.270094 0.183188 0.026548 0.022717
0 0.546360 0.872922 0.018391 0.022370
0 0.624034 0.717227 0.020469 0.024696
0 0.439537 0.549062 0.021517 0.027216
0 0.573969 0.255092 0.021737 0.026417
0 0.537656 0.672230 0.021886 0.026015
0 0.384262 0.515162 0.021916 0.025332
0 0.488828 0.550249 0.021863 0.025502
0 0.500502 0.304366 0.021049 0.024844
0 0.703444 0.697994 0.021187 0.024861
0 0.356675 0.434283 0.022431 0.025376
0 0.604750 0.340450 0.021040 0.024755
0 0.373052 0.389737 0.024963 0.029725
0 0.462920 0.757320 0.021743 0.023158
0 0.671083 0.215740 0.020226 0.023262
0 0.346415 0.440826 0.021791 0.027175
0 0.371963 0.207539 0.023616 0.020784
0 0.855727 0.352975 0.030243 0.025785
0 0.593383 0.347176 0.018254 0.023728
0 0.560877 0.367474 0.024513 0.027540
0 0.180970 0.447686 0.021738 0.027283
0 0.238538 0.308836 0.024051 0.021102
0 0.752884 0.440569 0.024324 0.029646
0 0.330099 0.658787 0.024103 0.027054
0 0.324446 0.624360 0.023929 0.029905
0 0.751058 0.208098 0.028243 0.027857
0 0.893695 0.952238 0.019679 0.023343
0 0.327085 0.349100 0.023310 0.026956
0 0.362680 0.528918 0.022163 0.024804
0 0.763082 0.432139 0.024006 0.030299
0 0.444452 0.735990 0.027843 0.029447
0 0.706593 0.554334 0.025319 0.027504
0 0.230627 0.298737 0.024313 0.021800
0 0.848798 0.341909 0.025054 0.021837
0 0.597599 0.268636 0.023493 0.029836
0 0.278804 0.090811 0.026022 0.024355
0 0.526713 0.210452 0.017713 0.020338
0 0.425062 0.592609 0.021420 0.025084
0 0.479645 0.624920 0.019828 0.025535
0 0.324509 0.624272 0.024023 0.030485
0 0.553361 0.404806 0.024119 0.028671
0 0.623322 0.149334 0.024513 0.027761
0 0.414361 0.599495 0.023542 0.028623
0 0.766140 0.762155 0.024041 0.028630
0 0.611028 0.935939 0.024856 0.027247
0 0.691958 0.311142 0.022785 0.028929
0 0.708773 0.399998 0.020892 0.026185
0 0.552530 0.691510 0.018556 0.020793
0 0.842137 0.330459 0.022519 0.021778
0 0.678093 0.105577 0.029641 0.026735
0 0.526130 0.318412 0.021800 0.025331
0 0.054033 0.680882 0.015421 0.026530
0 0.765432 0.229758 0.023749 0.021335
0 0.713744 0.688925 0.020956 0.021376
0 0.305572 0.279758 0.025664 0.023471
0 0.703415 0.305245 0.020096 0.024651
