0 0.163429 0.710112 0.034691 0.029711
0 0.088768 0.758552 0.032002 0.031118
0 0.231401 0.813750 0.033907 0.029957
0 0.221081 0.800056 0.035482 0.031919
0 0.067891 0.731752 0.032772 0.028779
0 0.105476 0.833108 0.032498 0.027692
0 0.886257 0.946280 0.033885 0.034922
0 0.099367 0.774273 0.033527 0.030487
0 0.753535 0.902772 0.034520 0.037112
0 0.143728 0.678564 0.030713 0.027745
0 0.873545 0.909433 0.032659 0.032717
0 0.858885 0.921662 0.035440 0.034505
0 0.157276 0.862270 0.030312 0.029026
0 0.792514 0.865883 0.036923 0.038049
0 0.880717 0.779624 0.030512 0.032681
0 0.149984 0.694294 0.032686 0.027330
0 0.830215 0.830535 0.032827 0.031453
0 0.109941 0.789040 0.035924 0.029748
0 0.923935 0.908802 0.032613 0.032798
0 0.845794 0.933318 0.032560 0.032274
0 0.740688 0.914469 0.032596 0.033273
0 0.151717 0.907525 0.033681 0.030573
0 0.872012 0.959917 0.031670 0.033226
0 0.894001 0.768225 0.032115 0.033404
0 0.078056 0.809399 0.037357 0.034616
0 0.118435 0.804630 0.036455 0.032472
0 0.133287 0.880300 0.030746 0.027808
0 0.191953 0.753038 0.034168 0.029071
0 0.150912 0.846168 0.033829 0.032608
0 0.124060 0.865758 0.031739 0.029834
0 0.886446 0.895716 0.033849 0.034879
0 0.138186 0.897501 0.034435 0.032077
0 0.191596 0.903342 0.034234 0.030229
0 0.842636 0.817524 0.032247 0.032377
0 0.076762 0.958508 0.034570 0.029567
0 0.908803 0.866943 0.032910 0.033938
0 0.910741 0.922031 0.034722 0.033991
0 0.171447 0.726093 0.033084 0.029514
0 0.179448 0.891246 0.033327 0.030698
0 0.018547 0.869837 0.031566 0.027656
0 0.133204 0.664591 0.028627 0.024957
0 0.242236 0.827629 0.031246 0.027753
0 0.956653 0.987758 0.032757 0.024484
0 0.834955 0.946528 0.031246 0.033896
0 0.933478 0.765422 0.032347 0.034086
0 0.769640 0.890519 0.032845 0.034644
0 0.038772 0.898582 0.035167 0.029551
0 0.110618 0.849362 0.032004 0.027529
0 0.091335 0.968369 0.030301 0.028092
0 0.212075 0.782695 0.029478 0.024565
0 0.855407 0.803807 0.031353 0.033301
0 0.162501 0.921663 0.031542 0.027364
0 0.165954 0.877312 0.028202 0.028385
