0 0.197718 0.552550 0.018823 0.013291
0 0.338961 0.439458 0.021217 0.014772
0 0.097408 0.671653 0.020797 0.014538
0 0.181713 0.626972 0.018614 0.013161
0 0.275633 0.458184 0.018227 0.013721
0 0.353455 0.421814 0.019217 0.013632
0 0.191520 0.559979 0.019072 0.015209
0 0.117977 0.645346 0.017225 0.012332
0 0.172801 0.581133 0.019383 0.013291
0 0.152795 0.665252 0.018212 0.013421
0 0.328584 0.451025 0.019873 0.014750
0 0.269884 0.522598 0.020593 0.013973
0 0.392882 0.375609 0.020183 0.014264
0 0.127746 0.693917 0.018497 0.013356
0 0.070684 0.703832 0.020793 0.013781
0 0.309293 0.474313 0.018243 0.013949
0 0.254342 0.542305 0.018981 0.013992
0 0.124433 0.638383 0.018122 0.013261
0 0.263588 0.529756 0.018561 0.013048
0 0.284640 0.504073 0.019602 0.014463
0 0.137033 0.682636 0.019851 0.013994
0 0.331695 0.389493 0.019498 0.013371
0 0.381680 0.385733 0.020823 0.014009
0 0.112937 0.652989 0.018913 0.013262
0 0.137900 0.622829 0.020463 0.014127
0 0.143951 0.616311 0.018531 0.013444
0 0.118522 0.705666 0.020913 0.013492
0 0.240360 0.499256 0.017833 0.014183
0 0.277712 0.510864 0.018383 0.013896
0 0.079908 0.693693 0.020223 0.014330
0 0.260754 0.471806 0.017816 0.013114
