1 0.676687 0.694630 0.095563 0.041835
1 0.445968 0.648457 0.104863 0.042828
1 0.556902 0.571559 0.105627 0.043029
1 0.558134 0.703602 0.107705 0.040614
1 0.559317 0.639038 0.104807 0.040678
1 0.669738 0.636354 0.090512 0.039159
1 0.420017 0.772748 0.091423 0.041036
1 0.922450 0.479467 0.065774 0.037378
1 0.928766 0.562983 0.068754 0.035401
1 0.921806 0.522905 0.060375 0.033007
1 0.446064 0.522922 0.094161 0.040986
1 0.922614 0.437334 0.066308 0.038648
1 0.669182 0.511249 0.109795 0.042243
1 0.244002 0.696122 0.055786 0.030999
1 0.549632 0.470934 0.112567 0.046160
1 0.241548 0.624488 0.057691 0.031806
1 0.684964 0.925561 0.112179 0.033345
0 0.527262 0.213223 0.024314 0.071258
0 0.241016 0.479865 0.049389 0.030139
1 0.670823 0.567808 0.107184 0.041760
0 0.857750 0.382135 0.043830 0.030094
1 0.244050 0.763306 0.056904 0.031555
1 0.447940 0.583144 0.090625 0.041570
0 0.271551 0.227605 0.025642 0.070353
1 0.616564 0.769297 0.108354 0.045341
0 0.391343 0.395931 0.023241 0.066695
0 0.235194 0.299025 0.047427 0.028276
1 0.046973 0.337090 0.081236 0.039982
0 0.726006 0.392398 0.023855 0.069622
0 0.242421 0.549425 0.049149 0.031290
1 0.386220 0.214453 0.021807 0.081420
1 0.974884 0.474077 0.024711 0.087233
0 0.676351 0.225568 0.028766 0.078931
0 0.632515 0.391949 0.024256 0.068716
1 0.362641 0.211166 0.023737 0.082785
1 0.921066 0.402880 0.064211 0.041384
1 0.552052 0.520585 0.112858 0.039434
