0 0.682967 0.818254 0.046015 0.023018
0 0.496761 0.605487 0.047069 0.023230
0 0.544875 0.654050 0.045850 0.021468
0 0.832501 0.718154 0.043682 0.022746
0 0.564305 0.854615 0.039569 0.021856
0 0.285257 0.252333 0.045795 0.022246
0 0.665409 0.717078 0.045353 0.023717
0 0.273380 0.204723 0.047518 0.025822
0 0.309767 0.505444 0.045649 0.019963
0 0.201791 0.583095 0.045960 0.022578
0 0.301963 0.454305 0.045518 0.023502
0 0.334334 0.728650 0.048449 0.023403
0 0.324264 0.601888 0.043859 0.020754
0 0.320722 0.579123 0.045305 0.021289
0 0.529030 0.454858 0.045365 0.021144
0 0.669370 0.740970 0.046490 0.022954
0 0.519980 0.859819 0.046495 0.022868
0 0.637594 0.442966 0.047598 0.024627
0 0.163765 0.233967 0.044682 0.021263
0 0.373788 0.620217 0.044956 0.021772
0 0.286000 0.276352 0.042290 0.019791
0 0.512831 0.354212 0.043072 0.022303
0 0.729303 0.784315 0.044468 0.020111
0 0.564380 0.803959 0.042905 0.019903
0 0.315053 0.553560 0.045582 0.022061
0 0.332418 0.272188 0.043608 0.022648
0 0.371593 0.595867 0.044641 0.021078
0 0.684388 0.841691 0.046330 0.022757
0 0.282940 0.227494 0.044115 0.024245
0 0.495907 0.632525 0.041590 0.020673
0 0.289924 0.328300 0.048060 0.025101
0 0.563083 0.780048 0.045132 0.021380
0 0.531246 0.478750 0.047184 0.021285
0 0.390895 0.770999 0.048803 0.023531
0 0.198666 0.558194 0.055526 0.025247
0 0.395516 0.822877 0.043825 0.020855
0 0.335149 0.221835 0.057706 0.025525
0 0.334551 0.701239 0.044801 0.022521
0 0.732708 0.835440 0.044628 0.022026
0 0.679716 0.790728 0.044442 0.020847
0 0.721562 0.735981 0.047616 0.022678
0 0.724845 0.759788 0.043317 0.019443
0 0.661042 0.667268 0.047094 0.022442
0 0.331139 0.674726 0.046768 0.020567
0 0.389523 0.796197 0.047184 0.021319
0 0.173136 0.386105 0.045794 0.022893
0 0.273929 0.178538 0.046096 0.021761
0 0.342311 0.296170 0.046180 0.020495
0 0.312952 0.527079 0.044603 0.021099
0 0.198821 0.532744 0.045100 0.021906
0 0.363809 0.545682 0.044429 0.022246
0 0.549319 0.728492 0.042233 0.019387
0 0.840566 0.746438 0.048794 0.024134
0 0.538917 0.578586 0.046878 0.020471
0 0.337299 0.776993 0.044117 0.021748
0 0.190265 0.509324 0.044126 0.022773
0 0.171824 0.360198 0.047864 0.022854
0 0.529827 0.505436 0.042706 0.020947
0 0.655138 0.592912 0.045907 0.024020
0 0.510695 0.782873 0.045487 0.021422
0 0.165978 0.306621 0.048457 0.023415
0 0.708714 0.688131 0.046722 0.022033
0 0.291692 0.301433 0.056251 0.024821
0 0.517031 0.833394 0.045529 0.021333
0 0.673299 0.766257 0.045134 0.023880
0 0.481453 0.462176 0.048725 0.023497
0 0.304893 0.476694 0.043744 0.021509
0 0.384148 0.695368 0.047142 0.021608
0 0.167968 0.335381 0.043358 0.021917
0 0.659898 0.693373 0.043317 0.020959
0 0.383302 0.670673 0.047391 0.021291
0 0.708369 0.635949 0.044012 0.021579
0 0.645521 0.466002 0.046954 0.022265
0 0.403357 0.870581 0.044260 0.020838
0 0.482524 0.484030 0.043618 0.020334
0 0.483475 0.509227 0.044911 0.022195
0 0.656792 0.619126 0.054268 0.028527
0 0.345978 0.367836 0.046657 0.021846
0 0.270460 0.151854 0.045757 0.023096
0 0.507674 0.758570 0.045709 0.022020
0 0.367624 0.570918 0.044589 0.021036
0 0.296317 0.351833 0.042419 0.020829
0 0.531202 0.529418 0.041630 0.019880
0 0.335050 0.245067 0.048046 0.022460
0 0.198159 0.607732 0.043163 0.021516
0 0.546254 0.602953 0.044140 0.019754
0 0.518293 0.808696 0.042163 0.020522
0 0.503389 0.709579 0.045764 0.021152
0 0.490315 0.582105 0.039964 0.020693
0 0.459675 0.332574 0.047952 0.023975
0 0.325418 0.625067 0.042703 0.022061
0 0.444767 0.258376 0.043875 0.020085
0 0.160123 0.209452 0.056532 0.027007
0 0.550583 0.702744 0.042924 0.020207
0 0.153283 0.183790 0.043175 0.021303
0 0.851414 0.821062 0.053209 0.022789
0 0.383800 0.718630 0.041845 0.018838
0 0.375796 0.642293 0.045265 0.021686
0 0.859568 0.845600 0.042777 0.021886
0 0.544746 0.629850 0.045373 0.020515
0 0.485522 0.532789 0.043194 0.021289
0 0.326394 0.649086 0.047271 0.022356
0 0.397030 0.846092 0.045428 0.020357
0 0.336060 0.752021 0.045567 0.021495
0 0.463565 0.358598 0.044411 0.024480
0 0.298508 0.375191 0.044345 0.024003
0 0.352809 0.875725 0.041593 0.020995
0 0.505894 0.734507 0.042248 0.022160
0 0.381996 0.746155 0.045286 0.021554
0 0.346477 0.825635 0.049765 0.025086
0 0.348581 0.850862 0.043135 0.021298
0 0.495856 0.657560 0.045646 0.021141
0 0.457343 0.303802 0.046293 0.021343
0 0.817326 0.496116 0.060638 0.032710
0 0.657482 0.565527 0.042076 0.021749
0 0.562935 0.829649 0.043702 0.020196
0 0.355252 0.470769 0.043202 0.020497
0 0.644991 0.515393 0.047725 0.023679
0 0.185277 0.457542 0.038247 0.019022
0 0.523959 0.431470 0.042184 0.019238
0 0.180900 0.433979 0.043431 0.021497
0 0.167052 0.281477 0.042759 0.024260
0 0.655082 0.541540 0.045841 0.025557
0 0.718169 0.713353 0.047985 0.022807
0 0.203332 0.658398 0.062464 0.025382
0 0.487631 0.557842 0.044782 0.021352
0 0.451334 0.282951 0.043589 0.023159
