0 0.211074 0.269310 0.023875 0.030246
0 0.261849 0.207059 0.021663 0.029916
0 0.491838 0.322446 0.024808 0.033152
0 0.244286 0.150748 0.022963 0.028935
0 0.354863 0.632467 0.023924 0.031432
0 0.340892 0.236200 0.021982 0.031097
0 0.440297 0.470433 0.023851 0.030561
0 0.145738 0.190473 0.022124 0.028656
0 0.162557 0.399469 0.023936 0.029312
0 0.617021 0.750753 0.022453 0.030198
0 0.173499 0.194712 0.023358 0.029916
0 0.542484 0.618167 0.024480 0.032295
0 0.198766 0.304660 0.023238 0.030053
0 0.353173 0.458526 0.023642 0.031150
0 0.186552 0.335054 0.022213 0.030693
0 0.249594 0.496866 0.023142 0.028865
0 0.572369 0.797266 0.021462 0.028995
0 0.295866 0.280750 0.025454 0.032747
0 0.215010 0.339626 0.025205 0.033818
0 0.630255 0.715299 0.024450 0.030818
0 0.576988 0.867872 0.022729 0.027873
0 0.550741 0.864695 0.021843 0.030140
0 0.528902 0.738423 0.023047 0.029956
0 0.177682 0.433647 0.022146 0.026984
0 0.167444 0.127111 0.022580 0.028553
0 0.138763 0.207772 0.022649 0.030227
0 0.188901 0.144530 0.022661 0.028333
0 0.647392 0.684204 0.022991 0.032889
0 0.671820 0.845975 0.021679 0.029022
0 0.098051 0.408034 0.023609 0.031266
0 0.232677 0.289354 0.021552 0.029233
0 0.113488 0.355534 0.022255 0.028898
0 0.309392 0.251095 0.024422 0.029967
0 0.207441 0.097239 0.023528 0.030369
0 0.277674 0.158202 0.024244 0.030857
0 0.533931 0.719951 0.022407 0.028547
1 0.762659 0.525970 0.055109 0.059212
0 0.482636 0.611792 0.021821 0.027949
0 0.729377 0.679101 0.022568 0.026671
0 0.596468 0.730929 0.021769 0.028732
0 0.183625 0.418883 0.021686 0.027508
0 0.129621 0.307744 0.022594 0.028934
0 0.786320 0.789913 0.022916 0.028222
0 0.440619 0.726578 0.023270 0.029381
0 0.180361 0.095201 0.024192 0.029919
0 0.512560 0.701049 0.022913 0.028069
0 0.576012 0.779156 0.026348 0.035562
0 0.291306 0.554511 0.022880 0.031045
0 0.264497 0.444913 0.021643 0.027295
0 0.715527 0.903922 0.020679 0.029437
0 0.135270 0.291416 0.023515 0.030727
0 0.661292 0.791456 0.022407 0.027672
0 0.576398 0.607432 0.022697 0.031190
0 0.495907 0.577828 0.024438 0.032640
0 0.405145 0.565376 0.022772 0.027930
0 0.738949 0.836423 0.024597 0.031283
0 0.376192 0.651462 0.020845 0.029068
0 0.208250 0.522406 0.022598 0.029184
0 0.608974 0.697895 0.020617 0.026840
0 0.286139 0.398035 0.024128 0.035583
0 0.476880 0.629804 0.023269 0.029284
0 0.370697 0.407117 0.022935 0.027618
0 0.676740 0.828359 0.022912 0.030154
0 0.135463 0.224656 0.021942 0.030097
0 0.180455 0.349354 0.021518 0.028154
0 0.282786 0.328354 0.020934 0.027195
0 0.725245 0.694806 0.023747 0.028177
0 0.161220 0.143540 0.023472 0.028474
0 0.462524 0.678222 0.023545 0.031389
0 0.349111 0.386564 0.022411 0.026236
0 0.318665 0.557597 0.022224 0.028702
0 0.315248 0.233023 0.022060 0.029391
0 0.773463 0.571870 0.022120 0.029168
0 0.286880 0.310924 0.021608 0.028502
0 0.536484 0.638430 0.021756 0.027115
0 0.840459 0.747877 0.019051 0.034037
0 0.704502 0.680902 0.023370 0.030595
0 0.380128 0.566724 0.022109 0.028734
0 0.522657 0.754864 0.023771 0.030031
0 0.390915 0.534170 0.023306 0.028576
0 0.103918 0.390367 0.023650 0.028782
0 0.288956 0.125464 0.022618 0.030349
0 0.295975 0.622661 0.023583 0.029316
0 0.347363 0.473903 0.022838 0.028188
0 0.467289 0.663218 0.020672 0.027823
0 0.304820 0.521959 0.023007 0.029035
0 0.802336 0.743022 0.024413 0.032305
0 0.760444 0.854116 0.022438 0.029091
0 0.385034 0.550712 0.021158 0.026245
1 0.265349 0.899276 0.036264 0.089478
0 0.158783 0.487977 0.023290 0.029779
0 0.196268 0.387721 0.023800 0.030202
0 0.178216 0.176539 0.022567 0.028161
0 0.430269 0.757270 0.022277 0.028035
0 0.186576 0.076363 0.022223 0.026625
0 0.734230 0.855301 0.022886 0.029632
0 0.108171 0.373751 0.022183 0.029130
0 0.748621 0.801704 0.022867 0.029564
0 0.243008 0.512198 0.021573 0.028854
0 0.154614 0.242966 0.019882 0.026222
0 0.336733 0.506638 0.021692 0.026206
0 0.483379 0.526932 0.023155 0.029215
0 0.374172 0.582746 0.022452 0.029000
0 0.226138 0.560628 0.022901 0.028567
0 0.339258 0.680863 0.021399 0.028826
0 0.633276 0.873917 0.020821 0.028045
0 0.364307 0.683773 0.022209 0.029867
0 0.771411 0.823287 0.025085 0.034425
0 0.313285 0.312967 0.020835 0.029026
0 0.166867 0.212111 0.023320 0.032289
0 0.591957 0.746095 0.021030 0.029537
0 0.151254 0.433818 0.023468 0.029020
0 0.326463 0.541668 0.022270 0.032078
0 0.651782 0.826829 0.021654 0.029272
0 0.366169 0.425313 0.024404 0.031560
0 0.780723 0.805180 0.022313 0.029133
0 0.360459 0.357426 0.023848 0.029318
0 0.237045 0.272670 0.021800 0.028585
0 0.235430 0.204077 0.023220 0.030267
0 0.647192 0.842755 0.020125 0.030069
0 0.270635 0.428572 0.022704 0.029251
0 0.559164 0.655911 0.023260 0.031114
0 0.277561 0.345900 0.022039 0.029874
0 0.128733 0.240913 0.022837 0.030023
0 0.239302 0.443796 0.022184 0.026467
0 0.444563 0.708153 0.021363 0.030874
0 0.214485 0.506691 0.021473 0.027865
0 0.123923 0.259483 0.021819 0.030227
0 0.407670 0.483525 0.023437 0.030847
0 0.268766 0.362177 0.023113 0.031352
0 0.484403 0.786572 0.022899 0.033662
0 0.697877 0.696521 0.022762 0.029173
0 0.526944 0.669701 0.023138 0.031857
0 0.455174 0.609077 0.023800 0.030266
0 0.268454 0.107803 0.022524 0.026396
0 0.313140 0.571445 0.021185 0.028728
0 0.172969 0.450969 0.024180 0.029839
0 0.469216 0.387182 0.022357 0.030275
0 0.510623 0.785928 0.021325 0.026193
0 0.280894 0.585720 0.021905 0.031118
0 0.696460 0.778592 0.023580 0.028243
0 0.223526 0.492475 0.022017 0.029606
0 0.723712 0.888444 0.022113 0.030257
0 0.088900 0.424197 0.023113 0.032784
0 0.764262 0.770679 0.022385 0.028221
0 0.496602 0.829139 0.023595 0.031056
0 0.310388 0.505803 0.023156 0.030944
0 0.131636 0.484149 0.021943 0.030052
0 0.082094 0.370728 0.021461 0.030180
0 0.394921 0.261148 0.023521 0.030551
0 0.158299 0.161167 0.022312 0.027760
0 0.497867 0.752648 0.023223 0.029470
0 0.261270 0.464950 0.023002 0.031257
0 0.093179 0.338639 0.023204 0.029287
0 0.417654 0.535834 0.022697 0.028016
0 0.744697 0.819991 0.023809 0.029611
0 0.124735 0.325601 0.023345 0.029632
0 0.556656 0.847092 0.021579 0.030298
0 0.321311 0.470540 0.023496 0.030845
0 0.542427 0.367170 0.023217 0.028887
0 0.597805 0.796192 0.021326 0.026951
0 0.195192 0.568780 0.026655 0.032916
0 0.234849 0.463041 0.022622 0.027982
0 0.561095 0.827862 0.023104 0.029791
0 0.361481 0.615557 0.021669 0.029088
0 0.098471 0.322138 0.022566 0.028307
0 0.174334 0.529018 0.023627 0.020245
0 0.143932 0.277589 0.020867 0.030385
0 0.479393 0.544786 0.023630 0.029751
0 0.241961 0.170061 0.022715 0.026811
0 0.151335 0.259636 0.022362 0.032174
0 0.228386 0.221453 0.025281 0.031942
0 0.331972 0.524742 0.024199 0.029730
0 0.110039 0.290527 0.022003 0.030695
0 0.666009 0.862147 0.021992 0.030621
0 0.217980 0.063823 0.022079 0.029563
0 0.306036 0.588456 0.022299 0.030624
0 0.367131 0.599406 0.024030 0.030376
0 0.222801 0.581527 0.023036 0.029017
0 0.344408 0.663899 0.022709 0.030619
0 0.297755 0.366664 0.021271 0.029409
0 0.657157 0.808747 0.023826 0.029454
0 0.053908 0.535095 0.021955 0.027739
0 0.518313 0.773136 0.023551 0.029130
0 0.138340 0.467983 0.022416 0.030044
0 0.196650 0.129289 0.023790 0.027995
0 0.114937 0.272662 0.021599 0.028769
0 0.720105 0.712328 0.022494 0.031160
0 0.667347 0.771799 0.022240 0.029582
0 0.200650 0.368526 0.024631 0.031297
0 0.621297 0.905941 0.019866 0.026904
0 0.410488 0.294690 0.028710 0.035508
0 0.290029 0.639121 0.022295 0.030854
0 0.401439 0.585647 0.023692 0.030991
0 0.394625 0.515977 0.025649 0.032546
0 0.711234 0.918926 0.020957 0.030322
0 0.430379 0.502416 0.026215 0.032081
0 0.204785 0.541392 0.022260 0.030129
0 0.604504 0.780509 0.021938 0.027591
0 0.220766 0.322391 0.023596 0.032294
0 0.388335 0.617309 0.024151 0.032337
0 0.255538 0.138425 0.021839 0.027800
0 0.306336 0.588494 0.021240 0.030341
0 0.285384 0.569807 0.022516 0.030073
0 0.237065 0.527398 0.022443 0.030811
0 0.217746 0.253539 0.022047 0.028269
0 0.165934 0.468314 0.022613 0.028899
