1 0.610692 0.820069 0.131549 0.013143
1 0.623749 0.741251 0.131016 0.013640
1 0.699148 0.297543 0.134202 0.014192
1 0.258266 0.778879 0.121057 0.014112
1 0.696413 0.314239 0.133776 0.014980
1 0.270419 0.683680 0.125611 0.013069
1 0.723118 0.172805 0.129391 0.016499
1 0.633581 0.693463 0.127362 0.015983
1 0.249112 0.826925 0.121897 0.013276
1 0.727612 0.157577 0.132180 0.015225
1 0.676690 0.424953 0.131913 0.012999
1 0.618196 0.772661 0.125920 0.013466
1 0.693542 0.331047 0.129446 0.014040
1 0.639588 0.662057 0.133225 0.014359
1 0.301629 0.478975 0.126100 0.013775
1 0.327473 0.318425 0.121596 0.015362
1 0.330740 0.303623 0.124693 0.014614
1 0.340594 0.240564 0.124504 0.013950
1 0.292413 0.541326 0.126666 0.013258
1 0.326527 0.335569 0.121660 0.012347
1 0.631428 0.709609 0.127211 0.013884
1 0.710259 0.219225 0.132732 0.012522
1 0.684348 0.377106 0.131331 0.012377
1 0.342731 0.225127 0.122461 0.014101
1 0.308109 0.446320 0.119038 0.013050
1 0.310561 0.463209 0.125297 0.015373
1 0.689475 0.346856 0.132820 0.013230
1 0.712202 0.267266 0.133149 0.014511
1 0.251022 0.810378 0.120301 0.012525
1 0.264168 0.745930 0.119635 0.014156
1 0.650468 0.598761 0.129946 0.013792
1 0.276528 0.635240 0.125881 0.013901
1 0.286552 0.572886 0.123033 0.012710
1 0.334349 0.287720 0.125012 0.015291
1 0.336385 0.271669 0.124458 0.014179
1 0.360916 0.160925 0.124842 0.014723
1 0.678129 0.408792 0.133090 0.012553
1 0.680724 0.393705 0.131301 0.012259
1 0.656533 0.566092 0.137683 0.012626
1 0.626932 0.725768 0.131858 0.013117
1 0.265967 0.715175 0.123060 0.012897
1 0.708553 0.252030 0.133552 0.013535
1 0.612070 0.804508 0.127632 0.013120
1 0.326979 0.353019 0.122581 0.012915
1 0.658172 0.551059 0.135527 0.013147
1 0.279800 0.620781 0.124954 0.013219
1 0.653787 0.582789 0.136058 0.012992
1 0.702352 0.281693 0.133551 0.012589
1 0.644377 0.629451 0.128452 0.014761
1 0.262756 0.761739 0.119271 0.015551
1 0.641120 0.645614 0.131481 0.012649
1 0.346985 0.207750 0.124331 0.012820
1 0.644582 0.614618 0.129037 0.013621
1 0.677347 0.443061 0.129426 0.013057
0 0.420030 0.861118 0.028040 0.022092
1 0.285045 0.588862 0.125879 0.012672
1 0.294348 0.526191 0.123861 0.012412
0 0.482117 0.864285 0.031300 0.026135
0 0.369534 0.857992 0.026599 0.024860
0 0.334573 0.857123 0.029966 0.023783
0 0.449330 0.862827 0.031422 0.022332
1 0.290654 0.557781 0.124449 0.011963
1 0.709719 0.235254 0.133973 0.012633
