1 0.049031 0.546518 0.054049 0.026149
1 0.128059 0.446189 0.048695 0.024119
1 0.101640 0.479555 0.052749 0.028884
1 0.082354 0.496544 0.064407 0.030408
1 0.589142 0.843920 0.093179 0.014291
1 0.077331 0.515797 0.046673 0.025215
1 0.036271 0.561848 0.054313 0.027680
1 0.226900 0.539365 0.092046 0.033742
1 0.586759 0.870603 0.094758 0.013177
1 0.213865 0.601274 0.092322 0.036100
1 0.710557 0.967598 0.084797 0.013633
1 0.408178 0.830647 0.097956 0.015167
1 0.353673 0.324427 0.071232 0.028666
1 0.403756 0.757213 0.094695 0.014468
1 0.588739 0.625628 0.091099 0.013922
1 0.593977 0.687390 0.087114 0.014289
0 0.170811 0.204823 0.011939 0.019722
1 0.593360 0.516284 0.086505 0.011982
1 0.837156 0.755660 0.016557 0.077115
1 0.712491 0.915986 0.097607 0.020110
1 0.409085 0.572591 0.086957 0.012714
1 0.904235 0.543302 0.088159 0.012946
1 0.718617 0.702306 0.093240 0.013109
1 0.253176 0.329283 0.091136 0.013706
1 0.572711 0.893208 0.076545 0.011674
