1 0.236734 0.615866 0.054323 0.031159
1 0.830331 0.614624 0.050849 0.022319
1 0.109740 0.758091 0.060447 0.035982
1 0.859626 0.449473 0.049106 0.021798
1 0.709613 0.286318 0.020587 0.050781
1 0.155219 0.707320 0.056341 0.030866
1 0.866183 0.402700 0.050330 0.022405
1 0.823799 0.313759 0.022139 0.052912
1 0.794715 0.708266 0.030221 0.050591
1 0.871178 0.388144 0.047616 0.022754
1 0.132952 0.733250 0.056554 0.030512
1 0.477230 0.348778 0.058021 0.033609
1 0.838999 0.313639 0.020725 0.051388
1 0.466872 0.362543 0.051834 0.032649
1 0.854123 0.493987 0.047404 0.020540
1 0.740133 0.295371 0.024507 0.050549
1 0.863538 0.419335 0.050016 0.020919
1 0.839934 0.553152 0.050720 0.022596
1 0.317684 0.528355 0.056192 0.033581
1 0.178393 0.680984 0.056836 0.031936
1 0.680504 0.282070 0.021569 0.055237
1 0.836617 0.568289 0.050730 0.020926
1 0.649523 0.272215 0.019701 0.048782
1 0.853282 0.314347 0.020333 0.051503
1 0.328558 0.515816 0.056543 0.031350
1 0.731899 0.779840 0.029173 0.050400
1 0.443047 0.386603 0.055759 0.032679
1 0.854436 0.478536 0.049143 0.021751
1 0.875812 0.373463 0.046008 0.024262
1 0.442574 0.069014 0.045099 0.044520
1 0.619720 0.269358 0.021458 0.058180
1 0.478949 0.046069 0.048324 0.043224
1 0.258908 0.592600 0.055527 0.033412
1 0.602981 0.263954 0.022548 0.052516
1 0.200989 0.656576 0.055451 0.031437
1 0.213434 0.642400 0.057426 0.033699
1 0.724109 0.292046 0.023081 0.054166
1 0.777487 0.312150 0.022400 0.046153
1 0.710453 0.802254 0.030328 0.050549
1 0.299537 0.755389 0.051971 0.050628
1 0.792169 0.316691 0.020782 0.044444
1 0.338786 0.502604 0.055919 0.032078
1 0.816113 0.685107 0.030446 0.050924
1 0.166824 0.836443 0.034743 0.042185
1 0.856947 0.464047 0.050135 0.022704
1 0.349055 0.489350 0.055416 0.030295
1 0.752188 0.754900 0.028277 0.051150
1 0.359973 0.477928 0.059464 0.031667
1 0.699193 0.814651 0.030812 0.049259
1 0.844714 0.522326 0.048419 0.021299
1 0.762473 0.741941 0.028588 0.049687
1 0.492150 0.030820 0.053297 0.044392
1 0.766235 0.301953 0.021543 0.048120
1 0.743153 0.768481 0.029606 0.050449
1 0.721213 0.789775 0.029558 0.049144
0 0.344752 0.728832 0.021167 0.023307
1 0.633915 0.272256 0.021074 0.052961
1 0.782396 0.716959 0.029250 0.049527
0 0.688128 0.481374 0.020069 0.022142
0 0.357126 0.669892 0.021657 0.023837
0 0.639506 0.912400 0.020585 0.023103
1 0.269791 0.578539 0.058149 0.034427
0 0.703797 0.878612 0.020354 0.020722
0 0.348313 0.680921 0.023339 0.023516
1 0.773560 0.730228 0.029637 0.048832
0 0.476638 0.928374 0.013670 0.025055
0 0.710388 0.953190 0.025009 0.024362
0 0.705993 0.497715 0.023008 0.024416
1 0.407837 0.425822 0.058843 0.033226
1 0.805614 0.695304 0.030878 0.051206
0 0.719309 0.942813 0.023269 0.023294
0 0.712924 0.869881 0.022434 0.022518
0 0.214676 0.936997 0.014165 0.024420
0 0.765683 0.889521 0.020983 0.022481
0 0.673822 0.942617 0.018690 0.021159
0 0.318938 0.898613 0.011691 0.023584
0 0.257572 0.944249 0.012119 0.022975
0 0.345821 0.963037 0.012324 0.023515
1 0.375379 0.465333 0.052645 0.030418
1 0.686960 0.826482 0.030740 0.053452
0 0.386098 0.911479 0.012447 0.022447
1 0.426733 0.415617 0.041000 0.027726
0 0.067340 0.120390 0.021431 0.025104
0 0.663387 0.457746 0.019421 0.022959
0 0.202548 0.932598 0.014274 0.028646
0 0.363970 0.903779 0.011846 0.021098
1 0.753820 0.297986 0.023583 0.048298
0 0.757444 0.899704 0.019460 0.021830
1 0.393932 0.067353 0.030501 0.027690
0 0.706236 0.583725 0.020393 0.024064
0 0.722174 0.512223 0.024827 0.027073
0 0.352665 0.902539 0.012096 0.021317
0 0.356124 0.717637 0.022975 0.023684
0 0.170085 0.924770 0.014184 0.026131
0 0.727336 0.852620 0.021002 0.019630
0 0.686820 0.945395 0.018093 0.020744
0 0.266559 0.885697 0.011926 0.023042
0 0.341718 0.900634 0.011260 0.021022
0 0.166736 0.106538 0.021266 0.024804
0 0.356426 0.964920 0.011605 0.022037
0 0.684148 0.948063 0.022688 0.026040
0 0.079318 0.126628 0.016791 0.020638
0 0.299443 0.890214 0.011867 0.021424
0 0.766984 0.812390 0.024415 0.024511
