1 0.343568 0.592758 0.070405 0.016302
1 0.339507 0.631088 0.069772 0.017457
1 0.193361 0.722071 0.072766 0.016587
1 0.573756 0.500632 0.057031 0.015214
1 0.575949 0.481277 0.058484 0.015193
1 0.191731 0.741445 0.068738 0.015114
1 0.570181 0.578079 0.059359 0.015055
1 0.200994 0.604512 0.069578 0.015391
1 0.213696 0.347733 0.072100 0.016545
1 0.345067 0.572308 0.071525 0.016576
1 0.422104 0.516066 0.073092 0.015774
1 0.427252 0.436710 0.070992 0.015114
1 0.219146 0.287867 0.070598 0.018176
1 0.207866 0.466493 0.073188 0.015873
1 0.217962 0.307725 0.071350 0.016476
1 0.199275 0.624569 0.068929 0.015775
1 0.578262 0.400574 0.057573 0.015177
1 0.582629 0.241531 0.065068 0.015547
1 0.190880 0.800433 0.069843 0.015883
1 0.578866 0.341452 0.056726 0.014408
1 0.421933 0.555814 0.072954 0.016229
1 0.411588 0.654238 0.072239 0.015395
1 0.441353 0.299475 0.071484 0.015441
1 0.413566 0.614723 0.070497 0.014536
1 0.407002 0.713297 0.071640 0.015599
1 0.430367 0.377481 0.073130 0.016220
1 0.204068 0.543472 0.071067 0.016156
1 0.581866 0.303850 0.065947 0.014393
1 0.352556 0.435959 0.072014 0.016268
1 0.350468 0.473886 0.071433 0.016257
1 0.581366 0.322754 0.065703 0.014539
1 0.426150 0.456801 0.072986 0.015583
1 0.576294 0.462048 0.060662 0.015354
1 0.577654 0.282049 0.067145 0.014433
1 0.573055 0.557522 0.057746 0.016032
1 0.355212 0.394568 0.072395 0.016234
1 0.578905 0.381031 0.057835 0.014894
1 0.192261 0.761216 0.071513 0.015474
1 0.422315 0.535717 0.072892 0.014399
1 0.406497 0.731412 0.071811 0.016713
1 0.343800 0.534532 0.073967 0.018165
1 0.352048 0.415196 0.072346 0.016517
1 0.336865 0.650989 0.071327 0.017633
1 0.335597 0.671739 0.070643 0.016591
1 0.223491 0.229147 0.071306 0.016475
1 0.440476 0.319514 0.071888 0.014818
1 0.411185 0.674489 0.073496 0.015554
1 0.196420 0.820686 0.072302 0.015783
1 0.692503 0.369580 0.047453 0.059567
1 0.197258 0.683491 0.070368 0.016150
1 0.558794 0.709937 0.056154 0.015150
1 0.219457 0.268585 0.071949 0.016305
1 0.412864 0.634112 0.072404 0.014864
1 0.342130 0.612422 0.070703 0.017143
1 0.365428 0.256701 0.071512 0.016959
1 0.580316 0.362749 0.057823 0.016593
1 0.438731 0.338557 0.074024 0.016805
1 0.428215 0.396734 0.071356 0.014684
1 0.357968 0.336963 0.072436 0.017416
1 0.329062 0.770994 0.072886 0.016146
1 0.437917 0.359081 0.075441 0.015563
1 0.404446 0.773310 0.072284 0.014881
1 0.213718 0.367870 0.070995 0.015068
1 0.197004 0.663845 0.071447 0.018769
1 0.726000 0.379177 0.040800 0.060383
1 0.680960 0.280333 0.046332 0.056484
1 0.558127 0.741293 0.065649 0.016931
1 0.363701 0.275662 0.072311 0.017042
1 0.333804 0.690679 0.073264 0.017355
1 0.443366 0.277005 0.071096 0.014402
1 0.418491 0.575527 0.073778 0.016354
1 0.875908 0.389187 0.047028 0.057854
1 0.772600 0.381739 0.044526 0.058387
1 0.405856 0.752262 0.071032 0.015069
1 0.205117 0.524810 0.069236 0.016046
1 0.851156 0.287969 0.049445 0.057127
1 0.570552 0.518309 0.053217 0.014528
1 0.425209 0.477268 0.073497 0.015648
1 0.839380 0.380482 0.045474 0.062155
1 0.751261 0.380286 0.041354 0.058872
1 0.416060 0.594811 0.071362 0.014476
1 0.362999 0.295671 0.071304 0.016603
1 0.224851 0.210323 0.070816 0.017496
1 0.348305 0.494129 0.071578 0.016642
1 0.215985 0.328398 0.071203 0.015430
1 0.812669 0.383256 0.046322 0.061576
1 0.210269 0.426012 0.072496 0.016844
1 0.445786 0.259357 0.071513 0.014652
1 0.810499 0.282137 0.037589 0.067859
1 0.333062 0.750517 0.071550 0.017186
1 0.224253 0.188517 0.072915 0.019225
1 0.583607 0.262503 0.065822 0.017396
1 0.344586 0.551982 0.072455 0.017156
1 0.210577 0.507929 0.060846 0.014801
1 0.408750 0.693983 0.072469 0.015502
1 0.423701 0.496396 0.073023 0.015374
1 0.191384 0.780814 0.069992 0.016108
0 0.781792 0.645613 0.014444 0.024917
1 0.209755 0.485970 0.068200 0.016858
0 0.832566 0.647606 0.016275 0.026132
1 0.572219 0.539334 0.056420 0.016515
1 0.427170 0.417584 0.071175 0.014741
1 0.203175 0.585098 0.068120 0.016085
0 0.815444 0.646904 0.014517 0.024782
0 0.629416 0.495945 0.016204 0.029721
0 0.747597 0.640691 0.016890 0.028986
1 0.331649 0.711399 0.073703 0.016371
1 0.765944 0.699492 0.073912 0.016602
1 0.330413 0.730852 0.070475 0.017484
0 0.932418 0.436842 0.015479 0.027113
0 0.882026 0.648969 0.016955 0.027274
