2 0.769237 0.754474 0.064147 0.045858
2 0.291149 0.321359 0.037525 0.034483
2 0.322479 0.222964 0.044707 0.036700
2 0.236405 0.319531 0.057900 0.043009
2 0.604799 0.599017 0.072260 0.054055
2 0.288949 0.718352 0.054421 0.042716
2 0.289540 0.662476 0.049122 0.032274
2 0.289815 0.515538 0.024364 0.024347
2 0.511506 0.397347 0.143614 0.091086
2 0.778435 0.636257 0.057857 0.044581
2 0.297363 0.783675 0.043987 0.039170
2 0.579658 0.386315 0.194937 0.138237
2 0.180173 0.219164 0.047120 0.029493
2 0.288010 0.230886 0.046924 0.033849
2 0.573151 0.326363 0.069432 0.049875
2 0.179407 0.314470 0.049182 0.033451
2 0.263375 0.746587 0.053968 0.041196
2 0.292101 0.541059 0.022101 0.023974
2 0.763483 0.588849 0.038500 0.034949
2 0.804220 0.593362 0.050795 0.043158
2 0.293481 0.460282 0.024526 0.025550
2 0.543447 0.138955 0.066794 0.055746
2 0.200357 0.409545 0.059962 0.050092
2 0.217923 0.227841 0.038014 0.036838
2 0.250783 0.223741 0.061188 0.047786
2 0.631947 0.418656 0.041232 0.039047
2 0.248216 0.405096 0.135839 0.088185
2 0.331245 0.776730 0.088179 0.071158
2 0.348475 0.813297 0.067641 0.055256
2 0.293301 0.486533 0.020505 0.024060
2 0.839673 0.597861 0.043585 0.040900
2 0.292518 0.749433 0.063384 0.043038
