2 0.739644 0.786732 0.065545 0.051747
2 0.922113 0.236043 0.043613 0.033051
2 0.835143 0.536341 0.044721 0.034873
2 0.201344 0.655036 0.043896 0.033780
2 0.704814 0.936549 0.046785 0.042225
2 0.707187 0.543254 0.033794 0.026969
2 0.274930 0.721529 0.048602 0.038897
2 0.620402 0.921343 0.034599 0.031164
2 0.681613 0.796806 0.046324 0.038821
2 0.667564 0.667464 0.046706 0.039148
2 0.161102 0.669547 0.044838 0.035804
2 0.203982 0.191253 0.049354 0.040376
2 0.840897 0.385209 0.025891 0.021682
2 0.080735 0.665915 0.057088 0.043374
2 0.135509 0.439579 0.030514 0.024171
2 0.243934 0.191799 0.023749 0.024020
2 0.111504 0.707361 0.027901 0.022532
2 0.249552 0.376400 0.022051 0.019907
2 0.204259 0.376419 0.024016 0.020196
2 0.077100 0.625529 0.030244 0.022722
2 0.071580 0.241504 0.020939 0.020838
2 0.191003 0.220687 0.032440 0.022245
2 0.778813 0.374605 0.023687 0.020247
2 0.738389 0.555898 0.032055 0.025939
2 0.694343 0.696289 0.049151 0.038852
2 0.813471 0.378545 0.024101 0.021030
2 0.810332 0.237477 0.022964 0.020278
2 0.204165 0.572043 0.031447 0.025107
2 0.143152 0.595661 0.032024 0.025866
2 0.650533 0.769129 0.050186 0.035693
2 0.786880 0.231392 0.024932 0.022140
2 0.231904 0.738164 0.046991 0.037290
2 0.623074 0.739728 0.050504 0.038856
2 0.826029 0.306854 0.025140 0.021425
2 0.017032 0.753440 0.018357 0.019060
2 0.285751 0.457020 0.023398 0.020161
2 0.753964 0.476379 0.025851 0.023526
2 0.303928 0.133001 0.020626 0.018753
2 0.055295 0.321347 0.025565 0.017956
2 0.727919 0.465163 0.023508 0.019574
2 0.542547 0.844664 0.027980 0.021475
2 0.573850 0.686005 0.029510 0.027071
2 0.276563 0.197239 0.023027 0.020685
2 0.064040 0.763404 0.022194 0.020792
2 0.072606 0.927224 0.030493 0.020817
2 0.642227 0.638211 0.034224 0.029293
2 0.026679 0.208250 0.022875 0.020002
2 0.287575 0.375286 0.024310 0.022399
2 0.319541 0.037638 0.022419 0.019082
2 0.880553 0.249138 0.023740 0.020653
2 0.503005 0.801673 0.034295 0.025117
2 0.272148 0.030090 0.024640 0.021912
2 0.329133 0.980005 0.027192 0.017698
2 0.241894 0.096169 0.044457 0.034142
2 0.203972 0.191612 0.047189 0.039119
