0 0.970386 0.395865 0.027313 0.019589
0 0.192065 0.914472 0.028023 0.019942
0 0.254144 0.947154 0.024948 0.016316
0 0.951406 0.582454 0.027607 0.018591
0 0.231101 0.934322 0.021139 0.015566
0 0.897066 0.965467 0.024866 0.021270
1 0.732254 0.935430 0.035985 0.034400
0 0.961818 0.571370 0.026518 0.017128
0 0.899090 0.947623 0.021418 0.018637
0 0.205856 0.921305 0.023748 0.016442
0 0.924860 0.440444 0.027237 0.016371
0 0.219769 0.927373 0.023779 0.017024
0 0.807502 0.752887 0.025246 0.017398
0 0.807225 0.981510 0.024225 0.019560
1 0.915162 0.909928 0.029187 0.027745
0 0.299271 0.974188 0.022812 0.015435
