2 0.681473 0.447069 0.050981 0.038548
2 0.713144 0.344111 0.049546 0.036006
2 0.863865 0.366775 0.038211 0.032113
2 0.463083 0.615651 0.047413 0.039800
2 0.543806 0.711142 0.035677 0.030659
2 0.749416 0.231443 0.043572 0.033348
2 0.415980 0.631696 0.045530 0.038120
2 0.814048 0.506877 0.039844 0.031147
2 0.615220 0.493655 0.050063 0.041336
2 0.728600 0.291719 0.043016 0.034556
2 0.362905 0.643233 0.024833 0.021442
2 0.784999 0.553185 0.048373 0.038592
2 0.572831 0.701451 0.025871 0.021789
2 0.384159 0.784047 0.027126 0.022110
2 0.583752 0.526207 0.037096 0.027782
2 0.728694 0.292308 0.042618 0.034141
2 0.507840 0.631243 0.020040 0.016495
