1 0.663437 0.589297 0.047607 0.092618
1 0.651195 0.336593 0.031515 0.090438
1 0.641173 0.587549 0.041610 0.079631
1 0.558312 0.600967 0.048505 0.091534
1 0.861789 0.623923 0.054286 0.025895
1 0.702765 0.533396 0.046603 0.085363
1 0.657688 0.493057 0.044657 0.088305
1 0.261975 0.386632 0.061422 0.030502
1 0.739378 0.403870 0.025743 0.073386
1 0.671261 0.350303 0.027047 0.089374
1 0.583831 0.515209 0.044093 0.089822
1 0.557627 0.722559 0.034778 0.065158
1 0.533124 0.503704 0.038193 0.083523
1 0.643370 0.506294 0.042610 0.081269
1 0.527223 0.265237 0.020338 0.098731
1 0.784567 0.428556 0.026392 0.087387
1 0.855410 0.545952 0.044358 0.025190
1 0.568351 0.284997 0.019488 0.083553
1 0.459133 0.253498 0.018893 0.087315
1 0.853276 0.571530 0.045944 0.023671
1 0.510101 0.260707 0.018615 0.089255
1 0.607376 0.310348 0.024467 0.078913
1 0.823952 0.686822 0.047699 0.026631
1 0.680047 0.581787 0.043995 0.087567
1 0.251767 0.442865 0.017011 0.061429
1 0.852197 0.517109 0.045124 0.026576
1 0.420927 0.488632 0.075515 0.034033
1 0.492901 0.255546 0.019371 0.087565
1 0.260457 0.517218 0.057403 0.031989
1 0.206386 0.551809 0.056839 0.027116
1 0.300175 0.437693 0.017011 0.058046
1 0.572759 0.588553 0.049671 0.094415
1 0.236114 0.446058 0.016064 0.061616
1 0.408491 0.411934 0.073572 0.030491
1 0.615127 0.584141 0.047676 0.089403
1 0.203480 0.449320 0.015961 0.060460
1 0.266017 0.439401 0.016934 0.058619
1 0.857222 0.652429 0.045975 0.027969
1 0.831312 0.726226 0.057109 0.025986
1 0.220635 0.446241 0.015623 0.056706
1 0.685684 0.728706 0.031844 0.065288
1 0.587730 0.303598 0.019007 0.070567
1 0.394613 0.352464 0.077730 0.029308
1 0.545050 0.269910 0.021966 0.077634
1 0.720651 0.382156 0.025365 0.064106
0 0.930953 0.332318 0.022808 0.031977
1 0.853127 0.598076 0.052462 0.026685
1 0.284451 0.434418 0.015676 0.055917
1 0.696894 0.358828 0.024165 0.082030
1 0.628742 0.322607 0.021951 0.060501
1 0.202420 0.520628 0.052423 0.027097
1 0.394310 0.263149 0.074766 0.029153
1 0.140868 0.182742 0.072805 0.090940
1 0.751799 0.727280 0.053556 0.025608
1 0.259403 0.489826 0.052383 0.029458
1 0.592090 0.582994 0.048829 0.089399
1 0.762049 0.411635 0.024793 0.074444
0 0.802933 0.320734 0.022352 0.029134
1 0.392358 0.294782 0.084596 0.027526
0 0.824054 0.253747 0.020495 0.028042
1 0.808791 0.433166 0.021384 0.091231
1 0.578142 0.731399 0.025807 0.052072
0 0.185484 0.320027 0.021201 0.044458
1 0.425236 0.527302 0.077754 0.036933
1 0.646474 0.724184 0.028809 0.060400
1 0.621759 0.122229 0.074624 0.072059
0 0.889176 0.384490 0.022645 0.031265
1 0.501137 0.593270 0.047753 0.089860
1 0.565346 0.519609 0.038851 0.080128
1 0.600879 0.505163 0.044627 0.088401
1 0.202583 0.492525 0.051728 0.028991
0 0.517966 0.125034 0.023623 0.031821
1 0.392576 0.325456 0.081173 0.028736
0 0.803283 0.238972 0.021092 0.030135
1 0.189263 0.451635 0.013579 0.059750
1 0.535410 0.720812 0.026906 0.055178
0 0.938213 0.418651 0.027287 0.034736
