1 0.894179 0.711928 0.055904 0.019472
1 0.710747 0.769236 0.055726 0.021434
1 0.736530 0.686631 0.055459 0.019465
1 0.731975 0.719799 0.052145 0.019291
1 0.889237 0.431979 0.054797 0.020882
1 0.474494 0.898707 0.064309 0.022321
1 0.705372 0.817311 0.065965 0.021416
1 0.887125 0.407312 0.054252 0.019040
1 0.887111 0.382665 0.056118 0.020441
1 0.700252 0.794674 0.057784 0.021040
1 0.866592 0.206304 0.088668 0.023447
1 0.685011 0.892043 0.048348 0.022075
1 0.626012 0.893140 0.067023 0.022129
1 0.737469 0.643196 0.058443 0.018837
1 0.311127 0.687146 0.048372 0.018950
1 0.880164 0.737915 0.087043 0.020487
1 0.619994 0.061702 0.039604 0.041957
1 0.551906 0.894330 0.065205 0.023362
1 0.877979 0.663469 0.088278 0.021490
1 0.737139 0.665401 0.058243 0.019602
1 0.879023 0.760793 0.089811 0.021846
1 0.295207 0.478520 0.067599 0.020062
1 0.874334 0.310054 0.077511 0.021503
1 0.296752 0.840485 0.084417 0.020612
1 0.383566 0.902726 0.079824 0.021654
1 0.763902 0.888989 0.096472 0.021835
1 0.601852 0.068977 0.033849 0.039996
1 0.691201 0.104391 0.030906 0.037438
