1 0.443363 0.579244 0.063467 0.056278
1 0.780796 0.597503 0.061446 0.089202
1 0.710976 0.648634 0.059561 0.090904
1 0.467830 0.623270 0.063807 0.057672
1 0.679379 0.676714 0.052151 0.084532
1 0.479630 0.641005 0.079107 0.067840
1 0.660865 0.692101 0.053477 0.078296
1 0.729422 0.641661 0.050015 0.075883
1 0.417128 0.774127 0.043943 0.038265
1 0.797355 0.585135 0.062419 0.088585
1 0.519238 0.348985 0.044704 0.075041
1 0.463867 0.599810 0.066853 0.060938
1 0.762366 0.615221 0.052907 0.078356
1 0.500470 0.354821 0.047557 0.079581
1 0.696748 0.661600 0.049242 0.085839
1 0.620631 0.709756 0.059967 0.096924
1 0.279637 0.306015 0.026462 0.067450
1 0.550908 0.325681 0.059028 0.096533
1 0.178777 0.607079 0.063745 0.100221
1 0.448176 0.834558 0.052635 0.083968
1 0.298222 0.637322 0.061262 0.097998
1 0.641198 0.246084 0.037257 0.068901
1 0.903713 0.527858 0.045006 0.042682
1 0.422979 0.850245 0.045850 0.080072
1 0.705703 0.205584 0.033648 0.057450
1 0.200723 0.516662 0.045891 0.040995
1 0.434385 0.561786 0.065667 0.054583
1 0.324248 0.311768 0.029939 0.110152
1 0.610436 0.290937 0.049661 0.091039
1 0.769150 0.500242 0.058298 0.047448
1 0.571815 0.747877 0.062550 0.092711
1 0.408413 0.865842 0.048819 0.069866
1 0.387678 0.270538 0.030964 0.100984
1 0.332759 0.586830 0.058692 0.092318
1 0.299328 0.581495 0.045384 0.063796
1 0.448028 0.391250 0.061696 0.095909
