2 0.899698 0.889252 0.051917 0.046378
2 0.698337 0.765079 0.047763 0.041343
2 0.843679 0.850120 0.051338 0.043836
2 0.096650 0.136864 0.049868 0.043628
2 0.787186 0.810695 0.052231 0.042474
2 0.666502 0.742235 0.059282 0.050215
2 0.402980 0.341830 0.042906 0.037549
2 0.466087 0.596422 0.065418 0.054034
2 0.320452 0.501606 0.052809 0.046655
2 0.077084 0.221938 0.062594 0.047799
2 0.355347 0.319357 0.065755 0.057341
2 0.082706 0.179611 0.061699 0.047512
2 0.927583 0.912869 0.050538 0.041973
2 0.851619 0.770725 0.051381 0.043136
2 0.198608 0.081262 0.069770 0.056238
2 0.533365 0.426303 0.039924 0.034364
2 0.597706 0.696962 0.067786 0.057908
2 0.631422 0.722127 0.067718 0.059444
2 0.749612 0.703111 0.048438 0.038746
2 0.329346 0.298159 0.059814 0.051354
2 0.094031 0.100429 0.064489 0.047408
2 0.871397 0.873034 0.048027 0.043646
