0 0.114737 0.662022 0.082105 0.071910
0 0.121053 0.691685 0.048421 0.047640
0 0.147895 0.673708 0.054737 0.045843
0 0.301842 0.733258 0.054211 0.044494
0 0.329737 0.568989 0.058421 0.048539
0 0.346316 0.707416 0.051579 0.045843
0 0.362105 0.799326 0.050526 0.041798
0 0.380526 0.681348 0.043158 0.038652
0 0.385526 0.847865 0.050000 0.041798
0 0.387368 0.532360 0.058947 0.047191
0 0.401053 0.774157 0.049474 0.040899
0 0.413158 0.879551 0.049474 0.042247
0 0.424474 0.655730 0.046842 0.040449
0 0.444737 0.748315 0.053684 0.044045
0 0.463947 0.797528 0.054211 0.045393
0 0.477632 0.471685 0.058421 0.047191
0 0.493158 0.832584 0.056842 0.050787
0 0.505526 0.607191 0.053158 0.044045
0 0.525263 0.444270 0.052632 0.039101
0 0.564737 0.183371 0.040000 0.038652
0 0.572895 0.355506 0.050000 0.043146
0 0.574737 0.666067 0.048421 0.040449
0 0.583947 0.214157 0.041579 0.036404
0 0.605526 0.243146 0.040526 0.038652
0 0.605789 0.390787 0.051579 0.048090
0 0.607368 0.144944 0.045263 0.041798
0 0.618684 0.640225 0.048947 0.040000
0 0.631842 0.270787 0.042632 0.037303
0 0.636053 0.175281 0.044737 0.043146
0 0.660000 0.204944 0.035789 0.031461
0 0.688421 0.235281 0.037895 0.035506
0 0.703421 0.582472 0.046842 0.036854
0 0.705000 0.483146 0.056316 0.046742
0 0.730526 0.254157 0.051579 0.048090
0 0.762368 0.284944 0.061579 0.055730
0 0.792632 0.646966 0.068421 0.062472
0 0.848421 0.610337 0.067368 0.060225
3 0.077632 0.461124 0.020526 0.016180
3 0.171842 0.422022 0.019474 0.014382
3 0.182632 0.434607 0.020000 0.015281
3 0.257105 0.510787 0.021579 0.015730
3 0.275263 0.303146 0.017895 0.015730
3 0.291053 0.319326 0.015789 0.015730
3 0.305789 0.338652 0.014737 0.014831
3 0.320000 0.354157 0.015789 0.016180
3 0.516579 0.182921 0.017368 0.011685
3 0.521842 0.188315 0.013158 0.010787
3 0.546842 0.222697 0.015789 0.011236
3 0.550000 0.230787 0.012632 0.011236
3 0.565263 0.086966 0.012632 0.019326
3 0.573421 0.081348 0.012105 0.017079
3 0.588421 0.079101 0.013684 0.016180
3 0.893158 0.050337 0.017895 0.017079
3 0.927632 0.092135 0.017368 0.015281
3 0.936842 0.087416 0.014737 0.013933
2 0.676579 0.121124 0.032105 0.022921
2 0.718947 0.168315 0.033684 0.012135
2 0.731316 0.177303 0.037368 0.011236
2 0.737105 0.188989 0.036316 0.011236
