0 0.444969 0.071429 0.007338 0.012182
0 0.409853 0.729790 0.010482 0.006645
0 0.395702 0.705426 0.009434 0.006645
0 0.392034 0.698782 0.010482 0.006645
0 0.370545 0.768549 0.009434 0.011074
0 0.357966 0.763566 0.007338 0.012182
0 0.330713 0.714839 0.007338 0.012182
0 0.308700 0.676080 0.007338 0.009967
0 0.295073 0.636766 0.009434 0.011074
0 0.268344 0.591916 0.008386 0.009967
0 0.352201 0.584718 0.006289 0.011074
0 0.348008 0.579734 0.004193 0.009967
0 0.344864 0.574197 0.004193 0.007752
0 0.340671 0.566999 0.004193 0.008859
0 0.330189 0.593577 0.010482 0.004430
0 0.323375 0.585271 0.009434 0.005537
0 0.318658 0.578627 0.010482 0.005537
0 0.314465 0.567553 0.010482 0.005537
0 0.268344 0.494463 0.010482 0.005537
0 0.272537 0.555371 0.008386 0.012182
0 0.251572 0.557586 0.008386 0.012182
0 0.227987 0.478405 0.009434 0.011074
0 0.195493 0.489480 0.011530 0.013289
0 0.351677 0.351052 0.009434 0.011074
0 0.348008 0.354374 0.008386 0.008859
0 0.404612 0.717608 0.010482 0.006645
0 0.341195 0.716501 0.007338 0.011074
0 0.338574 0.363787 0.008386 0.009967
0 0.376834 0.797342 0.009434 0.011074
0 0.078092 0.136766 0.005241 0.009967
0 0.172432 0.050941 0.009434 0.004430
0 0.200734 0.049280 0.009434 0.005537
0 0.216457 0.047065 0.011530 0.005537
0 0.061321 0.248616 0.007338 0.009967
0 0.066562 0.185493 0.009434 0.012182
0 0.031447 0.275748 0.008386 0.011074
0 0.376310 0.672204 0.010482 0.006645
0 0.393606 0.829457 0.009434 0.013289
0 0.612159 0.968439 0.008386 0.005537
0 0.622117 0.968439 0.009434 0.005537
0 0.632600 0.968439 0.009434 0.005537
0 0.642558 0.968439 0.008386 0.005537
0 0.651468 0.968992 0.009434 0.004430
0 0.451258 0.967331 0.005241 0.009967
0 0.479036 0.946844 0.006289 0.011074
0 0.464885 0.921927 0.005241 0.009967
0 0.463312 0.966777 0.006289 0.011074
0 0.454927 0.957364 0.006289 0.009967
0 0.441300 0.949059 0.004193 0.011074
0 0.441300 0.920819 0.008386 0.012182
0 0.411950 0.848837 0.008386 0.009967
0 0.396226 0.816168 0.008386 0.011074
0 0.343291 0.357697 0.007338 0.008859
0 0.334906 0.367110 0.009434 0.009967
0 0.873690 0.229236 0.007338 0.004430
0 0.312893 0.062016 0.009434 0.004430
0 0.440776 0.031561 0.009434 0.005537
0 0.465409 0.030454 0.010482 0.005537
0 0.478512 0.028239 0.011530 0.005537
0 0.491614 0.026024 0.010482 0.005537
0 0.503669 0.026578 0.009434 0.004430
0 0.526730 0.024363 0.009434 0.004430
0 0.515723 0.025471 0.008386 0.004430
0 0.599581 0.019934 0.010482 0.004430
0 0.428197 0.033223 0.009434 0.004430
0 0.331761 0.062016 0.009434 0.004430
0 0.331237 0.369878 0.008386 0.008859
0 0.263103 0.066445 0.010482 0.004430
0 0.326520 0.374308 0.007338 0.011074
0 0.322851 0.377630 0.008386 0.011074
0 0.314990 0.384275 0.009434 0.011074
0 0.310273 0.387597 0.008386 0.011074
0 0.300839 0.394795 0.008386 0.009967
0 0.296646 0.398671 0.008386 0.011074
0 0.283019 0.410299 0.008386 0.009967
0 0.275157 0.416944 0.007338 0.009967
0 0.063417 0.382614 0.011530 0.007752
0 0.170860 0.426357 0.010482 0.008859
0 0.128931 0.404208 0.010482 0.008859
0 0.036164 0.362680 0.011530 0.009967
0 0.040356 0.302326 0.007338 0.011074
0 0.049266 0.279623 0.006289 0.009967
0 0.040881 0.250831 0.008386 0.012182
0 0.069706 0.228682 0.009434 0.012182
0 0.417715 0.234219 0.011530 0.012182
0 0.079665 0.126246 0.004193 0.008859
0 0.080713 0.115725 0.004193 0.009967
0 0.080713 0.104097 0.004193 0.008859
0 0.061321 0.081949 0.009434 0.004430
0 0.121069 0.054264 0.009434 0.004430
0 0.158805 0.052602 0.009434 0.005537
0 0.091195 0.166667 0.006289 0.009967
0 0.045597 0.239756 0.007338 0.009967
0 0.622117 0.038206 0.009434 0.005537
0 0.815514 0.878184 0.010482 0.004430
0 0.811845 0.868217 0.011530 0.004430
0 0.811845 0.862680 0.009434 0.004430
0 0.810797 0.858250 0.009434 0.004430
0 0.810797 0.851606 0.009434 0.006645
0 0.809748 0.847176 0.009434 0.004430
0 0.810273 0.841639 0.010482 0.006645
0 0.810797 0.834441 0.009434 0.005537
0 0.798218 0.829457 0.009434 0.006645
0 0.793501 0.801218 0.010482 0.005537
0 0.791405 0.792913 0.010482 0.006645
0 0.790356 0.780731 0.010482 0.006645
0 0.808176 0.823920 0.010482 0.006645
0 0.806604 0.815615 0.009434 0.005537
0 0.806604 0.808970 0.009434 0.005537
0 0.805556 0.800111 0.009434 0.005537
0 0.803983 0.794574 0.010482 0.005537
0 0.803459 0.790698 0.007338 0.004430
0 0.802935 0.785161 0.010482 0.006645
0 0.801363 0.779623 0.009434 0.004430
0 0.799266 0.774640 0.011530 0.005537
0 0.799266 0.769103 0.011530 0.005537
0 0.841195 0.893134 0.009434 0.003322
0 0.840671 0.888151 0.008386 0.006645
0 0.812893 0.873200 0.011530 0.005537
0 0.816562 0.883721 0.010482 0.004430
0 0.672432 0.035991 0.009434 0.005537
0 0.808700 0.897010 0.005241 0.008859
0 0.971174 0.954596 0.005241 0.008859
0 0.965409 0.949612 0.004193 0.009967
0 0.958071 0.945736 0.004193 0.011074
0 0.938155 0.913621 0.008386 0.008859
0 0.946017 0.905869 0.007338 0.008859
0 0.869497 0.973976 0.009434 0.005537
0 0.879455 0.967331 0.010482 0.009967
0 0.898847 0.940199 0.009434 0.008859
0 0.919287 0.903101 0.012579 0.012182
0 0.927673 0.876523 0.008386 0.009967
0 0.937107 0.864341 0.008386 0.012182
0 0.944969 0.856589 0.011530 0.009967
0 0.962788 0.836656 0.009434 0.009967
0 0.764675 0.964009 0.011530 0.005537
0 0.752096 0.964563 0.009434 0.004430
0 0.740042 0.964563 0.010482 0.006645
0 0.729036 0.965670 0.009434 0.004430
0 0.718553 0.965116 0.009434 0.005537
0 0.709644 0.966224 0.010482 0.005537
0 0.694969 0.967331 0.008386 0.005537
0 0.685010 0.967331 0.007338 0.005537
0 0.674004 0.967885 0.008386 0.004430
0 0.700210 0.977852 0.010482 0.004430
0 0.840671 0.879291 0.008386 0.004430
0 0.840147 0.872647 0.009434 0.006645
0 0.840147 0.867110 0.009434 0.004430
0 0.840671 0.862680 0.010482 0.004430
0 0.801363 0.665559 0.005241 0.011074
0 0.816038 0.660576 0.007338 0.009967
0 0.990566 0.186047 0.008386 0.008859
0 0.985325 0.181617 0.008386 0.011074
0 0.984277 0.174972 0.010482 0.008859
0 0.989518 0.156146 0.010482 0.008859
0 0.837526 0.234773 0.006289 0.008859
0 0.832809 0.233112 0.007338 0.009967
0 0.909329 0.183832 0.009434 0.008859
0 0.925052 0.155039 0.007338 0.011074
0 0.930818 0.153378 0.006289 0.009967
0 0.971698 0.038206 0.010482 0.005537
0 0.960168 0.037099 0.008386 0.003322
0 0.939727 0.035437 0.007338 0.004430
0 0.927149 0.034884 0.007338 0.003322
0 0.914046 0.034884 0.010482 0.005537
0 0.899371 0.034330 0.008386 0.004430
0 0.879979 0.033223 0.009434 0.004430
0 0.857442 0.032115 0.010482 0.004430
0 0.828616 0.032669 0.009434 0.005537
0 0.818134 0.032115 0.007338 0.004430
0 0.792977 0.029347 0.007338 0.003322
0 0.770964 0.028793 0.007338 0.004430
0 0.788260 0.672204 0.006289 0.008859
0 0.778826 0.672204 0.006289 0.011074
0 0.793501 0.700443 0.004193 0.009967
0 0.828616 0.789590 0.009434 0.006645
0 0.839099 0.857697 0.009434 0.005537
0 0.837526 0.853267 0.010482 0.005537
0 0.838574 0.844408 0.010482 0.005537
0 0.837002 0.837763 0.009434 0.005537
0 0.834906 0.831672 0.009434 0.006645
0 0.834906 0.823920 0.009434 0.004430
0 0.833857 0.817276 0.009434 0.004430
0 0.833333 0.811739 0.010482 0.006645
0 0.831237 0.803987 0.010482 0.006645
0 0.830189 0.795681 0.010482 0.005537
0 0.828092 0.782946 0.008386 0.006645
0 0.800314 0.701550 0.005241 0.007752
0 0.827044 0.776855 0.010482 0.005537
0 0.825996 0.752492 0.010482 0.005537
0 0.822327 0.746401 0.009434 0.006645
0 0.821279 0.735327 0.005241 0.011074
0 0.814990 0.738095 0.007338 0.012182
0 0.810273 0.741417 0.006289 0.012182
0 0.803459 0.742525 0.005241 0.012182
0 0.794549 0.714286 0.006289 0.008859
0 0.802411 0.712625 0.005241 0.009967
0 0.809748 0.709302 0.007338 0.012182
