0 0.779297 0.682757 0.001953 0.003348
2 0.295654 0.585100 0.037109 0.041295
2 0.658691 0.239676 0.011230 0.011161
2 0.625000 0.232980 0.017578 0.018415
2 0.606689 0.229213 0.017578 0.018136
2 0.588867 0.224051 0.018066 0.020089
2 0.427612 0.187081 0.035400 0.039900
2 0.113525 0.148577 0.041992 0.040458
2 0.340088 0.276786 0.026855 0.025670
2 0.409546 0.370117 0.022217 0.023158
2 0.254883 0.607980 0.038086 0.043527
2 0.209717 0.705776 0.036133 0.041016
2 0.634399 0.346401 0.025146 0.033761
2 0.276611 0.667411 0.036621 0.040737
2 0.305054 0.660993 0.021240 0.023438
2 0.332153 0.632254 0.023193 0.026786
2 0.485474 0.814314 0.026611 0.023717
2 0.377563 0.345424 0.024658 0.025670
2 0.327759 0.245954 0.039795 0.040458
2 0.395752 0.177734 0.033691 0.036272
2 0.460693 0.197126 0.036621 0.039342
2 0.570923 0.219029 0.013916 0.014509
2 0.546387 0.876953 0.014648 0.020647
1 0.448730 0.313616 0.004395 0.003906
1 0.449707 0.315011 0.004395 0.003906
1 0.450562 0.316685 0.004639 0.003348
2 0.673828 0.243304 0.010254 0.011161
2 0.658325 0.365374 0.027100 0.025391
0 0.797729 0.712193 0.002197 0.003069
2 0.553345 0.776088 0.018799 0.022042
2 0.160889 0.672573 0.035156 0.038783
2 0.243164 0.687779 0.037109 0.039621
2 0.223267 0.629883 0.024170 0.027623
2 0.361328 0.523298 0.033691 0.039342
2 0.364380 0.435407 0.047119 0.044364
2 0.332275 0.393973 0.023926 0.024554
2 0.286011 0.792829 0.024170 0.026507
2 0.386230 0.735352 0.025391 0.025949
2 0.345703 0.836635 0.024414 0.028739
2 0.411499 0.809291 0.025146 0.028739
2 0.457520 0.767997 0.026367 0.030971
2 0.496582 0.778181 0.022461 0.026228
2 0.531006 0.795061 0.021973 0.024275
2 0.572876 0.793806 0.023193 0.026786
2 0.655640 0.426897 0.014404 0.013951
2 0.600952 0.829381 0.029053 0.028739
2 0.474609 0.864955 0.019531 0.022321
2 0.454590 0.867188 0.020508 0.023996
2 0.819824 0.936384 0.012695 0.012277
2 0.806641 0.918527 0.020996 0.020089
2 0.798584 0.899833 0.010742 0.008929
2 0.638062 0.782366 0.025635 0.023996
2 0.667480 0.501535 0.016113 0.018136
2 0.632935 0.504604 0.005127 0.007533
2 0.637939 0.505301 0.004883 0.007254
2 0.646118 0.507394 0.006592 0.007533
2 0.653442 0.508650 0.007080 0.008929
2 0.653320 0.463449 0.013672 0.015625
1 0.460083 0.507952 0.004639 0.003627
1 0.466675 0.517020 0.003174 0.005580
1 0.480225 0.518973 0.006348 0.002790
0 0.883667 0.677037 0.002197 0.001953
0 0.771362 0.595285 0.003174 0.001395
0 0.771118 0.596401 0.002686 0.001953
0 0.891724 0.631138 0.002686 0.001674
0 0.925049 0.639230 0.002441 0.001674
0 0.923096 0.640765 0.002441 0.001395
0 0.927856 0.640904 0.002197 0.001674
0 0.928833 0.642718 0.002197 0.001395
0 0.950439 0.641323 0.002930 0.001953
0 0.958252 0.643973 0.002930 0.001674
0 0.958374 0.645647 0.002197 0.001116
0 0.957031 0.650251 0.001953 0.001953
0 0.957275 0.648298 0.001953 0.001395
0 0.960938 0.649414 0.001953 0.000837
0 0.860840 0.689593 0.002930 0.001953
1 0.469849 0.752930 0.003174 0.005301
0 0.878418 0.675781 0.002441 0.001674
0 0.987671 0.683594 0.002197 0.001116
0 0.982300 0.676897 0.002197 0.001116
0 0.974609 0.679967 0.002441 0.001116
0 0.969482 0.678711 0.001953 0.001395
0 0.966309 0.678292 0.002441 0.001116
0 0.967285 0.674944 0.002441 0.001674
0 0.970703 0.674107 0.002441 0.001674
0 0.835205 0.713309 0.001953 0.001953
0 0.803101 0.731864 0.002197 0.002232
0 0.801636 0.729911 0.002686 0.001674
0 0.767090 0.733119 0.002441 0.001395
0 0.790161 0.735352 0.002197 0.001395
0 0.767578 0.597656 0.002441 0.001674
0 0.757202 0.591378 0.002197 0.001395
0 0.789307 0.613560 0.000977 0.002790
0 0.799561 0.606864 0.002930 0.001674
1 0.473145 0.758510 0.003418 0.005301
1 0.468506 0.753627 0.002930 0.005580
1 0.721924 0.584961 0.005371 0.002511
1 0.710205 0.582589 0.005859 0.002790
0 0.755981 0.523438 0.001709 0.002232
0 0.757690 0.523298 0.001709 0.001953
0 0.676147 0.578544 0.002686 0.001395
0 0.688110 0.580636 0.002686 0.001674
0 0.695068 0.582310 0.002930 0.001674
0 0.704346 0.579381 0.002441 0.001395
0 0.705811 0.580915 0.001953 0.001116
0 0.705933 0.584403 0.002197 0.001395
0 0.700317 0.584542 0.002197 0.001674
0 0.701782 0.582310 0.002686 0.001116
0 0.721924 0.590541 0.002930 0.001395
0 0.714966 0.601842 0.001221 0.002790
0 0.726196 0.587612 0.002686 0.001674
0 0.731689 0.587054 0.002441 0.001116
0 0.738037 0.585519 0.002930 0.001395
0 0.743286 0.592215 0.002197 0.001395
0 0.747070 0.591378 0.002441 0.001395
0 0.873657 0.623465 0.002197 0.001395
0 0.858643 0.615653 0.002441 0.001395
0 0.831055 0.610073 0.002441 0.001395
0 0.825562 0.614537 0.002197 0.001395
0 0.810791 0.607422 0.002930 0.001674
0 0.808350 0.609375 0.002441 0.001674
2 0.156372 0.122768 0.032959 0.035714
