2 0.345814 0.331245 0.033410 0.039057
2 0.435484 0.498895 0.027650 0.022845
2 0.453341 0.386146 0.013441 0.014001
2 0.468894 0.379329 0.015361 0.013633
2 0.474462 0.672623 0.053379 0.049005
2 0.486751 0.460943 0.018817 0.018423
2 0.491551 0.767686 0.052227 0.050479
2 0.498848 0.816691 0.051459 0.050479
2 0.540899 0.315770 0.022657 0.021371
2 0.626344 0.212049 0.042243 0.042373
2 0.645929 0.389462 0.054531 0.053058
2 0.671467 0.357590 0.049539 0.043847
2 0.713902 0.308585 0.042243 0.038688
2 0.726575 0.282977 0.028418 0.028003
2 0.730031 0.354274 0.039171 0.039425
