3 0.012779 0.448844 0.024246 0.024855
3 0.036697 0.461272 0.023591 0.024277
3 0.048165 0.465896 0.022936 0.024277
3 0.058650 0.474566 0.021625 0.023121
3 0.072739 0.479191 0.024902 0.026590
3 0.080275 0.557225 0.025557 0.025434
3 0.096003 0.491908 0.021625 0.023121
3 0.099934 0.571965 0.024246 0.023699
3 0.106815 0.500000 0.023591 0.024277
3 0.115662 0.577457 0.024246 0.026590
3 0.128440 0.581792 0.020970 0.023699
3 0.129423 0.513873 0.021625 0.023121
3 0.137287 0.592486 0.024246 0.024277
3 0.141219 0.520231 0.021625 0.021965
3 0.151704 0.526590 0.021625 0.023121
3 0.161533 0.604624 0.024246 0.024277
3 0.162189 0.533237 0.021625 0.023699
3 0.174312 0.540751 0.019659 0.023699
3 0.378113 0.717052 0.024902 0.021387
3 0.504260 0.126012 0.021625 0.025434
3 0.524574 0.127746 0.021625 0.026590
3 0.542595 0.132370 0.019659 0.023121
3 0.561599 0.141908 0.015727 0.022543
3 0.575688 0.147399 0.016383 0.024277
3 0.592398 0.154335 0.015727 0.021965
3 0.610419 0.165318 0.013761 0.023121
3 0.626147 0.173699 0.012451 0.022543
3 0.638925 0.182948 0.011796 0.019075
3 0.653014 0.191618 0.016383 0.024855
3 0.664155 0.202601 0.017693 0.026012
3 0.689384 0.226879 0.018349 0.024855
2 0.677261 0.211850 0.019004 0.028324
2 0.702490 0.239017 0.019659 0.028324
2 0.713958 0.254913 0.022936 0.030058
2 0.723132 0.269364 0.020315 0.028902
