0 0.327515 0.714668 0.033250 0.078158
0 0.418121 0.448608 0.034913 0.023555
0 0.419784 0.470557 0.041563 0.031049
0 0.587282 0.351178 0.047382 0.036403
0 0.620948 0.624732 0.048213 0.039615
0 0.632170 0.670771 0.060682 0.039615
0 0.700748 0.147752 0.043225 0.064240
0 0.737323 0.767131 0.033250 0.071734
0 0.760183 0.759101 0.029094 0.066381
0 0.781796 0.751071 0.032419 0.065310
1 0.059435 0.855460 0.062344 0.036403
1 0.224023 0.922377 0.132170 0.056745
1 0.355777 0.736081 0.034913 0.080300
1 0.490856 0.303533 0.052369 0.028908
1 0.552785 0.725910 0.059850 0.040685
1 0.557357 0.782120 0.065669 0.043897
1 0.563591 0.819593 0.058188 0.033191
1 0.581879 0.183084 0.078138 0.047109
1 0.713217 0.773555 0.029925 0.088865
1 0.747714 0.256959 0.123857 0.055675
1 0.772652 0.397216 0.125520 0.057816
1 0.792602 0.547109 0.127182 0.055675
1 0.842062 0.603854 0.053200 0.038544
