2 0.819351 0.752111 0.039150 0.034982
0 0.972595 0.978890 0.005593 0.013269
0 0.978747 0.946321 0.006711 0.013269
0 0.982103 0.931846 0.006711 0.013269
0 0.986577 0.909530 0.004474 0.012063
0 0.991611 0.879976 0.005593 0.010856
0 0.939038 0.986731 0.012304 0.004825
0 0.940716 0.980700 0.013423 0.004825
0 0.961969 0.869723 0.011186 0.007238
0 0.987136 0.825090 0.005593 0.016888
0 0.987696 0.618818 0.008949 0.004825
0 0.976510 0.799759 0.011186 0.007238
4 0.522371 0.739445 0.740492 0.344994
4 0.563758 0.446321 0.771812 0.349819
