1 0.027804 0.278016 0.025739 0.026410
1 0.106451 0.324768 0.012075 0.047109
1 0.223228 0.374732 0.020019 0.072805
1 0.344614 0.059957 0.023832 0.025696
1 0.479345 0.512491 0.014299 0.048537
1 0.872895 0.668808 0.021608 0.034261
1 0.945821 0.731263 0.016206 0.023555
1 0.951859 0.699857 0.021290 0.029265
1 0.962981 0.667737 0.035272 0.046395
3 0.046552 0.855817 0.013028 0.039971
3 0.072927 0.856531 0.015570 0.021413
3 0.129806 0.819058 0.007309 0.032120
3 0.283445 0.865810 0.010168 0.031406
3 0.412297 0.779443 0.010486 0.031406
3 0.591516 0.965739 0.015570 0.029979
