1 0.954893 0.270483 0.050459 0.058361
1 0.027523 0.886644 0.045872 0.074074
1 0.478593 0.313131 0.088685 0.038159
1 0.549694 0.360831 0.099388 0.043771
1 0.571865 0.413580 0.088685 0.039282
1 0.570336 0.444444 0.097859 0.038159
1 0.595566 0.500000 0.087156 0.039282
1 0.583333 0.558361 0.090214 0.032548
1 0.699541 0.631874 0.102446 0.040404
1 0.708716 0.659371 0.105505 0.041526
1 0.718654 0.687991 0.103976 0.044893
1 0.763761 0.768799 0.133028 0.047138
0 0.934251 0.217172 0.070336 0.057239
0 0.582569 0.470258 0.091743 0.035915
0 0.551223 0.390572 0.077982 0.031425
1 0.217125 0.840067 0.061162 0.090909
1 0.171254 0.853535 0.045872 0.070707
1 0.431193 0.175084 0.088685 0.038159
