1 0.533194 0.040573 0.010167 0.028640
0 0.199462 0.020286 0.016148 0.031026
0 0.228768 0.021480 0.013756 0.028640
0 0.595694 0.119332 0.013158 0.031026
0 0.669856 0.205251 0.008373 0.023866
0 0.410586 0.175418 0.008971 0.028640
0 0.403708 0.172434 0.007177 0.022673
4 0.876196 0.590692 0.023923 0.028640
4 0.676435 0.591885 0.022727 0.021480
4 0.119318 0.029833 0.024522 0.023866
4 0.120813 0.052506 0.020335 0.028640
4 0.125299 0.073986 0.020933 0.028640
0 0.293361 0.079356 0.020933 0.044153
4 0.023325 0.601432 0.014354 0.038186
