0 0.018062 0.459206 0.034361 0.049614
0 0.142731 0.342889 0.031718 0.044101
0 0.159031 0.330209 0.036123 0.049614
0 0.174009 0.311466 0.036123 0.049614
0 0.175330 0.452040 0.037004 0.048512
0 0.193392 0.294928 0.034361 0.049614
0 0.196035 0.437707 0.037885 0.055127
0 0.206608 0.279493 0.034361 0.049614
0 0.211894 0.416207 0.039648 0.054024
0 0.221145 0.263506 0.037004 0.048512
0 0.233040 0.245314 0.034361 0.047409
0 0.235242 0.392503 0.040529 0.052922
0 0.251101 0.231533 0.035242 0.046307
0 0.251982 0.373208 0.040529 0.056229
0 0.266079 0.214994 0.038767 0.048512
0 0.283700 0.199008 0.035242 0.049614
0 0.298238 0.183572 0.036123 0.047409
0 0.313656 0.169791 0.037004 0.048512
0 0.320705 0.314774 0.042291 0.054024
0 0.329075 0.155458 0.036123 0.050717
0 0.339207 0.292172 0.044053 0.052922
0 0.364317 0.273980 0.041410 0.054024
0 0.384141 0.254135 0.040529 0.054024
0 0.403084 0.234289 0.037885 0.054024
0 0.420264 0.217200 0.042291 0.057332
0 0.440969 0.196803 0.044934 0.060639
0 0.465198 0.178611 0.035242 0.050717
0 0.537445 0.157111 0.033480 0.047409
0 0.553304 0.138920 0.035242 0.052922
0 0.572247 0.125138 0.032599 0.047409
0 0.602203 0.098126 0.039648 0.052922
0 0.620264 0.084344 0.033480 0.049614
0 0.638767 0.076626 0.029956 0.042999
0 0.652863 0.056781 0.035242 0.051819
0 0.668722 0.040794 0.035242 0.052922
0 0.705286 0.020948 0.037885 0.041896
1 0.077093 0.400772 0.094273 0.100331
