1 0.426471 0.259669 0.048235 0.022099
1 0.428824 0.135820 0.029412 0.032228
1 0.512353 0.879374 0.055294 0.027624
1 0.512353 0.948435 0.052941 0.029466
1 0.514706 0.929098 0.055294 0.029466
1 0.515882 0.914365 0.045882 0.022099
1 0.520588 0.895028 0.060000 0.029466
1 0.561765 0.874309 0.024706 0.030387
1 0.562353 0.926796 0.040000 0.052486
1 0.579412 0.869245 0.031765 0.036832
1 0.620588 0.905157 0.034118 0.040516
1 0.637647 0.850368 0.030588 0.035912
1 0.668235 0.892726 0.021176 0.034070
1 0.734706 0.871547 0.031765 0.039595
1 0.743529 0.826888 0.028235 0.031308
1 0.778235 0.865101 0.022353 0.035912
1 0.841176 0.800645 0.028235 0.026703
1 0.905294 0.777164 0.022353 0.023941
3 0.942941 0.808471 0.015294 0.022099
3 0.967647 0.749079 0.015294 0.019337
