1 0.980900 0.748431 0.017735 0.038703
0 0.480218 0.580544 0.013643 0.041841
1 0.373806 0.347280 0.045020 0.020921
0 0.058322 0.269351 0.032060 0.028243
0 0.188950 0.480126 0.025921 0.020921
0 0.218622 0.486402 0.026603 0.020921
0 0.409277 0.412134 0.038199 0.027197
0 0.417804 0.512029 0.030696 0.021967
0 0.385402 0.507322 0.032742 0.025105
0 0.381310 0.563285 0.030014 0.021967
0 0.337995 0.399582 0.026603 0.018828
0 0.375171 0.407427 0.025921 0.019874
1 0.091064 0.461820 0.052524 0.028243
0 0.424284 0.583682 0.027285 0.018828
0 0.421896 0.606172 0.025239 0.021967
0 0.416780 0.629707 0.028649 0.025105
0 0.414393 0.653766 0.026603 0.023013
0 0.417462 0.679393 0.030014 0.028243
0 0.370055 0.698745 0.015689 0.039749
0 0.298772 0.697176 0.027285 0.042887
0 0.477149 0.675732 0.015689 0.043933
1 0.373124 0.300209 0.043656 0.027197
1 0.929059 0.754184 0.027285 0.069038
1 0.912688 0.729079 0.031378 0.064854
1 0.965211 0.980126 0.040928 0.035565
1 0.118349 0.248954 0.045703 0.039749
1 0.109141 0.275105 0.040928 0.033473
1 0.316849 0.336820 0.047067 0.025105
1 0.617667 0.287134 0.018417 0.061715
1 0.634379 0.291841 0.020464 0.064854
1 0.651774 0.292364 0.018417 0.065900
1 0.669850 0.295502 0.023192 0.061715
1 0.879263 0.699791 0.042292 0.058577
1 0.864598 0.645921 0.041610 0.063808
1 0.172578 0.319038 0.043656 0.025105
1 0.854366 0.615586 0.042974 0.057531
1 0.871760 0.676778 0.040928 0.056485
1 0.893929 0.724895 0.032060 0.062762
1 0.586971 0.286611 0.018417 0.066946
1 0.601978 0.287657 0.018417 0.064854
1 0.683151 0.310146 0.017053 0.049163
1 0.107435 0.310669 0.040246 0.027197
1 0.174625 0.291318 0.043656 0.034519
0 0.495907 0.623431 0.015007 0.043933
0 0.496589 0.566423 0.016371 0.044979
0 0.526603 0.427301 0.032742 0.021967
0 0.626194 0.546548 0.028649 0.019874
0 0.649727 0.446653 0.026603 0.020921
0 0.613574 0.440900 0.030696 0.019874
0 0.748295 0.403243 0.030014 0.038703
0 0.794338 0.412657 0.034789 0.028243
0 0.835266 0.420502 0.030696 0.029289
0 0.869031 0.422594 0.031378 0.029289
0 0.790587 0.344665 0.031378 0.028243
0 0.830150 0.345711 0.032742 0.028243
0 0.904161 0.360356 0.032060 0.028243
0 0.880286 0.375000 0.027967 0.028243
0 0.942701 0.369247 0.028649 0.023013
0 0.977831 0.372908 0.029332 0.024059
0 0.950205 0.431485 0.027285 0.024059
0 0.563438 0.307008 0.015007 0.040795
0 0.668827 0.369770 0.032060 0.030335
0 0.608799 0.385460 0.026603 0.017782
1 0.631992 0.351464 0.042974 0.027197
1 0.561392 0.358787 0.016371 0.056485
0 0.861869 0.349895 0.030696 0.019874
0 0.698840 0.453452 0.029332 0.024059
0 0.730218 0.458159 0.026603 0.018828
0 0.771487 0.465481 0.031378 0.025105
0 0.760573 0.681485 0.020464 0.053347
0 0.588677 0.538180 0.025921 0.021967
0 0.558663 0.532427 0.031378 0.016736
0 0.658936 0.550732 0.027285 0.021967
0 0.694065 0.555439 0.029332 0.020921
0 0.706344 0.628661 0.027967 0.037657
0 0.710437 0.651674 0.022510 0.033473
0 0.746248 0.623954 0.013643 0.047071
0 0.763984 0.623954 0.015007 0.044979
0 0.803206 0.554916 0.026603 0.049163
0 0.808322 0.470711 0.028649 0.023013
0 0.814120 0.564331 0.023874 0.047071
0 0.826398 0.576883 0.030696 0.049163
0 0.820941 0.684100 0.021146 0.048117
0 0.805252 0.628138 0.026603 0.051255
0 0.950205 0.761506 0.021828 0.050209
0 0.928035 0.489540 0.029332 0.023013
0 0.875853 0.481695 0.031378 0.026151
0 0.842087 0.474895 0.027967 0.025105
1 0.304229 0.285565 0.045020 0.031381
