3 0.018076 0.558577 0.021146 0.052301
3 0.032060 0.402720 0.025921 0.060669
3 0.048090 0.388075 0.019782 0.046025
3 0.056617 0.236402 0.024557 0.031381
3 0.074693 0.374477 0.033424 0.033473
3 0.086630 0.517259 0.034106 0.070084
3 0.108117 0.520921 0.021146 0.048117
3 0.116303 0.157427 0.030696 0.030335
3 0.124829 0.176255 0.025921 0.026151
3 0.126876 0.516736 0.019100 0.046025
3 0.131992 0.197176 0.027967 0.030335
3 0.150068 0.625523 0.038199 0.039749
3 0.155184 0.646967 0.032060 0.034519
3 0.164734 0.697176 0.029332 0.032427
3 0.190655 0.409519 0.027967 0.034519
3 0.190996 0.795502 0.025921 0.032427
3 0.207708 0.086820 0.021146 0.046025
3 0.215553 0.649059 0.020464 0.042887
3 0.248977 0.793933 0.023192 0.054393
3 0.254434 0.368201 0.030014 0.037657
3 0.265689 0.302824 0.030696 0.032427
3 0.308663 0.281904 0.027967 0.028243
3 0.315825 0.764121 0.021828 0.042887
3 0.322988 0.332113 0.033424 0.040795
3 0.344475 0.746862 0.023192 0.048117
3 0.358799 0.740586 0.024557 0.052301
3 0.374147 0.731695 0.022510 0.047071
3 0.378581 0.828975 0.023192 0.044979
3 0.386767 0.722803 0.024557 0.046025
3 0.403479 0.920502 0.025239 0.031381
3 0.414052 0.706067 0.021828 0.048117
3 0.421214 0.804916 0.022510 0.042887
3 0.427353 0.696130 0.022510 0.047071
3 0.428035 0.269874 0.032060 0.035565
3 0.434857 0.797071 0.021146 0.043933
3 0.460437 0.832113 0.032742 0.034519
3 0.462824 0.783473 0.019782 0.046025
3 0.467599 0.251046 0.034789 0.037657
3 0.470668 0.888598 0.031378 0.032427
3 0.477831 0.770397 0.022510 0.055439
3 0.492156 0.767259 0.019782 0.049163
3 0.495225 0.815377 0.030014 0.032427
3 0.506821 0.871339 0.031378 0.033473
3 0.514325 0.225418 0.031378 0.036611
3 0.538881 0.850941 0.031378 0.032427
3 0.543656 0.787134 0.028649 0.030335
3 0.547408 0.205021 0.033424 0.035565
3 0.569236 0.834728 0.027967 0.031381
3 0.574352 0.766213 0.034106 0.036611
3 0.581855 0.080544 0.021828 0.046025
3 0.590041 0.183054 0.042292 0.041841
3 0.601978 0.834205 0.023874 0.049163
3 0.608117 0.748954 0.030696 0.031381
3 0.611187 0.081590 0.021828 0.046025
3 0.620737 0.828975 0.023192 0.049163
3 0.629263 0.158996 0.032060 0.037657
3 0.636767 0.821130 0.022510 0.043933
3 0.643247 0.728033 0.030014 0.029289
3 0.649386 0.807531 0.023192 0.041841
3 0.664393 0.797594 0.023192 0.044979
3 0.666098 0.137029 0.036153 0.033473
3 0.672920 0.712866 0.025239 0.026151
3 0.681787 0.790272 0.021146 0.047071
3 0.697476 0.779812 0.022510 0.042887
3 0.714870 0.110879 0.034106 0.037657
3 0.751705 0.091004 0.032742 0.037657
3 0.800477 0.730126 0.029332 0.060669
3 0.835266 0.720188 0.025239 0.051255
3 0.853683 0.712343 0.023874 0.050209
3 0.868349 0.694561 0.024557 0.048117
3 0.869714 0.952929 0.020464 0.054393
3 0.885744 0.548640 0.019782 0.044979
3 0.890518 0.418933 0.021146 0.049163
3 0.928035 0.851464 0.026603 0.058577
2 0.213506 0.476464 0.028649 0.091004
2 0.230900 0.456590 0.036153 0.091004
2 0.236357 0.621339 0.027967 0.071130
2 0.248977 0.446653 0.034106 0.094142
2 0.256821 0.714435 0.032060 0.087866
2 0.267053 0.438285 0.033424 0.094142
2 0.274557 0.705544 0.027967 0.070084
2 0.283424 0.427824 0.030696 0.092050
2 0.300136 0.418933 0.030014 0.093096
2 0.306276 0.596234 0.027285 0.073222
2 0.307981 0.687762 0.027967 0.074268
2 0.316508 0.409519 0.031378 0.095188
2 0.324011 0.677301 0.025921 0.070084
2 0.325034 0.588389 0.026603 0.070084
2 0.336630 0.399059 0.032060 0.093096
2 0.339359 0.665272 0.027967 0.073222
2 0.355048 0.658996 0.025239 0.069038
2 0.372783 0.650628 0.029332 0.081590
2 0.387108 0.633891 0.033424 0.094142
2 0.402797 0.364540 0.033424 0.091004
2 0.421555 0.355649 0.035471 0.092050
2 0.437585 0.341527 0.026603 0.072176
2 0.439632 0.611402 0.033424 0.080544
2 0.447817 0.206067 0.063438 0.060669
2 0.476808 0.424686 0.096862 0.081590
2 0.508186 0.313285 0.030014 0.091004
2 0.526944 0.301778 0.030696 0.091004
2 0.537517 0.496862 0.058663 0.043933
2 0.543315 0.292364 0.033424 0.088912
2 0.546385 0.433054 0.061392 0.060669
2 0.560027 0.287134 0.031378 0.091004
2 0.577080 0.694561 0.034106 0.092050
2 0.577422 0.275105 0.030696 0.092050
2 0.611528 0.256276 0.033424 0.089958
2 0.612210 0.677824 0.030696 0.083682
2 0.627558 0.248954 0.034106 0.092050
2 0.627558 0.666318 0.032742 0.094142
2 0.630969 0.530335 0.036835 0.094142
2 0.646658 0.239017 0.031378 0.091004
2 0.659959 0.646444 0.032060 0.092050
2 0.663029 0.229079 0.030014 0.092050
2 0.675989 0.632845 0.034106 0.087866
2 0.681446 0.505753 0.034106 0.088912
2 0.691337 0.625523 0.034789 0.089958
2 0.698840 0.505753 0.036153 0.088912
2 0.708390 0.614540 0.033424 0.093096
2 0.713506 0.200837 0.031378 0.092050
2 0.719304 0.478556 0.036153 0.091004
2 0.725443 0.605126 0.034789 0.086820
2 0.730559 0.189331 0.030014 0.092050
2 0.749659 0.182008 0.032742 0.096234
2 0.754434 0.459205 0.031378 0.087866
2 0.783765 0.162657 0.034106 0.091004
2 0.789222 0.439331 0.034106 0.092050
2 0.802524 0.158996 0.034789 0.089958
2 0.805593 0.430439 0.034106 0.088912
2 0.823670 0.419979 0.033424 0.091004
2 0.841064 0.411088 0.032742 0.092050
2 0.858799 0.400628 0.034106 0.092050
