2 0.234043 0.717428 0.094065 0.020305
2 0.234602 0.691624 0.099664 0.021151
2 0.238522 0.587140 0.098544 0.016920
2 0.241321 0.635787 0.097424 0.021151
2 0.243561 0.613367 0.097424 0.018613
2 0.261478 0.527919 0.023516 0.069374
2 0.320829 0.533418 0.032475 0.076988
2 0.348264 0.532995 0.031355 0.074450
2 0.377940 0.535533 0.032475 0.072758
2 0.377940 0.839679 0.021277 0.071912
2 0.403695 0.838832 0.023516 0.073604
2 0.409854 0.539340 0.029115 0.070220
2 0.431691 0.838409 0.021277 0.076142
2 0.436170 0.542301 0.032475 0.074450
2 0.460246 0.850677 0.031355 0.075296
2 0.465286 0.406091 0.097424 0.027073
2 0.465845 0.266497 0.096305 0.032149
2 0.468085 0.541878 0.031355 0.075296
2 0.476484 0.360829 0.097424 0.024535
2 0.477044 0.339679 0.100784 0.027919
2 0.484323 0.313452 0.099664 0.022843
2 0.485442 0.867174 0.025756 0.074450
2 0.490482 0.387902 0.094065 0.022843
2 0.498320 0.541878 0.022396 0.071912
2 0.499440 0.212352 0.080627 0.064298
2 0.529115 0.546108 0.027996 0.075296
2 0.547032 0.848985 0.023516 0.075296
2 0.559351 0.411168 0.054871 0.018613
2 0.559351 0.548223 0.027996 0.074450
2 0.568309 0.285533 0.088466 0.058376
2 0.586786 0.556684 0.022396 0.067682
2 0.610302 0.437817 0.051512 0.019459
2 0.613102 0.555838 0.023516 0.071066
2 0.620381 0.399746 0.051512 0.012690
2 0.640538 0.558376 0.026876 0.072758
2 0.655095 0.778342 0.053751 0.015228
2 0.656215 0.796954 0.051512 0.016920
2 0.659015 0.744924 0.061590 0.014382
2 0.664614 0.724196 0.057111 0.013536
2 0.673572 0.865059 0.059351 0.019459
2 0.683091 0.925973 0.062710 0.014382
2 0.683651 0.906091 0.054871 0.016920
2 0.686450 0.946701 0.058231 0.013536
2 0.686450 0.970812 0.053751 0.014382
2 0.700448 0.635787 0.052632 0.016074
2 0.701008 0.616751 0.058231 0.016920
2 0.704367 0.596447 0.067189 0.020305
2 0.704367 0.656937 0.064950 0.019459
2 0.705487 0.324027 0.024636 0.040609
