0 0.039326 0.398649 0.023720 0.024570
0 0.043071 0.412776 0.021223 0.023342
0 0.049625 0.430897 0.023096 0.027641
0 0.401685 0.592445 0.021848 0.030098
0 0.417291 0.589066 0.019351 0.028256
0 0.420412 0.613636 0.018102 0.023342
0 0.436017 0.610565 0.019351 0.027027
0 0.448814 0.581081 0.018727 0.024570
0 0.453184 0.602580 0.017478 0.024570
0 0.460050 0.113943 0.022472 0.025184
0 0.466916 0.600737 0.018727 0.024570
0 0.477216 0.578010 0.018102 0.027027
0 0.497815 0.265971 0.019351 0.023342
0 0.509988 0.089066 0.022472 0.025799
0 0.512172 0.328317 0.019351 0.025184
0 0.515918 0.103808 0.019351 0.020885
0 0.517478 0.343980 0.023720 0.025799
0 0.521223 0.361794 0.017478 0.024570
0 0.525905 0.374693 0.023096 0.027027
0 0.526217 0.157248 0.023720 0.027027
0 0.529026 0.394656 0.020599 0.022727
0 0.532459 0.172912 0.022472 0.025184
0 0.533708 0.411548 0.021223 0.027027
0 0.538077 0.426290 0.019975 0.023342
0 0.541511 0.445639 0.020599 0.025184
0 0.545880 0.461609 0.021848 0.027641
0 0.549938 0.478194 0.021223 0.022727
0 0.555556 0.494779 0.022472 0.027641
0 0.583645 0.376229 0.017478 0.026413
0 0.595506 0.665848 0.019975 0.023342
0 0.600187 0.680590 0.020599 0.025799
0 0.603620 0.207002 0.026217 0.018428
0 0.605181 0.697789 0.019351 0.022113
0 0.608302 0.496007 0.020599 0.022727
0 0.608614 0.712224 0.019975 0.022727
0 0.614232 0.512899 0.018727 0.019656
0 0.618290 0.529484 0.023096 0.024570
0 0.618290 0.754607 0.020599 0.026413
0 0.621099 0.772113 0.019975 0.023342
0 0.622971 0.203317 0.022472 0.018428
0 0.625468 0.788084 0.019975 0.023342
0 0.626092 0.561118 0.022472 0.025184
0 0.632022 0.799447 0.019351 0.022727
0 0.633895 0.597666 0.023096 0.025799
0 0.637328 0.199631 0.024969 0.019656
0 0.638577 0.838452 0.018727 0.023342
0 0.639201 0.614558 0.021223 0.026413
0 0.641698 0.854730 0.021223 0.025184
0 0.645755 0.871622 0.020599 0.024570
0 0.646380 0.643120 0.020599 0.025799
0 0.651998 0.887592 0.020599 0.023342
0 0.652934 0.195946 0.023720 0.020885
0 0.654494 0.906327 0.021848 0.026413
0 0.656367 0.678440 0.021848 0.023956
0 0.657615 0.694717 0.021848 0.024570
0 0.659176 0.924447 0.021223 0.024570
0 0.661985 0.940111 0.019351 0.022727
0 0.672285 0.190111 0.023720 0.019042
0 0.687890 0.185197 0.021223 0.016585
0 0.707553 0.180897 0.021848 0.017813
0 0.708801 0.898956 0.021848 0.025184
0 0.711610 0.919840 0.021223 0.026413
0 0.746879 0.171990 0.023096 0.019656
0 0.796504 0.984029 0.022472 0.019656
0 0.810861 0.978194 0.022472 0.021499
0 0.827715 0.973587 0.021223 0.019656
0 0.831461 0.477580 0.026217 0.025184
0 0.841760 0.149263 0.028090 0.022113
0 0.859551 0.147727 0.023720 0.021499
0 0.875156 0.141278 0.022472 0.019656
0 0.890449 0.137285 0.026841 0.022727
0 0.907928 0.133907 0.025593 0.019656
0 0.908864 0.955774 0.022472 0.019656
0 0.924782 0.130221 0.026841 0.022113
0 0.925406 0.950860 0.023096 0.022113
0 0.942260 0.125921 0.023096 0.018428
0 0.942884 0.948096 0.025593 0.021499
0 0.959114 0.121929 0.023096 0.020270
0 0.959426 0.942875 0.023720 0.020885
0 0.977216 0.938575 0.023096 0.022113
