0 0.054825 0.071552 0.037281 0.031034
0 0.240680 0.350862 0.038377 0.032759
0 0.277961 0.134483 0.044956 0.032759
0 0.296053 0.122845 0.041667 0.028448
0 0.313596 0.104741 0.041667 0.033621
0 0.326206 0.088362 0.044956 0.033621
0 0.408443 0.386207 0.047149 0.041379
0 0.458882 0.475862 0.044956 0.039655
0 0.476974 0.490517 0.048246 0.039655
0 0.506579 0.026293 0.046053 0.035345
0 0.519737 0.041379 0.039474 0.031034
0 0.540570 0.050431 0.035088 0.031897
0 0.553180 0.062500 0.038377 0.031897
0 0.577851 0.071121 0.037281 0.031897
0 0.818531 0.974569 0.040570 0.030172
0 0.853070 0.953448 0.039474 0.032759
0 0.887610 0.983190 0.042763 0.031897
1 0.395285 0.366379 0.066886 0.060345
1 0.432566 0.913793 0.093202 0.055172
1 0.435307 0.133621 0.089912 0.067241
1 0.436404 0.246121 0.072368 0.059483
1 0.436952 0.525862 0.058114 0.051724
1 0.447917 0.895259 0.091009 0.056034
1 0.463268 0.878017 0.093202 0.054310
1 0.468750 0.255172 0.071272 0.058621
1 0.470395 0.439655 0.083333 0.053448
1 0.489583 0.410345 0.080044 0.055172
1 0.520833 0.394828 0.072368 0.065517
1 0.541667 0.194828 0.067982 0.058621
1 0.553180 0.771983 0.075658 0.047414
1 0.561404 0.211207 0.076754 0.062069
1 0.582237 0.226293 0.078947 0.064655
1 0.603070 0.239655 0.076754 0.067241
1 0.643092 0.662500 0.066886 0.042241
1 0.644189 0.267672 0.080044 0.066379
1 0.665022 0.281897 0.080044 0.065517
1 0.681469 0.630603 0.073465 0.040517
1 0.686404 0.297845 0.078947 0.066379
1 0.687500 0.608190 0.072368 0.040517
1 0.706689 0.592241 0.093202 0.051724
1 0.719298 0.572414 0.096491 0.053448
1 0.725329 0.323707 0.082237 0.068103
1 0.733004 0.554310 0.097588 0.055172
1 0.742325 0.533190 0.083333 0.049138
1 0.755482 0.341810 0.072368 0.061207
1 0.766447 0.521121 0.089912 0.054310
1 0.781798 0.502586 0.094298 0.053448
1 0.788377 0.363362 0.065789 0.054310
1 0.799342 0.486207 0.074561 0.041379
1 0.807018 0.381034 0.083333 0.070690
1 0.807566 0.465517 0.086623 0.048276
1 0.826206 0.448707 0.084430 0.047414
1 0.833882 0.941379 0.055921 0.048276
