1 0.038601 0.246812 0.021713 0.049180
1 0.091074 0.165756 0.018094 0.045537
1 0.098010 0.259107 0.018697 0.046448
1 0.126055 0.271403 0.036188 0.092896
1 0.152593 0.288251 0.030157 0.071949
1 0.179131 0.291439 0.030157 0.069217
1 0.194813 0.317395 0.021713 0.062842
1 0.232207 0.322860 0.030157 0.081056
1 0.260253 0.326047 0.018697 0.045537
1 0.279252 0.336521 0.019300 0.050091
1 0.341978 0.403461 0.022919 0.056466
1 0.353739 0.346084 0.018697 0.047359
1 0.364897 0.413024 0.025332 0.071949
1 0.410133 0.364299 0.021713 0.051002
1 0.428830 0.379781 0.024125 0.065574
1 0.456574 0.386157 0.019300 0.049180
1 0.487334 0.421220 0.020507 0.050091
1 0.521110 0.459927 0.016888 0.043716
1 0.572376 0.488160 0.018094 0.045537
1 0.617310 0.491803 0.017491 0.047359
1 0.660434 0.488160 0.016888 0.049180
1 0.742159 0.523224 0.018697 0.037341
1 0.759650 0.588798 0.029554 0.079235
1 0.797346 0.600182 0.016888 0.051002
1 0.876960 0.697177 0.019300 0.050091
1 0.903197 0.692623 0.052473 0.155738
1 0.926116 0.714481 0.019903 0.050091
1 0.937575 0.652550 0.023522 0.061020
3 0.691797 0.065574 0.025332 0.025501
3 0.720145 0.079235 0.025332 0.025501
3 0.792823 0.113388 0.024729 0.024590
3 0.828709 0.128871 0.024125 0.024590
3 0.946924 0.182605 0.031363 0.031876
3 0.981001 0.198087 0.031966 0.028233
