1 0.154101 0.093352 0.048854 0.091985
1 0.216828 0.207195 0.025935 0.050091
1 0.263571 0.202641 0.047045 0.099271
1 0.319059 0.255464 0.025332 0.050091
1 0.334741 0.276412 0.034982 0.066485
1 0.369723 0.284153 0.061520 0.116576
1 0.389928 0.362022 0.027141 0.051913
1 0.456876 0.389800 0.079011 0.153005
1 0.476176 0.411658 0.036791 0.076503
1 0.541315 0.447632 0.023522 0.044627
1 0.647165 0.600182 0.028951 0.052823
1 0.775030 0.696721 0.025332 0.052823
1 0.832328 0.760474 0.025332 0.049180
1 0.890229 0.836976 0.024125 0.047359
1 0.908625 0.800091 0.023522 0.046448
1 0.919481 0.836066 0.023522 0.047359
1 0.972256 0.875228 0.026538 0.047359
3 0.026236 0.457650 0.027141 0.033698
3 0.073884 0.948998 0.018697 0.034608
3 0.092581 0.887067 0.017491 0.036430
3 0.113390 0.539162 0.024125 0.030965
3 0.234318 0.577413 0.028347 0.032787
3 0.241255 0.657104 0.025332 0.031876
3 0.280458 0.692168 0.025332 0.034608
3 0.309710 0.648452 0.024729 0.030965
3 0.309710 0.720856 0.022316 0.031876
3 0.352835 0.758652 0.027744 0.034608
3 0.363691 0.980874 0.018094 0.038251
3 0.393546 0.979508 0.018697 0.037341
3 0.406514 0.736794 0.028951 0.040073
3 0.476176 0.869763 0.030760 0.038251
3 0.522014 0.841075 0.024729 0.030055
3 0.577805 0.892077 0.025332 0.033698
3 0.628166 0.936703 0.027141 0.035519
