1 0.075995 0.147086 0.024125 0.042805
1 0.119119 0.206284 0.039204 0.073770
1 0.151689 0.251821 0.024729 0.050091
1 0.188480 0.285519 0.023522 0.044627
1 0.224065 0.321038 0.022316 0.042805
1 0.272919 0.315574 0.048854 0.091985
1 0.298251 0.335610 0.027141 0.050091
1 0.306393 0.367486 0.038601 0.077413
1 0.371532 0.432605 0.022919 0.041894
1 0.419180 0.454918 0.022919 0.040984
1 0.500302 0.574681 0.024729 0.047359
1 0.536188 0.612022 0.026538 0.051002
1 0.582630 0.636157 0.024125 0.042805
1 0.622738 0.653461 0.025935 0.051913
1 0.649578 0.726776 0.021713 0.040073
1 0.666466 0.731330 0.022919 0.045537
1 0.687274 0.728597 0.046441 0.094718
1 0.809107 0.847905 0.034379 0.067395
1 0.896864 0.959472 0.025332 0.046448
3 0.030458 0.775046 0.023522 0.038251
3 0.103739 0.683060 0.028951 0.032787
3 0.144150 0.607923 0.022919 0.042805
3 0.166767 0.735883 0.024729 0.030965
3 0.230097 0.774590 0.023522 0.028233
3 0.291918 0.978597 0.021713 0.039162
3 0.429735 0.949454 0.024729 0.033698
