0 0.954957 0.057247 0.019542 0.018270
4 0.019304 0.442144 0.038608 0.046285
4 0.442803 0.792935 0.014299 0.026797
4 0.457817 0.803289 0.035748 0.076736
4 0.390610 0.787759 0.019542 0.034714
4 0.361535 0.767966 0.019542 0.035323
4 0.201382 0.516443 0.070067 0.058465
4 0.122974 0.488429 0.020972 0.043849
4 0.079123 0.470158 0.028599 0.068210
4 0.253337 0.355055 0.028122 0.054811
4 0.228074 0.353228 0.020496 0.036541
4 0.214013 0.347138 0.018112 0.030451
4 0.184461 0.327040 0.018112 0.035323
4 0.111773 0.275274 0.014776 0.031669
4 0.065539 0.292631 0.066254 0.035932
4 0.500715 0.832217 0.036702 0.071255
4 0.534795 0.834348 0.024786 0.056029
4 0.553622 0.841048 0.036702 0.073082
4 0.569828 0.855055 0.016683 0.030451
4 0.599619 0.877893 0.031459 0.062728
4 0.615348 0.900426 0.014299 0.028624
4 0.861535 0.481121 0.020496 0.017052
4 0.834128 0.440926 0.055291 0.046285
4 0.816730 0.407734 0.031935 0.027406
4 0.803384 0.388855 0.079600 0.063946
4 0.745234 0.287759 0.032888 0.051766
4 0.762869 0.248782 0.022402 0.032278
4 0.738799 0.239951 0.017159 0.034105
4 0.698522 0.234470 0.009056 0.028015
4 0.679695 0.259440 0.016206 0.043849
4 0.616301 0.265225 0.017159 0.068819
4 0.525024 0.276188 0.019542 0.082217
4 0.058627 0.253654 0.083889 0.045676
4 0.478789 0.274665 0.026215 0.087698
4 0.495949 0.242083 0.013823 0.046894
4 0.452097 0.277710 0.012869 0.030451
0 0.349857 0.078867 0.019066 0.028624
0 0.033127 0.710414 0.017636 0.022533
4 0.145377 0.510658 0.020019 0.032278
4 0.195901 0.337698 0.010486 0.020097
4 0.180648 0.304811 0.014299 0.020097
0 0.316730 0.189708 0.017636 0.028624
0 0.071497 0.661084 0.014299 0.023752
0 0.040038 0.650426 0.016206 0.026797
0 0.070543 0.734775 0.021926 0.026188
0 0.991897 0.362972 0.017159 0.019488
0 0.165396 0.869062 0.017159 0.026797
0 0.113680 0.897990 0.017636 0.027406
0 0.132984 0.918392 0.016206 0.029233
0 0.319828 0.974421 0.012393 0.025579
0 0.329838 0.976248 0.013346 0.026797
0 0.957340 0.977467 0.020496 0.021924
4 0.183746 0.543544 0.023356 0.022533
4 0.101764 0.479903 0.012869 0.028015
4 0.547188 0.251827 0.008580 0.027406
4 0.571258 0.259440 0.011916 0.030451
4 0.586034 0.270402 0.010963 0.025579
4 0.638227 0.268879 0.011439 0.027406
4 0.714252 0.254568 0.014776 0.054811
4 0.790038 0.341657 0.025262 0.024361
4 0.796235 0.318514 0.017636 0.017052
4 0.817207 0.325518 0.018589 0.016443
4 0.833413 0.472290 0.025262 0.020097
4 0.806006 0.888551 0.012393 0.015834
4 0.700429 0.929050 0.018589 0.031060
4 0.656816 0.903167 0.015253 0.032887
4 0.228313 0.703410 0.018112 0.031669
4 0.287893 0.718636 0.015253 0.024361
0 0.336988 0.118453 0.015253 0.029842
0 0.982126 0.887637 0.019542 0.016443
0 0.778837 0.042935 0.011439 0.023752
4 0.790515 0.900122 0.033842 0.041413
4 0.858198 0.523143 0.022402 0.020706
0 0.063394 0.851705 0.017159 0.023752
0 0.022402 0.819428 0.018112 0.026188
0 0.011439 0.701583 0.021926 0.028015
0 0.043375 0.716504 0.020972 0.024970
0 0.050286 0.656212 0.012869 0.021315
0 0.060772 0.660780 0.014776 0.025579
4 0.877502 0.542631 0.027645 0.015834
0 0.957817 0.018575 0.018589 0.018879
4 0.876549 0.651035 0.023832 0.013398
4 0.860343 0.717113 0.030505 0.026188
4 0.830791 0.758222 0.025739 0.018270
4 0.809342 0.828563 0.024786 0.020097
4 0.721640 0.944884 0.011439 0.031060
4 0.636320 0.896772 0.025739 0.046894
0 0.339371 0.981425 0.014299 0.026188
0 0.939228 0.213459 0.019542 0.017661
0 0.719018 0.043240 0.010010 0.024361
0 0.748808 0.038672 0.009533 0.023752
0 0.413251 0.037454 0.009533 0.024970
0 0.297664 0.173569 0.015729 0.029233
0 0.188990 0.057247 0.024309 0.028015
0 0.224500 0.073386 0.019066 0.022533
0 0.235462 0.078258 0.019066 0.021315
0 0.243327 0.086175 0.024309 0.027406
0 0.257388 0.090438 0.019066 0.021315
0 0.194471 0.128806 0.015253 0.026188
0 0.180410 0.050244 0.019542 0.023752
1 0.470686 0.036541 0.010963 0.025579
0 0.669209 0.039281 0.009533 0.028624
0 0.739752 0.040195 0.009533 0.026797
0 0.809342 0.047808 0.013346 0.023752
