4 0.015526 0.088951 0.020702 0.099251
4 0.036228 0.155431 0.048304 0.250936
4 0.096895 0.289326 0.025877 0.114232
4 0.136860 0.317416 0.018401 0.095506
4 0.158137 0.332397 0.036803 0.219101
4 0.188039 0.303371 0.018401 0.097378
4 0.207303 0.334270 0.031627 0.151685
4 0.269983 0.393258 0.022427 0.112360
4 0.296722 0.386704 0.043703 0.234082
4 0.316274 0.432584 0.018401 0.093633
4 0.355377 0.493446 0.019551 0.091760
4 0.388154 0.465356 0.044853 0.211610
4 0.428120 0.538390 0.018976 0.095506
4 0.450834 0.523408 0.034503 0.174157
4 0.518689 0.670412 0.019551 0.101124
4 0.571880 0.602060 0.027027 0.147940
4 0.600345 0.644195 0.011501 0.093633
4 0.602933 0.512172 0.012076 0.091760
4 0.627947 0.598315 0.019551 0.211610
4 0.647211 0.790262 0.013226 0.074906
4 0.673088 0.528090 0.023577 0.250936
4 0.715354 0.569288 0.011501 0.086142
4 0.739218 0.534644 0.015526 0.140449
4 0.761645 0.498127 0.013226 0.097378
4 0.838413 0.534644 0.014951 0.136704
4 0.864290 0.500000 0.012651 0.078652
4 0.924094 0.518727 0.011501 0.093633
4 0.941921 0.521536 0.013801 0.110487
4 0.960610 0.506554 0.012076 0.088015
4 0.980449 0.516854 0.016101 0.134831
0 0.033640 0.904494 0.022427 0.093633
0 0.046291 0.803371 0.021277 0.097378
