1 0.035441 0.051578 0.013899 0.061893
1 0.076789 0.039442 0.015983 0.057039
1 0.083739 0.138350 0.022933 0.063107
1 0.130299 0.045510 0.018763 0.054612
1 0.165393 0.089806 0.033356 0.092233
1 0.181723 0.164442 0.022933 0.057039
1 0.192842 0.094053 0.022933 0.061893
1 0.312717 0.213592 0.027797 0.060680
1 0.522238 0.300971 0.027102 0.067961
1 0.601807 0.368932 0.051425 0.148058
1 0.668520 0.442961 0.088951 0.245146
1 0.737318 0.473301 0.052814 0.160194
1 0.780751 0.522451 0.025712 0.069175
1 0.784920 0.456311 0.027102 0.067961
1 0.798819 0.935680 0.045170 0.048544
1 0.863447 0.549150 0.052120 0.139563
1 0.898541 0.527913 0.030577 0.080097
1 0.907922 0.940534 0.043780 0.041262
1 0.907922 0.961165 0.039611 0.038835
1 0.932245 0.578883 0.041001 0.106796
1 0.948228 0.665049 0.039611 0.131068
1 0.953787 0.964806 0.027102 0.031553
1 0.958304 0.944782 0.026407 0.032767
1 0.969076 0.504854 0.061849 0.104369
1 0.976372 0.983617 0.025017 0.035194
1 0.981584 0.947209 0.024322 0.032767
1 0.987144 0.908981 0.024322 0.026699
3 0.061154 0.665655 0.030577 0.035194
3 0.082001 0.587985 0.027797 0.035194
3 0.129256 0.709345 0.026407 0.035194
3 0.150799 0.948422 0.020848 0.044903
3 0.174774 0.646238 0.029882 0.035194
3 0.175122 0.839806 0.019458 0.046117
3 0.189020 0.956917 0.022238 0.054612
3 0.211605 0.844660 0.022933 0.053398
3 0.223072 0.601335 0.027797 0.066748
3 0.251216 0.464806 0.022933 0.050971
3 0.259903 0.416869 0.023628 0.059466
3 0.269979 0.566748 0.020153 0.046117
3 0.413482 0.796117 0.029187 0.036408
3 0.424253 0.896845 0.031272 0.050971
3 0.447186 0.827670 0.031272 0.043689
3 0.495830 0.873180 0.031272 0.047330
3 0.561501 0.960558 0.027797 0.047330
