1 0.013801 0.299250 0.026452 0.065666
1 0.052329 0.325516 0.031052 0.065666
1 0.057792 0.042214 0.031627 0.069418
1 0.089132 0.354597 0.032202 0.052533
1 0.122484 0.383677 0.032202 0.054409
1 0.163312 0.395872 0.037953 0.045028
1 0.165612 0.099437 0.027602 0.045028
1 0.168488 0.482176 0.025302 0.048780
1 0.181426 0.447467 0.010926 0.073171
1 0.225992 0.401501 0.031052 0.045028
1 0.280909 0.409944 0.036228 0.069418
1 0.357389 0.406191 0.028177 0.035647
1 0.397642 0.418386 0.031627 0.060038
1 0.423519 0.087242 0.032777 0.088180
1 0.429270 0.491557 0.013226 0.086304
1 0.453422 0.113508 0.031627 0.136961
1 0.460610 0.044090 0.027602 0.088180
1 0.460610 0.506567 0.013801 0.071295
1 0.469523 0.484991 0.012076 0.091932
1 0.526164 0.446529 0.026452 0.033771
1 0.604083 0.500000 0.007476 0.069418
1 0.627372 0.520638 0.012651 0.091932
1 0.676538 0.481238 0.040828 0.046904
1 0.678551 0.543152 0.029902 0.039400
1 0.711903 0.226079 0.031052 0.043152
1 0.729442 0.150094 0.020127 0.037523
1 0.731167 0.803002 0.039678 0.105066
1 0.741518 0.228893 0.025877 0.033771
1 0.809086 0.958724 0.023002 0.082552
1 0.810811 0.224203 0.034503 0.054409
1 0.816561 0.924953 0.025302 0.097561
1 0.843013 0.882739 0.026452 0.103189
1 0.853652 0.777674 0.025877 0.076923
1 0.886141 0.703565 0.032202 0.090056
1 0.915756 0.253283 0.027027 0.037523
1 0.925819 0.612570 0.032202 0.084428
3 0.138010 0.952158 0.023002 0.035647
3 0.167625 0.956848 0.024727 0.033771
3 0.240368 0.976548 0.021852 0.039400
3 0.300460 0.861163 0.012076 0.086304
