3 0.012741 0.550074 0.015538 0.029455
3 0.038533 0.707658 0.012430 0.027982
3 0.045991 0.765096 0.012430 0.029455
3 0.070230 0.915685 0.027346 0.021355
3 0.659416 0.009573 0.022374 0.017673
3 0.660659 0.022091 0.022374 0.016200
3 0.718769 0.011414 0.026725 0.019882
3 0.783095 0.914580 0.014916 0.029455
3 0.789621 0.866348 0.024239 0.019882
3 0.902113 0.069219 0.014295 0.026510
3 0.919204 0.185935 0.012430 0.030191
3 0.922933 0.090574 0.014916 0.029455
3 0.952455 0.015464 0.025482 0.016200
3 0.953698 0.029823 0.022996 0.016937
3 0.956184 0.042342 0.025482 0.015464
3 0.960224 0.054124 0.027346 0.018409
3 0.962088 0.070692 0.023617 0.014728
3 0.964574 0.097202 0.026103 0.016200
3 0.967993 0.114507 0.022996 0.019882
3 0.972965 0.139912 0.020510 0.011782
3 0.974518 0.153166 0.023617 0.017673
3 0.974518 0.184094 0.023617 0.016200
3 0.982287 0.900221 0.019267 0.018409
