0 0.018822 0.632384 0.020644 0.024911
0 0.023679 0.792171 0.020644 0.025623
0 0.030662 0.869395 0.021251 0.024911
0 0.047966 0.887544 0.020644 0.024199
0 0.051002 0.817794 0.021858 0.024199
0 0.066788 0.907829 0.021858 0.024911
0 0.073163 0.843060 0.026108 0.027758
0 0.086521 0.927758 0.022465 0.027758
0 0.095021 0.866904 0.022465 0.025623
0 0.101700 0.947331 0.023679 0.027046
0 0.115665 0.888256 0.022465 0.025623
0 0.118094 0.967972 0.022465 0.027046
0 0.132362 0.908185 0.020644 0.024199
0 0.134791 0.988968 0.020644 0.022064
0 0.153613 0.934520 0.021858 0.024199
0 0.983303 0.799288 0.013965 0.029893
