0 0.355964 0.974895 0.013959 0.010460
4 0.356916 0.462343 0.017132 0.023013
4 0.330901 0.497908 0.018401 0.010460
4 0.285850 0.512552 0.015863 0.009414
4 0.344226 0.469665 0.022208 0.031381
4 0.315673 0.479079 0.022208 0.030335
4 0.284581 0.486140 0.020939 0.025628
4 0.270622 0.492155 0.026015 0.035565
4 0.343274 0.538180 0.010152 0.011506
4 0.351840 0.533734 0.013325 0.017259
4 0.362310 0.531381 0.016497 0.018828
4 0.353109 0.559100 0.012056 0.014644
4 0.370876 0.552301 0.015863 0.019874
4 0.381345 0.550994 0.013959 0.017259
4 0.399746 0.545502 0.015228 0.019874
4 0.408629 0.541056 0.013959 0.018305
4 0.417195 0.538441 0.013325 0.017259
4 0.360406 0.489801 0.026650 0.013075
4 0.387373 0.453190 0.024746 0.035042
4 0.461929 0.523536 0.035533 0.017782
4 0.404822 0.450575 0.022843 0.030858
4 0.248414 0.412134 0.023477 0.031381
4 0.235406 0.416841 0.024112 0.031381
4 0.223985 0.428609 0.032995 0.043410
4 0.203680 0.388075 0.013959 0.015690
4 0.218909 0.383891 0.019036 0.023013
4 0.231916 0.380230 0.022208 0.029289
4 0.258883 0.370031 0.024112 0.031904
4 0.274112 0.367416 0.021574 0.027720
4 0.289023 0.363755 0.023477 0.027720
4 0.460025 0.436192 0.026650 0.036611
4 0.452094 0.460513 0.023477 0.014121
4 0.409581 0.473849 0.026015 0.014644
4 0.444797 0.437762 0.022843 0.030335
4 0.430838 0.441423 0.024112 0.033473
4 0.417830 0.445868 0.024746 0.031904
4 0.436548 0.532688 0.016497 0.020397
4 0.457805 0.512029 0.031091 0.017782
4 0.279188 0.402981 0.022843 0.031904
4 0.459708 0.700575 0.018401 0.026674
4 0.436231 0.708421 0.018401 0.025628
4 0.424810 0.709990 0.013325 0.016213
4 0.412437 0.683316 0.012690 0.015167
4 0.421954 0.681224 0.016497 0.020397
4 0.431472 0.679393 0.012690 0.017782
4 0.454949 0.672071 0.017766 0.021967
4 0.475254 0.665272 0.016497 0.020921
4 0.473350 0.766475 0.020305 0.025628
4 0.501586 0.757845 0.017132 0.023013
4 0.527919 0.754969 0.017766 0.024582
4 0.501586 0.782165 0.053934 0.026674
4 0.510470 0.810931 0.032360 0.017259
4 0.515228 0.821391 0.034264 0.018305
4 0.524746 0.843358 0.034264 0.018305
4 0.541878 0.885983 0.034264 0.018828
4 0.447652 0.705021 0.015863 0.023013
4 0.473668 0.695607 0.019670 0.026151
4 0.454315 0.501046 0.035533 0.017782
4 0.521256 0.696391 0.036168 0.017259
4 0.447018 0.491109 0.029822 0.015690
4 0.427665 0.510983 0.012690 0.013598
4 0.415926 0.514121 0.015863 0.018828
4 0.394353 0.521182 0.014594 0.018305
4 0.383566 0.524320 0.015863 0.019351
4 0.404822 0.597019 0.016497 0.020397
4 0.434962 0.587866 0.015863 0.019874
4 0.444480 0.584990 0.014594 0.017259
4 0.388325 0.633630 0.008883 0.013075
4 0.375635 0.605126 0.008883 0.010460
4 0.455901 0.608525 0.015863 0.020397
4 0.493972 0.597280 0.041244 0.019874
4 0.480964 0.572176 0.040609 0.020921
4 0.510152 0.650105 0.034264 0.016736
4 0.515863 0.661872 0.027919 0.015167
4 0.263325 0.407688 0.020305 0.029812
4 0.293782 0.399059 0.021574 0.029289
0 0.378173 0.967573 0.011421 0.010460
4 0.288388 0.131538 0.041244 0.019351
4 0.315355 0.166056 0.019036 0.026674
4 0.332805 0.158734 0.031091 0.033996
4 0.302030 0.169979 0.015228 0.021967
4 0.295368 0.179132 0.012056 0.014121
4 0.278871 0.180178 0.018401 0.023536
4 0.263959 0.183316 0.020305 0.028766
4 0.250000 0.186454 0.020305 0.025628
4 0.225254 0.200052 0.020305 0.026674
4 0.211929 0.201098 0.016497 0.022490
4 0.197335 0.204236 0.019036 0.025628
4 0.156726 0.217312 0.020305 0.027720
4 0.141180 0.222280 0.020939 0.028243
4 0.117703 0.229603 0.013325 0.017782
4 0.157678 0.291318 0.018401 0.025105
4 0.149746 0.313546 0.015228 0.018305
4 0.294734 0.144351 0.039975 0.023013
4 0.201777 0.315638 0.022843 0.031904
4 0.173223 0.328713 0.012690 0.016213
4 0.185279 0.282688 0.021574 0.025628
4 0.309962 0.395397 0.024746 0.032427
4 0.345812 0.231695 0.020305 0.026151
4 0.360089 0.259937 0.022208 0.029289
4 0.356282 0.340743 0.018401 0.024582
4 0.382297 0.333944 0.019670 0.024582
4 0.392766 0.329498 0.021574 0.027197
4 0.381662 0.369247 0.022208 0.030335
4 0.395305 0.366370 0.021574 0.027720
4 0.367703 0.376308 0.024746 0.031904
4 0.353109 0.379969 0.024746 0.032950
4 0.407360 0.359833 0.020305 0.027197
4 0.415292 0.338912 0.032360 0.044979
4 0.342957 0.346757 0.019670 0.026151
4 0.328680 0.349372 0.022843 0.030335
4 0.302030 0.355910 0.022843 0.027720
4 0.337563 0.383107 0.025381 0.031904
4 0.326142 0.391475 0.027919 0.035042
4 0.366117 0.236140 0.031726 0.045502
4 0.332170 0.234833 0.018401 0.021967
4 0.198604 0.278504 0.019036 0.024582
4 0.211929 0.275889 0.019036 0.025628
4 0.228109 0.304655 0.022208 0.029812
4 0.241434 0.299425 0.020939 0.029812
4 0.255711 0.295241 0.020305 0.028766
4 0.269353 0.290795 0.019670 0.026151
4 0.284264 0.286872 0.022843 0.030858
4 0.298541 0.283996 0.024746 0.032427
4 0.309645 0.276674 0.021574 0.028243
4 0.322970 0.271967 0.021574 0.027197
4 0.336612 0.269351 0.018401 0.024059
4 0.306789 0.245816 0.020939 0.026151
4 0.292513 0.249215 0.020305 0.026674
4 0.277602 0.252877 0.019670 0.023536
4 0.250952 0.260722 0.017132 0.023536
4 0.237944 0.265167 0.019036 0.024059
4 0.225888 0.269613 0.017766 0.022490
4 0.924492 0.849895 0.065990 0.014644
4 0.934645 0.833682 0.032995 0.009414
4 0.936231 0.824529 0.033629 0.009937
0 0.116117 0.574268 0.012690 0.008368
0 0.089784 0.584205 0.010787 0.007322
0 0.070431 0.589174 0.013959 0.008891
0 0.118338 0.537395 0.010787 0.010983
0 0.115165 0.532165 0.013325 0.012029
0 0.111041 0.520397 0.010152 0.009414
0 0.096764 0.492155 0.013325 0.012552
0 0.075190 0.547333 0.012056 0.006799
0 0.048858 0.561715 0.012690 0.010460
0 0.043782 0.550471 0.012690 0.010983
0 0.012373 0.521444 0.010787 0.012552
0 0.035533 0.533211 0.012690 0.012029
0 0.031726 0.528766 0.011421 0.011506
0 0.073287 0.535042 0.010787 0.006276
0 0.085977 0.538703 0.013325 0.007322
0 0.085660 0.532427 0.012690 0.005230
0 0.101206 0.578975 0.012056 0.007322
0 0.079315 0.642782 0.008883 0.010460
0 0.049492 0.491370 0.015228 0.006799
0 0.106282 0.596496 0.009518 0.013075
0 0.215102 0.662918 0.015228 0.006799
0 0.217640 0.669195 0.012690 0.007845
0 0.211294 0.653766 0.013959 0.007322
0 0.206853 0.644613 0.013959 0.007845
0 0.209074 0.648536 0.013325 0.007322
0 0.204315 0.634414 0.015228 0.008368
0 0.201777 0.629184 0.013959 0.008368
0 0.199556 0.623692 0.012056 0.007845
0 0.197335 0.619247 0.012690 0.008368
0 0.191942 0.604603 0.014594 0.008368
0 0.188769 0.600157 0.013325 0.006799
0 0.185914 0.589435 0.015228 0.008368
0 0.135470 0.588389 0.009518 0.011506
0 0.130393 0.590220 0.010787 0.012029
0 0.118655 0.593619 0.008883 0.012552
0 0.081536 0.526151 0.013325 0.006276
0 0.059010 0.475157 0.013959 0.004707
4 0.969860 0.822176 0.006980 0.016736
0 0.017132 0.321391 0.012690 0.012029
4 0.185279 0.186715 0.011421 0.007322
4 0.289657 0.168933 0.006980 0.004184
4 0.285850 0.173117 0.008249 0.007322
4 0.264911 0.141736 0.009518 0.005230
4 0.313135 0.235094 0.012056 0.012029
4 0.319480 0.247646 0.004442 0.006799
4 0.347716 0.270921 0.010152 0.010460
4 0.281409 0.347542 0.013325 0.010983
0 0.098350 0.733264 0.012690 0.008368
0 0.016180 0.591789 0.017132 0.008891
4 0.888008 0.757322 0.006980 0.014644
0 0.010470 0.374215 0.013325 0.005753
0 0.254124 0.757322 0.013325 0.007322
0 0.454632 0.907165 0.012056 0.008891
4 0.169416 0.351726 0.008883 0.009937
0 0.022208 0.332897 0.008883 0.009937
0 0.038071 0.472803 0.010152 0.005230
0 0.027602 0.343358 0.010787 0.010983
0 0.049810 0.458944 0.014594 0.006799
0 0.036802 0.463128 0.013959 0.006799
0 0.082170 0.457113 0.012056 0.011506
0 0.075190 0.445868 0.013325 0.012029
0 0.073287 0.440900 0.012056 0.010460
0 0.071066 0.435669 0.011421 0.010460
0 0.068845 0.429132 0.012056 0.010983
0 0.042195 0.441946 0.013325 0.006276
0 0.028553 0.446130 0.013959 0.006276
0 0.032360 0.425209 0.015228 0.006276
0 0.031726 0.419195 0.016497 0.005753
0 0.059645 0.414226 0.012690 0.010460
0 0.056472 0.405335 0.011421 0.011506
0 0.023794 0.407427 0.015863 0.007322
0 0.029505 0.350680 0.013325 0.013075
0 0.212881 0.659257 0.014594 0.007845
0 0.114530 0.698483 0.010787 0.010983
0 0.122145 0.711297 0.010787 0.011506
4 0.852792 0.132061 0.046954 0.014121
4 0.857234 0.041579 0.006345 0.015167
4 0.869289 0.037918 0.006345 0.015167
4 0.844543 0.040272 0.006345 0.013598
4 0.844226 0.020397 0.009518 0.017782
4 0.855964 0.020136 0.007614 0.014121
0 0.069480 0.064331 0.008249 0.010460
0 0.041561 0.120816 0.008249 0.010460
0 0.054251 0.116370 0.009518 0.009937
0 0.970178 0.007584 0.006345 0.009937
0 0.961929 0.152720 0.013959 0.009414
0 0.960343 0.161611 0.012056 0.009414
0 0.960343 0.182793 0.013325 0.009937
0 0.959391 0.199006 0.013959 0.010983
0 0.958439 0.258630 0.015863 0.012029
0 0.955266 0.304916 0.017132 0.011506
4 0.854695 0.117155 0.040609 0.015690
4 0.855330 0.149843 0.040609 0.014121
0 0.228744 0.693776 0.013325 0.006799
4 0.853744 0.179655 0.041244 0.013075
4 0.935914 0.759676 0.010152 0.023536
4 0.899746 0.758107 0.007614 0.014121
4 0.876586 0.759414 0.009518 0.024059
4 0.847398 0.574006 0.031091 0.009937
4 0.845495 0.559885 0.032360 0.009937
4 0.845178 0.539226 0.038071 0.010460
4 0.841053 0.500000 0.050127 0.013598
4 0.847398 0.485094 0.033629 0.010983
4 0.848033 0.449791 0.037437 0.010460
4 0.851206 0.408996 0.041244 0.011506
4 0.848668 0.377354 0.047589 0.015167
4 0.856916 0.351203 0.029822 0.008891
4 0.849937 0.320345 0.042513 0.012029
4 0.845495 0.271444 0.048858 0.018828
4 0.855964 0.205021 0.040609 0.011506
4 0.827728 0.149582 0.014594 0.009414
4 0.825190 0.178870 0.015863 0.009414
4 0.745876 0.253138 0.010787 0.018828
4 0.263325 0.153766 0.013959 0.014644
0 0.298541 0.848326 0.012056 0.005230
0 0.254759 0.841789 0.014594 0.007845
0 0.241751 0.836820 0.015228 0.009414
0 0.184327 0.811454 0.010787 0.010983
0 0.123096 0.847542 0.015228 0.005753
0 0.080584 0.845188 0.012690 0.005230
0 0.066624 0.845711 0.011421 0.005230
0 0.244289 0.814331 0.013959 0.008368
0 0.274429 0.807793 0.013325 0.006799
0 0.265228 0.786872 0.013959 0.006799
0 0.200508 0.796548 0.008883 0.010460
0 0.212246 0.793149 0.009518 0.010983
0 0.218274 0.791318 0.010152 0.010460
0 0.239848 0.727249 0.013959 0.007845
0 0.230013 0.698745 0.017132 0.008368
0 0.366751 0.849634 0.013959 0.004707
0 0.278553 0.935931 0.011421 0.010983
0 0.149746 0.962082 0.011421 0.010983
0 0.934962 0.557793 0.006980 0.012029
0 0.945114 0.433316 0.005711 0.010983
0 0.983185 0.434100 0.006980 0.013598
0 0.982234 0.466004 0.012690 0.005230
0 0.981599 0.489278 0.012690 0.005753
0 0.980330 0.520659 0.013959 0.005753
0 0.966371 0.555962 0.006345 0.012552
0 0.942893 0.602249 0.006345 0.008891
0 0.121510 0.928347 0.010787 0.011506
0 0.965419 0.609833 0.005711 0.010460
0 0.931472 0.632061 0.019036 0.013075
0 0.949556 0.667626 0.015863 0.004707
0 0.487627 0.994247 0.008249 0.010460
0 0.485723 0.981695 0.006980 0.011506
0 0.150698 0.983787 0.012056 0.011506
