3 0.011414 0.736726 0.021071 0.030973
3 0.014486 0.482301 0.020193 0.031858
3 0.017120 0.782743 0.027217 0.038053
3 0.017559 0.896903 0.031607 0.043363
3 0.017559 0.974336 0.019315 0.031858
3 0.018876 0.860619 0.027217 0.034513
3 0.025461 0.443805 0.022827 0.034513
3 0.027656 0.656637 0.016681 0.035398
3 0.029851 0.738053 0.022827 0.035398
3 0.032485 0.476991 0.021071 0.033628
3 0.033802 0.365929 0.020193 0.038053
3 0.039947 0.775221 0.023705 0.038938
3 0.042581 0.213274 0.020193 0.033628
3 0.049605 0.738053 0.023705 0.035398
3 0.053117 0.475664 0.021949 0.036283
3 0.054434 0.857965 0.028095 0.036283
3 0.061018 0.776106 0.027217 0.038938
3 0.081212 0.342920 0.023705 0.036283
3 0.177788 0.769469 0.021949 0.034513
3 0.186567 0.801327 0.020193 0.034513
3 0.202371 0.804425 0.020193 0.031858
3 0.217735 0.757965 0.026339 0.043363
3 0.234855 0.078761 0.037752 0.024779
3 0.244513 0.801327 0.023705 0.034513
3 0.246708 0.688053 0.019315 0.034513
3 0.262511 0.802655 0.026339 0.037168
3 0.320018 0.794248 0.023705 0.036283
3 0.369622 0.669469 0.017559 0.032743
3 0.392450 0.069027 0.029851 0.017699
