0 0.597073 0.075736 0.011350 0.008574
4 0.089008 0.280937 0.010753 0.010289
4 0.699821 0.822949 0.025687 0.015719
4 0.684289 0.824235 0.035245 0.021149
4 0.676822 0.830094 0.022700 0.014576
4 0.636798 0.756073 0.025090 0.016862
4 0.627240 0.759217 0.020311 0.014004
4 0.627539 0.777651 0.018519 0.013147
4 0.642772 0.772649 0.021505 0.014004
4 0.656810 0.772078 0.029271 0.016862
4 0.694444 0.759646 0.019713 0.012575
4 0.705795 0.739926 0.020908 0.013718
4 0.714456 0.736210 0.023895 0.015433
4 0.727897 0.732066 0.024492 0.016290
4 0.721924 0.755073 0.026882 0.016576
4 0.678913 0.746213 0.022103 0.014290
4 0.637395 0.696485 0.025090 0.015433
4 0.652927 0.693770 0.027479 0.018577
4 0.678315 0.691626 0.036440 0.024578
4 0.709677 0.820234 0.021505 0.014861
4 0.693548 0.845241 0.026284 0.016290
4 0.701314 0.840955 0.019116 0.012861
4 0.794803 0.817376 0.019713 0.013147
4 0.787037 0.898685 0.020908 0.013432
4 0.771505 0.903401 0.019713 0.012575
4 0.763441 0.907259 0.026284 0.017434
4 0.742533 0.889254 0.028674 0.019720
4 0.789427 0.801229 0.020908 0.013432
4 0.804361 0.797085 0.018519 0.011432
4 0.821087 0.812375 0.020908 0.013432
4 0.779271 0.822092 0.020908 0.014004
4 0.717145 0.837668 0.019713 0.012575
4 0.779271 0.802801 0.017324 0.010860
4 0.761350 0.807231 0.020908 0.013432
4 0.753286 0.810803 0.019116 0.013718
4 0.738650 0.814804 0.022103 0.013718
4 0.727300 0.816805 0.022103 0.013718
4 0.744922 0.832381 0.025090 0.016290
4 0.727001 0.835239 0.016726 0.012289
4 0.100657 0.280366 0.010155 0.011432
4 0.075568 0.281080 0.010155 0.011146
4 0.769415 0.884110 0.026284 0.016290
4 0.062724 0.281366 0.010753 0.010574
4 0.179809 0.230923 0.008363 0.008574
4 0.157109 0.245785 0.008363 0.010289
4 0.155317 0.233352 0.008363 0.007145
4 0.139188 0.233067 0.010753 0.009431
4 0.144863 0.246928 0.012545 0.013718
4 0.132019 0.247213 0.011947 0.012003
4 0.113202 0.233781 0.008961 0.010289
4 0.117384 0.248642 0.010155 0.011432
4 0.105436 0.249071 0.013740 0.012861
4 0.103047 0.235067 0.008961 0.010003
4 0.088411 0.236639 0.009558 0.008002
4 0.078853 0.236353 0.007168 0.008574
4 0.080645 0.250357 0.011947 0.013147
4 0.053465 0.251215 0.014934 0.015433
4 0.043011 0.203058 0.009558 0.009431
4 0.045998 0.215061 0.008363 0.009431
4 0.068996 0.213918 0.007766 0.008288
4 0.182796 0.244498 0.011947 0.014004
4 0.194444 0.244356 0.012545 0.013718
4 0.205795 0.229065 0.007766 0.008288
4 0.168459 0.292512 0.014337 0.014576
4 0.065114 0.297085 0.013142 0.016862
4 0.081243 0.299371 0.013142 0.016862
4 0.155615 0.292226 0.011350 0.011718
4 0.131422 0.294513 0.010753 0.011146
4 0.140681 0.278508 0.011350 0.011718
4 0.152031 0.277794 0.010155 0.012003
4 0.166069 0.276936 0.010753 0.010289
4 0.180406 0.290797 0.010753 0.011718
4 0.215054 0.228780 0.008363 0.008860
4 0.177419 0.276365 0.011947 0.012575
4 0.192652 0.275793 0.008961 0.009717
4 0.202808 0.274364 0.010155 0.009717
4 0.216846 0.274507 0.009558 0.008288
4 0.227300 0.272792 0.008961 0.010574
4 0.230884 0.238497 0.008961 0.008288
4 0.254182 0.229780 0.014934 0.004573
4 0.799881 0.897971 0.023895 0.015433
4 0.781959 0.883252 0.020311 0.012861
4 0.074373 0.200915 0.007766 0.008002
4 0.581243 0.902258 0.014337 0.008574
4 0.462963 0.246642 0.020311 0.005716
4 0.456691 0.233638 0.013740 0.003715
4 0.448925 0.229065 0.014934 0.004287
4 0.448626 0.226065 0.016726 0.004573
4 0.423536 0.230494 0.017921 0.004287
4 0.457885 0.236496 0.019713 0.004859
4 0.427419 0.236210 0.022103 0.005430
4 0.540621 0.695627 0.034648 0.024007
4 0.557945 0.690197 0.043011 0.026293
4 0.565412 0.715919 0.031661 0.021149
4 0.595281 0.708917 0.026882 0.019148
4 0.588411 0.687625 0.020311 0.013718
4 0.597372 0.679766 0.034648 0.022006
4 0.614695 0.674907 0.035842 0.023721
4 0.635006 0.676336 0.022700 0.014004
4 0.649343 0.675765 0.015532 0.010003
4 0.637993 0.656473 0.040621 0.025150
4 0.463859 0.249643 0.018519 0.004859
4 0.466249 0.252501 0.016129 0.004859
4 0.470131 0.254930 0.015532 0.004001
4 0.434886 0.252072 0.014337 0.004001
4 0.483572 0.280223 0.014934 0.004287
4 0.483274 0.277222 0.014337 0.004001
4 0.404421 0.260789 0.009558 0.009431
4 0.397849 0.262075 0.009558 0.009145
4 0.388889 0.263075 0.010753 0.008860
4 0.385006 0.251072 0.010155 0.007716
4 0.431302 0.249357 0.015532 0.003715
4 0.437575 0.255073 0.014934 0.004287
4 0.472521 0.257788 0.017921 0.004001
4 0.439367 0.257931 0.017324 0.004859
4 0.450717 0.262932 0.017324 0.004001
4 0.448029 0.269363 0.009558 0.007716
4 0.453704 0.270649 0.006571 0.007431
4 0.466547 0.270077 0.007168 0.008002
4 0.472222 0.267791 0.008961 0.006859
4 0.472521 0.260932 0.019116 0.004573
4 0.599164 0.897256 0.014337 0.008860
4 0.592294 0.912404 0.014934 0.009431
4 0.839606 0.888111 0.024492 0.016862
4 0.602151 0.907688 0.014337 0.008574
4 0.674731 0.945270 0.017324 0.011146
4 0.700119 0.939983 0.014337 0.008574
4 0.706989 0.937696 0.017324 0.010289
4 0.663082 0.958702 0.032258 0.010574
4 0.696237 0.950414 0.022103 0.008288
4 0.847372 0.917834 0.018519 0.006573
4 0.846774 0.922978 0.053166 0.018005
4 0.887694 0.913547 0.016726 0.006002
4 0.872162 0.858245 0.025090 0.015433
4 0.891278 0.874107 0.019116 0.012289
4 0.873955 0.876536 0.017921 0.011432
4 0.865293 0.880537 0.023297 0.014290
4 0.847670 0.883252 0.017921 0.011718
4 0.857527 0.862532 0.018519 0.011432
4 0.849462 0.865962 0.020311 0.013147
4 0.832139 0.868963 0.019116 0.012289
4 0.824074 0.872392 0.019713 0.014004
4 0.667563 0.948128 0.013740 0.009431
4 0.659200 0.950272 0.013740 0.008574
4 0.650836 0.951986 0.016129 0.010289
4 0.655317 0.882824 0.014337 0.009145
4 0.609020 0.905402 0.013740 0.009145
4 0.607527 0.894827 0.016726 0.009717
4 0.617384 0.903830 0.013740 0.008860
4 0.625149 0.901543 0.011350 0.007145
4 0.633811 0.899400 0.013142 0.008002
4 0.630824 0.888968 0.014337 0.008860
4 0.646356 0.884967 0.013142 0.008860
4 0.672342 0.889683 0.013740 0.008002
4 0.638889 0.952987 0.016129 0.010574
4 0.609916 0.928122 0.014337 0.009431
4 0.645161 0.919548 0.014337 0.008860
4 0.660693 0.916262 0.013142 0.008002
4 0.692354 0.907974 0.014337 0.008574
4 0.677419 0.911546 0.014337 0.009431
4 0.684588 0.918834 0.033453 0.010860
4 0.643369 0.929980 0.032258 0.012003
4 0.065412 0.202344 0.007766 0.009145
4 0.084827 0.200343 0.008363 0.008574
4 0.753883 0.981566 0.020311 0.014576
4 0.480585 0.712489 0.014934 0.009145
4 0.516428 0.819234 0.026882 0.009431
4 0.483871 0.815233 0.017921 0.012289
4 0.500000 0.814518 0.013142 0.008002
4 0.502091 0.766791 0.016129 0.010860
4 0.488650 0.769506 0.017921 0.011146
4 0.480287 0.772506 0.016726 0.011432
4 0.449522 0.784367 0.025687 0.016862
4 0.521505 0.748214 0.014337 0.009145
4 0.511649 0.749071 0.013740 0.008574
4 0.497312 0.751358 0.019713 0.013147
4 0.488650 0.754215 0.015532 0.009145
4 0.476105 0.758360 0.016726 0.010003
4 0.452808 0.762789 0.019116 0.012003
4 0.443847 0.766076 0.019116 0.012289
4 0.431900 0.769363 0.016726 0.011432
4 0.445341 0.707059 0.014934 0.009145
4 0.456989 0.702629 0.017921 0.011718
4 0.506571 0.809803 0.016726 0.010574
4 0.517921 0.806087 0.021505 0.013432
4 0.528973 0.804087 0.017324 0.010574
4 0.563023 0.837382 0.014934 0.009145
4 0.550179 0.874821 0.014337 0.008574
4 0.557348 0.849671 0.013142 0.008002
4 0.588710 0.841812 0.012545 0.007716
4 0.611410 0.835810 0.013740 0.008860
4 0.594982 0.829094 0.014337 0.009145
4 0.578554 0.833095 0.014934 0.009145
4 0.568996 0.834095 0.014934 0.010003
4 0.554361 0.839383 0.014337 0.009145
4 0.541816 0.800943 0.015532 0.008860
4 0.547491 0.841383 0.014934 0.009145
4 0.539128 0.843670 0.012545 0.008574
4 0.531959 0.845241 0.014934 0.009431
4 0.520609 0.848242 0.013740 0.008574
4 0.572879 0.793227 0.015532 0.009431
4 0.559438 0.793084 0.025687 0.016005
4 0.551374 0.799228 0.015532 0.009431
4 0.466249 0.700200 0.013740 0.008574
4 0.471924 0.715919 0.020311 0.013718
4 0.594385 0.865104 0.011947 0.008574
4 0.458483 0.718205 0.016129 0.010289
4 0.512246 0.619034 0.038829 0.013718
4 0.448327 0.718920 0.013740 0.008860
4 0.436081 0.723492 0.015532 0.009431
4 0.412186 0.728065 0.014337 0.008860
4 0.404122 0.731781 0.017324 0.010574
4 0.391876 0.721063 0.015532 0.009717
4 0.376643 0.721349 0.022103 0.014290
4 0.404421 0.679194 0.032258 0.012289
4 0.436081 0.602458 0.044205 0.027436
4 0.411888 0.579737 0.031661 0.019720
4 0.385305 0.556730 0.027479 0.017148
4 0.356332 0.534581 0.042413 0.026579
4 0.562425 0.872249 0.014934 0.009145
4 0.561231 0.885253 0.012545 0.007716
4 0.094982 0.199771 0.007168 0.008002
4 0.096774 0.135039 0.008363 0.008288
4 0.220430 0.204773 0.007168 0.007716
4 0.230287 0.203201 0.010155 0.009145
4 0.217443 0.192912 0.008363 0.008574
4 0.237455 0.192198 0.006571 0.007145
4 0.250000 0.192055 0.007766 0.006859
4 0.241935 0.166762 0.009558 0.008860
4 0.202509 0.170334 0.008363 0.009145
4 0.189964 0.170763 0.009558 0.008288
4 0.160693 0.171620 0.008363 0.008288
4 0.140084 0.173621 0.006571 0.008288
4 0.068698 0.179051 0.008363 0.009431
4 0.059140 0.179051 0.008363 0.008288
4 0.036440 0.179480 0.008363 0.009145
4 0.104540 0.167191 0.016726 0.004001
4 0.044205 0.167762 0.009558 0.006859
4 0.062127 0.137325 0.009558 0.008860
4 0.071386 0.136753 0.006571 0.007716
4 0.255078 0.213204 0.009558 0.008574
4 0.210573 0.204773 0.007766 0.008860
4 0.200119 0.206773 0.008363 0.008288
4 0.146356 0.196771 0.007168 0.008288
4 0.088411 0.213347 0.009558 0.011146
4 0.098268 0.211775 0.008961 0.009145
4 0.108124 0.210775 0.009558 0.009431
4 0.117682 0.210632 0.008363 0.008574
4 0.129032 0.210346 0.009558 0.009145
4 0.135305 0.197342 0.008961 0.008860
4 0.139188 0.210632 0.008363 0.009145
4 0.148746 0.208917 0.009558 0.010289
4 0.197431 0.194055 0.007766 0.008574
4 0.159200 0.208345 0.007766 0.008002
4 0.155914 0.196485 0.007168 0.009431
4 0.166667 0.196199 0.009558 0.009431
4 0.180108 0.207345 0.008961 0.010003
4 0.190860 0.206916 0.007766 0.009145
4 0.177121 0.196628 0.006571 0.008002
4 0.187873 0.195484 0.007766 0.006859
4 0.079749 0.136182 0.008961 0.007145
4 0.147252 0.132038 0.010155 0.008002
4 0.571983 0.882395 0.016129 0.010003
4 0.216547 0.136468 0.018519 0.003144
4 0.078256 0.118462 0.008363 0.007716
4 0.060633 0.119177 0.006571 0.007431
4 0.075568 0.108602 0.008961 0.008002
4 0.643967 0.865104 0.014337 0.009145
4 0.636201 0.866390 0.014337 0.010003
4 0.633214 0.854673 0.014337 0.009431
4 0.617384 0.858674 0.014934 0.009431
4 0.601852 0.862675 0.012545 0.007716
4 0.581243 0.844670 0.013142 0.008288
4 0.611111 0.763504 0.019116 0.012289
4 0.599761 0.766933 0.026284 0.016862
4 0.524492 0.761360 0.017921 0.011432
4 0.511947 0.765504 0.015532 0.009431
4 0.595579 0.876679 0.013142 0.007716
4 0.587814 0.877536 0.014337 0.009431
4 0.578256 0.879680 0.013142 0.008574
4 0.094385 0.117605 0.008363 0.007716
4 0.067503 0.092598 0.007168 0.005716
4 0.097670 0.090740 0.007766 0.007716
4 0.142772 0.104887 0.008363 0.007431
4 0.197730 0.130466 0.009558 0.008288
4 0.229092 0.111603 0.007766 0.008860
4 0.203704 0.110746 0.008363 0.007716
4 0.195639 0.111318 0.007766 0.007145
4 0.201314 0.101600 0.008363 0.007716
4 0.193847 0.102029 0.007766 0.007431
4 0.162186 0.113461 0.007766 0.007431
4 0.142174 0.078880 0.007168 0.006859
4 0.110514 0.081023 0.008363 0.007145
4 0.221924 0.083738 0.007766 0.008002
4 0.173536 0.077165 0.007766 0.006859
4 0.151434 0.053587 0.007766 0.007145
4 0.200119 0.060160 0.008363 0.007716
4 0.197431 0.051300 0.007766 0.006573
4 0.166965 0.052729 0.007766 0.006002
4 0.068698 0.068019 0.008363 0.006859
4 0.483274 0.283224 0.017921 0.004573
0 0.910992 0.435982 0.009558 0.005430
0 0.256571 0.926550 0.011350 0.003430
0 0.331243 0.958131 0.013740 0.003715
0 0.324074 0.955845 0.011350 0.003144
0 0.315711 0.950700 0.013740 0.003144
0 0.307646 0.948414 0.014337 0.003715
0 0.301075 0.946413 0.014337 0.003715
0 0.342891 0.946842 0.013142 0.006288
0 0.375747 0.916976 0.013142 0.006573
0 0.362903 0.916690 0.010155 0.005430
0 0.362007 0.909260 0.010753 0.006002
0 0.305556 0.905830 0.014934 0.003144
0 0.275090 0.889397 0.014934 0.007431
0 0.261051 0.886396 0.013142 0.006573
0 0.190860 0.858531 0.010155 0.005144
0 0.192951 0.854244 0.010753 0.005144
0 0.292712 0.941126 0.014337 0.003430
0 0.306452 0.935839 0.013142 0.005430
0 0.277479 0.936553 0.012545 0.003430
0 0.337216 0.960417 0.012545 0.004287
0 0.350358 0.965562 0.013740 0.003715
0 0.441756 0.954558 0.011350 0.006288
0 0.906213 0.934981 0.011947 0.007716
0 0.956989 0.881966 0.011947 0.006859
0 0.912186 0.840097 0.011947 0.005430
1 0.964755 0.889683 0.016726 0.009717
1 0.985066 0.975279 0.025090 0.007716
0 0.928017 0.928408 0.011350 0.006573
0 0.920251 0.930123 0.011350 0.006573
0 0.912784 0.931695 0.010753 0.006859
0 0.882915 0.939125 0.009558 0.005716
0 0.514636 0.955130 0.012545 0.005144
1 0.480884 0.574736 0.017921 0.006288
0 0.482676 0.577736 0.013142 0.004287
0 0.508961 0.894970 0.016726 0.006002
0 0.443847 0.970706 0.014337 0.005430
0 0.437873 0.964704 0.015532 0.007145
0 0.400239 0.989568 0.013142 0.003715
0 0.379331 0.979708 0.011947 0.004001
0 0.267025 0.931123 0.015532 0.004001
0 0.274492 0.924264 0.012545 0.005716
0 0.957587 0.808945 0.009558 0.006002
0 0.232676 0.916976 0.011350 0.003715
0 0.336619 0.739211 0.012545 0.004859
0 0.330346 0.734924 0.014337 0.005430
0 0.311828 0.722778 0.011947 0.007431
0 0.169355 0.778508 0.016129 0.005144
0 0.131720 0.753930 0.013740 0.005144
4 0.117682 0.757502 0.015532 0.006002
1 0.066308 0.706488 0.019116 0.007431
0 0.050179 0.716490 0.013142 0.005144
0 0.052270 0.712775 0.014934 0.005716
0 0.126344 0.698342 0.010155 0.006002
0 0.094086 0.699914 0.013740 0.006859
0 0.066906 0.681623 0.009558 0.004573
0 0.069295 0.678622 0.011947 0.004859
0 0.096774 0.659331 0.014337 0.005144
0 0.193250 0.667619 0.010155 0.005716
0 0.210872 0.663618 0.010753 0.006859
0 0.216249 0.662046 0.010753 0.007145
0 0.370370 0.770506 0.015532 0.005716
0 0.374851 0.773650 0.014934 0.005716
0 0.163082 0.820949 0.005974 0.006002
0 0.092294 0.863247 0.013740 0.006573
0 0.226404 0.914547 0.013142 0.003430
0 0.215352 0.909117 0.016129 0.004001
0 0.200717 0.904687 0.011947 0.003144
0 0.190860 0.899971 0.013740 0.004001
0 0.138292 0.878680 0.017324 0.004287
0 0.122162 0.874393 0.016129 0.004287
0 0.109020 0.869534 0.013740 0.003715
0 0.098566 0.855673 0.011947 0.005716
0 0.228495 0.839383 0.010155 0.005716
0 0.078853 0.856959 0.014337 0.006573
0 0.107228 0.837954 0.013740 0.004573
0 0.043309 0.848385 0.008961 0.006002
1 0.463859 0.990997 0.030466 0.014576
1 0.313023 0.880680 0.027479 0.013432
1 0.122162 0.826236 0.014934 0.009145
0 0.095878 0.835239 0.013740 0.005430
0 0.911290 0.803944 0.013740 0.005144
0 0.877240 0.810517 0.012545 0.005144
0 0.227897 0.659331 0.010155 0.006288
0 0.785544 0.362961 0.015532 0.005144
0 0.959080 0.253072 0.005376 0.005430
0 0.932198 0.281509 0.005376 0.006288
0 0.788829 0.253072 0.011350 0.003144
0 0.785842 0.256788 0.012545 0.003715
0 0.811828 0.260789 0.005974 0.005430
0 0.803763 0.260360 0.005376 0.006288
0 0.891577 0.289654 0.006571 0.004287
0 0.861410 0.303515 0.010753 0.003430
0 0.987157 0.323807 0.013740 0.003430
0 0.971326 0.325950 0.011947 0.003715
0 0.956691 0.327951 0.013740 0.002572
0 0.835723 0.292512 0.010753 0.002572
0 0.744026 0.314518 0.012545 0.003144
0 0.760753 0.325522 0.013740 0.004573
0 0.747611 0.328522 0.013740 0.004287
0 0.764636 0.331095 0.011947 0.006002
0 0.796894 0.372249 0.011947 0.004287
0 0.958483 0.243641 0.006571 0.006002
0 0.978495 0.238068 0.013142 0.003430
0 0.949522 0.221921 0.006571 0.006002
0 0.904719 0.074879 0.012545 0.003430
4 0.220430 0.244927 0.015532 0.015433
0 0.314815 0.018434 0.009558 0.002572
0 0.301374 0.002715 0.010155 0.004859
0 0.874851 0.173907 0.006571 0.006573
1 0.576165 0.079594 0.013740 0.011718
0 0.583035 0.088883 0.009558 0.007431
0 0.901732 0.061732 0.014934 0.007431
0 0.886499 0.065304 0.013142 0.003715
0 0.959080 0.220206 0.013740 0.006002
0 0.906810 0.182338 0.010753 0.002858
0 0.915472 0.174193 0.013740 0.003144
0 0.951016 0.240783 0.007168 0.006573
0 0.951613 0.247071 0.007168 0.006573
0 0.951613 0.254501 0.007168 0.005430
0 0.983871 0.218634 0.010753 0.003430
0 0.978196 0.222921 0.011350 0.002858
0 0.799881 0.366105 0.008363 0.005144
0 0.780466 0.354387 0.012545 0.004573
0 0.874253 0.806802 0.012545 0.005716
0 0.773297 0.340955 0.010155 0.006288
0 0.846774 0.520292 0.011350 0.004287
0 0.846774 0.517005 0.012545 0.005144
0 0.768519 0.541012 0.014934 0.006288
0 0.879928 0.527151 0.007168 0.004859
0 0.830048 0.612318 0.011350 0.002572
0 0.670550 0.625036 0.008961 0.005144
0 0.730585 0.649900 0.015532 0.005716
0 0.709080 0.663332 0.011947 0.004001
0 0.721326 0.675050 0.011350 0.004573
0 0.729689 0.682909 0.011350 0.004859
0 0.740741 0.688054 0.010753 0.004859
0 0.764934 0.676336 0.012545 0.005430
0 0.750000 0.693770 0.013740 0.005430
0 0.759259 0.706059 0.014337 0.004287
0 0.767025 0.712346 0.015532 0.005430
0 0.772103 0.718062 0.011350 0.003715
0 0.869176 0.804230 0.010753 0.005144
0 0.851553 0.522149 0.012545 0.004001
0 0.849462 0.526293 0.011947 0.004859
0 0.850060 0.529580 0.011947 0.005144
0 0.791517 0.439554 0.011947 0.002286
0 0.816308 0.385396 0.012545 0.006002
4 0.922043 0.335667 0.008961 0.007145
1 0.992832 0.424121 0.013142 0.007431
0 0.987157 0.413118 0.012545 0.006573
0 0.924134 0.453558 0.013142 0.006859
0 0.866786 0.407545 0.011947 0.005144
0 0.788829 0.413833 0.011350 0.005716
0 0.819892 0.446985 0.008961 0.006288
0 0.770012 0.491855 0.013142 0.004001
0 0.837216 0.464276 0.014934 0.004287
0 0.792115 0.470849 0.007168 0.004859
0 0.806153 0.473707 0.013740 0.003715
0 0.841099 0.474564 0.010753 0.003144
0 0.834229 0.497571 0.012545 0.004573
0 0.831541 0.494856 0.014337 0.004287
0 0.769415 0.488854 0.011947 0.003715
0 0.222222 0.660617 0.009558 0.006573
0 0.272401 0.647757 0.010753 0.006002
4 0.065711 0.059017 0.007168 0.007145
0 0.404122 0.041012 0.011350 0.004859
0 0.234170 0.006859 0.009558 0.005716
0 0.229689 0.004287 0.011350 0.006288
0 0.240143 0.017576 0.011947 0.006002
0 0.330048 0.183338 0.012545 0.003144
0 0.286141 0.167905 0.013142 0.003144
0 0.326464 0.173907 0.011350 0.002572
0 0.469833 0.128608 0.011350 0.005716
0 0.442951 0.116605 0.010155 0.005144
0 0.404122 0.120463 0.012545 0.003715
0 0.436679 0.097599 0.010753 0.005430
0 0.466846 0.090169 0.010155 0.006002
0 0.419654 0.062875 0.013740 0.005716
0 0.401434 0.038440 0.011947 0.004859
0 0.402330 0.034724 0.011350 0.004287
0 0.294803 0.082452 0.013740 0.003715
0 0.359319 0.042869 0.013740 0.003430
0 0.366786 0.064733 0.011947 0.003715
0 0.273596 0.019577 0.007168 0.006002
0 0.377539 0.003144 0.016726 0.003430
0 0.321983 0.030723 0.014337 0.003715
0 0.354241 0.020720 0.011947 0.002572
0 0.373357 0.041583 0.011947 0.003715
0 0.370968 0.039154 0.010753 0.003430
0 0.370072 0.036010 0.012545 0.003430
0 0.369176 0.032438 0.011947 0.003144
0 0.356930 0.030437 0.011350 0.003144
0 0.355735 0.027579 0.011350 0.002572
0 0.354540 0.024007 0.011350 0.002858
0 0.366786 0.020292 0.011947 0.002858
0 0.254779 0.045727 0.005376 0.005144
0 0.354241 0.018434 0.010753 0.003144
0 0.332736 0.078880 0.011947 0.002858
0 0.332139 0.076450 0.011947 0.003144
0 0.332139 0.073164 0.014337 0.003430
0 0.335125 0.069591 0.014337 0.003715
0 0.281959 0.050586 0.007168 0.005144
0 0.273596 0.050300 0.007168 0.005144
0 0.405914 0.054158 0.012545 0.005430
0 0.367085 0.023435 0.012545 0.003430
0 0.360812 0.045870 0.010753 0.002572
0 0.254779 0.039154 0.006571 0.005716
4 0.977599 0.983567 0.012545 0.004859
4 0.967742 0.990283 0.016726 0.008574
4 0.974612 0.987854 0.016129 0.008860
4 0.955496 0.992284 0.020908 0.012575
4 0.945341 0.994856 0.019713 0.010289
4 0.364098 0.689483 0.032855 0.011718
4 0.353943 0.684767 0.019713 0.006859
4 0.195341 0.289368 0.010753 0.010574
4 0.076762 0.212775 0.011350 0.010003
4 0.126045 0.197914 0.009558 0.009431
4 0.099462 0.175765 0.011350 0.010289
4 0.037336 0.139468 0.007766 0.008002
4 0.051971 0.101029 0.009558 0.003144
4 0.058244 0.093027 0.008961 0.007145
4 0.212664 0.050157 0.009558 0.008288
4 0.182796 0.052444 0.009558 0.007145
4 0.128136 0.055587 0.007766 0.006573
4 0.746416 0.749214 0.025687 0.015719
4 0.766428 0.767219 0.031063 0.018577
4 0.811828 0.690626 0.017921 0.007145
4 0.852449 0.604030 0.019116 0.004859
0 0.318996 0.027294 0.014337 0.003144
0 0.318996 0.022006 0.014337 0.003430
0 0.297192 0.017434 0.006571 0.005716
4 0.429211 0.246928 0.013740 0.005144
4 0.424731 0.244498 0.013142 0.003715
4 0.848268 0.585882 0.019116 0.004001
4 0.842294 0.590597 0.017921 0.004287
4 0.842593 0.608888 0.017324 0.004859
4 0.807945 0.686482 0.018519 0.006859
4 0.857527 0.690483 0.024492 0.007431
4 0.854540 0.682909 0.022103 0.004859
4 0.857527 0.677908 0.018519 0.005144
4 0.851254 0.668905 0.019116 0.006002
4 0.794205 0.671620 0.019713 0.007431
4 0.800179 0.680051 0.016129 0.006002
4 0.803465 0.683481 0.016726 0.006573
0 0.359618 0.039440 0.010753 0.002858
0 0.373357 0.048442 0.015532 0.003715
0 0.304958 0.639468 0.010155 0.007145
0 0.325866 0.151758 0.006571 0.006288
0 0.347073 0.198485 0.011947 0.003144
0 0.295102 0.199057 0.013142 0.003715
0 0.293907 0.193055 0.013142 0.003715
0 0.291517 0.187625 0.011947 0.003144
0 0.290323 0.184481 0.016726 0.003715
0 0.288829 0.179194 0.014934 0.003430
0 0.288829 0.176050 0.014934 0.003430
0 0.286738 0.171049 0.016726 0.003715
1 0.301971 0.317233 0.017324 0.021720
1 0.555556 0.162761 0.013142 0.011718
0 0.393668 0.175050 0.010753 0.003144
0 0.390980 0.165476 0.013740 0.004001
0 0.384707 0.156330 0.014337 0.003430
0 0.404719 0.152329 0.013740 0.003430
0 0.373059 0.149043 0.007766 0.006573
0 0.359916 0.150186 0.006571 0.004859
0 0.353345 0.150186 0.006571 0.006573
0 0.338411 0.205487 0.012545 0.003430
0 0.309438 0.215061 0.010753 0.003144
0 0.333035 0.186339 0.014934 0.003430
0 0.310633 0.218062 0.011947 0.002858
0 0.226404 0.641469 0.007168 0.006002
0 0.219833 0.642469 0.008363 0.008002
4 0.225806 0.598885 0.015532 0.006002
0 0.243130 0.585310 0.011947 0.004573
0 0.238053 0.587311 0.010155 0.004001
0 0.231481 0.588597 0.014934 0.006002
0 0.310932 0.224064 0.012545 0.003430
0 0.385603 0.220920 0.014934 0.005716
0 0.332736 0.189769 0.013142 0.002858
0 0.338710 0.208488 0.011947 0.002572
0 0.328554 0.180194 0.011947 0.003144
0 0.326762 0.177193 0.011947 0.002858
0 0.326762 0.167619 0.011947 0.003144
0 0.327061 0.170906 0.012545 0.002858
0 0.339904 0.173335 0.013142 0.003144
0 0.342891 0.176336 0.011947 0.002858
0 0.333333 0.151472 0.007168 0.005144
0 0.319892 0.152615 0.006571 0.005716
0 0.376941 0.057874 0.014337 0.003715
0 0.313321 0.152329 0.006571 0.005716
0 0.436977 0.091598 0.011350 0.005430
0 0.393668 0.085882 0.009558 0.002572
0 0.393967 0.080594 0.012545 0.002858
0 0.515233 0.030151 0.012545 0.006002
0 0.498805 0.015433 0.010753 0.005716
0 0.447133 0.052729 0.014934 0.004859
0 0.451613 0.038582 0.014337 0.004573
0 0.447133 0.028294 0.016129 0.005144
1 0.405018 0.020006 0.015532 0.006288
0 0.396655 0.019434 0.013142 0.005716
0 0.406213 0.023435 0.010753 0.004573
0 0.408303 0.025579 0.012545 0.005430
0 0.411290 0.028437 0.012545 0.005430
0 0.379630 0.067734 0.011350 0.002858
0 0.378136 0.064018 0.011947 0.002858
0 0.380526 0.061017 0.011947 0.003144
0 0.367682 0.061446 0.011350 0.002858
0 0.443847 0.097171 0.011947 0.005716
0 0.460573 0.096313 0.011947 0.005716
0 0.453405 0.091455 0.011947 0.006288
0 0.408303 0.139183 0.011350 0.003430
0 0.307945 0.153901 0.006571 0.006002
0 0.447133 0.129894 0.011350 0.005430
0 0.453405 0.128608 0.010753 0.005144
0 0.482378 0.114175 0.011350 0.007145
0 0.459379 0.109746 0.010753 0.006288
0 0.452509 0.109317 0.011350 0.006573
0 0.444146 0.110317 0.010155 0.006288
0 0.406213 0.132752 0.014337 0.003715
0 0.444743 0.091169 0.011350 0.005716
0 0.416965 0.128465 0.013142 0.006002
0 0.400836 0.116891 0.013142 0.004001
0 0.399044 0.110746 0.014337 0.003715
0 0.399940 0.107173 0.011350 0.003430
0 0.396356 0.101458 0.012545 0.002858
0 0.395759 0.095170 0.013740 0.002858
0 0.395161 0.092169 0.011350 0.002572
