4 0.136090 0.918351 0.006805 0.009331
4 0.202303 0.835925 0.007328 0.009331
4 0.153756 0.870918 0.008113 0.011664
0 0.070008 0.818429 0.004973 0.006221
0 0.070270 0.824844 0.005496 0.008165
0 0.063858 0.817068 0.005758 0.008165
4 0.964669 0.301516 0.006805 0.005054
0 0.290238 0.485031 0.003664 0.008942
0 0.527741 0.263219 0.004973 0.008554
0 0.515310 0.074456 0.003664 0.008165
4 0.983250 0.098367 0.005758 0.006998
4 0.974091 0.091563 0.006805 0.008165
0 0.932871 0.127916 0.004973 0.006998
0 0.900942 0.153771 0.006019 0.008165
0 0.892698 0.153383 0.004711 0.007387
0 0.870714 0.152799 0.005234 0.006998
0 0.853311 0.153771 0.005496 0.008165
4 0.890866 0.258942 0.006805 0.010109
4 0.892044 0.264774 0.004973 0.009331
4 0.893353 0.286742 0.008636 0.012053
4 0.886417 0.274300 0.006805 0.009720
4 0.882622 0.270607 0.006543 0.010109
4 0.878304 0.265941 0.006805 0.009331
4 0.811568 0.382193 0.010468 0.014774
4 0.630725 0.591369 0.006805 0.008554
4 0.592515 0.623056 0.008375 0.009720
4 0.554043 0.717729 0.009945 0.013219
4 0.550641 0.712092 0.007328 0.010498
0 0.539780 0.523717 0.004449 0.007776
0 0.617639 0.451400 0.005758 0.006998
0 0.610442 0.460731 0.005496 0.007776
0 0.598534 0.483087 0.004711 0.008942
0 0.654279 0.190902 0.006281 0.007776
0 0.602460 0.149300 0.003664 0.008554
0 0.654279 0.031493 0.006281 0.009331
4 0.420309 0.053849 0.006281 0.007387
