0 0.743750 0.288362 0.004412 0.016379
4 0.612132 0.190517 0.011029 0.018966
0 0.033272 0.236638 0.009926 0.007759
0 0.022243 0.212500 0.007721 0.009483
0 0.010846 0.209052 0.009191 0.009483
4 0.034926 0.075000 0.007353 0.010345
4 0.147426 0.546983 0.003676 0.016379
4 0.138787 0.381466 0.006250 0.016379
4 0.111213 0.354741 0.010662 0.012931
4 0.151654 0.158190 0.009926 0.014655
4 0.429963 0.071552 0.004779 0.020690
4 0.422426 0.112069 0.008824 0.022414
4 0.468750 0.199569 0.011765 0.012931
4 0.365993 0.662500 0.004779 0.023276
4 0.597426 0.462069 0.011765 0.010345
4 0.645956 0.344828 0.005147 0.020690
4 0.554963 0.233621 0.004044 0.022414
4 0.637684 0.224138 0.010662 0.010345
4 0.638419 0.209483 0.010662 0.012069
0 0.056985 0.221121 0.008088 0.009483
0 0.069118 0.224138 0.008088 0.010345
0 0.109375 0.198276 0.004779 0.017241
0 0.130147 0.240948 0.006618 0.007759
0 0.193199 0.484052 0.009191 0.009483
0 0.135478 0.488793 0.004779 0.020690
0 0.104963 0.333190 0.003309 0.016379
0 0.124449 0.128879 0.006985 0.009483
0 0.123713 0.140517 0.008456 0.008621
0 0.197059 0.278448 0.007353 0.008621
0 0.166728 0.270690 0.007721 0.010345
0 0.121507 0.238362 0.007721 0.009483
0 0.108640 0.249569 0.006985 0.016379
0 0.079412 0.226724 0.006618 0.008621
0 0.089890 0.044828 0.008456 0.008621
0 0.115809 0.059052 0.004412 0.014655
0 0.115257 0.076724 0.004044 0.015517
0 0.110110 0.178448 0.004779 0.017241
0 0.110846 0.156466 0.004044 0.018103
0 0.094301 0.312500 0.004779 0.021552
4 0.611213 0.209914 0.011397 0.019828
4 0.702022 0.250862 0.009191 0.010345
0 0.789154 0.171121 0.004779 0.023276
4 0.727757 0.241810 0.010662 0.009483
4 0.148529 0.787069 0.006618 0.031034
4 0.194301 0.806897 0.006985 0.039655
4 0.214522 0.826724 0.006985 0.025862
4 0.345588 0.877155 0.008088 0.033621
4 0.715074 0.662931 0.004412 0.024138
4 0.754228 0.210345 0.008456 0.010345
4 0.880147 0.304310 0.008824 0.015517
4 0.879044 0.331897 0.007353 0.010345
4 0.878493 0.325000 0.006985 0.010345
4 0.784559 0.470259 0.005147 0.023276
4 0.974081 0.664224 0.008456 0.026724
4 0.804963 0.677586 0.004779 0.022414
4 0.683824 0.758621 0.005147 0.022414
4 0.675551 0.756897 0.008456 0.036207
4 0.510846 0.850431 0.009926 0.011207
4 0.120956 0.768966 0.005147 0.022414
4 0.027941 0.706466 0.006618 0.026724
4 0.797610 0.673276 0.006985 0.029310
4 0.752206 0.756897 0.005882 0.027586
4 0.745404 0.758621 0.005515 0.027586
4 0.735846 0.756466 0.007721 0.028448
0 0.217463 0.501293 0.007721 0.014655
0 0.224449 0.509052 0.003309 0.019828
0 0.230515 0.500862 0.004412 0.017241
0 0.220588 0.484052 0.007353 0.014655
0 0.457537 0.328879 0.008456 0.011207
0 0.382721 0.307759 0.007353 0.008621
0 0.369853 0.303448 0.010294 0.008621
0 0.360478 0.301293 0.009191 0.011207
0 0.442096 0.324138 0.006985 0.008621
0 0.358456 0.521121 0.008088 0.009483
0 0.453493 0.346983 0.009926 0.011207
0 0.375735 0.317672 0.008824 0.012931
0 0.345588 0.298707 0.008088 0.011207
0 0.353309 0.206466 0.003676 0.018103
0 0.342096 0.162500 0.007721 0.009483
0 0.306066 0.132328 0.004044 0.019828
0 0.293566 0.126293 0.003309 0.018103
0 0.295221 0.177586 0.003676 0.020690
0 0.294118 0.203448 0.004412 0.018966
0 0.303125 0.221983 0.004044 0.019828
0 0.309743 0.290948 0.008456 0.012931
0 0.616176 0.507328 0.008088 0.011207
0 0.534559 0.350000 0.008088 0.008621
0 0.583272 0.364655 0.009191 0.010345
0 0.595404 0.038793 0.007721 0.010345
0 0.751654 0.188793 0.007721 0.012069
0 0.815441 0.031897 0.004412 0.020690
0 0.800368 0.062931 0.005882 0.020690
0 0.726471 0.072845 0.008088 0.009483
0 0.672243 0.303448 0.004044 0.015517
0 0.639154 0.071121 0.006250 0.007759
0 0.593199 0.059052 0.006985 0.009483
0 0.586581 0.035776 0.007721 0.009483
0 0.499265 0.109914 0.004412 0.021552
0 0.570956 0.032328 0.008088 0.009483
0 0.468934 0.026293 0.008456 0.009483
0 0.456801 0.022845 0.007721 0.009483
0 0.425000 0.015517 0.008088 0.010345
0 0.416176 0.013362 0.007353 0.007759
0 0.404044 0.009483 0.006618 0.008621
0 0.478676 0.079310 0.004412 0.017241
0 0.340441 0.408621 0.007353 0.012069
0 0.294853 0.371983 0.003676 0.019828
0 0.284375 0.403879 0.004044 0.021552
0 0.268199 0.277586 0.008456 0.010345
0 0.311213 0.035776 0.003309 0.018103
0 0.309743 0.061207 0.004779 0.020690
0 0.242279 0.101724 0.003676 0.020690
0 0.305699 0.159914 0.004044 0.021552
0 0.305331 0.189224 0.003309 0.019828
0 0.327022 0.313362 0.007721 0.009483
0 0.314706 0.308621 0.008824 0.010345
0 0.275551 0.618966 0.003309 0.017241
0 0.297610 0.124569 0.004779 0.019828
0 0.285846 0.562069 0.003309 0.018966
0 0.289890 0.462931 0.004044 0.018966
0 0.281066 0.475431 0.003309 0.019828
0 0.243566 0.477155 0.007721 0.009483
0 0.234559 0.475431 0.008088 0.009483
0 0.225551 0.465517 0.004044 0.015517
0 0.215625 0.455172 0.004779 0.022414
0 0.299265 0.100000 0.004412 0.020690
0 0.172794 0.220259 0.008824 0.018103
0 0.282721 0.427586 0.004412 0.022414
0 0.255147 0.275431 0.008824 0.011207
0 0.291360 0.440517 0.004779 0.020690
0 0.289154 0.495259 0.004044 0.019828
0 0.288419 0.516379 0.004044 0.020690
0 0.287132 0.537931 0.002941 0.015517
0 0.277757 0.521983 0.004044 0.021552
4 0.268199 0.521552 0.005515 0.020690
0 0.269301 0.502586 0.008456 0.008621
0 0.247794 0.272845 0.008088 0.009483
0 0.143566 0.245690 0.007721 0.010345
0 0.240441 0.269828 0.007353 0.010345
0 0.221691 0.265086 0.007353 0.009483
0 0.211949 0.263793 0.009926 0.010345
0 0.200551 0.259914 0.007721 0.011207
0 0.182721 0.256034 0.007353 0.010345
0 0.173713 0.254310 0.008456 0.010345
0 0.153860 0.247845 0.006250 0.009483
