3 0.034314 0.863415 0.026611 0.074797
3 0.064426 0.856911 0.030812 0.071545
3 0.068627 0.634959 0.033613 0.095935
3 0.094538 0.792683 0.026611 0.073171
3 0.094538 0.860976 0.029412 0.066667
3 0.123249 0.504878 0.061625 0.030894
3 0.135154 0.639837 0.032213 0.066667
3 0.161765 0.860976 0.032213 0.060163
3 0.163165 0.793496 0.029412 0.058537
3 0.163866 0.631707 0.030812 0.066667
3 0.195378 0.865854 0.029412 0.069919
3 0.196078 0.794309 0.022409 0.063415
3 0.224790 0.795935 0.026611 0.066667
3 0.225490 0.636585 0.033613 0.073171
3 0.228992 0.867480 0.029412 0.063415
3 0.254902 0.796748 0.025210 0.065041
3 0.254902 0.867480 0.030812 0.060163
3 0.284314 0.795935 0.025210 0.063415
3 0.285714 0.869919 0.028011 0.061789
3 0.287815 0.636585 0.037815 0.076423
3 0.315826 0.872358 0.026611 0.060163
3 0.317227 0.795935 0.023810 0.069919
3 0.345938 0.864228 0.028011 0.056911
3 0.346639 0.630081 0.029412 0.066667
3 0.347339 0.799187 0.028011 0.066667
3 0.375350 0.629268 0.030812 0.068293
3 0.376751 0.801626 0.028011 0.058537
3 0.377451 0.866667 0.026611 0.065041
3 0.544818 0.922764 0.056022 0.027642
3 0.547619 0.773984 0.047619 0.026016
3 0.547619 0.886179 0.056022 0.029268
3 0.547619 0.957724 0.058824 0.029268
3 0.548319 0.813821 0.054622 0.027642
3 0.549720 0.854472 0.051821 0.030894
2 0.169468 0.386179 0.036415 0.105691
2 0.228992 0.394309 0.029412 0.095935
2 0.270308 0.391057 0.033613 0.105691
2 0.308824 0.400813 0.035014 0.108943
2 0.340336 0.402439 0.030812 0.105691
2 0.373249 0.399187 0.032213 0.112195
2 0.410364 0.404878 0.033613 0.107317
2 0.502101 0.416260 0.032213 0.143089
2 0.553221 0.501626 0.039216 0.164228
