0 0.458444 0.225036 0.011646 0.017832
0 0.164373 0.067047 0.010058 0.017118
0 0.108258 0.306705 0.011117 0.015692
4 0.041556 0.319187 0.016411 0.020685
4 0.014823 0.401569 0.012705 0.019971
4 0.288248 0.405849 0.011117 0.019971
0 0.178666 0.436519 0.010058 0.017118
0 0.237163 0.405136 0.011646 0.015692
4 0.231075 0.840585 0.011117 0.019258
4 0.273160 0.793509 0.012705 0.023538
4 0.340656 0.738588 0.014293 0.024964
4 0.908947 0.241797 0.023293 0.038516
0 0.450503 0.212553 0.008470 0.015692
4 0.802276 0.453638 0.015352 0.017118
4 0.830334 0.533167 0.014293 0.016405
