4 0.142088 0.978549 0.019056 0.005477
4 0.765949 0.951164 0.017399 0.005477
4 0.410936 0.877453 0.021541 0.008672
4 0.519884 0.827476 0.012428 0.006390
4 0.814416 0.659744 0.018227 0.006846
4 0.832229 0.648334 0.010771 0.005477
4 0.858741 0.613647 0.010771 0.005933
4 0.867026 0.608854 0.014085 0.005477
4 0.869925 0.580329 0.019884 0.003195
4 0.898923 0.486764 0.023198 0.011867
4 0.907208 0.420242 0.014913 0.007987
4 0.893123 0.375057 0.009942 0.005249
4 0.925849 0.417732 0.010771 0.006618
4 0.912179 0.375856 0.013256 0.006846
4 0.545982 0.147079 0.014913 0.006162
4 0.522784 0.129735 0.014913 0.005705
4 0.497514 0.112962 0.024027 0.005021
4 0.251864 0.017800 0.021541 0.005477
4 0.374896 0.061159 0.022370 0.008672
4 0.316487 0.028868 0.021541 0.006618
4 0.308202 0.030009 0.024855 0.007531
4 0.300746 0.031378 0.024855 0.007531
4 0.286247 0.035486 0.033969 0.010269
