0 0.115739 0.111355 0.005591 0.005069
0 0.015096 0.435620 0.006150 0.005407
4 0.012860 0.438493 0.008946 0.007773
0 0.058708 0.424975 0.002796 0.008449
0 0.034666 0.453025 0.006150 0.005069
0 0.026838 0.458601 0.006710 0.009463
0 0.201286 0.430720 0.004473 0.007097
0 0.182695 0.395573 0.005871 0.005069
0 0.015656 0.432072 0.006710 0.006421
0 0.196533 0.402839 0.005032 0.007435
0 0.184093 0.421764 0.004753 0.004055
0 0.215404 0.337614 0.005312 0.005407
0 0.152362 0.332038 0.005032 0.005069
0 0.158513 0.331869 0.006710 0.006083
0 0.145513 0.320041 0.005312 0.004731
0 0.142997 0.291315 0.005871 0.005407
4 0.114901 0.226259 0.007269 0.006421
4 0.225468 0.197026 0.006989 0.012842
4 0.218899 0.179621 0.010623 0.009125
0 0.113363 0.117607 0.005871 0.005407
0 0.028516 0.578236 0.002796 0.008787
0 0.175287 0.550524 0.006150 0.003380
0 0.062203 0.629943 0.003634 0.005407
0 0.597987 0.749240 0.003914 0.008111
0 0.607353 0.755661 0.003634 0.006083
0 0.715404 0.812437 0.003914 0.006759
0 0.833100 0.802805 0.007828 0.005745
0 0.796757 0.766813 0.003914 0.008787
0 0.850573 0.746874 0.004753 0.007435
0 0.856304 0.743156 0.006710 0.007435
0 0.858541 0.738425 0.005032 0.008111
0 0.821638 0.716965 0.005591 0.003717
0 0.601062 0.603413 0.003914 0.006421
0 0.772715 0.710375 0.006710 0.005407
0 0.715963 0.650051 0.005032 0.007097
0 0.736511 0.643123 0.006430 0.004731
0 0.656696 0.728118 0.004473 0.007773
4 0.551020 0.694491 0.005591 0.009463
4 0.508387 0.673707 0.005871 0.009801
4 0.551300 0.670666 0.005032 0.011828
0 0.682136 0.629943 0.004473 0.008111
0 0.659072 0.604089 0.009226 0.005745
0 0.647051 0.610341 0.006989 0.005407
0 0.512720 0.681987 0.005591 0.007435
0 0.567095 0.738932 0.004193 0.007097
0 0.568353 0.728287 0.003914 0.007435
0 0.499860 0.700912 0.002796 0.007435
0 0.503355 0.701757 0.004193 0.007097
4 0.546128 0.442210 0.006430 0.009801
4 0.540677 0.439845 0.005032 0.010477
4 0.513978 0.426495 0.008107 0.008111
4 0.303327 0.296046 0.005591 0.006759
0 0.461560 0.489186 0.005591 0.008449
0 0.710372 0.615918 0.004473 0.007773
0 0.713447 0.607131 0.003914 0.007097
4 0.767543 0.547482 0.008107 0.014870
4 0.915292 0.827813 0.008387 0.019263
4 0.723931 0.899966 0.009226 0.006759
4 0.621750 0.842514 0.008946 0.006759
4 0.602880 0.836769 0.005871 0.008787
4 0.529634 0.789287 0.010903 0.009125
4 0.541935 0.734032 0.007548 0.014870
0 0.290607 0.552552 0.006989 0.004055
0 0.306542 0.639574 0.004193 0.007097
0 0.389712 0.664414 0.003355 0.006759
0 0.378529 0.659513 0.003914 0.007773
0 0.478334 0.707672 0.006150 0.005407
0 0.477355 0.711558 0.006430 0.005069
0 0.603439 0.604765 0.003634 0.006421
0 0.571009 0.589388 0.003634 0.006759
0 0.141879 0.621663 0.003634 0.006421
0 0.333100 0.599189 0.003075 0.007435
0 0.312972 0.595133 0.004193 0.006759
0 0.307241 0.505745 0.005032 0.003717
0 0.286273 0.514363 0.004473 0.008111
0 0.337573 0.444069 0.006430 0.006083
0 0.307241 0.436465 0.004473 0.007097
0 0.297037 0.430213 0.004193 0.008111
0 0.266704 0.429875 0.005591 0.008787
0 0.267682 0.420412 0.002516 0.006083
0 0.273274 0.420243 0.005312 0.006421
0 0.034806 0.742819 0.006989 0.006083
0 0.456108 0.652585 0.002516 0.007435
0 0.139922 0.615411 0.003634 0.006759
0 0.203103 0.722541 0.004193 0.007435
0 0.123008 0.538020 0.002237 0.007435
0 0.252167 0.595809 0.005591 0.004731
0 0.241264 0.637209 0.006150 0.007097
0 0.252586 0.607638 0.006430 0.004731
0 0.247414 0.608821 0.006150 0.004393
0 0.166201 0.606286 0.005312 0.006759
0 0.273693 0.545455 0.006150 0.004731
0 0.290886 0.557452 0.005312 0.004393
0 0.465194 0.654613 0.003914 0.006083
0 0.445904 0.646671 0.006150 0.003042
0 0.396002 0.520446 0.003634 0.006759
0 0.426894 0.523657 0.002796 0.005745
0 0.485183 0.511659 0.003075 0.006759
0 0.464635 0.505238 0.003914 0.006083
0 0.512720 0.519263 0.006710 0.005069
0 0.482108 0.547144 0.004193 0.008787
0 0.548504 0.557790 0.006150 0.005745
0 0.538300 0.568942 0.005312 0.007773
0 0.557311 0.540892 0.005871 0.005745
0 0.535505 0.568097 0.004753 0.008787
0 0.424937 0.530754 0.003914 0.007097
4 0.491334 0.635012 0.005312 0.009463
4 0.515516 0.568942 0.004473 0.009125
4 0.394604 0.531599 0.005871 0.010814
4 0.370562 0.527712 0.003634 0.007097
0 0.326531 0.427340 0.003914 0.006421
