0 0.871816 0.087215 0.009284 0.006277
2 0.098191 0.144037 0.104975 0.074331
2 0.845632 0.707879 0.130207 0.091675
2 0.794692 0.640899 0.144013 0.103403
2 0.714116 0.593327 0.139015 0.102742
2 0.639610 0.546581 0.138062 0.103403
2 0.563556 0.498596 0.142109 0.100595
2 0.825161 0.433432 0.064985 0.043608
3 0.865032 0.252313 0.049036 0.031219
3 0.827065 0.224893 0.054987 0.040139
2 0.761604 0.189874 0.082123 0.057648
2 0.242561 0.068385 0.108070 0.076974
2 0.224113 0.219359 0.104975 0.076313
0 0.895977 0.079121 0.008569 0.006938
2 0.289574 0.260654 0.104023 0.076974
2 0.351702 0.298480 0.104023 0.074992
2 0.416091 0.336637 0.109022 0.074992
0 0.888836 0.074414 0.010474 0.007763
0 0.892407 0.077469 0.010950 0.007598
0 0.843847 0.069623 0.008093 0.006772
0 0.847179 0.072184 0.008569 0.006938
0 0.850512 0.074661 0.009998 0.006938
0 0.854796 0.076148 0.009045 0.007598
0 0.858486 0.078791 0.007855 0.006277
2 0.788622 0.871242 0.171864 0.127023
