0 0.978493 0.366237 0.005710 0.015054
0 0.415683 0.929247 0.006091 0.013333
0 0.379330 0.930108 0.006471 0.013333
0 0.357823 0.930323 0.006852 0.011183
0 0.036734 0.766452 0.011039 0.005161
0 0.023601 0.734409 0.005329 0.014194
0 0.034260 0.736774 0.005329 0.012903
0 0.031405 0.713548 0.014085 0.006882
0 0.027598 0.477204 0.005710 0.014194
0 0.019985 0.477204 0.006471 0.013333
0 0.034640 0.476989 0.007613 0.017204
0 0.048344 0.478495 0.006091 0.014194
0 0.055767 0.478925 0.006471 0.013333
0 0.075942 0.434839 0.005710 0.014624
0 0.083555 0.434409 0.004949 0.011183
0 0.394557 0.928387 0.006471 0.013333
0 0.422726 0.929892 0.006471 0.012903
0 0.893795 0.717634 0.013704 0.008172
0 0.429387 0.928602 0.006091 0.014624
0 0.038447 0.965591 0.006091 0.015484
1 0.011801 0.727957 0.007613 0.021935
0 0.082984 0.419785 0.006852 0.012903
0 0.070232 0.433978 0.005710 0.011183
0 0.025504 0.207312 0.006852 0.012903
0 0.990293 0.953763 0.007994 0.013333
0 0.914161 0.879355 0.004949 0.013333
0 0.927864 0.868172 0.004949 0.013333
0 0.970879 0.981505 0.011039 0.008602
0 0.480586 0.959140 0.014085 0.006882
0 0.458698 0.926452 0.006852 0.015484
0 0.443472 0.927742 0.006091 0.011183
0 0.436810 0.928602 0.006471 0.012903
