2 0.177979 0.653093 0.039970 0.029725
2 0.181184 0.620469 0.059201 0.036008
2 0.210030 0.546520 0.088235 0.054857
2 0.243967 0.707588 0.063348 0.040599
2 0.261312 0.196472 0.085973 0.057516
2 0.275075 0.728492 0.051659 0.034558
2 0.281863 0.119381 0.136878 0.096665
2 0.312971 0.752537 0.056561 0.035283
2 0.317685 0.167472 0.140649 0.068632
2 0.332014 0.773562 0.032805 0.021266
2 0.355769 0.790841 0.050151 0.032141
2 0.365008 0.136419 0.042986 0.025375
2 0.453620 0.553407 0.070890 0.044949
2 0.515083 0.786249 0.053544 0.034074
2 0.583522 0.735984 0.038084 0.029241
2 0.590498 0.638352 0.050528 0.030691
2 0.616893 0.486829 0.057315 0.036974
2 0.690799 0.923272 0.058824 0.038424
2 0.723605 0.542412 0.033183 0.021508
0 0.396870 0.318149 0.013198 0.004108
0 0.397247 0.312953 0.016214 0.004350
0 0.399510 0.300507 0.016968 0.005075
0 0.433258 0.356211 0.007541 0.009183
0 0.484917 0.063436 0.012821 0.007492
0 0.486802 0.057153 0.011312 0.007492
0 0.489253 0.072257 0.010181 0.005800
0 0.501697 0.071411 0.011689 0.006525
0 0.501885 0.064041 0.009050 0.005800
0 0.539027 0.907443 0.015460 0.010150
0 0.565988 0.549299 0.010558 0.007250
0 0.574661 0.551232 0.011312 0.007733
0 0.580882 0.555099 0.010935 0.006767
0 0.586350 0.561141 0.011312 0.007250
0 0.591817 0.565853 0.012443 0.007008
0 0.595588 0.569841 0.010935 0.006283
0 0.598793 0.553045 0.009804 0.006525
0 0.601621 0.572620 0.008673 0.006042
0 0.611991 0.579628 0.011312 0.007492
0 0.614630 0.904664 0.006033 0.007975
0 0.616139 0.584461 0.012066 0.007008
0 0.618967 0.700097 0.008673 0.007733
0 0.622172 0.588328 0.010558 0.006042
0 0.627262 0.592557 0.010181 0.006283
0 0.653092 0.697680 0.010558 0.007250
0 0.666855 0.693088 0.011689 0.007733
0 0.674962 0.689584 0.010558 0.007492
0 0.687783 0.679193 0.009804 0.007008
0 0.692873 0.677260 0.010935 0.007492
0 0.695513 0.664572 0.012443 0.007250
0 0.699849 0.175326 0.012066 0.007492
0 0.701357 0.661672 0.010558 0.006767
0 0.703808 0.888835 0.012443 0.009183
0 0.712104 0.130014 0.010181 0.007733
0 0.714178 0.895239 0.014329 0.009908
0 0.722097 0.663847 0.011312 0.007250
0 0.723228 0.902731 0.012821 0.008458
0 0.726244 0.661189 0.010558 0.006767
0 0.732278 0.658047 0.010558 0.007250
0 0.747172 0.756042 0.013952 0.008458
0 0.758861 0.553649 0.015460 0.010150
0 0.774133 0.740092 0.013575 0.007975
0 0.778281 0.565128 0.008296 0.008458
0 0.787707 0.759304 0.010558 0.006767
0 0.790724 0.730546 0.011312 0.008217
0 0.809766 0.747221 0.010935 0.007250
0 0.812217 0.251087 0.015083 0.009667
0 0.823341 0.712542 0.010935 0.007492
0 0.829940 0.709522 0.010558 0.007250
0 0.835030 0.705776 0.010181 0.007008
0 0.835407 0.681368 0.009427 0.006525
0 0.840121 0.703480 0.011312 0.007733
0 0.845023 0.700338 0.011312 0.008217
0 0.849736 0.696472 0.010181 0.007250
0 0.855581 0.693813 0.012066 0.007733
0 0.862368 0.691155 0.011312 0.007733
0 0.867647 0.687893 0.012066 0.007492
0 0.870852 0.028879 0.015460 0.004592
0 0.876697 0.595819 0.014329 0.009908
0 0.878017 0.680280 0.011689 0.007733
0 0.883484 0.677864 0.010558 0.007733
0 0.891403 0.307637 0.012821 0.008700
0 0.911388 0.669526 0.015083 0.009908
0 0.927413 0.485379 0.012443 0.008458
0 0.931373 0.490696 0.011312 0.007492
0 0.937406 0.493475 0.011312 0.007733
0 0.943627 0.497100 0.013198 0.008700
0 0.949095 0.501208 0.012066 0.007733
0 0.955317 0.504954 0.014706 0.009425
0 0.966252 0.512204 0.012443 0.007975
0 0.969268 0.517641 0.006410 0.006283
1 0.543363 0.896206 0.021870 0.014741
1 0.554676 0.889802 0.021116 0.014983
1 0.578431 0.875423 0.022624 0.014258
