2 0.602500 0.332000 0.018500 0.018000
2 0.605500 0.356250 0.020500 0.018500
2 0.609125 0.316500 0.017750 0.017000
2 0.622750 0.286500 0.018000 0.016500
2 0.631375 0.271000 0.018750 0.018500
2 0.636375 0.254750 0.018250 0.017500
2 0.674750 0.202875 0.017500 0.017750
2 0.685625 0.191250 0.017750 0.018500
2 0.701375 0.177625 0.016750 0.017250
2 0.714125 0.168000 0.017250 0.017500
2 0.719250 0.075000 0.013500 0.015000
2 0.749625 0.147250 0.015750 0.017500
2 0.796750 0.052125 0.013500 0.016250
2 0.802750 0.132000 0.011500 0.011000
