2 0.953125 0.738625 0.016750 0.016250
2 0.943125 0.753250 0.017250 0.017000
2 0.880375 0.358875 0.017250 0.013750
2 0.919375 0.778625 0.019250 0.019750
2 0.925125 0.766375 0.016250 0.017750
2 0.930375 0.774375 0.019250 0.017250
2 0.821500 0.323375 0.015000 0.014750
2 0.935250 0.766750 0.019500 0.018500
2 0.874000 0.323375 0.016500 0.015750
2 0.942625 0.451625 0.014750 0.014250
2 0.959375 0.692125 0.018250 0.019250
2 0.897125 0.750375 0.017750 0.019250
2 0.903875 0.752750 0.017250 0.018500
2 0.908375 0.757750 0.018750 0.020000
2 0.914125 0.762250 0.018750 0.020000
2 0.920875 0.751125 0.013750 0.012750
2 0.924875 0.756750 0.012250 0.012500
