3 0.759138 0.546862 0.066580 0.035860
3 0.767624 0.568867 0.054830 0.029340
3 0.774804 0.590057 0.058747 0.030970
3 0.885770 0.876528 0.056136 0.028525
3 0.892298 0.528117 0.045692 0.053790
3 0.941253 0.313366 0.031332 0.033415
2 0.027415 0.253464 0.052219 0.058680
2 0.063316 0.251834 0.061358 0.070090
2 0.272193 0.097800 0.113577 0.035860
2 0.354439 0.829258 0.105744 0.033415
2 0.396867 0.159332 0.107050 0.059495
2 0.449739 0.073757 0.113577 0.036675
2 0.469321 0.223309 0.124021 0.037490
2 0.471279 0.251019 0.127937 0.037490
2 0.480418 0.273839 0.114883 0.034230
2 0.490862 0.296251 0.112272 0.036675
2 0.500653 0.342298 0.092689 0.030970
2 0.501305 0.317441 0.114883 0.036675
2 0.516971 0.362673 0.114883 0.037490
2 0.534595 0.384271 0.126632 0.038305
2 0.541123 0.408720 0.116188 0.036675
2 0.548303 0.430725 0.112272 0.033415
2 0.556136 0.452323 0.112272 0.035860
2 0.558747 0.476773 0.099217 0.034230
2 0.573107 0.520375 0.114883 0.035045
2 0.573760 0.495925 0.113577 0.035045
2 0.574413 0.567645 0.096606 0.033415
2 0.582245 0.542787 0.112272 0.035860
2 0.607702 0.588835 0.116188 0.035045
2 0.635770 0.676447 0.114883 0.037490
2 0.699739 0.090872 0.117493 0.038305
