0 0.048684 0.953431 0.039474 0.032680
0 0.090789 0.926062 0.050000 0.018791
0 0.105921 0.958333 0.040789 0.029412
0 0.196711 0.972222 0.025000 0.026144
0 0.199342 0.947712 0.022368 0.022876
0 0.202632 0.919935 0.026316 0.031046
0 0.222368 0.973039 0.028947 0.034314
0 0.240789 0.948121 0.055263 0.017157
0 0.242763 0.931373 0.056579 0.014706
0 0.246053 0.915441 0.052632 0.015523
0 0.246711 0.876225 0.051316 0.013889
0 0.247368 0.888072 0.047368 0.013072
0 0.249342 0.901552 0.048684 0.013889
0 0.263158 0.977124 0.026316 0.034314
0 0.286184 0.870098 0.022368 0.031046
0 0.322368 0.979167 0.023684 0.030229
0 0.335526 0.872549 0.026316 0.031046
0 0.345395 0.981209 0.025000 0.034314
0 0.363158 0.713235 0.050000 0.016340
0 0.391447 0.983252 0.025000 0.028595
0 0.406579 0.734477 0.047368 0.016340
0 0.682895 0.703023 0.021053 0.031863
0 0.685526 0.938317 0.023684 0.030229
0 0.692105 0.893791 0.021053 0.032680
0 0.696053 0.671160 0.023684 0.026961
0 0.698684 0.854575 0.026316 0.032680
0 0.714474 0.702206 0.028947 0.033497
0 0.946711 0.497141 0.048684 0.015523
0 0.951974 0.464869 0.048684 0.016340
0 0.951974 0.480392 0.046053 0.013072
0 0.963816 0.419935 0.053947 0.017974
0 0.965789 0.347631 0.052632 0.022059
0 0.966447 0.399101 0.051316 0.022059
0 0.973684 0.369281 0.047368 0.019608
0 0.975000 0.332516 0.050000 0.021242
1 0.253289 0.671160 0.038158 0.051471
1 0.278289 0.709559 0.098684 0.028595
1 0.280921 0.134804 0.085526 0.026144
1 0.280921 0.672386 0.035526 0.050654
1 0.283553 0.639706 0.085526 0.021242
1 0.287500 0.621732 0.080263 0.019608
1 0.291447 0.604575 0.077632 0.019608
1 0.300658 0.587827 0.082895 0.025327
1 0.309211 0.674020 0.034211 0.050654
1 0.312500 0.565359 0.109211 0.024510
1 0.318421 0.541258 0.113158 0.026961
1 0.320395 0.518791 0.109211 0.024510
1 0.323026 0.498366 0.109211 0.024510
1 0.326974 0.478350 0.109211 0.025327
1 0.333553 0.672386 0.035526 0.040850
1 0.337500 0.457516 0.106579 0.027778
1 0.345395 0.626225 0.032895 0.049837
1 0.355921 0.164624 0.064474 0.022059
1 0.361184 0.146242 0.064474 0.021242
1 0.362500 0.181781 0.075000 0.020425
1 0.363158 0.676471 0.036842 0.050654
1 0.369737 0.623775 0.036842 0.051471
1 0.380263 0.576797 0.039474 0.049020
1 0.388816 0.676471 0.038158 0.050654
1 0.394737 0.526961 0.039474 0.052288
1 0.396711 0.620098 0.038158 0.050654
1 0.419737 0.627451 0.031579 0.050654
1 0.423026 0.153595 0.067105 0.026144
1 0.434868 0.173611 0.072368 0.022059
1 0.439474 0.678513 0.034211 0.049837
1 0.440132 0.576389 0.043421 0.054739
1 0.444737 0.630310 0.034211 0.053105
1 0.446053 0.190768 0.076316 0.025327
1 0.457237 0.467320 0.098684 0.027778
1 0.486184 0.529412 0.035526 0.058824
1 0.511184 0.197304 0.032895 0.051471
1 0.516447 0.531454 0.038158 0.061275
1 0.540132 0.260212 0.077632 0.023693
1 0.540789 0.228758 0.034211 0.047386
1 0.549342 0.182598 0.035526 0.049837
1 0.550658 0.525327 0.048684 0.083333
1 0.561184 0.470997 0.098684 0.022059
1 0.562500 0.279003 0.077632 0.020425
1 0.563816 0.294118 0.077632 0.022876
1 0.575000 0.209967 0.044737 0.080065
1 0.585526 0.430556 0.100000 0.021242
1 0.586184 0.451797 0.098684 0.022876
1 0.586184 0.525327 0.051316 0.076797
1 0.588158 0.409314 0.097368 0.022876
1 0.593421 0.388889 0.105263 0.024510
1 0.595395 0.366422 0.101316 0.022059
1 0.611184 0.212010 0.040789 0.079248
1 0.617763 0.265931 0.077632 0.022059
1 0.640132 0.283905 0.077632 0.022059
1 0.642105 0.212827 0.044737 0.080882
1 0.644737 0.301471 0.084211 0.022876
1 0.673026 0.215686 0.046053 0.083333
1 0.690789 0.536765 0.047368 0.083333
1 0.707237 0.220997 0.046053 0.085784
1 0.740132 0.222631 0.046053 0.079248
1 0.773684 0.227941 0.044737 0.081699
1 0.806579 0.228350 0.044737 0.080882
1 0.819079 0.451389 0.035526 0.051471
1 0.821053 0.350899 0.036842 0.051471
1 0.828947 0.401144 0.034211 0.047386
1 0.830263 0.299428 0.036842 0.048203
1 0.839474 0.478758 0.034211 0.050654
1 0.842105 0.229984 0.042105 0.079248
1 0.878947 0.223039 0.044737 0.058824
1 0.880921 0.356209 0.088158 0.024510
1 0.880921 0.430964 0.080263 0.025327
1 0.883553 0.411765 0.082895 0.022876
1 0.884868 0.336193 0.093421 0.023693
1 0.886842 0.392974 0.089474 0.024510
1 0.888816 0.316993 0.093421 0.021242
1 0.892105 0.373775 0.081579 0.023693
1 0.905263 0.297794 0.078947 0.018791
1 0.906579 0.279820 0.081579 0.023693
1 0.915132 0.226307 0.035526 0.053922
1 0.917105 0.263889 0.081579 0.024510
1 0.944079 0.228350 0.038158 0.054739
