1 0.885444 0.830140 0.000700 0.005960
0 0.016235 0.739889 0.001120 0.004257
0 0.009377 0.739889 0.001400 0.005109
0 0.010287 0.740102 0.001260 0.004683
0 0.012946 0.745636 0.001819 0.003831
0 0.019244 0.745849 0.001819 0.003406
0 0.018265 0.749255 0.001819 0.004257
0 0.016655 0.752022 0.001959 0.004683
0 0.014906 0.744359 0.001540 0.004683
0 0.014626 0.740315 0.001540 0.005109
0 0.006088 0.739251 0.001540 0.005534
0 0.013226 0.737335 0.001260 0.004257
0 0.013226 0.734142 0.001260 0.003831
0 0.013086 0.730736 0.001260 0.004683
0 0.009517 0.730949 0.001400 0.005109
0 0.008677 0.731162 0.001400 0.004683
0 0.007838 0.730524 0.001400 0.005109
0 0.006998 0.730524 0.001400 0.005109
0 0.007838 0.738825 0.001679 0.006386
0 0.005178 0.739464 0.001400 0.005109
0 0.109587 0.609621 0.000840 0.005960
0 0.009377 0.791401 0.000560 0.003406
0 0.106648 0.662622 0.001120 0.005534
0 0.135759 0.664112 0.001400 0.002554
0 0.096571 0.711792 0.001400 0.001703
0 0.010497 0.781609 0.001400 0.001703
0 0.012316 0.782461 0.001679 0.001703
0 0.014066 0.782461 0.001540 0.001703
0 0.006928 0.790762 0.000700 0.004683
0 0.014906 0.791826 0.000700 0.004257
0 0.004549 0.739038 0.001260 0.004257
0 0.016445 0.792465 0.000980 0.004683
0 0.017215 0.792678 0.000560 0.004257
0 0.018754 0.792465 0.000840 0.004683
0 0.033380 0.787782 0.000980 0.005534
0 0.027642 0.772456 0.001540 0.003831
0 0.027082 0.768412 0.001819 0.002554
0 0.002799 0.739038 0.001400 0.004257
0 0.006088 0.729885 0.001260 0.004683
0 0.005178 0.730524 0.001120 0.004257
0 0.004619 0.730736 0.001120 0.004683
0 0.019174 0.727331 0.001400 0.004683
0 0.017075 0.714347 0.001120 0.004257
0 0.017775 0.714347 0.000840 0.003406
0 0.018684 0.714985 0.001260 0.004683
0 0.014276 0.727756 0.001400 0.004683
0 0.015115 0.727331 0.001400 0.004683
0 0.016165 0.727331 0.001540 0.004683
0 0.018265 0.727331 0.001540 0.004683
0 0.020154 0.727544 0.001400 0.004257
0 0.003499 0.730736 0.001400 0.004683
0 0.021344 0.727969 0.001540 0.005109
0 0.023023 0.734568 0.001540 0.002129
0 0.024423 0.727969 0.000980 0.004257
0 0.022743 0.718178 0.002099 0.004257
0 0.019664 0.706684 0.001540 0.005109
0 0.018894 0.706471 0.001400 0.004683
0 0.012806 0.704981 0.001260 0.004257
0 0.017705 0.719029 0.001260 0.004257
0 0.020014 0.731801 0.001400 0.004257
0 0.019034 0.730949 0.000840 0.003406
0 0.018125 0.731801 0.001260 0.005109
0 0.002729 0.730524 0.001260 0.004257
0 0.011686 0.718604 0.000980 0.004257
0 0.012596 0.717752 0.001400 0.004257
0 0.013226 0.719029 0.001260 0.004257
0 0.014416 0.718391 0.001120 0.004683
0 0.015325 0.717965 0.001260 0.004683
0 0.016025 0.718604 0.001260 0.004257
0 0.014416 0.713708 0.001120 0.004683
0 0.012666 0.713708 0.001260 0.005534
0 0.011826 0.713708 0.001260 0.004683
0 0.011057 0.714134 0.001400 0.005534
0 0.008258 0.718391 0.001400 0.004683
0 0.007558 0.717539 0.001400 0.004683
0 0.004199 0.717114 0.001679 0.006386
0 0.088383 0.680928 0.001540 0.004683
0 0.111057 0.611324 0.000980 0.005109
0 0.108677 0.607280 0.000980 0.004683
0 0.009307 0.704555 0.000980 0.004257
0 0.603849 0.160920 0.000700 0.004257
0 0.621274 0.196892 0.001959 0.002129
0 0.621134 0.194551 0.001400 0.002554
0 0.635899 0.193061 0.000980 0.004683
0 0.634920 0.193274 0.000980 0.005109
0 0.606858 0.180928 0.000840 0.004257
0 0.621204 0.192209 0.001819 0.002129
0 0.607838 0.175607 0.000840 0.005534
0 0.472638 0.171988 0.001959 0.002554
0 0.497201 0.478076 0.000700 0.005109
0 0.499440 0.478289 0.000980 0.005534
0 0.538628 0.471052 0.000980 0.005534
0 0.475787 0.659004 0.000700 0.003406
0 0.475017 0.658578 0.000560 0.004257
0 0.478376 0.654321 0.000840 0.005960
0 0.620014 0.177309 0.000840 0.004683
0 0.616305 0.189229 0.002099 0.002129
0 0.106158 0.607705 0.000700 0.004683
0 0.620994 0.201149 0.001679 0.002129
0 0.621134 0.217752 0.001400 0.002129
0 0.620994 0.215411 0.001679 0.001703
0 0.621064 0.213069 0.001819 0.002129
0 0.621204 0.210515 0.001819 0.002129
0 0.621134 0.208387 0.001959 0.002129
0 0.621134 0.205619 0.001679 0.002554
0 0.620924 0.202852 0.001540 0.002129
0 0.619174 0.201149 0.002239 0.002129
0 0.608677 0.195402 0.001959 0.002554
0 0.619314 0.199021 0.001959 0.002129
0 0.615815 0.198595 0.001959 0.002129
0 0.615955 0.193912 0.002239 0.002129
0 0.605948 0.228608 0.001819 0.002554
0 0.606578 0.216049 0.001679 0.002129
0 0.611826 0.213282 0.001540 0.001703
0 0.608328 0.209238 0.001819 0.002129
0 0.477467 0.654321 0.000700 0.005960
0 0.476697 0.654108 0.000560 0.005534
0 0.475787 0.654321 0.000700 0.004257
0 0.225262 0.452107 0.001540 0.004257
0 0.362071 0.739676 0.001120 0.006386
0 0.363191 0.739889 0.000840 0.006811
0 0.364661 0.739464 0.001260 0.005960
0 0.255283 0.815453 0.001959 0.002980
0 0.206438 0.814176 0.001679 0.002129
0 0.214906 0.527458 0.000980 0.005960
0 0.213296 0.534057 0.000840 0.003831
0 0.139398 0.286718 0.001400 0.005534
0 0.475017 0.654108 0.000560 0.004683
0 0.137229 0.282886 0.000700 0.004683
0 0.102589 0.424649 0.002239 0.003831
0 0.101540 0.452107 0.002379 0.002554
0 0.139258 0.446786 0.000840 0.004683
0 0.128971 0.505960 0.001260 0.005534
0 0.125822 0.519370 0.001400 0.002554
0 0.094402 0.614517 0.000980 0.006386
0 0.361022 0.741379 0.000980 0.006386
0 0.302799 0.666028 0.001819 0.002980
0 0.361791 0.610898 0.001679 0.003406
0 0.365080 0.563431 0.002099 0.002129
0 0.473828 0.654108 0.000980 0.004683
0 0.493212 0.679012 0.000840 0.005109
0 0.456263 0.643891 0.000840 0.005534
0 0.454444 0.649638 0.000840 0.005960
0 0.453604 0.649212 0.000840 0.005109
1 0.436389 0.644317 0.000840 0.007237
0 0.436669 0.630907 0.000840 0.005109
1 0.455773 0.596637 0.000980 0.009791
1 0.439678 0.556194 0.000980 0.009791
0 0.379006 0.434227 0.001959 0.002554
0 0.380126 0.431460 0.001679 0.002129
0 0.392582 0.372286 0.000840 0.004683
0 0.398950 0.333333 0.000700 0.004257
1 0.295801 0.174755 0.003779 0.002980
0 0.294122 0.538953 0.001819 0.002554
0 0.011057 0.704981 0.001120 0.004257
0 0.007628 0.704129 0.001260 0.004257
0 0.620714 0.224564 0.001400 0.002129
0 0.017635 0.620477 0.000560 0.003831
0 0.017775 0.625160 0.001400 0.004683
0 0.016795 0.624734 0.001120 0.004683
0 0.015465 0.625160 0.001260 0.005534
0 0.014556 0.624734 0.001120 0.004683
0 0.021763 0.620477 0.000700 0.004683
0 0.020924 0.620264 0.000700 0.005109
0 0.020014 0.620264 0.000560 0.004257
0 0.015885 0.620264 0.000700 0.004257
0 0.024353 0.633248 0.001120 0.004683
0 0.014766 0.620264 0.000700 0.004257
0 0.017355 0.604087 0.001400 0.005109
0 0.023513 0.607493 0.001679 0.003406
0 0.023303 0.602597 0.001819 0.003831
0 0.020644 0.601958 0.000980 0.005109
0 0.019804 0.587910 0.001819 0.002554
0 0.041218 0.664751 0.000700 0.005534
0 0.019874 0.625372 0.001120 0.004257
0 0.026032 0.635590 0.001679 0.004257
0 0.018404 0.660494 0.001260 0.005534
0 0.017145 0.651341 0.000980 0.004257
0 0.013086 0.666454 0.000980 0.004683
0 0.013296 0.657727 0.000840 0.004257
0 0.013296 0.652405 0.000840 0.003831
0 0.015325 0.651341 0.000980 0.004257
0 0.013436 0.645594 0.000840 0.003831
0 0.026172 0.654960 0.001959 0.003831
0 0.019314 0.651554 0.001120 0.003831
0 0.015815 0.647510 0.001120 0.005109
0 0.022463 0.639634 0.001260 0.004683
0 0.015675 0.638995 0.001400 0.005109
0 0.015465 0.634738 0.000980 0.005109
0 0.016305 0.634100 0.000980 0.004683
0 0.017915 0.638570 0.001400 0.005109
0 0.019384 0.634525 0.000980 0.003831
0 0.020994 0.634738 0.001120 0.004257
0 0.021833 0.638570 0.001120 0.004257
0 0.038978 0.635377 0.001819 0.002129
0 0.039328 0.625798 0.001679 0.002554
0 0.044437 0.622818 0.000700 0.004257
0 0.018474 0.323755 0.001959 0.002129
0 0.011267 0.304172 0.000980 0.004683
0 0.012036 0.304598 0.001120 0.004683
0 0.012946 0.304811 0.001260 0.004257
0 0.008397 0.322691 0.001679 0.001703
0 0.018195 0.332269 0.001959 0.002980
0 0.018265 0.329076 0.002099 0.002554
0 0.018474 0.326096 0.001959 0.002554
0 0.018544 0.321201 0.001819 0.002129
0 0.045976 0.623883 0.000980 0.005534
0 0.022043 0.318433 0.001540 0.002554
0 0.022043 0.315879 0.001540 0.003406
0 0.022113 0.313538 0.001120 0.002129
0 0.023653 0.310983 0.001679 0.003831
0 0.022323 0.306513 0.001819 0.003406
0 0.022183 0.301618 0.001540 0.003831
0 0.023653 0.303321 0.001679 0.003831
0 0.011477 0.295232 0.001400 0.004683
0 0.009657 0.289698 0.001400 0.005534
0 0.007558 0.294806 0.001400 0.005534
0 0.007418 0.304385 0.001400 0.005109
0 0.043037 0.591954 0.000700 0.005534
0 0.046746 0.579395 0.001679 0.002554
0 0.040588 0.509153 0.001400 0.002554
0 0.040728 0.506386 0.001679 0.002129
0 0.040658 0.503619 0.001819 0.002554
0 0.024493 0.372712 0.001679 0.002980
0 0.019454 0.379097 0.001959 0.002980
0 0.009587 0.381226 0.001540 0.002129
0 0.010917 0.378246 0.001679 0.002980
0 0.011966 0.375053 0.001819 0.002554
0 0.027572 0.352278 0.001959 0.005534
0 0.042757 0.297361 0.001260 0.002129
0 0.042687 0.263304 0.001679 0.002129
0 0.058153 0.271818 0.001819 0.002980
0 0.007278 0.317156 0.001400 0.005109
0 0.016305 0.659855 0.001260 0.005109
0 0.019454 0.664325 0.001400 0.004683
0 0.006928 0.704768 0.001260 0.004683
0 0.022883 0.700511 0.001819 0.004683
0 0.018544 0.679012 0.001260 0.005109
0 0.019384 0.678799 0.001260 0.004683
0 0.021554 0.679012 0.000840 0.005109
0 0.018684 0.701149 0.000980 0.004257
0 0.019524 0.700937 0.001260 0.004683
0 0.023023 0.705407 0.001540 0.003406
0 0.022883 0.703278 0.001540 0.004257
0 0.023093 0.693274 0.001679 0.003831
0 0.016795 0.679225 0.001400 0.004683
0 0.026172 0.702001 0.000840 0.004257
0 0.026102 0.697531 0.000980 0.003831
0 0.026172 0.686888 0.000840 0.004683
0 0.025332 0.678587 0.000840 0.004257
0 0.026172 0.679438 0.000840 0.004257
0 0.003569 0.643465 0.001260 0.004683
0 0.004409 0.643891 0.001260 0.005534
0 0.017565 0.678374 0.001260 0.004683
0 0.016305 0.687101 0.001260 0.005109
0 0.020924 0.664751 0.001540 0.005534
0 0.006228 0.686037 0.001260 0.004683
0 0.006088 0.704768 0.001540 0.005534
0 0.003289 0.699021 0.001260 0.005109
0 0.003779 0.690081 0.001120 0.004257
0 0.005178 0.690932 0.001679 0.005109
0 0.007698 0.691358 0.001400 0.004257
0 0.010427 0.691358 0.001540 0.004257
0 0.007768 0.687101 0.001260 0.004257
0 0.003779 0.685824 0.001400 0.004257
0 0.011966 0.687739 0.000980 0.003831
0 0.004129 0.677097 0.001260 0.005534
0 0.005038 0.678161 0.001400 0.005109
0 0.006648 0.677948 0.001260 0.004683
0 0.007418 0.677948 0.001120 0.004683
0 0.008328 0.678161 0.001260 0.005109
0 0.009937 0.677735 0.001120 0.004257
0 0.014416 0.678587 0.001679 0.005109
0 0.006228 0.643465 0.001260 0.005534
0 0.004619 0.630268 0.001120 0.004683
0 0.005248 0.628991 0.001260 0.004683
0 0.006088 0.529800 0.001819 0.002980
0 0.025612 0.537250 0.001679 0.004257
0 0.025192 0.531928 0.001679 0.003831
0 0.021344 0.526394 0.001819 0.003831
0 0.018125 0.524904 0.001540 0.002554
0 0.016235 0.524691 0.001400 0.002129
0 0.014416 0.524691 0.001400 0.002129
0 0.010357 0.525117 0.001679 0.003831
0 0.007068 0.527458 0.001819 0.003406
0 0.005878 0.629204 0.001120 0.005109
0 0.007628 0.525330 0.001819 0.003406
0 0.005808 0.523414 0.001540 0.002129
0 0.005108 0.667092 0.001260 0.005109
0 0.009937 0.654747 0.001959 0.004257
0 0.016375 0.673052 0.001400 0.005960
0 0.024143 0.673904 0.001540 0.005960
0 0.022393 0.664751 0.001400 0.005534
0 0.028202 0.548957 0.001540 0.004683
0 0.012946 0.526820 0.001540 0.002129
0 0.007978 0.590038 0.001400 0.005109
0 0.006578 0.588761 0.001120 0.005109
0 0.005528 0.625372 0.001260 0.004257
0 0.006158 0.625160 0.001400 0.004683
0 0.043737 0.643040 0.001819 0.002980
0 0.006158 0.616007 0.000840 0.004257
0 0.005248 0.611324 0.000980 0.004257
0 0.005878 0.612175 0.001120 0.004257
0 0.003919 0.601320 0.001400 0.005534
0 0.004129 0.597275 0.001260 0.005109
0 0.005108 0.597701 0.001260 0.005109
0 0.005668 0.597275 0.000980 0.005109
0 0.006438 0.597275 0.001120 0.005109
0 0.007418 0.597701 0.000840 0.004257
0 0.004059 0.587910 0.001400 0.005109
0 0.004969 0.588123 0.001260 0.004683
0 0.005738 0.588335 0.001120 0.005109
0 0.620854 0.219881 0.001679 0.002129
0 0.620924 0.226692 0.001540 0.002129
0 0.021973 0.296083 0.001959 0.003831
0 0.689503 0.636654 0.001819 0.001277
0 0.689643 0.617071 0.002379 0.002129
0 0.689643 0.619413 0.001819 0.002554
0 0.689853 0.622180 0.001959 0.002129
0 0.689783 0.624095 0.001819 0.002554
0 0.689783 0.629204 0.001540 0.002554
0 0.689503 0.632184 0.001819 0.001703
0 0.689363 0.634738 0.001819 0.001703
0 0.689573 0.638995 0.001679 0.001703
0 0.691603 0.618774 0.000700 0.003831
0 0.689643 0.641337 0.001819 0.002129
0 0.689363 0.646020 0.001819 0.002129
0 0.689223 0.648574 0.001819 0.002129
0 0.689293 0.650702 0.001679 0.002129
0 0.689293 0.653257 0.001679 0.002129
0 0.691183 0.743721 0.000980 0.005109
1 0.720154 0.710515 0.001540 0.009366
0 0.689503 0.614517 0.002099 0.002980
0 0.692652 0.619413 0.000840 0.003406
0 0.705668 0.611324 0.000840 0.005109
0 0.718614 0.612601 0.000700 0.004257
0 0.708048 0.611537 0.000840 0.005534
0 0.710987 0.611537 0.000560 0.003831
0 0.712456 0.611963 0.000980 0.004683
0 0.715745 0.612175 0.000560 0.004257
0 0.716445 0.612175 0.000840 0.004257
0 0.717075 0.612175 0.000700 0.004257
0 0.717915 0.612601 0.000700 0.004257
0 0.719314 0.612814 0.000700 0.003831
0 0.693562 0.619200 0.000980 0.004683
0 0.720224 0.611111 0.000840 0.004683
0 0.710987 0.630694 0.000840 0.004683
0 0.709167 0.633461 0.000840 0.005109
0 0.708397 0.634525 0.000700 0.003831
0 0.707488 0.634100 0.001120 0.006386
0 0.704759 0.636015 0.000980 0.005109
0 0.692722 0.629842 0.001260 0.004683
1 0.719734 0.729459 0.001540 0.008089
1 0.719664 0.751596 0.001400 0.008089
1 0.698670 0.777778 0.001400 0.008514
0 0.693282 0.795871 0.000700 0.005534
0 0.716585 0.778203 0.001679 0.002554
0 0.716725 0.790549 0.001679 0.002554
0 0.717005 0.797573 0.001679 0.002129
0 0.696431 0.796083 0.000840 0.005109
0 0.695591 0.796296 0.000840 0.004683
0 0.694752 0.796083 0.000840 0.004257
0 0.693982 0.795871 0.000700 0.004683
0 0.692442 0.795658 0.000700 0.004257
1 0.719664 0.783738 0.001120 0.007663
0 0.691603 0.795871 0.000700 0.004683
0 0.691603 0.800341 0.000700 0.004257
0 0.692442 0.800553 0.000980 0.004683
0 0.693842 0.800553 0.000700 0.003831
0 0.694682 0.800766 0.000700 0.004257
0 0.695591 0.800979 0.000840 0.004683
0 0.696361 0.801405 0.000700 0.003831
0 0.717845 0.775011 0.001400 0.002129
0 0.723443 0.782035 0.000840 0.005960
0 0.725472 0.782886 0.000980 0.005960
0 0.689853 0.772031 0.001959 0.002129
1 0.702659 0.793742 0.000980 0.007237
1 0.703639 0.793529 0.000980 0.007663
1 0.704549 0.793742 0.001120 0.007237
1 0.705598 0.793955 0.001260 0.007663
1 0.713856 0.794593 0.001260 0.008089
1 0.714906 0.795019 0.001120 0.007237
0 0.727992 0.799702 0.002099 0.002129
0 0.689783 0.778203 0.001819 0.001703
0 0.689573 0.776501 0.001959 0.002554
0 0.694542 0.784163 0.000980 0.005109
0 0.693912 0.783951 0.000560 0.004683
0 0.693212 0.783525 0.000840 0.004683
0 0.692232 0.783951 0.000840 0.004683
0 0.691393 0.782886 0.000840 0.005109
0 0.689783 0.774585 0.001819 0.002980
0 0.707208 0.611537 0.000840 0.004683
0 0.705038 0.610898 0.000980 0.005109
0 0.697901 0.800553 0.000700 0.004683
0 0.705248 0.600043 0.000840 0.003831
0 0.712246 0.600894 0.000560 0.004683
0 0.710777 0.600681 0.000700 0.004257
0 0.710077 0.600894 0.000700 0.005534
0 0.709097 0.600894 0.000700 0.004683
0 0.707488 0.601320 0.000840 0.004683
0 0.706788 0.600894 0.000840 0.004683
0 0.706088 0.600681 0.000840 0.004257
0 0.704619 0.600043 0.000700 0.003831
0 0.713856 0.601320 0.000700 0.005534
0 0.703919 0.600043 0.000700 0.003831
0 0.703219 0.600043 0.000700 0.003831
0 0.702379 0.600468 0.000700 0.004683
0 0.701679 0.600468 0.000700 0.004683
0 0.700840 0.600043 0.000980 0.004683
0 0.700000 0.600043 0.000700 0.004683
0 0.694542 0.609834 0.000980 0.003831
0 0.713016 0.601533 0.000700 0.005109
0 0.714486 0.601958 0.000840 0.005109
0 0.704269 0.611111 0.000840 0.003831
0 0.716865 0.596211 0.000840 0.004683
0 0.707768 0.596424 0.000560 0.005109
0 0.708607 0.596211 0.000840 0.002980
0 0.711617 0.596850 0.000700 0.005109
0 0.712246 0.596211 0.000840 0.004683
0 0.713016 0.596637 0.000700 0.004683
0 0.713786 0.595785 0.000840 0.004683
0 0.714626 0.596637 0.000560 0.004683
0 0.717705 0.596211 0.000840 0.004683
0 0.715255 0.601745 0.000700 0.004683
0 0.718404 0.596211 0.000840 0.003831
0 0.718964 0.595998 0.000840 0.004257
0 0.720014 0.596424 0.000980 0.004257
0 0.720014 0.601958 0.001260 0.004257
0 0.718824 0.601320 0.000840 0.004683
0 0.717495 0.601745 0.000700 0.004683
0 0.716095 0.601533 0.000700 0.005109
0 0.699300 0.599830 0.000700 0.004257
0 0.698321 0.599404 0.000700 0.004257
0 0.698670 0.583440 0.000840 0.004683
0 0.641707 0.603874 0.001679 0.004683
0 0.674178 0.590251 0.000560 0.003831
0 0.673548 0.589825 0.000700 0.004683
0 0.672638 0.589825 0.000840 0.003831
0 0.670329 0.589613 0.000980 0.005109
0 0.644087 0.595147 0.001679 0.005109
0 0.643527 0.597063 0.001959 0.004683
0 0.642477 0.600255 0.001819 0.005109
0 0.641078 0.606003 0.001819 0.004683
0 0.692792 0.578544 0.000840 0.004257
0 0.640798 0.608344 0.001540 0.004257
0 0.640308 0.610047 0.001679 0.004257
0 0.698600 0.610473 0.000700 0.004257
0 0.699510 0.610685 0.000840 0.004683
0 0.700350 0.610047 0.000840 0.004257
0 0.701120 0.610260 0.000700 0.004683
0 0.701889 0.610685 0.000840 0.005534
0 0.672638 0.599191 0.000840 0.004683
0 0.675577 0.600043 0.000840 0.004683
0 0.676487 0.599617 0.000700 0.004683
0 0.691323 0.609621 0.000980 0.004257
0 0.693492 0.578544 0.000840 0.004257
0 0.694332 0.577905 0.000840 0.004683
0 0.695101 0.577905 0.000700 0.004683
0 0.695801 0.578970 0.000700 0.004257
0 0.695801 0.583653 0.000980 0.005109
0 0.694962 0.583227 0.000700 0.005109
0 0.694122 0.583227 0.000700 0.003406
0 0.693352 0.583653 0.000840 0.004257
0 0.691253 0.587271 0.001959 0.004683
0 0.690693 0.588974 0.001959 0.004683
0 0.690063 0.590038 0.001819 0.005109
0 0.689293 0.592380 0.001679 0.004683
0 0.688663 0.593657 0.002379 0.005534
0 0.693352 0.610047 0.000840 0.004257
0 0.692512 0.609408 0.000840 0.004683
0 0.697061 0.800766 0.000700 0.004257
0 0.698600 0.800766 0.000700 0.004257
0 0.620924 0.229246 0.001819 0.002129
0 0.616935 0.333759 0.001679 0.002554
0 0.609167 0.341635 0.000700 0.004683
0 0.608258 0.341422 0.000840 0.004257
0 0.606858 0.341422 0.001120 0.005109
0 0.602309 0.345892 0.000420 0.003831
0 0.601540 0.345466 0.000560 0.004683
0 0.600630 0.345040 0.000700 0.004683
0 0.599230 0.344828 0.000700 0.004257
0 0.617075 0.331630 0.001679 0.002554
0 0.611407 0.341209 0.000700 0.004683
0 0.618544 0.338655 0.001540 0.002129
0 0.618684 0.336739 0.001540 0.003406
0 0.618614 0.334185 0.001959 0.002554
0 0.618754 0.331843 0.001679 0.002129
0 0.618754 0.329715 0.001679 0.002129
0 0.617285 0.328863 0.001819 0.002129
0 0.617355 0.326948 0.001679 0.002554
0 0.610567 0.341635 0.000700 0.003831
0 0.612176 0.342060 0.000840 0.003831
0 0.601120 0.367178 0.001400 0.003831
0 0.608258 0.347169 0.000560 0.004683
0 0.600770 0.362495 0.001540 0.003831
0 0.600210 0.358238 0.001819 0.004683
0 0.599510 0.356322 0.001819 0.005109
0 0.605318 0.346743 0.000840 0.004683
0 0.606018 0.347169 0.000840 0.005534
0 0.606788 0.346743 0.000700 0.005534
0 0.607488 0.346743 0.000700 0.004683
0 0.609027 0.346105 0.000980 0.004257
0 0.613016 0.342486 0.000840 0.004683
0 0.609867 0.346530 0.000700 0.004257
0 0.610637 0.346956 0.000840 0.004257
0 0.611407 0.346956 0.000700 0.004257
0 0.612036 0.346743 0.000840 0.005534
0 0.613016 0.347595 0.000840 0.005534
0 0.613716 0.347169 0.000840 0.003831
0 0.613786 0.342486 0.000700 0.005534
0 0.617215 0.324606 0.001679 0.002129
0 0.617215 0.317582 0.001679 0.002554
0 0.618754 0.324819 0.001679 0.002554
0 0.619244 0.217114 0.002099 0.001703
0 0.615885 0.210089 0.001540 0.002129
0 0.615955 0.205407 0.001679 0.002129
0 0.619384 0.205832 0.001540 0.002129
0 0.619314 0.208174 0.001679 0.001703
0 0.619384 0.210728 0.001540 0.001703
0 0.619384 0.213069 0.001819 0.002129
0 0.619314 0.215198 0.001679 0.002129
0 0.619314 0.219455 0.001400 0.002129
0 0.618754 0.322478 0.001679 0.002129
0 0.619314 0.222009 0.001679 0.002129
0 0.619104 0.224351 0.001819 0.001703
0 0.619174 0.227118 0.001959 0.002129
0 0.619244 0.229246 0.001819 0.002129
0 0.619034 0.231375 0.001679 0.002129
0 0.620784 0.234142 0.001540 0.002554
0 0.620854 0.231375 0.001679 0.002129
0 0.615955 0.212644 0.001679 0.002129
0 0.615885 0.214985 0.001540 0.002554
0 0.615885 0.217327 0.001819 0.002129
0 0.615745 0.219455 0.001819 0.002129
0 0.610847 0.297361 0.001819 0.002129
0 0.613156 0.310983 0.001400 0.004683
0 0.617565 0.308642 0.001540 0.002554
0 0.618894 0.315453 0.001400 0.002554
0 0.619104 0.310983 0.001819 0.002129
0 0.619034 0.306301 0.001679 0.002129
0 0.619104 0.302043 0.001819 0.002129
0 0.619034 0.299489 0.001679 0.002129
0 0.618894 0.294168 0.001959 0.002554
0 0.619104 0.291826 0.001540 0.002129
0 0.614556 0.213495 0.000840 0.004683
0 0.614416 0.219029 0.000840 0.004683
0 0.615675 0.226266 0.001679 0.002129
0 0.615675 0.224138 0.002239 0.002129
0 0.615675 0.221797 0.001679 0.002554
0 0.601050 0.364836 0.002099 0.005109
0 0.601819 0.368880 0.001679 0.004683
0 0.699300 0.800766 0.000700 0.004257
0 0.705808 0.813538 0.000840 0.005109
0 0.693632 0.816943 0.000840 0.005109
0 0.692792 0.816731 0.000840 0.003831
0 0.692022 0.816518 0.000700 0.004257
0 0.691183 0.816518 0.000700 0.004257
0 0.690413 0.815879 0.000840 0.004683
0 0.701120 0.817582 0.000980 0.003831
0 0.703289 0.818221 0.000840 0.003406
0 0.706438 0.813751 0.000700 0.004683
0 0.691323 0.811835 0.000700 0.004257
0 0.707838 0.813751 0.000700 0.004683
0 0.714136 0.817369 0.001819 0.002554
0 0.709447 0.814815 0.000840 0.005109
0 0.691882 0.833120 0.000700 0.005109
0 0.694122 0.833546 0.000980 0.004257
0 0.694192 0.828863 0.000840 0.005109
0 0.693422 0.828650 0.000700 0.005534
0 0.695801 0.817369 0.000980 0.004257
0 0.692022 0.811622 0.000700 0.004683
0 0.602169 0.371222 0.001540 0.004257
0 0.700420 0.813112 0.000700 0.004257
0 0.700070 0.799915 0.000840 0.005109
0 0.711547 0.801618 0.000840 0.004257
0 0.710217 0.801405 0.000700 0.003831
0 0.708747 0.800766 0.000840 0.005109
0 0.704269 0.813112 0.000840 0.005109
0 0.703359 0.813112 0.000980 0.004257
0 0.701190 0.813112 0.000840 0.004257
0 0.699580 0.812686 0.000700 0.005109
0 0.692792 0.812261 0.000840 0.004257
0 0.698880 0.812473 0.000700 0.004683
0 0.698181 0.812261 0.000700 0.004257
0 0.697481 0.812473 0.000700 0.004683
0 0.695941 0.812686 0.000700 0.005109
0 0.695031 0.812473 0.000840 0.004683
0 0.694192 0.811835 0.000840 0.003406
0 0.693632 0.812048 0.000840 0.004683
0 0.692652 0.828438 0.000840 0.005109
0 0.691742 0.828225 0.000700 0.004683
0 0.691113 0.828225 0.000840 0.004683
0 0.606298 0.388037 0.001679 0.004683
0 0.596081 0.457642 0.001120 0.005109
0 0.594612 0.457429 0.000980 0.003831
0 0.591533 0.457429 0.000980 0.004683
0 0.588943 0.457003 0.000840 0.004683
0 0.568579 0.446573 0.001260 0.006811
0 0.610917 0.406556 0.001120 0.005109
0 0.609307 0.382929 0.001819 0.002980
0 0.605808 0.386760 0.001540 0.004683
0 0.690133 0.829289 0.000840 0.004257
0 0.605178 0.384845 0.001679 0.005109
0 0.604899 0.383142 0.001400 0.004257
0 0.604479 0.380800 0.001679 0.004683
0 0.604059 0.378885 0.001679 0.004257
0 0.603499 0.376969 0.001679 0.004683
0 0.603149 0.375053 0.001540 0.004257
0 0.602519 0.373138 0.001679 0.003831
0 0.599790 0.458280 0.000980 0.005534
0 0.593842 0.463389 0.000840 0.004683
0 0.590903 0.462537 0.001120 0.004683
0 0.588034 0.462963 0.000980 0.004683
0 0.694962 0.828438 0.000700 0.004257
0 0.695871 0.828863 0.000840 0.005109
0 0.708677 0.847595 0.000700 0.004257
0 0.704969 0.846956 0.001120 0.005534
0 0.687824 0.845253 0.000980 0.004683
0 0.631001 0.724777 0.001540 0.002129
0 0.630371 0.722222 0.001679 0.002129
0 0.629881 0.719455 0.001540 0.002554
0 0.639048 0.530864 0.003639 0.004257
0 0.634990 0.530438 0.002799 0.005109
0 0.634500 0.523414 0.002379 0.003831
0 0.637719 0.446360 0.001540 0.002980
0 0.628551 0.455939 0.001400 0.005109
0 0.606158 0.513410 0.001679 0.002554
0 0.607838 0.483397 0.001679 0.002980
0 0.023723 0.298425 0.001819 0.003406
0 0.023723 0.296083 0.001540 0.002980
1 0.884675 0.829289 0.000840 0.005960
0 0.026102 0.069391 0.001540 0.004257
0 0.011966 0.028310 0.001819 0.003831
0 0.029041 0.087058 0.001819 0.005534
0 0.028691 0.084930 0.001959 0.005534
0 0.028551 0.082163 0.001679 0.005109
0 0.027922 0.077480 0.001540 0.004257
0 0.027572 0.075351 0.001679 0.005109
0 0.026592 0.071520 0.001400 0.005109
0 0.025332 0.065986 0.001400 0.005109
0 0.012036 0.033206 0.001679 0.003406
0 0.024773 0.064496 0.001400 0.004683
0 0.024213 0.062793 0.001400 0.004683
0 0.023863 0.060451 0.001540 0.005109
0 0.023303 0.058323 0.001260 0.004257
0 0.023023 0.056833 0.001260 0.003831
0 0.022603 0.054704 0.001260 0.005534
0 0.021624 0.050447 0.001540 0.004683
0 0.011966 0.030438 0.001260 0.002980
0 0.012036 0.035334 0.001679 0.004257
0 0.011337 0.083865 0.001679 0.002554
0 0.011547 0.060877 0.001540 0.003406
0 0.011547 0.079183 0.001819 0.003406
0 0.011477 0.075138 0.001679 0.003831
0 0.011547 0.072584 0.001819 0.003831
0 0.011547 0.070243 0.001540 0.003406
0 0.011617 0.067688 0.001400 0.003406
0 0.011477 0.065347 0.001400 0.002980
0 0.011686 0.063006 0.001540 0.003406
0 0.011686 0.058323 0.001540 0.003406
0 0.011826 0.037888 0.001260 0.002554
0 0.011756 0.054066 0.001679 0.003406
0 0.011686 0.052150 0.001260 0.002980
0 0.011686 0.049596 0.001540 0.003831
0 0.011966 0.046828 0.001540 0.003406
0 0.011966 0.044700 0.001540 0.003406
0 0.011756 0.042358 0.001679 0.003831
0 0.011826 0.039804 0.001540 0.003831
0 0.020504 0.045126 0.000980 0.004257
0 0.020014 0.043848 0.001120 0.005109
0 0.019594 0.042146 0.001120 0.005109
0 0.014206 0.017880 0.000980 0.005109
0 0.021204 0.031290 0.001540 0.004683
0 0.017775 0.033844 0.000840 0.005534
0 0.016235 0.028097 0.001120 0.005109
0 0.015955 0.025756 0.001120 0.004683
0 0.015255 0.024691 0.001400 0.005960
0 0.014976 0.022563 0.001400 0.004257
0 0.014766 0.020221 0.001260 0.003831
0 0.013856 0.016816 0.001120 0.003831
0 0.019104 0.039378 0.001260 0.004683
0 0.013436 0.015326 0.001400 0.005109
0 0.013086 0.014049 0.001260 0.004257
0 0.012736 0.012559 0.001400 0.003831
0 0.012316 0.010856 0.001400 0.004683
0 0.011826 0.009791 0.001260 0.004257
0 0.011547 0.007663 0.000980 0.003406
0 0.013786 0.004896 0.001260 0.003831
0 0.029741 0.035760 0.001540 0.002554
0 0.033100 0.036186 0.001540 0.002554
0 0.034360 0.038740 0.001540 0.002554
0 0.037509 0.041294 0.001679 0.001703
0 0.018474 0.037463 0.001400 0.005109
0 0.018265 0.035334 0.001260 0.005109
0 0.032540 0.047680 0.001540 0.001703
0 0.029601 0.045338 0.001540 0.002129
0 0.029671 0.042571 0.001400 0.001703
0 0.029741 0.040230 0.001540 0.002129
0 0.032750 0.040656 0.001959 0.002980
0 0.034360 0.042997 0.001540 0.002554
0 0.034080 0.045551 0.001819 0.002554
0 0.034080 0.048318 0.001540 0.002129
0 0.033940 0.050234 0.001819 0.001703
0 0.034290 0.052150 0.001400 0.002129
0 0.032680 0.052576 0.001819 0.002129
0 0.037369 0.053001 0.001400 0.002129
0 0.037439 0.048531 0.001540 0.001703
0 0.011477 0.081950 0.001679 0.002980
0 0.011477 0.085994 0.001679 0.003406
0 0.010567 0.004257 0.001260 0.004257
0 0.020434 0.078544 0.001400 0.005534
0 0.015745 0.083865 0.001260 0.005109
0 0.014976 0.083653 0.001120 0.004683
0 0.014206 0.083440 0.001260 0.005109
0 0.023583 0.078544 0.001260 0.004683
0 0.022883 0.079395 0.000980 0.004683
0 0.022113 0.079395 0.001120 0.005534
0 0.021344 0.079395 0.001260 0.005534
0 0.019804 0.079183 0.001260 0.005109
0 0.017285 0.084291 0.000980 0.004257
0 0.019034 0.080034 0.001120 0.004257
0 0.018404 0.079821 0.001260 0.004683
0 0.017495 0.079395 0.001400 0.004683
0 0.016865 0.079821 0.001540 0.005534
0 0.016025 0.079183 0.001540 0.005109
0 0.015115 0.078970 0.001120 0.004683
0 0.014276 0.078970 0.001120 0.005534
0 0.016585 0.083865 0.000980 0.004257
0 0.018125 0.083865 0.000980 0.004257
0 0.011477 0.088335 0.001679 0.003831
0 0.060182 0.062367 0.002239 0.002129
0 0.034780 0.097275 0.001260 0.006386
0 0.049195 0.143465 0.001540 0.005960
0 0.054164 0.130481 0.001679 0.005534
0 0.056823 0.124947 0.001120 0.005534
0 0.052204 0.100681 0.001959 0.002129
0 0.049965 0.098127 0.001679 0.004683
0 0.060462 0.065347 0.001959 0.002980
0 0.060042 0.058748 0.002519 0.002554
0 0.018824 0.083865 0.000980 0.004257
0 0.024913 0.083440 0.001120 0.005109
0 0.024003 0.084078 0.001260 0.004683
0 0.023513 0.085143 0.001120 0.004257
0 0.021973 0.083865 0.001120 0.004257
0 0.021134 0.083440 0.001120 0.005109
0 0.020364 0.084291 0.000980 0.005109
0 0.019664 0.084291 0.000980 0.004257
0 0.014626 0.069178 0.001260 0.005534
0 0.015465 0.069391 0.000980 0.005109
0 0.016165 0.069604 0.001260 0.004683
0 0.014906 0.051086 0.001260 0.005109
0 0.017565 0.055556 0.000980 0.004683
0 0.018474 0.055130 0.001120 0.004683
0 0.019664 0.055343 0.001540 0.006811
0 0.018055 0.050873 0.001400 0.005534
0 0.017145 0.051086 0.001260 0.004257
0 0.016375 0.050873 0.001120 0.004683
0 0.015605 0.050873 0.001260 0.004683
0 0.015955 0.040443 0.001120 0.004257
0 0.016935 0.069604 0.001400 0.005534
0 0.015325 0.040868 0.001260 0.005109
0 0.014626 0.041720 0.001260 0.005109
0 0.011267 0.100468 0.001540 0.003406
0 0.011267 0.098127 0.001260 0.002980
0 0.011337 0.095360 0.001679 0.003406
0 0.011337 0.093444 0.001679 0.002980
0 0.011337 0.091103 0.001400 0.003406
0 0.016795 0.055768 0.001120 0.005109
0 0.015955 0.055343 0.001120 0.005109
0 0.015325 0.055768 0.000980 0.005109
0 0.014486 0.055768 0.001540 0.005960
0 0.019104 0.070030 0.001540 0.005534
0 0.020084 0.069604 0.001260 0.004683
0 0.020854 0.069391 0.001120 0.004257
0 0.022113 0.069817 0.001120 0.005109
0 0.018195 0.065560 0.001120 0.005109
0 0.018894 0.065773 0.001120 0.005534
0 0.019874 0.065560 0.001120 0.005109
0 0.025682 0.055981 0.001540 0.003831
0 0.020574 0.065347 0.001120 0.004683
0 0.021414 0.065560 0.001120 0.004257
0 0.017565 0.065347 0.000980 0.004683
0 0.016795 0.064921 0.001120 0.006386
0 0.016095 0.065773 0.000840 0.004683
0 0.015185 0.065134 0.000980 0.005109
0 0.014276 0.064283 0.001120 0.005109
0 0.011057 0.005960 0.001120 0.005109
1 0.866690 0.572371 0.001540 0.020009
0 0.014066 0.091954 0.001260 0.005109
2 0.219244 0.550447 0.013576 0.031503
2 0.272568 0.643891 0.010497 0.031928
2 0.271938 0.678587 0.010637 0.033206
2 0.272008 0.715837 0.010777 0.032780
2 0.275297 0.785015 0.013436 0.041720
2 0.254164 0.726266 0.012876 0.038314
2 0.261721 0.868668 0.013996 0.034483
2 0.218684 0.589613 0.013296 0.032354
2 0.220994 0.512133 0.010637 0.031503
2 0.273618 0.536611 0.013156 0.033631
2 0.221484 0.422946 0.011617 0.031077
2 0.221484 0.385696 0.011896 0.033206
2 0.222253 0.346743 0.013436 0.030226
2 0.222253 0.308642 0.011756 0.029800
2 0.223303 0.269476 0.013856 0.031503
2 0.222813 0.230098 0.014556 0.029374
2 0.190413 0.298212 0.013856 0.032780
2 0.273758 0.607493 0.012316 0.032354
2 0.273898 0.501277 0.012316 0.028523
2 0.398041 0.883355 0.013716 0.032354
2 0.307838 0.440613 0.013856 0.031503
2 0.345766 0.726692 0.008537 0.021286
2 0.302239 0.718817 0.013016 0.030226
2 0.303289 0.684334 0.012036 0.029374
2 0.302939 0.646871 0.012176 0.031928
2 0.303499 0.612175 0.011896 0.028097
2 0.303849 0.574926 0.011756 0.031928
2 0.304269 0.539591 0.011197 0.027671
2 0.307348 0.408685 0.012876 0.029800
2 0.273828 0.444444 0.013016 0.028948
2 0.307628 0.339719 0.012036 0.028097
2 0.326522 0.234355 0.014556 0.042997
2 0.310497 0.271818 0.011337 0.025968
2 0.322533 0.128778 0.013576 0.028523
2 0.281316 0.123457 0.013156 0.029800
2 0.276137 0.239464 0.011197 0.027671
2 0.276977 0.273946 0.010357 0.022563
2 0.189363 0.375053 0.013996 0.032354
2 0.189013 0.449979 0.012736 0.031503
2 0.171029 0.512346 0.010357 0.041294
2 0.101959 0.767348 0.015255 0.039591
2 0.070469 0.336100 0.014976 0.045551
2 0.070329 0.420817 0.013296 0.045551
2 0.087264 0.480417 0.016095 0.047254
2 0.106018 0.538101 0.014696 0.037463
2 0.103639 0.587484 0.013856 0.034057
2 0.068439 0.584291 0.012316 0.049808
2 0.101889 0.725628 0.014836 0.034483
2 0.048705 0.777778 0.011477 0.027246
2 0.170189 0.587484 0.011756 0.043423
2 0.046606 0.729246 0.010637 0.032354
2 0.050665 0.604300 0.013156 0.030226
2 0.050105 0.565134 0.013436 0.031928
2 0.052834 0.426564 0.011057 0.027246
2 0.053884 0.391443 0.014556 0.037037
2 0.052344 0.355470 0.009517 0.025543
2 0.051714 0.284376 0.009657 0.024691
2 0.102589 0.229885 0.012036 0.034057
2 0.106858 0.263729 0.013576 0.031928
2 0.105738 0.302469 0.013296 0.031928
2 0.107348 0.342060 0.014556 0.037037
2 0.187754 0.623031 0.013576 0.030226
2 0.217915 0.666667 0.013716 0.030651
2 0.188244 0.702001 0.015395 0.037463
2 0.151505 0.746701 0.012176 0.044274
2 0.124003 0.854619 0.014276 0.028523
2 0.133590 0.688591 0.014696 0.036186
2 0.134570 0.527033 0.014696 0.034908
2 0.137159 0.488506 0.013996 0.031928
2 0.135549 0.425713 0.014136 0.029800
2 0.136249 0.378459 0.013576 0.034908
2 0.136949 0.331418 0.013576 0.031928
2 0.136739 0.255215 0.013436 0.033631
2 0.137579 0.219242 0.010357 0.029800
2 0.138209 0.183695 0.013296 0.032780
2 0.107068 0.384845 0.013996 0.034057
2 0.356893 0.764155 0.011197 0.030651
2 0.386634 0.701788 0.012456 0.032780
1 0.867530 0.572158 0.001260 0.020434
2 0.775577 0.173904 0.008817 0.037037
2 0.916865 0.108983 0.015395 0.030651
2 0.903289 0.365262 0.015115 0.047680
2 0.950665 0.312899 0.009657 0.034057
2 0.878027 0.184547 0.010497 0.041294
2 0.864381 0.177735 0.014836 0.048957
2 0.800770 0.177735 0.010497 0.040443
2 0.787894 0.174542 0.012736 0.043423
2 0.806928 0.099404 0.012736 0.023414
2 0.917215 0.184547 0.015255 0.053214
2 0.751784 0.094934 0.015815 0.032354
2 0.634920 0.707535 0.028411 0.073223
2 0.629951 0.835036 0.012316 0.028523
2 0.600280 0.775862 0.012876 0.031077
2 0.598950 0.715411 0.019454 0.062580
2 0.599720 0.500213 0.009517 0.026394
2 0.597131 0.078544 0.009657 0.021711
2 0.952974 0.197105 0.023233 0.066411
2 0.903709 0.187527 0.010637 0.035334
2 0.387264 0.673691 0.013156 0.031928
0 0.855703 0.561941 0.000840 0.005109
1 0.868789 0.572158 0.001540 0.020434
1 0.869699 0.572158 0.001400 0.019583
1 0.870819 0.571307 0.001400 0.020434
1 0.848355 0.569817 0.001540 0.019157
1 0.850385 0.569817 0.001400 0.018306
1 0.852344 0.570243 0.001400 0.019157
1 0.853394 0.570243 0.001260 0.019157
0 0.864871 0.563218 0.000980 0.005109
2 0.838978 0.172414 0.015815 0.050234
0 0.911127 0.560451 0.001400 0.005534
1 0.909097 0.430183 0.003219 0.009791
0 0.905458 0.404215 0.000980 0.004683
0 0.906508 0.404002 0.000840 0.005109
2 0.678237 0.920605 0.015395 0.036186
2 0.632400 0.915070 0.012456 0.031928
2 0.599930 0.839719 0.018894 0.050660
2 0.570749 0.112175 0.014556 0.037037
2 0.527152 0.244998 0.006578 0.021711
2 0.512316 0.567263 0.010777 0.034483
2 0.361232 0.425287 0.008118 0.020434
2 0.390483 0.285015 0.010077 0.025117
2 0.359972 0.291826 0.008118 0.020860
2 0.359832 0.316518 0.008677 0.024266
2 0.360462 0.342912 0.011057 0.024266
2 0.359272 0.368242 0.008677 0.019583
2 0.390483 0.356322 0.013436 0.027246
2 0.360182 0.394423 0.010777 0.024266
2 0.388803 0.422307 0.011197 0.028097
2 0.480896 0.634100 0.015675 0.038740
2 0.388943 0.457003 0.012036 0.035334
2 0.389433 0.504044 0.009377 0.022137
2 0.390203 0.570668 0.013156 0.034483
2 0.358642 0.586845 0.015255 0.043848
2 0.358293 0.619200 0.008677 0.025117
2 0.356683 0.654321 0.011617 0.031503
2 0.387824 0.638144 0.015675 0.044274
2 0.360182 0.266709 0.008537 0.020009
2 0.360322 0.242656 0.009937 0.027246
2 0.390553 0.258834 0.010217 0.023840
2 0.381526 0.134738 0.013716 0.031077
2 0.480336 0.683482 0.011756 0.031928
2 0.481176 0.733078 0.013436 0.030651
2 0.478936 0.830992 0.014276 0.035760
2 0.447166 0.827586 0.011197 0.033206
2 0.450315 0.777991 0.009937 0.030226
2 0.423723 0.695615 0.015255 0.047680
2 0.483345 0.395062 0.011617 0.031503
2 0.483275 0.345892 0.010357 0.022563
2 0.482785 0.297573 0.011337 0.030651
2 0.454094 0.293955 0.013296 0.032780
2 0.484255 0.199447 0.011197 0.021711
2 0.452274 0.196892 0.013296 0.031077
2 0.519104 0.138995 0.012316 0.032780
2 0.507978 0.069817 0.011337 0.026394
2 0.421204 0.137080 0.012176 0.028948
0 0.032820 0.101107 0.000700 0.004683
0 0.014976 0.093231 0.000840 0.004257
0 0.022323 0.291613 0.001819 0.003406
0 0.022883 0.155385 0.001260 0.005109
0 0.015395 0.161558 0.001400 0.004683
0 0.014976 0.158791 0.001679 0.005960
0 0.040378 0.176671 0.000980 0.005960
0 0.026662 0.155172 0.000980 0.004683
0 0.025962 0.155598 0.001260 0.004683
0 0.025122 0.154960 0.001260 0.004257
0 0.023653 0.155172 0.001120 0.004683
0 0.022183 0.154960 0.000980 0.004257
0 0.016165 0.165177 0.001540 0.005109
0 0.021414 0.154321 0.001120 0.004683
0 0.020014 0.155385 0.001120 0.005109
0 0.019034 0.154321 0.001120 0.004683
0 0.018334 0.155385 0.001120 0.004257
0 0.017495 0.154747 0.001120 0.004683
0 0.027362 0.155598 0.000980 0.004683
0 0.027992 0.153044 0.001120 0.004683
0 0.015675 0.164112 0.001400 0.005534
0 0.016305 0.168582 0.001540 0.005960
0 0.022463 0.169008 0.000980 0.004257
0 0.025402 0.164538 0.000980 0.005534
0 0.024073 0.169008 0.001400 0.005109
0 0.024843 0.168795 0.000700 0.003831
0 0.025402 0.169647 0.001260 0.005534
0 0.026172 0.170072 0.001120 0.004683
0 0.027082 0.169434 0.001260 0.005109
0 0.026802 0.165815 0.001260 0.005534
0 0.026242 0.164538 0.000980 0.005534
0 0.024423 0.164964 0.000980 0.004683
0 0.017145 0.171988 0.001540 0.005109
0 0.023653 0.164751 0.000840 0.005109
0 0.022883 0.164964 0.000980 0.004683
0 0.022183 0.165177 0.000980 0.004257
0 0.021414 0.164751 0.001120 0.004257
0 0.020784 0.164112 0.000980 0.003831
0 0.020014 0.163687 0.001120 0.005534
0 0.017425 0.174542 0.001540 0.005960
0 0.027012 0.150702 0.001120 0.004257
0 0.026102 0.150277 0.000980 0.005109
0 0.025332 0.150490 0.001120 0.004683
0 0.034500 0.161984 0.000980 0.004683
0 0.022883 0.141124 0.000980 0.004683
0 0.023723 0.141337 0.001260 0.005109
0 0.024493 0.141124 0.001120 0.004683
0 0.025192 0.141550 0.001120 0.005534
0 0.025962 0.141124 0.000980 0.005534
0 0.026872 0.141124 0.001400 0.004683
0 0.027992 0.140911 0.001400 0.005109
0 0.033870 0.117710 0.001120 0.004683
0 0.024563 0.149851 0.001260 0.005960
0 0.027572 0.136654 0.001120 0.004257
0 0.026802 0.136228 0.000980 0.004257
0 0.025892 0.136654 0.000840 0.004257
0 0.025122 0.136441 0.000980 0.004683
0 0.024143 0.131971 0.001540 0.001703
0 0.024353 0.137080 0.000840 0.004257
0 0.023653 0.136867 0.000840 0.004683
0 0.022253 0.140698 0.000840 0.004683
0 0.021554 0.141337 0.001120 0.004257
0 0.019314 0.140911 0.001120 0.004257
0 0.018544 0.140911 0.000980 0.004257
0 0.023793 0.150915 0.001120 0.004683
0 0.022883 0.149000 0.000980 0.004257
0 0.022323 0.149851 0.001260 0.004257
0 0.021554 0.149851 0.001400 0.005960
0 0.020854 0.150490 0.001120 0.004683
0 0.020154 0.150064 0.001400 0.005534
0 0.019384 0.150277 0.001260 0.005109
0 0.018614 0.150064 0.001120 0.004683
0 0.017775 0.150702 0.001400 0.005109
0 0.013786 0.140060 0.001260 0.005109
0 0.014556 0.140060 0.000840 0.004257
0 0.015325 0.140060 0.001260 0.004257
0 0.016235 0.140272 0.000840 0.004683
0 0.017005 0.140698 0.000980 0.004683
0 0.017775 0.140272 0.001120 0.004683
0 0.023163 0.169008 0.000980 0.004257
0 0.021763 0.168582 0.000980 0.004257
0 0.022113 0.136867 0.000840 0.004683
0 0.018474 0.233291 0.001120 0.004257
0 0.017285 0.253725 0.001819 0.003406
0 0.020924 0.240102 0.001260 0.005109
0 0.023303 0.240528 0.001260 0.005109
0 0.014066 0.233291 0.001260 0.005109
0 0.016095 0.233078 0.000840 0.004683
0 0.017145 0.232865 0.000980 0.005109
0 0.017705 0.232865 0.000980 0.005109
0 0.024843 0.240741 0.001540 0.005534
0 0.033730 0.248404 0.000840 0.004683
0 0.009797 0.225202 0.002239 0.002554
0 0.009797 0.222861 0.001959 0.002129
0 0.010077 0.212857 0.001959 0.001703
0 0.010007 0.209238 0.002099 0.002980
0 0.009867 0.206684 0.001819 0.002129
0 0.010007 0.204555 0.001819 0.002129
0 0.009937 0.202639 0.001959 0.002554
0 0.027362 0.249468 0.001540 0.003406
0 0.013926 0.238612 0.001260 0.003831
0 0.020784 0.169008 0.000980 0.005109
0 0.009867 0.276288 0.001540 0.005960
0 0.023863 0.290975 0.001540 0.003831
0 0.032400 0.325032 0.000700 0.005534
0 0.027082 0.308429 0.001540 0.003831
0 0.027992 0.303533 0.000840 0.005109
0 0.026872 0.293955 0.001959 0.004683
0 0.023723 0.286079 0.002099 0.004257
0 0.024003 0.281396 0.001819 0.004257
0 0.013156 0.276288 0.001400 0.005109
0 0.010077 0.238612 0.001400 0.005534
0 0.009937 0.261388 0.001400 0.005109
0 0.012246 0.261814 0.001260 0.005109
0 0.024003 0.271392 0.001819 0.003831
0 0.027082 0.269264 0.001819 0.003831
0 0.024283 0.254364 0.001540 0.003831
0 0.010357 0.248191 0.001400 0.005109
0 0.011966 0.249042 0.001260 0.005109
0 0.009937 0.200298 0.001959 0.002129
0 0.009797 0.197744 0.001679 0.002129
0 0.010287 0.194977 0.001819 0.003406
0 0.026172 0.179438 0.001400 0.004683
0 0.020784 0.179012 0.000980 0.004683
0 0.021484 0.178161 0.000980 0.004683
0 0.022253 0.178374 0.001120 0.005109
0 0.023233 0.179651 0.001120 0.005109
0 0.023863 0.179438 0.001260 0.004683
0 0.024633 0.179864 0.001120 0.005534
0 0.025402 0.179438 0.001260 0.004683
0 0.027012 0.179225 0.001120 0.005109
0 0.010287 0.192422 0.001819 0.003406
0 0.027992 0.178587 0.001959 0.004683
0 0.028761 0.176671 0.001540 0.004257
0 0.029111 0.174755 0.001959 0.002980
0 0.029461 0.171775 0.001819 0.002129
0 0.029741 0.169434 0.001819 0.003406
0 0.019384 0.168157 0.000980 0.004257
0 0.020154 0.168582 0.001120 0.005109
0 0.020014 0.179012 0.001120 0.004683
0 0.014136 0.190294 0.000840 0.005109
0 0.013296 0.190294 0.000840 0.005960
0 0.012526 0.190719 0.000700 0.005109
0 0.027642 0.234994 0.001540 0.001703
0 0.027782 0.230949 0.001819 0.002129
0 0.027712 0.228182 0.001400 0.001703
0 0.032260 0.219242 0.001540 0.004257
0 0.027992 0.221371 0.001679 0.001703
0 0.027922 0.218604 0.001540 0.002129
0 0.028202 0.216688 0.001540 0.001703
0 0.027992 0.214347 0.001400 0.002129
0 0.028411 0.211792 0.001959 0.002129
0 0.028202 0.209877 0.001819 0.001703
0 0.028411 0.205407 0.001400 0.002129
0 0.028341 0.200937 0.001540 0.001703
0 0.028411 0.196892 0.001679 0.002129
0 0.024563 0.200085 0.001819 0.002554
0 0.011686 0.190294 0.000980 0.005109
0 0.023023 0.136015 0.001260 0.005534
0 0.021414 0.136228 0.000840 0.004257
0 0.015605 0.093444 0.000980 0.004683
0 0.026382 0.108770 0.000980 0.003831
0 0.025542 0.113240 0.001260 0.005109
0 0.026312 0.112814 0.001120 0.005109
0 0.027362 0.112814 0.000980 0.004257
0 0.027922 0.113453 0.000980 0.004683
0 0.028831 0.111111 0.000560 0.004257
0 0.027992 0.108344 0.001120 0.004683
0 0.027082 0.108770 0.000980 0.004683
0 0.025542 0.108557 0.001260 0.005109
0 0.024003 0.112601 0.001260 0.005534
0 0.024703 0.108344 0.001260 0.004683
0 0.024003 0.108344 0.001260 0.004683
0 0.023303 0.108557 0.001260 0.004257
0 0.022533 0.108557 0.001400 0.005109
0 0.021763 0.108131 0.000980 0.004257
0 0.020994 0.107918 0.001400 0.005534
0 0.020154 0.108131 0.001120 0.004257
0 0.024843 0.112388 0.001260 0.005109
0 0.023233 0.112601 0.001120 0.004683
0 0.030721 0.102810 0.001540 0.003831
0 0.015675 0.111324 0.001120 0.004683
0 0.030511 0.097488 0.001679 0.004257
0 0.030371 0.095147 0.001400 0.003831
0 0.029951 0.093231 0.001400 0.003406
0 0.029671 0.090464 0.001400 0.003831
0 0.029461 0.088974 0.001819 0.004257
0 0.013926 0.111963 0.001260 0.005109
0 0.014836 0.111111 0.001120 0.005109
0 0.016305 0.111537 0.000980 0.004257
0 0.022463 0.112388 0.001260 0.005109
0 0.017145 0.112388 0.001260 0.005109
0 0.018055 0.111963 0.001400 0.005109
0 0.018754 0.111537 0.001120 0.005109
0 0.019454 0.111963 0.001120 0.005109
0 0.020224 0.111750 0.000980 0.004683
0 0.021064 0.112175 0.000980 0.004683
0 0.021763 0.112175 0.000980 0.005534
0 0.019524 0.108131 0.001260 0.005109
0 0.018684 0.107493 0.001260 0.005534
0 0.017915 0.107067 0.001120 0.003831
0 0.022533 0.093870 0.001120 0.004683
0 0.025892 0.098127 0.001400 0.003831
0 0.026732 0.098553 0.001120 0.003831
0 0.024143 0.093657 0.000980 0.004257
0 0.024913 0.093231 0.000840 0.004257
0 0.025752 0.093231 0.001120 0.004257
0 0.026732 0.093870 0.001120 0.005534
0 0.023023 0.093231 0.000700 0.004257
0 0.021763 0.093444 0.001260 0.005534
0 0.017075 0.106854 0.001400 0.005109
0 0.021064 0.093657 0.000980 0.005109
0 0.020364 0.093018 0.000980 0.004683
0 0.019664 0.093444 0.000980 0.004683
0 0.018824 0.093018 0.001260 0.005534
0 0.017915 0.093231 0.000840 0.004257
0 0.017005 0.093444 0.000980 0.004683
0 0.016305 0.093444 0.000700 0.004683
0 0.024913 0.098340 0.001120 0.005109
0 0.024143 0.098553 0.000980 0.004683
0 0.023513 0.098127 0.001120 0.004683
0 0.022673 0.097488 0.000840 0.004257
0 0.016305 0.107280 0.001260 0.005109
0 0.015465 0.106854 0.001260 0.005109
0 0.014696 0.106854 0.001400 0.005109
0 0.013996 0.106854 0.001120 0.004257
0 0.014416 0.097063 0.001120 0.005109
0 0.014976 0.097063 0.000840 0.005109
0 0.015745 0.097488 0.001260 0.005109
0 0.016655 0.097701 0.001120 0.004683
0 0.017495 0.097275 0.000840 0.004683
0 0.017985 0.097488 0.000980 0.004257
0 0.018824 0.097701 0.001260 0.004683
0 0.019804 0.097488 0.000980 0.004257
0 0.020504 0.097275 0.001260 0.003831
0 0.021134 0.098340 0.001120 0.004257
0 0.021833 0.098553 0.001120 0.004683
0 0.030441 0.100468 0.001819 0.005109
0 0.031001 0.104725 0.001819 0.005109
0 0.019874 0.136441 0.000840 0.004683
0 0.026102 0.122605 0.001260 0.005109
0 0.025962 0.126862 0.001260 0.005109
0 0.026802 0.126437 0.000980 0.005109
0 0.027432 0.126862 0.001120 0.005960
0 0.028411 0.127501 0.001120 0.004683
0 0.028831 0.123670 0.001120 0.003831
0 0.027782 0.123031 0.001260 0.005109
0 0.026732 0.122180 0.001120 0.004257
0 0.025332 0.122605 0.001120 0.005109
0 0.024493 0.126862 0.001120 0.005960
0 0.024633 0.122605 0.001120 0.005109
0 0.023793 0.122605 0.001400 0.005960
0 0.023163 0.123244 0.001260 0.004683
0 0.022393 0.122393 0.001120 0.004683
0 0.020854 0.122180 0.001400 0.005960
0 0.020154 0.121754 0.001400 0.005960
0 0.019454 0.122818 0.001120 0.004683
0 0.025052 0.127075 0.001120 0.003831
0 0.023653 0.127501 0.001120 0.004683
0 0.031141 0.107705 0.002099 0.005960
0 0.013716 0.136015 0.001120 0.004683
0 0.019104 0.136441 0.001260 0.005534
0 0.018265 0.136867 0.000980 0.005534
0 0.017495 0.136441 0.001120 0.004683
0 0.016935 0.136228 0.001120 0.005109
0 0.016095 0.135802 0.001400 0.006811
0 0.015465 0.136015 0.000980 0.005534
0 0.014486 0.135802 0.000980 0.005109
0 0.014626 0.126437 0.000980 0.005109
0 0.022953 0.127501 0.000840 0.004683
0 0.013856 0.127075 0.001120 0.004683
0 0.018474 0.126437 0.000840 0.004257
0 0.019244 0.126224 0.000980 0.003831
0 0.020014 0.126862 0.001120 0.005109
0 0.020714 0.127075 0.001120 0.005534
0 0.021414 0.126650 0.001120 0.004683
0 0.022183 0.126650 0.000980 0.004683
0 0.018684 0.122393 0.001260 0.005534
0 0.017915 0.122393 0.001120 0.004683
0 0.017005 0.120903 0.001260 0.005109
0 0.031631 0.128778 0.001679 0.002980
0 0.030721 0.148361 0.001540 0.002980
0 0.030791 0.146445 0.001679 0.002554
0 0.030861 0.141975 0.001819 0.003831
0 0.031281 0.137718 0.001819 0.003831
0 0.031421 0.134738 0.001540 0.002980
0 0.031631 0.132610 0.001679 0.002980
0 0.031770 0.130694 0.001400 0.002554
0 0.031561 0.126437 0.001819 0.003406
0 0.016305 0.121967 0.000980 0.004683
0 0.031700 0.123031 0.001819 0.003406
0 0.031840 0.120903 0.001540 0.003406
0 0.031491 0.118774 0.001959 0.003406
0 0.031700 0.116645 0.001819 0.003406
0 0.031491 0.114091 0.001679 0.003406
0 0.031631 0.111537 0.001679 0.004257
0 0.031351 0.109195 0.001959 0.004683
0 0.030511 0.151128 0.001679 0.003406
0 0.030511 0.153682 0.001959 0.003406
0 0.030301 0.155598 0.001540 0.002980
0 0.030091 0.161984 0.001679 0.002980
0 0.015605 0.122393 0.000980 0.004683
0 0.014836 0.121967 0.001400 0.005534
0 0.014066 0.123031 0.001540 0.005960
0 0.013296 0.122818 0.001120 0.005534
0 0.010777 0.142827 0.001959 0.005534
0 0.010707 0.139847 0.001540 0.004683
0 0.010777 0.136015 0.001959 0.004683
0 0.010707 0.133248 0.002099 0.005109
0 0.010707 0.130907 0.001819 0.003831
0 0.010847 0.128352 0.001819 0.003831
0 0.010917 0.126224 0.001679 0.004683
0 0.010847 0.123883 0.001819 0.004257
0 0.010917 0.121328 0.001679 0.004257
0 0.010777 0.119413 0.001959 0.003831
0 0.030091 0.164751 0.001679 0.002554
0 0.707068 0.596211 0.000840 0.004683
0 0.706228 0.595998 0.000840 0.005109
0 0.705318 0.595360 0.000700 0.005534
0 0.991393 0.468923 0.001540 0.002129
0 0.991253 0.485313 0.001540 0.001703
0 0.991253 0.483397 0.001819 0.002129
0 0.991183 0.480630 0.001400 0.001703
0 0.991253 0.478289 0.001260 0.002129
0 0.991253 0.476160 0.001540 0.002129
0 0.991253 0.473606 0.001819 0.002980
0 0.991323 0.470839 0.001400 0.001703
0 0.991253 0.466582 0.001260 0.001703
0 0.990973 0.489783 0.001260 0.002129
0 0.991393 0.465092 0.001540 0.002129
0 0.991393 0.463389 0.001260 0.001277
0 0.991323 0.462112 0.001400 0.002129
0 0.991323 0.459983 0.001679 0.002129
0 0.991323 0.457854 0.001679 0.002129
0 0.991463 0.455300 0.001400 0.001277
0 0.991533 0.453384 0.001819 0.002554
0 0.991043 0.487654 0.001400 0.002129
0 0.991113 0.494253 0.001819 0.002554
0 0.995031 0.451682 0.001819 0.001703
0 0.994612 0.471903 0.001540 0.002129
0 0.995031 0.455939 0.001540 0.002554
0 0.994962 0.458493 0.001400 0.002554
0 0.994752 0.460409 0.001540 0.002129
0 0.994822 0.462963 0.001120 0.002129
0 0.994472 0.465092 0.001540 0.002980
0 0.994682 0.467859 0.001400 0.001703
0 0.994542 0.469349 0.001679 0.002129
0 0.994542 0.474670 0.001400 0.001703
0 0.991113 0.496807 0.001540 0.002554
0 0.994472 0.476799 0.001260 0.001703
0 0.994682 0.481269 0.001679 0.002129
0 0.994682 0.483397 0.001679 0.002129
0 0.994472 0.485951 0.001540 0.002129
0 0.994542 0.490634 0.001400 0.002129
0 0.994332 0.493189 0.001540 0.002129
0 0.991183 0.499149 0.001679 0.002129
0 0.991533 0.450830 0.001540 0.002554
0 0.991533 0.448276 0.001540 0.002554
0 0.991533 0.445934 0.001540 0.002129
0 0.995381 0.399319 0.002239 0.002554
0 0.995241 0.382929 0.001400 0.002129
0 0.995451 0.385909 0.001540 0.002129
0 0.995731 0.388037 0.001260 0.002129
0 0.995381 0.390166 0.001679 0.002129
0 0.995591 0.392082 0.001540 0.002554
0 0.995381 0.394636 0.001959 0.002554
0 0.995591 0.397190 0.001540 0.001703
0 0.995451 0.401660 0.001819 0.002129
0 0.991463 0.443593 0.001679 0.002554
0 0.995451 0.404427 0.001540 0.002554
0 0.995591 0.406982 0.001819 0.001703
0 0.995241 0.408259 0.001679 0.002554
0 0.995241 0.410813 0.001400 0.002554
0 0.995381 0.413793 0.001120 0.001703
0 0.995031 0.415922 0.001260 0.002554
0 0.995311 0.418476 0.001540 0.002554
0 0.995661 0.381013 0.001400 0.001703
0 0.995591 0.378033 0.001260 0.001703
0 0.995661 0.375692 0.001679 0.002129
0 0.995731 0.373776 0.001540 0.001703
0 0.991603 0.441464 0.001679 0.002554
0 0.991533 0.439123 0.001540 0.002129
0 0.991463 0.436782 0.001120 0.001703
0 0.991672 0.434440 0.001819 0.002129
0 0.991323 0.432099 0.001400 0.001703
0 0.991533 0.429544 0.001540 0.001703
0 0.991463 0.427842 0.001400 0.001703
0 0.991603 0.424862 0.001400 0.002554
0 0.995801 0.352278 0.001679 0.002129
0 0.995731 0.354406 0.001540 0.002129
0 0.995801 0.356748 0.001679 0.001703
0 0.995731 0.359302 0.001540 0.002554
0 0.995941 0.363772 0.001400 0.002980
0 0.995871 0.368455 0.001260 0.002129
0 0.996011 0.371009 0.001819 0.002129
0 0.994892 0.454023 0.001819 0.002129
0 0.995171 0.449127 0.001540 0.002554
0 0.991812 0.406556 0.001540 0.001703
0 0.920574 0.398255 0.001260 0.005534
0 0.920364 0.375905 0.001400 0.005960
0 0.921484 0.363346 0.001120 0.005534
0 0.925192 0.363985 0.000700 0.005109
0 0.925822 0.372712 0.001120 0.004683
0 0.931351 0.364410 0.000980 0.004257
0 0.928551 0.386973 0.001260 0.005109
0 0.930091 0.387186 0.001260 0.005534
0 0.921693 0.402937 0.001540 0.005534
0 0.922813 0.377395 0.001260 0.005534
0 0.922743 0.403576 0.001120 0.005109
0 0.924283 0.404002 0.001120 0.005109
0 0.922323 0.399106 0.001120 0.004683
0 0.923233 0.399319 0.001260 0.005109
0 0.923863 0.399319 0.000840 0.004257
0 0.925612 0.399532 0.001260 0.005534
0 0.927082 0.399957 0.001120 0.004683
0 0.920994 0.373350 0.001260 0.005109
0 0.924563 0.377182 0.001120 0.004257
0 0.995171 0.446573 0.001819 0.002554
0 0.917075 0.375479 0.001260 0.002554
0 0.982015 0.624947 0.001540 0.002554
0 0.984885 0.628140 0.001120 0.005534
0 0.986424 0.595785 0.001120 0.004683
0 0.986494 0.601958 0.000980 0.004257
0 0.987404 0.601958 0.000840 0.005109
0 0.987964 0.595998 0.000840 0.005109
0 0.917075 0.368455 0.001540 0.002980
0 0.922253 0.386335 0.000980 0.004683
0 0.924493 0.386122 0.001260 0.005109
0 0.922953 0.385909 0.000980 0.005534
0 0.920644 0.390805 0.001120 0.004257
0 0.921624 0.390379 0.001120 0.005109
0 0.922533 0.390166 0.000980 0.003831
0 0.923163 0.390166 0.000840 0.005534
0 0.925682 0.391230 0.001120 0.005109
0 0.927222 0.391656 0.001120 0.005109
0 0.928901 0.403576 0.001120 0.005960
0 0.932400 0.399957 0.000840 0.003831
0 0.932260 0.404215 0.000840 0.004683
0 0.935409 0.505960 0.000980 0.005534
0 0.917075 0.494466 0.001819 0.003831
0 0.917075 0.492124 0.001819 0.003406
0 0.918334 0.504044 0.000980 0.005109
0 0.923443 0.505321 0.001120 0.004257
0 0.927362 0.504896 0.001120 0.004257
0 0.928551 0.505321 0.000980 0.005109
0 0.929601 0.504896 0.000840 0.004257
0 0.953674 0.507024 0.001120 0.006811
0 0.926242 0.412090 0.001120 0.004257
0 0.982715 0.510430 0.001540 0.005960
0 0.995241 0.432737 0.001959 0.002980
0 0.995381 0.435504 0.001679 0.002554
0 0.995171 0.437420 0.001819 0.002129
0 0.995171 0.440187 0.001540 0.002554
0 0.995031 0.442316 0.001540 0.002554
0 0.995101 0.444657 0.001959 0.002980
0 0.914486 0.481907 0.001959 0.003406
0 0.935409 0.435504 0.001540 0.002554
0 0.921763 0.474244 0.001679 0.003406
0 0.900070 0.486803 0.001400 0.002980
0 0.925262 0.411877 0.001120 0.004683
0 0.928691 0.412303 0.000980 0.004683
0 0.930231 0.413155 0.000980 0.004683
0 0.932470 0.412942 0.000980 0.005109
0 0.927292 0.417199 0.000980 0.004257
0 0.926662 0.416986 0.000840 0.004683
0 0.925822 0.417199 0.001400 0.005109
0 0.929461 0.425500 0.001120 0.004683
0 0.927502 0.430396 0.001400 0.005109
0 0.925472 0.425500 0.001260 0.005534
0 0.925122 0.429970 0.001120 0.005109
0 0.906648 0.446360 0.001120 0.005534
0 0.885374 0.475947 0.001959 0.003406
0 0.882435 0.500851 0.000840 0.004683
0 0.893912 0.502341 0.000840 0.004257
0 0.994962 0.420392 0.001120 0.002129
0 0.991952 0.404002 0.001819 0.002554
0 0.967950 0.560026 0.000840 0.005534
0 0.840588 0.696892 0.001400 0.005960
0 0.855283 0.715198 0.002239 0.002554
0 0.854724 0.713069 0.001679 0.002554
0 0.833310 0.713495 0.000840 0.004257
0 0.834500 0.711579 0.000980 0.004683
0 0.837019 0.713708 0.001260 0.005534
0 0.840308 0.715198 0.000840 0.004257
0 0.841288 0.713921 0.000840 0.004257
0 0.839118 0.697744 0.000980 0.005960
0 0.855283 0.724989 0.001959 0.002554
0 0.836319 0.696254 0.000700 0.004683
0 0.821204 0.779268 0.001819 0.004683
0 0.827502 0.778416 0.001540 0.004683
0 0.827572 0.772456 0.001959 0.004683
0 0.827712 0.769689 0.001679 0.004257
0 0.826522 0.763942 0.001540 0.004683
0 0.826312 0.761388 0.001679 0.004683
0 0.855003 0.721797 0.001959 0.002129
0 0.854864 0.729672 0.001400 0.001703
0 0.820994 0.815241 0.001679 0.004257
0 0.820994 0.809281 0.001679 0.003406
0 0.836949 0.795871 0.000840 0.005534
0 0.836109 0.796083 0.000840 0.004257
0 0.835269 0.795871 0.000840 0.004683
0 0.831001 0.789272 0.002099 0.005109
0 0.831001 0.786718 0.002099 0.005109
0 0.827222 0.808216 0.001540 0.003831
0 0.822323 0.811835 0.001540 0.004257
0 0.817635 0.809919 0.001679 0.003831
0 0.854794 0.732439 0.001819 0.002129
0 0.822463 0.806513 0.001540 0.003831
0 0.817705 0.790549 0.001540 0.004257
0 0.853814 0.772882 0.001540 0.002129
0 0.854654 0.759259 0.001819 0.002129
0 0.854864 0.739251 0.001679 0.002129
0 0.854934 0.737122 0.001819 0.002129
0 0.854654 0.734568 0.001540 0.002129
0 0.826382 0.758408 0.001819 0.003831
0 0.826802 0.753086 0.001540 0.004257
0 0.826452 0.750319 0.001959 0.004683
0 0.824003 0.712431 0.001819 0.004683
0 0.821763 0.727756 0.001819 0.004683
0 0.823233 0.730736 0.001679 0.003831
0 0.823303 0.728395 0.001819 0.005109
0 0.823373 0.725202 0.001959 0.004683
0 0.822113 0.720307 0.001679 0.004257
0 0.822043 0.716901 0.001819 0.004257
0 0.823723 0.714985 0.001819 0.004683
0 0.817915 0.772882 0.001959 0.005534
0 0.826522 0.739889 0.001819 0.005109
0 0.818125 0.769264 0.001540 0.004257
0 0.818265 0.752661 0.001540 0.005109
0 0.818265 0.742444 0.001819 0.005109
0 0.818614 0.736696 0.001959 0.005534
0 0.818614 0.728821 0.001679 0.004257
0 0.818544 0.723287 0.001819 0.005109
0 0.818684 0.719881 0.002099 0.005109
0 0.821903 0.730524 0.001819 0.004257
0 0.823233 0.733291 0.001679 0.003831
0 0.823303 0.736271 0.001540 0.003831
0 0.821833 0.733078 0.001679 0.004257
0 0.828272 0.737122 0.001959 0.004683
0 0.826662 0.731375 0.001540 0.004257
0 0.828341 0.732226 0.001540 0.003406
0 0.826732 0.728821 0.001679 0.003406
0 0.828341 0.724138 0.001819 0.004257
0 0.826942 0.723712 0.001540 0.004257
0 0.828481 0.718604 0.001540 0.003406
0 0.827012 0.721158 0.001679 0.004257
0 0.822953 0.765858 0.001679 0.004257
0 0.822743 0.763304 0.001819 0.004257
0 0.821484 0.749468 0.001819 0.004683
0 0.822953 0.749681 0.001679 0.004257
0 0.823163 0.746914 0.002099 0.004683
0 0.823163 0.741592 0.001819 0.004257
0 0.821903 0.738612 0.001819 0.003406
0 0.822393 0.814815 0.001679 0.004257
0 0.817495 0.820562 0.001679 0.003831
0 0.991812 0.401235 0.001540 0.002129
0 0.990973 0.240528 0.001819 0.004257
0 0.992582 0.340783 0.001679 0.002980
0 0.992512 0.336739 0.001819 0.003406
0 0.990273 0.271605 0.002379 0.005960
0 0.989993 0.261388 0.001540 0.006811
0 0.989293 0.246914 0.001819 0.004257
0 0.989503 0.243082 0.001679 0.004257
0 0.990973 0.243934 0.001819 0.004257
0 0.992582 0.238186 0.001679 0.003831
0 0.992302 0.350575 0.001679 0.002980
0 0.994192 0.235419 0.001819 0.004257
0 0.995661 0.233078 0.001679 0.003831
0 0.997341 0.230524 0.001679 0.003831
0 0.997551 0.226905 0.001540 0.004257
0 0.995941 0.228821 0.001679 0.003831
0 0.994332 0.231801 0.001819 0.004683
0 0.992442 0.234568 0.001679 0.004257
0 0.992442 0.345466 0.001400 0.002980
0 0.992302 0.352916 0.001400 0.001703
0 0.818265 0.829502 0.001819 0.003831
0 0.992162 0.378672 0.001959 0.002980
0 0.992022 0.396977 0.001120 0.002129
0 0.992092 0.395062 0.001260 0.002554
0 0.991952 0.392082 0.001260 0.002554
0 0.992092 0.389527 0.001540 0.002554
0 0.992232 0.385270 0.001819 0.002554
0 0.992232 0.382929 0.001819 0.002129
0 0.992302 0.380800 0.001679 0.002129
0 0.992162 0.376117 0.001400 0.002129
0 0.992372 0.355045 0.001260 0.002554
0 0.992302 0.373776 0.001679 0.002554
0 0.992302 0.371009 0.001400 0.002129
0 0.992232 0.368668 0.001260 0.001703
0 0.992442 0.366326 0.001959 0.002129
0 0.992372 0.364198 0.001260 0.002980
0 0.992372 0.361643 0.001819 0.002129
0 0.992372 0.357599 0.001540 0.001703
0 0.990973 0.237122 0.001819 0.004257
0 0.989223 0.239889 0.001959 0.004683
0 0.855773 0.301405 0.000700 0.004257
0 0.830721 0.821839 0.001540 0.003831
0 0.880266 0.703491 0.001540 0.002129
0 0.879846 0.719242 0.001819 0.002129
0 0.879846 0.722861 0.001819 0.002554
0 0.879006 0.755215 0.001819 0.002554
0 0.879846 0.830566 0.000980 0.005960
0 0.879076 0.829928 0.000840 0.004683
0 0.878027 0.829715 0.000980 0.005109
0 0.830651 0.823968 0.001679 0.004683
0 0.854584 0.312686 0.000840 0.004683
0 0.829951 0.827799 0.001959 0.005534
0 0.829321 0.830566 0.001540 0.004257
0 0.828202 0.834823 0.000700 0.005109
0 0.827362 0.834610 0.000980 0.004683
0 0.826382 0.834610 0.000980 0.005534
0 0.823513 0.834185 0.000840 0.004683
0 0.820574 0.833546 0.000840 0.005109
0 0.873968 0.664112 0.000700 0.005109
0 0.874808 0.663687 0.000700 0.005109
0 0.875577 0.663900 0.000560 0.004683
0 0.876697 0.664112 0.000840 0.005109
0 0.854024 0.344402 0.000840 0.005109
0 0.853184 0.343763 0.000840 0.006386
0 0.867600 0.466794 0.001679 0.002980
0 0.867250 0.462112 0.002379 0.003831
0 0.867670 0.454662 0.001819 0.003406
0 0.873198 0.479566 0.001959 0.003831
0 0.871938 0.457003 0.001959 0.003831
0 0.873408 0.453172 0.001540 0.002980
0 0.875577 0.441039 0.000840 0.005109
0 0.866900 0.434866 0.001679 0.002980
0 0.863191 0.434014 0.001540 0.002980
0 0.862911 0.456577 0.001819 0.003831
0 0.863051 0.450830 0.001819 0.004257
0 0.858293 0.450617 0.001819 0.003831
0 0.878656 0.663900 0.000840 0.004683
0 0.965640 0.587697 0.000980 0.005534
0 0.962211 0.533631 0.001400 0.002980
0 0.704619 0.595573 0.000700 0.004257
0 0.895521 0.712005 0.001540 0.002129
0 0.891812 0.733078 0.001959 0.003406
0 0.889783 0.719242 0.001540 0.002129
0 0.889923 0.716901 0.001540 0.002554
0 0.889993 0.714347 0.001679 0.002554
0 0.892162 0.713921 0.001540 0.002554
0 0.891952 0.711792 0.001679 0.002554
0 0.892162 0.709664 0.001540 0.002554
0 0.895591 0.714559 0.001679 0.002980
0 0.897131 0.733291 0.001400 0.002129
0 0.895521 0.717114 0.001540 0.002129
0 0.895381 0.721158 0.001819 0.002554
0 0.897201 0.721584 0.001260 0.002554
0 0.897271 0.719455 0.001679 0.002554
0 0.896991 0.716901 0.001400 0.002554
0 0.897201 0.714134 0.001540 0.002129
0 0.897061 0.712218 0.001540 0.002554
0 0.895661 0.730736 0.001819 0.002129
0 0.900560 0.733291 0.001540 0.002129
0 0.004409 0.610260 0.001540 0.006386
0 0.899790 0.793316 0.001679 0.002129
0 0.004059 0.638570 0.001400 0.005109
0 0.026102 0.651554 0.002099 0.003831
0 0.019594 0.638570 0.001400 0.005109
0 0.005178 0.616645 0.001120 0.003831
0 0.895381 0.735206 0.001540 0.002554
0 0.895661 0.732865 0.001540 0.002129
0 0.896921 0.735419 0.001540 0.002129
0 0.899790 0.791188 0.001400 0.002129
0 0.900490 0.735845 0.001679 0.001277
0 0.899790 0.784589 0.001679 0.002554
0 0.899930 0.779693 0.001679 0.002129
0 0.900000 0.775011 0.001540 0.002129
0 0.900280 0.749468 0.001540 0.002129
0 0.900280 0.744785 0.001540 0.002980
0 0.900420 0.740528 0.001540 0.002129
0 0.900490 0.738399 0.001400 0.002129
0 0.900560 0.722435 0.001540 0.001703
0 0.900700 0.719668 0.001540 0.002129
0 0.900630 0.717114 0.001400 0.002129
0 0.904689 0.702427 0.000840 0.004257
0 0.905878 0.717327 0.001819 0.003406
0 0.890133 0.702001 0.000840 0.004257
0 0.889293 0.701362 0.001120 0.004683
0 0.880406 0.698808 0.001819 0.002980
0 0.892092 0.707322 0.001959 0.002980
0 0.901749 0.702001 0.000840 0.005109
0 0.902449 0.702214 0.000840 0.004683
0 0.905948 0.706045 0.001959 0.002980
0 0.900490 0.714985 0.001959 0.002980
0 0.905458 0.691571 0.001819 0.002129
0 0.935339 0.724564 0.001400 0.005109
0 0.933450 0.722648 0.001260 0.005534
0 0.932820 0.701575 0.000840 0.004257
0 0.931980 0.701575 0.000840 0.003406
0 0.931211 0.700937 0.000980 0.004683
0 0.928831 0.700724 0.000980 0.005109
0 0.905598 0.720094 0.001819 0.002980
0 0.905808 0.722861 0.001679 0.002554
0 0.905878 0.724777 0.001819 0.002129
0 0.905878 0.726692 0.001819 0.001703
0 0.900420 0.712218 0.002099 0.002554
0 0.901610 0.772882 0.001679 0.002129
0 0.902029 0.742656 0.001679 0.002129
0 0.901819 0.737974 0.001540 0.002129
0 0.902309 0.731375 0.001679 0.001703
0 0.902449 0.712431 0.001679 0.002129
0 0.905038 0.792039 0.001819 0.002129
0 0.905388 0.756918 0.001959 0.003406
0 0.905458 0.749468 0.001819 0.002129
0 0.905528 0.745636 0.001959 0.002129
0 0.905668 0.740954 0.001679 0.002129
0 0.905738 0.738825 0.001540 0.002129
0 0.905878 0.736271 0.001540 0.002129
0 0.905808 0.733929 0.001959 0.002554
0 0.906088 0.731588 0.001400 0.002129
0 0.004549 0.625160 0.001540 0.004683
0 0.003919 0.615794 0.001400 0.005534
0 0.932960 0.690294 0.000840 0.004683
0 0.893212 0.865049 0.000840 0.004257
1 0.854304 0.854832 0.004199 0.003406
1 0.854374 0.858450 0.004339 0.002980
1 0.854094 0.861856 0.004339 0.003831
0 0.888314 0.865688 0.000840 0.004683
0 0.889013 0.865900 0.000560 0.005109
0 0.890693 0.865049 0.000840 0.004257
0 0.892162 0.865688 0.000980 0.004683
0 0.900280 0.865900 0.000980 0.005109
1 0.853814 0.837590 0.002939 0.002129
0 0.891672 0.756066 0.001959 0.002554
0 0.891323 0.753512 0.001260 0.002554
0 0.891533 0.750958 0.001679 0.001703
0 0.891603 0.748829 0.001260 0.001703
0 0.891672 0.746914 0.001400 0.002980
0 0.891742 0.744359 0.001540 0.002980
0 0.892092 0.739889 0.002239 0.002554
1 0.853814 0.840358 0.002659 0.002554
1 0.854024 0.835249 0.002519 0.002554
0 0.009937 0.718178 0.001400 0.004257
1 0.883765 0.822691 0.000980 0.005534
1 0.883765 0.830140 0.000700 0.006811
1 0.882995 0.829289 0.000840 0.005960
1 0.896011 0.832482 0.002799 0.002980
1 0.890413 0.830779 0.000840 0.008089
1 0.887264 0.828012 0.001540 0.009366
1 0.885514 0.822903 0.000840 0.004257
1 0.884605 0.822478 0.000980 0.005960
1 0.882785 0.822478 0.000980 0.005960
1 0.853814 0.832269 0.002659 0.002554
0 0.870539 0.859302 0.001679 0.002129
1 0.862141 0.842699 0.002519 0.002980
1 0.874668 0.842912 0.003499 0.003406
1 0.871309 0.855683 0.002939 0.002554
1 0.853884 0.823755 0.003079 0.003406
1 0.853884 0.826309 0.002799 0.003406
1 0.853884 0.829289 0.002799 0.002554
0 0.895171 0.749255 0.001400 0.002554
0 0.895031 0.747126 0.001400 0.001703
0 0.895241 0.744572 0.001540 0.001703
0 0.450945 0.424010 0.001679 0.005109
0 0.477677 0.373989 0.001120 0.005534
0 0.476767 0.373350 0.000700 0.004257
0 0.479496 0.366965 0.001400 0.005109
0 0.481386 0.365475 0.001819 0.006386
0 0.483625 0.366539 0.001540 0.005960
0 0.485024 0.365900 0.001819 0.007237
0 0.488383 0.366752 0.000980 0.006386
0 0.448216 0.427629 0.002099 0.002980
0 0.895241 0.742018 0.001540 0.001703
0 0.488244 0.416773 0.000980 0.005960
0 0.489153 0.416986 0.000840 0.006386
0 0.453534 0.600043 0.000700 0.004683
0 0.452834 0.600255 0.000700 0.003406
0 0.265010 0.171988 0.001540 0.001703
0 0.038348 0.691997 0.001679 0.002129
0 0.011057 0.717752 0.001400 0.005109
0 0.478586 0.373989 0.000980 0.005534
1 0.478586 0.184759 0.003779 0.010217
1 0.475017 0.189655 0.003919 0.005534
1 0.472918 0.205619 0.002239 0.011920
0 0.896851 0.739889 0.001400 0.002554
0 0.896851 0.742231 0.001679 0.002129
0 0.896711 0.749255 0.001400 0.002554
0 0.895241 0.753512 0.001260 0.002554
0 0.895031 0.758408 0.001400 0.002129
0 0.896641 0.760962 0.001540 0.002980
0 0.894962 0.765432 0.001540 0.001703
0 0.891393 0.769476 0.001959 0.002129
0 0.891533 0.772244 0.001959 0.001703
0 0.894752 0.774798 0.001400 0.001703
0 0.894822 0.783951 0.001819 0.002980
0 0.896571 0.783951 0.001400 0.002129
0 0.891043 0.807152 0.001260 0.002554
0 0.896291 0.791401 0.001959 0.002554
0 0.899580 0.803108 0.001540 0.002129
0 0.933660 0.690081 0.000840 0.004257
0 0.932050 0.690294 0.000980 0.004683
0 0.957663 0.534696 0.001260 0.002554
0 0.961302 0.575777 0.000980 0.004683
0 0.957453 0.585781 0.000840 0.005109
0 0.958223 0.585781 0.000700 0.004257
0 0.958992 0.585568 0.000560 0.003831
0 0.959692 0.585994 0.000840 0.004683
0 0.960532 0.586633 0.000560 0.004257
0 0.962001 0.586845 0.000980 0.004683
0 0.965290 0.574926 0.000840 0.003831
0 0.957803 0.570243 0.000980 0.003831
0 0.955983 0.585355 0.000700 0.004257
0 0.958572 0.570456 0.000560 0.004257
0 0.959202 0.570243 0.000980 0.004683
0 0.959972 0.570030 0.000840 0.004257
0 0.960812 0.569817 0.000840 0.004683
0 0.961652 0.569817 0.000840 0.004683
0 0.963121 0.570668 0.000980 0.004683
0 0.967180 0.559813 0.000980 0.005109
0 0.956893 0.585781 0.000840 0.005109
0 0.955353 0.585781 0.000840 0.005109
0 0.952414 0.574287 0.000560 0.004257
0 0.951714 0.590890 0.001679 0.004257
0 0.950805 0.574074 0.000980 0.003831
0 0.958293 0.575351 0.000840 0.004683
0 0.959202 0.575351 0.000980 0.004683
0 0.959832 0.575990 0.000840 0.004257
0 0.955003 0.590890 0.001540 0.004257
0 0.953814 0.591103 0.001400 0.004683
0 0.952834 0.591103 0.001400 0.004683
0 0.950525 0.591103 0.001540 0.004683
0 0.954514 0.585568 0.000840 0.005534
0 0.957243 0.599191 0.001540 0.002129
0 0.957243 0.597275 0.001540 0.002554
0 0.957523 0.594508 0.001540 0.002129
0 0.950735 0.585355 0.000840 0.004257
0 0.951365 0.585781 0.000700 0.005109
0 0.952204 0.585143 0.000980 0.004683
0 0.953744 0.585568 0.000700 0.004683
0 0.963751 0.558961 0.000840 0.004257
0 0.962421 0.558961 0.000980 0.004257
0 0.960812 0.558323 0.000840 0.003831
0 0.881526 0.569817 0.001819 0.002129
0 0.913856 0.576203 0.001540 0.002129
0 0.913926 0.566837 0.001400 0.002129
0 0.914066 0.560451 0.001400 0.002129
0 0.881666 0.580247 0.001540 0.002554
0 0.881805 0.577267 0.001540 0.002554
0 0.881456 0.574287 0.001959 0.001703
0 0.881596 0.572158 0.001400 0.001703
0 0.881805 0.567050 0.001540 0.002554
0 0.957803 0.558748 0.000700 0.003831
0 0.882015 0.565134 0.001400 0.002129
0 0.881945 0.562580 0.001540 0.002129
0 0.881945 0.560664 0.001260 0.001703
0 0.881945 0.558323 0.001540 0.002129
0 0.881805 0.556194 0.002099 0.002129
0 0.882225 0.552788 0.001819 0.002980
0 0.903709 0.542571 0.001679 0.002129
0 0.921274 0.553853 0.000700 0.005960
0 0.927292 0.554066 0.000980 0.005534
0 0.931211 0.554704 0.000980 0.005109
0 0.932540 0.554704 0.000840 0.005960
0 0.955843 0.558323 0.000700 0.003831
0 0.954724 0.558536 0.000700 0.004257
0 0.953884 0.558961 0.000700 0.004257
0 0.952554 0.557897 0.000840 0.004683
0 0.951714 0.557897 0.000840 0.004683
0 0.950945 0.558110 0.000700 0.004257
0 0.947166 0.557471 0.000700 0.004683
0 0.946536 0.557897 0.000840 0.004683
0 0.945836 0.557897 0.000560 0.004683
0 0.944787 0.557684 0.000700 0.004257
0 0.943317 0.557471 0.000840 0.004683
0 0.940378 0.556620 0.000840 0.004683
0 0.938698 0.556194 0.000840 0.005534
0 0.935899 0.559600 0.001959 0.002129
0 0.933380 0.554066 0.000840 0.005534
0 0.951575 0.574500 0.000840 0.003831
0 0.953114 0.574500 0.000840 0.003831
0 0.928272 0.690719 0.000980 0.003831
0 0.930021 0.565560 0.000840 0.003831
0 0.923793 0.570243 0.000700 0.005534
0 0.925122 0.570243 0.000840 0.006386
0 0.926802 0.570668 0.000840 0.004683
0 0.929041 0.570243 0.000840 0.004683
0 0.930581 0.570456 0.000840 0.005109
0 0.932260 0.571733 0.000840 0.005109
0 0.932190 0.565773 0.000980 0.005109
0 0.927572 0.565560 0.000980 0.004683
0 0.927852 0.581950 0.000700 0.004257
0 0.928341 0.565134 0.000840 0.005534
0 0.925192 0.564921 0.000980 0.004257
0 0.937579 0.584078 0.000840 0.004257
0 0.938558 0.584504 0.000560 0.004257
0 0.939328 0.584717 0.000980 0.004683
0 0.940028 0.584291 0.000700 0.004683
0 0.940658 0.584717 0.000840 0.004683
0 0.921344 0.570243 0.000840 0.004683
0 0.929461 0.582163 0.000840 0.004683
0 0.953884 0.574926 0.000980 0.003831
0 0.959272 0.685398 0.001400 0.005109
0 0.915885 0.701362 0.000840 0.004683
0 0.953884 0.652405 0.000700 0.004683
0 0.957523 0.658365 0.001819 0.002129
0 0.953394 0.685824 0.000840 0.005109
0 0.955423 0.685185 0.000980 0.004683
0 0.957173 0.684759 0.001120 0.004683
0 0.958223 0.686249 0.000980 0.004257
0 0.960252 0.684972 0.001400 0.004257
0 0.931001 0.582375 0.000840 0.004257
0 0.971728 0.681779 0.001120 0.006386
0 0.942897 0.600894 0.000840 0.005534
0 0.942057 0.600468 0.001120 0.003831
0 0.941428 0.600043 0.000980 0.005534
0 0.940588 0.599830 0.000980 0.005109
0 0.939818 0.600468 0.000560 0.004683
0 0.938628 0.600043 0.000980 0.004683
0 0.941428 0.584504 0.000700 0.005109
0 0.942337 0.584291 0.000840 0.003831
0 0.943107 0.584930 0.000700 0.005109
0 0.953184 0.569604 0.000700 0.003406
0 0.940168 0.568327 0.000700 0.004257
0 0.939398 0.568327 0.000840 0.003406
0 0.938558 0.567688 0.000840 0.005534
0 0.937439 0.563006 0.001400 0.003831
0 0.937579 0.567476 0.000560 0.004257
0 0.951435 0.569391 0.000840 0.003831
0 0.952484 0.569391 0.000980 0.004683
0 0.954724 0.570030 0.000700 0.005109
0 0.942547 0.573010 0.000700 0.004257
0 0.955563 0.570243 0.000700 0.003831
0 0.956193 0.570243 0.000560 0.003831
0 0.956893 0.570456 0.000560 0.004257
0 0.956823 0.575564 0.000700 0.004257
0 0.956053 0.575138 0.000840 0.005109
0 0.955283 0.574926 0.000700 0.005534
0 0.954584 0.575138 0.000700 0.005109
0 0.947096 0.569391 0.000840 0.004683
0 0.946956 0.574500 0.000840 0.004683
0 0.941568 0.568327 0.000700 0.005109
0 0.942407 0.568753 0.000700 0.003406
0 0.941777 0.572797 0.000840 0.004683
0 0.939328 0.573223 0.000700 0.004683
0 0.940098 0.572797 0.000840 0.004683
0 0.940938 0.573010 0.000840 0.004257
0 0.938558 0.573223 0.000840 0.004683
0 0.937649 0.572797 0.000700 0.004683
0 0.943317 0.573010 0.000840 0.004257
0 0.944017 0.573010 0.000840 0.005109
0 0.944787 0.573010 0.000700 0.004257
0 0.945486 0.573010 0.000700 0.005109
0 0.946256 0.573436 0.000560 0.004257
0 0.946186 0.568966 0.000700 0.003831
0 0.945486 0.568327 0.000700 0.004257
0 0.943877 0.568327 0.000840 0.004257
0 0.943177 0.568753 0.000560 0.003406
0 0.818754 0.717752 0.001679 0.004257
0 0.818894 0.713069 0.001679 0.004257
0 0.818894 0.709451 0.001679 0.004683
0 0.708607 0.445296 0.000840 0.005960
0 0.716235 0.437420 0.001540 0.002129
0 0.716305 0.432950 0.001679 0.002554
0 0.716725 0.405279 0.001400 0.001703
0 0.715115 0.409110 0.000980 0.005960
0 0.716165 0.444444 0.001959 0.002554
0 0.716025 0.442103 0.001679 0.002129
0 0.711477 0.445296 0.000980 0.005109
0 0.707698 0.444870 0.000700 0.005109
0 0.720714 0.431460 0.001819 0.002129
0 0.706298 0.445083 0.000700 0.005534
0 0.705528 0.445296 0.000840 0.005109
0 0.704759 0.445083 0.000980 0.005534
0 0.703849 0.444657 0.000840 0.005534
0 0.703079 0.444444 0.000700 0.004257
0 0.702449 0.444870 0.000840 0.005960
0 0.701679 0.444232 0.000700 0.004683
0 0.720644 0.429332 0.001959 0.002129
0 0.720784 0.434014 0.001679 0.002129
0 0.726802 0.416560 0.001400 0.002129
0 0.726522 0.442103 0.001679 0.002980
0 0.726312 0.437420 0.002099 0.002129
0 0.726802 0.430609 0.001679 0.002129
0 0.726592 0.428054 0.001819 0.002980
0 0.720434 0.454449 0.001819 0.002129
0 0.720574 0.436143 0.001540 0.002129
0 0.720154 0.451682 0.001540 0.002554
0 0.720504 0.449766 0.001679 0.002129
0 0.720364 0.447212 0.001400 0.002129
0 0.720364 0.444657 0.001679 0.002129
0 0.720644 0.442954 0.001400 0.002129
0 0.720294 0.440613 0.002099 0.002554
0 0.720784 0.438272 0.001679 0.002129
0 0.701050 0.444657 0.000560 0.003831
0 0.716235 0.457429 0.000700 0.005534
0 0.711896 0.457429 0.000980 0.004683
0 0.695451 0.454023 0.000840 0.004683
0 0.705528 0.464666 0.001400 0.002129
0 0.704059 0.464453 0.001260 0.002554
0 0.702309 0.464453 0.001679 0.002554
0 0.700280 0.463814 0.001819 0.002129
0 0.695591 0.463814 0.001400 0.002129
0 0.693562 0.463389 0.002099 0.002980
0 0.696221 0.454236 0.000700 0.004257
0 0.694612 0.454449 0.000840 0.004683
0 0.710427 0.456364 0.000560 0.004257
0 0.693912 0.454236 0.000840 0.004257
0 0.693282 0.454449 0.000700 0.004683
0 0.692442 0.454449 0.000700 0.004683
0 0.691393 0.454449 0.000840 0.004683
0 0.687264 0.454662 0.000980 0.005109
0 0.686424 0.454874 0.000980 0.004683
0 0.687474 0.442316 0.000840 0.004257
0 0.707348 0.465304 0.001400 0.001703
0 0.708887 0.465304 0.001400 0.001703
0 0.710777 0.465517 0.001819 0.002129
0 0.714276 0.465517 0.001540 0.002129
0 0.709587 0.456577 0.000840 0.005534
0 0.708188 0.456577 0.000840 0.004683
0 0.707488 0.456364 0.000560 0.005109
0 0.706718 0.456577 0.000700 0.004683
0 0.706158 0.456364 0.000700 0.005109
0 0.705388 0.456577 0.000560 0.004683
0 0.703919 0.455726 0.000700 0.004683
0 0.703149 0.456152 0.000840 0.004683
0 0.701819 0.455726 0.000700 0.005534
0 0.701050 0.455513 0.000560 0.004257
0 0.700420 0.455087 0.000700 0.004257
0 0.699720 0.455087 0.000700 0.004257
0 0.698880 0.455087 0.000700 0.004257
0 0.698181 0.455300 0.000700 0.004683
0 0.715885 0.465943 0.001400 0.002129
0 0.685584 0.442529 0.000700 0.005534
0 0.730581 0.412942 0.001679 0.002554
0 0.730301 0.436994 0.001679 0.002980
0 0.730371 0.434014 0.001819 0.002129
0 0.730371 0.432099 0.001819 0.002554
0 0.730371 0.425074 0.001819 0.002129
0 0.730301 0.420605 0.001959 0.002554
0 0.730511 0.418263 0.001540 0.002129
0 0.730511 0.415496 0.001540 0.002554
0 0.730651 0.411026 0.001819 0.002129
0 0.730231 0.443806 0.001540 0.002129
0 0.730581 0.408685 0.001679 0.001703
0 0.731980 0.450617 0.001400 0.002129
0 0.732050 0.437207 0.001819 0.002554
0 0.731980 0.434227 0.001679 0.002554
0 0.731840 0.422946 0.001400 0.002129
0 0.731980 0.420392 0.001400 0.002129
0 0.732190 0.418050 0.001540 0.002554
0 0.730091 0.440826 0.001540 0.002129
0 0.730091 0.445934 0.001540 0.002129
0 0.764101 0.414432 0.001540 0.002129
0 0.758362 0.423159 0.001819 0.002554
0 0.764031 0.432737 0.001400 0.002129
0 0.763961 0.429970 0.001819 0.002554
0 0.763961 0.427629 0.001540 0.002129
0 0.763891 0.425074 0.001959 0.002129
0 0.763961 0.418263 0.001540 0.002980
0 0.763891 0.411665 0.001959 0.002554
0 0.759972 0.418689 0.001400 0.002129
0 0.730021 0.448276 0.001679 0.001703
0 0.758572 0.418689 0.001400 0.002129
0 0.758362 0.416135 0.001540 0.002129
0 0.760252 0.416135 0.001959 0.002980
0 0.733660 0.467220 0.000560 0.004683
0 0.731980 0.466369 0.000840 0.004683
0 0.729741 0.466794 0.001120 0.005534
0 0.730021 0.450192 0.001679 0.002129
0 0.732050 0.416135 0.001260 0.002129
0 0.732190 0.411239 0.001540 0.002554
0 0.732400 0.408897 0.001679 0.002129
0 0.766550 0.369945 0.000840 0.005960
0 0.764171 0.397829 0.001400 0.002129
0 0.778307 0.388676 0.001959 0.002554
0 0.775857 0.387399 0.001819 0.002554
0 0.770889 0.369945 0.001120 0.005960
0 0.770049 0.370370 0.000840 0.006811
0 0.769069 0.369945 0.000840 0.005109
0 0.767390 0.369945 0.000840 0.005960
0 0.762491 0.377182 0.001679 0.002554
0 0.732120 0.406556 0.001679 0.001703
0 0.765710 0.370158 0.001120 0.007237
0 0.764661 0.370158 0.000980 0.005534
0 0.759482 0.368455 0.000700 0.004683
0 0.764101 0.406982 0.001819 0.002554
0 0.757943 0.398042 0.000980 0.004257
0 0.760742 0.386760 0.000700 0.004683
0 0.762071 0.387399 0.000840 0.005960
0 0.736249 0.409536 0.001540 0.002554
0 0.740238 0.416347 0.001679 0.002554
0 0.743947 0.421030 0.001819 0.002554
0 0.743947 0.433163 0.001819 0.002129
0 0.740308 0.437207 0.001540 0.002554
0 0.740378 0.450830 0.001959 0.002554
0 0.739818 0.463389 0.001400 0.002129
0 0.747026 0.469349 0.000700 0.004683
0 0.750945 0.439974 0.001540 0.002129
0 0.751085 0.423797 0.001540 0.002129
0 0.751295 0.419327 0.001679 0.002554
0 0.751295 0.407620 0.001120 0.002129
0 0.754654 0.401022 0.001400 0.001703
0 0.755003 0.392507 0.001540 0.002554
0 0.747306 0.385270 0.000700 0.004257
0 0.686494 0.442316 0.000840 0.004257
0 0.648705 0.494253 0.000840 0.004257
0 0.818894 0.704555 0.001679 0.004257
0 0.715605 0.568753 0.000840 0.004257
0 0.710497 0.567901 0.000700 0.004257
0 0.711197 0.568114 0.000700 0.004683
0 0.711966 0.568114 0.000560 0.004683
0 0.712736 0.567901 0.000700 0.005109
0 0.713506 0.568114 0.000560 0.004683
0 0.714206 0.568327 0.000840 0.004257
0 0.714976 0.568114 0.000700 0.003831
0 0.716235 0.580885 0.000700 0.004683
0 0.690343 0.563644 0.001819 0.002554
0 0.715535 0.580673 0.000980 0.005109
0 0.714766 0.581311 0.000840 0.004683
0 0.714066 0.580673 0.000840 0.004257
0 0.713226 0.580673 0.000840 0.004257
0 0.712526 0.580673 0.000840 0.003406
0 0.711617 0.579821 0.000700 0.004257
0 0.710917 0.580034 0.000700 0.004683
0 0.690413 0.555343 0.002239 0.002980
0 0.692722 0.566624 0.000700 0.004257
0 0.701190 0.550873 0.000560 0.004257
0 0.693002 0.551086 0.000700 0.004683
0 0.699650 0.550660 0.000560 0.004683
0 0.698950 0.550660 0.000840 0.004683
0 0.698181 0.550660 0.000700 0.004683
0 0.697341 0.550660 0.000980 0.004683
0 0.696081 0.550447 0.000700 0.005109
0 0.695101 0.550660 0.000700 0.003831
0 0.693772 0.551298 0.000840 0.005109
0 0.692862 0.560877 0.000700 0.004683
0 0.693562 0.566411 0.000700 0.003831
0 0.693772 0.561303 0.000840 0.004683
0 0.694542 0.561303 0.000700 0.004683
0 0.695241 0.561941 0.000980 0.004257
0 0.696081 0.561516 0.000700 0.004257
0 0.695801 0.566837 0.000700 0.004683
0 0.694962 0.566837 0.000980 0.004683
0 0.694262 0.566624 0.000420 0.004257
0 0.709447 0.580034 0.000560 0.004683
0 0.708747 0.580247 0.000840 0.004257
0 0.706368 0.579183 0.000840 0.005534
0 0.718824 0.585781 0.000840 0.004257
0 0.713226 0.585568 0.000840 0.004683
0 0.713996 0.585568 0.000700 0.004683
0 0.714766 0.585568 0.000840 0.003831
0 0.715605 0.585781 0.000560 0.004257
0 0.716375 0.585781 0.000700 0.004257
0 0.717285 0.585994 0.000840 0.003831
0 0.717985 0.585994 0.000560 0.004683
0 0.719524 0.586420 0.000840 0.003831
0 0.705598 0.579395 0.000980 0.004257
0 0.720364 0.586633 0.000840 0.004257
0 0.698670 0.595573 0.000840 0.005109
0 0.699370 0.595147 0.000840 0.005960
0 0.700070 0.594934 0.000560 0.004683
0 0.701540 0.595573 0.000700 0.004257
0 0.702449 0.595360 0.000840 0.004683
0 0.703989 0.595360 0.000840 0.004683
0 0.712526 0.584717 0.000840 0.003831
0 0.711826 0.584930 0.000840 0.004257
0 0.710987 0.584717 0.000840 0.004683
0 0.710357 0.584504 0.000700 0.004257
0 0.704129 0.579821 0.000840 0.003406
0 0.703359 0.578970 0.000700 0.005109
0 0.702589 0.579183 0.000840 0.005534
0 0.701050 0.579183 0.000840 0.005534
0 0.700350 0.583865 0.000560 0.004683
0 0.700980 0.584078 0.000700 0.004257
0 0.701819 0.584078 0.000700 0.005109
0 0.702589 0.583865 0.000560 0.004683
0 0.703429 0.584078 0.000840 0.004257
0 0.704129 0.584504 0.000840 0.005109
0 0.704899 0.584291 0.000700 0.004683
0 0.705668 0.584078 0.000560 0.004257
0 0.706368 0.585143 0.000560 0.004683
0 0.707068 0.584717 0.000840 0.004683
0 0.709447 0.584504 0.000840 0.005109
0 0.700420 0.550660 0.000700 0.003831
0 0.702029 0.551086 0.000840 0.004683
0 0.657943 0.495530 0.000840 0.004257
0 0.702799 0.562580 0.000700 0.004683
0 0.708118 0.563006 0.000700 0.003831
0 0.707488 0.562793 0.000840 0.005109
0 0.706718 0.562367 0.000700 0.004257
0 0.705878 0.562367 0.000700 0.003406
0 0.705178 0.562793 0.000700 0.004257
0 0.704339 0.562580 0.000980 0.004683
0 0.703569 0.562793 0.000560 0.004257
0 0.701959 0.562367 0.000700 0.004257
0 0.709797 0.563218 0.000700 0.003406
0 0.701190 0.561941 0.000840 0.004257
0 0.700560 0.563006 0.000420 0.002980
0 0.699790 0.561941 0.000840 0.004257
0 0.698880 0.562367 0.000700 0.004257
0 0.698950 0.566624 0.000840 0.004257
0 0.699720 0.567050 0.000700 0.005109
0 0.700420 0.566837 0.000700 0.005534
0 0.709027 0.563218 0.000840 0.004257
0 0.715535 0.543210 0.000700 0.004257
0 0.702799 0.551298 0.000700 0.005109
0 0.727642 0.545977 0.001400 0.005534
0 0.675787 0.515964 0.002099 0.002554
0 0.680196 0.516816 0.002239 0.004257
0 0.685514 0.509579 0.000840 0.006811
0 0.686844 0.510430 0.000980 0.005109
0 0.688453 0.498084 0.000840 0.005109
0 0.729111 0.556833 0.001260 0.004257
0 0.728481 0.544061 0.001120 0.005109
0 0.726872 0.547680 0.001260 0.005534
0 0.713156 0.543423 0.000700 0.005534
0 0.726312 0.548531 0.001819 0.006386
0 0.717285 0.520221 0.002239 0.003406
0 0.712036 0.534696 0.001819 0.002554
0 0.703849 0.541720 0.000840 0.004683
0 0.708957 0.542358 0.000980 0.005109
0 0.711686 0.542571 0.001120 0.005534
0 0.712456 0.542997 0.000700 0.004683
0 0.701330 0.567050 0.000840 0.005109
0 0.702099 0.567050 0.000700 0.004257
0 0.702939 0.566837 0.000700 0.003831
0 0.711407 0.551937 0.000840 0.004683
0 0.716865 0.552363 0.000560 0.002980
0 0.716165 0.552150 0.000840 0.004257
0 0.715395 0.552576 0.000700 0.004257
0 0.714626 0.552150 0.000840 0.004257
0 0.713576 0.552576 0.000700 0.004257
0 0.712876 0.552150 0.000700 0.005109
0 0.712106 0.552363 0.000560 0.003831
0 0.710497 0.552576 0.000700 0.004257
0 0.703499 0.567263 0.000700 0.004683
0 0.709797 0.552150 0.000700 0.005109
0 0.709097 0.552150 0.000700 0.005109
0 0.708258 0.551724 0.000700 0.004257
0 0.707558 0.551086 0.000700 0.004683
0 0.705108 0.551298 0.000560 0.005109
0 0.704339 0.551511 0.000980 0.005534
0 0.703499 0.551086 0.000700 0.004683
0 0.718684 0.557258 0.001679 0.001703
0 0.715815 0.563857 0.000700 0.004683
0 0.714976 0.564070 0.000700 0.004257
0 0.714206 0.563218 0.000840 0.004257
0 0.704269 0.567263 0.000840 0.004683
0 0.705248 0.567263 0.000840 0.004683
0 0.705878 0.567050 0.000700 0.005109
0 0.706718 0.567050 0.000700 0.005109
0 0.707488 0.567476 0.000560 0.005109
0 0.708118 0.567901 0.000700 0.004257
0 0.708957 0.567901 0.000980 0.004257
0 0.709727 0.567688 0.000560 0.004683
0 0.707208 0.579395 0.000840 0.004257
0 0.708048 0.580247 0.000840 0.003406
0 0.710497 0.563431 0.000980 0.004683
0 0.711337 0.563006 0.000980 0.004683
0 0.712176 0.563006 0.000700 0.003831
0 0.712876 0.563218 0.000700 0.004257
0 0.713436 0.563431 0.000700 0.003831
0 0.758362 0.424862 0.001540 0.002554
0 0.758223 0.427416 0.001540 0.001703
0 0.759832 0.428054 0.001679 0.002129
0 0.825402 0.467859 0.001540 0.003406
0 0.834500 0.458067 0.002099 0.003406
0 0.830301 0.448276 0.001540 0.003406
0 0.831281 0.469349 0.001260 0.002980
0 0.830301 0.462963 0.001540 0.003831
0 0.825262 0.484887 0.002379 0.004257
0 0.825262 0.463176 0.001260 0.003406
0 0.825262 0.465304 0.001540 0.003406
0 0.825262 0.458067 0.001819 0.004257
0 0.834570 0.450404 0.001959 0.003406
0 0.825542 0.451256 0.001819 0.004257
0 0.825542 0.448276 0.001540 0.003406
0 0.827012 0.464666 0.001959 0.003831
0 0.826872 0.462112 0.001959 0.003831
0 0.827082 0.457854 0.001819 0.003831
0 0.827082 0.450404 0.001819 0.003406
0 0.827222 0.448063 0.002099 0.003831
0 0.836179 0.454236 0.001819 0.003406
0 0.835759 0.448914 0.002379 0.003831
0 0.844717 0.478927 0.001540 0.003406
0 0.849405 0.451894 0.001679 0.003831
0 0.843247 0.465304 0.001959 0.004257
0 0.849405 0.464240 0.001959 0.002980
0 0.847726 0.470200 0.001679 0.003831
0 0.847656 0.467646 0.001819 0.003831
0 0.847936 0.460622 0.001819 0.003406
0 0.847796 0.458706 0.001540 0.002980
0 0.849545 0.454236 0.001959 0.004257
0 0.852274 0.449766 0.001540 0.002980
0 0.838978 0.455939 0.001540 0.002554
0 0.853954 0.450617 0.001819 0.002980
0 0.849475 0.449127 0.001819 0.004257
0 0.847796 0.450404 0.001819 0.003406
0 0.839118 0.451894 0.002099 0.003831
0 0.840378 0.469562 0.001540 0.003406
0 0.840098 0.465304 0.001819 0.003406
0 0.839888 0.462750 0.001959 0.004257
0 0.822323 0.462537 0.001540 0.003831
0 0.820994 0.461260 0.001400 0.002980
0 0.820924 0.459344 0.002099 0.003406
0 0.810777 0.446999 0.001400 0.001703
0 0.812456 0.447637 0.001679 0.002129
0 0.812456 0.444657 0.001400 0.002129
0 0.810497 0.459344 0.001679 0.002554
0 0.810707 0.456577 0.001540 0.002129
0 0.810847 0.454023 0.001540 0.002129
0 0.810637 0.452107 0.001679 0.002554
0 0.810777 0.449553 0.001679 0.002554
0 0.810917 0.445083 0.001679 0.002129
0 0.821064 0.455939 0.001540 0.003406
0 0.801889 0.445722 0.001819 0.003406
0 0.802169 0.448276 0.001540 0.003406
0 0.800630 0.456577 0.001540 0.002980
0 0.800560 0.449553 0.001400 0.003406
0 0.800700 0.444232 0.001679 0.002980
0 0.797761 0.465304 0.001679 0.003406
0 0.798041 0.460409 0.001959 0.002980
0 0.812316 0.449766 0.001400 0.002129
0 0.812176 0.457003 0.001679 0.002129
0 0.812176 0.459344 0.001679 0.002554
0 0.812246 0.461686 0.001540 0.002129
0 0.820994 0.452107 0.001679 0.003406
0 0.822603 0.447850 0.001540 0.002554
0 0.822603 0.450404 0.001819 0.003406
0 0.817985 0.463602 0.001819 0.003406
0 0.816445 0.461899 0.001819 0.003406
0 0.816445 0.459770 0.001819 0.003406
0 0.816655 0.454874 0.001959 0.003831
0 0.818334 0.454449 0.001679 0.002980
0 0.816795 0.452746 0.001959 0.003831
0 0.818055 0.451256 0.001679 0.002554
0 0.818334 0.446360 0.001679 0.002980
0 0.816865 0.447637 0.001819 0.003831
0 0.811966 0.468710 0.001819 0.002554
0 0.812106 0.466156 0.001540 0.001703
0 0.812176 0.463602 0.001679 0.001703
0 0.844857 0.467220 0.001819 0.003831
0 0.843457 0.452959 0.002099 0.004257
0 0.759902 0.432524 0.001540 0.002554
0 0.808118 0.565347 0.001120 0.004257
0 0.821484 0.541933 0.000980 0.004257
0 0.825262 0.554278 0.001540 0.005109
0 0.820644 0.542571 0.000980 0.005534
0 0.793702 0.553214 0.000840 0.004683
0 0.792792 0.553640 0.001260 0.005534
0 0.809587 0.563644 0.001540 0.005960
0 0.808747 0.564496 0.001540 0.005960
0 0.806298 0.564283 0.001400 0.004683
0 0.823303 0.542146 0.000700 0.005534
0 0.805598 0.564070 0.001400 0.005109
0 0.804269 0.563006 0.001540 0.004683
0 0.799930 0.563857 0.001819 0.005534
0 0.798600 0.564070 0.001400 0.004257
0 0.796991 0.563644 0.001540 0.005109
0 0.796081 0.563431 0.001400 0.004683
0 0.795381 0.563431 0.001400 0.004683
0 0.822463 0.542146 0.000980 0.005534
0 0.824073 0.542571 0.000840 0.004683
0 0.843597 0.456152 0.001819 0.003831
0 0.835409 0.542784 0.000840 0.004257
0 0.819174 0.698808 0.001400 0.003831
0 0.836039 0.518731 0.001540 0.002129
0 0.840798 0.543423 0.000700 0.003831
0 0.839258 0.542784 0.000980 0.005109
0 0.838418 0.543210 0.000700 0.004257
0 0.837719 0.543210 0.000700 0.004257
0 0.836319 0.542997 0.000980 0.004683
0 0.834640 0.543210 0.000700 0.004257
0 0.824913 0.542358 0.000840 0.005109
0 0.833870 0.542358 0.000560 0.004257
0 0.833100 0.542997 0.000700 0.004683
0 0.829531 0.542997 0.000840 0.005534
0 0.828691 0.542358 0.000840 0.005109
0 0.827852 0.542571 0.000840 0.004683
0 0.827012 0.542784 0.000840 0.004257
0 0.825682 0.541933 0.000700 0.004257
0 0.794542 0.563218 0.001120 0.004257
0 0.793702 0.563644 0.001400 0.005109
0 0.792652 0.562367 0.001260 0.004257
0 0.785724 0.547893 0.001120 0.005109
0 0.808188 0.541720 0.001540 0.002129
0 0.806088 0.541720 0.001540 0.002129
0 0.801749 0.549383 0.000980 0.004683
0 0.800980 0.550021 0.000840 0.003406
0 0.792022 0.548744 0.001400 0.005109
0 0.790343 0.548531 0.001120 0.004683
0 0.788943 0.548106 0.001120 0.005534
0 0.851015 0.497659 0.000700 0.004257
0 0.791812 0.562793 0.001540 0.005109
0 0.849615 0.497871 0.000980 0.005534
0 0.845766 0.497233 0.000840 0.005109
0 0.844227 0.496807 0.000560 0.005109
0 0.838838 0.497446 0.000980 0.005534
0 0.835059 0.496169 0.000980 0.005534
0 0.845136 0.459770 0.001540 0.002554
0 0.843317 0.460622 0.002099 0.003406
0 0.806508 0.549808 0.000980 0.004683
0 0.805458 0.550021 0.000840 0.004257
0 0.804829 0.549596 0.001260 0.005109
0 0.804059 0.549808 0.001120 0.004683
0 0.790903 0.562793 0.001400 0.005960
0 0.771798 0.588123 0.000700 0.005534
0 0.789993 0.562154 0.001260 0.005534
0 0.788453 0.552150 0.001260 0.005109
0 0.787684 0.552150 0.001120 0.005109
0 0.786914 0.552150 0.000700 0.005109
0 0.785304 0.551937 0.000840 0.003831
0 0.797621 0.553214 0.001120 0.004683
0 0.798321 0.553427 0.001120 0.005109
0 0.799020 0.554066 0.001120 0.003831
0 0.804409 0.554704 0.001260 0.005109
0 0.805878 0.554278 0.001400 0.005109
0 0.806858 0.554491 0.001120 0.005534
0 0.802729 0.549383 0.001260 0.005534
0 0.803429 0.550021 0.001260 0.004257
0 0.797971 0.457854 0.001540 0.002980
0 0.797621 0.452746 0.001959 0.003831
0 0.797691 0.450617 0.001819 0.002980
0 0.760812 0.544913 0.001400 0.005109
0 0.771169 0.550021 0.001120 0.004257
0 0.772708 0.550447 0.001120 0.005109
0 0.774388 0.550873 0.001400 0.005109
0 0.776067 0.551086 0.001400 0.004683
0 0.768160 0.546190 0.001540 0.005109
0 0.764941 0.544700 0.001540 0.005534
0 0.762421 0.544700 0.001260 0.004683
0 0.759132 0.544061 0.001400 0.004257
0 0.768509 0.550021 0.001120 0.004257
0 0.758153 0.548318 0.001400 0.005109
0 0.756683 0.547467 0.001540 0.005109
0 0.755773 0.544913 0.001400 0.005109
0 0.748985 0.548531 0.001260 0.004683
0 0.750805 0.548318 0.001260 0.005109
0 0.751505 0.544487 0.001260 0.005109
0 0.750735 0.543636 0.001120 0.004257
0 0.770049 0.550021 0.001400 0.005109
0 0.766900 0.549808 0.001540 0.005534
0 0.797831 0.448276 0.001819 0.003406
0 0.774248 0.562580 0.001120 0.006386
0 0.744157 0.558323 0.001679 0.004683
0 0.747446 0.558110 0.001260 0.005109
0 0.748635 0.558748 0.001400 0.004683
0 0.750245 0.558961 0.001260 0.005109
0 0.751924 0.558961 0.001540 0.004257
0 0.754654 0.560238 0.001400 0.005109
0 0.755283 0.558536 0.001540 0.005109
0 0.772638 0.562367 0.000980 0.004257
0 0.765990 0.549383 0.001679 0.005534
0 0.758642 0.559813 0.001540 0.005960
0 0.759972 0.548957 0.001400 0.005534
0 0.760952 0.548744 0.000840 0.004257
0 0.761931 0.548744 0.001400 0.004257
0 0.762561 0.549596 0.000980 0.004257
0 0.764311 0.548957 0.001400 0.004683
0 0.765150 0.549383 0.001400 0.005534
0 0.749895 0.543423 0.001120 0.004683
0 0.739958 0.547041 0.001679 0.005960
0 0.738279 0.547254 0.001400 0.004683
0 0.764101 0.452320 0.001819 0.002129
0 0.787614 0.449340 0.002379 0.003831
0 0.787614 0.446999 0.002099 0.004257
0 0.787824 0.444444 0.002239 0.004257
0 0.783205 0.441464 0.001679 0.003406
0 0.775787 0.457642 0.001679 0.003406
0 0.785234 0.425713 0.002379 0.002554
0 0.764101 0.454874 0.001540 0.002129
0 0.764241 0.450192 0.001819 0.002129
0 0.737509 0.546828 0.001260 0.004683
0 0.759412 0.458280 0.001679 0.002129
0 0.759692 0.455726 0.001679 0.002129
0 0.759902 0.453597 0.001540 0.002129
0 0.758432 0.451043 0.001400 0.002129
0 0.758432 0.444232 0.001400 0.002129
0 0.758293 0.441890 0.001400 0.002554
0 0.760112 0.442103 0.001959 0.002129
0 0.778237 0.460834 0.002659 0.004683
0 0.778307 0.470200 0.000840 0.004683
0 0.730231 0.540656 0.001540 0.003406
0 0.734010 0.538740 0.001819 0.002980
0 0.736739 0.546403 0.001400 0.005534
0 0.735759 0.546403 0.001400 0.005534
0 0.734710 0.546403 0.001260 0.003831
0 0.754514 0.524904 0.002239 0.003406
0 0.766900 0.537463 0.001540 0.002129
0 0.763611 0.537463 0.001679 0.002129
0 0.760462 0.536824 0.001819 0.002554
0 0.755423 0.536824 0.001540 0.001703
0 0.751575 0.536611 0.001400 0.002129
0 0.748495 0.535973 0.001679 0.002554
0 0.746396 0.535973 0.001679 0.002554
0 0.744577 0.535760 0.001400 0.002129
0 0.742757 0.535973 0.001679 0.002554
0 0.739258 0.536398 0.001679 0.002554
0 0.735899 0.538101 0.001120 0.002554
0 0.743457 0.558323 0.001400 0.004683
0 0.742547 0.558323 0.001540 0.005534
0 0.741638 0.557897 0.001400 0.005534
0 0.834430 0.437420 0.000840 0.004683
0 0.796781 0.476586 0.000840 0.004683
0 0.792442 0.475521 0.000840 0.005109
0 0.789993 0.475309 0.000980 0.004683
0 0.788943 0.475521 0.000840 0.004257
0 0.839748 0.438059 0.000840 0.005109
0 0.836669 0.437633 0.000840 0.004257
0 0.835129 0.437207 0.000840 0.005109
0 0.832680 0.437207 0.000980 0.005109
0 0.837929 0.423797 0.001120 0.004683
0 0.829811 0.436782 0.000840 0.004257
0 0.814766 0.422307 0.000980 0.005960
0 0.810567 0.434653 0.000980 0.005109
0 0.805108 0.433802 0.000700 0.005109
0 0.801260 0.434014 0.000840 0.004683
0 0.800490 0.433802 0.000980 0.005109
0 0.799090 0.433802 0.000980 0.005109
0 0.801679 0.477011 0.000840 0.004683
0 0.803849 0.477863 0.000980 0.005534
0 0.806508 0.478076 0.000700 0.005109
0 0.807978 0.478714 0.000840 0.005534
0 0.797691 0.443380 0.001819 0.002980
0 0.796431 0.444870 0.002099 0.003406
0 0.796361 0.459344 0.001679 0.003406
0 0.796361 0.457003 0.001679 0.002980
0 0.791882 0.464453 0.001679 0.003406
0 0.791882 0.457003 0.001679 0.002980
0 0.792022 0.452107 0.001679 0.003406
0 0.792092 0.449766 0.001260 0.002129
0 0.792092 0.447212 0.001540 0.002980
0 0.792092 0.444870 0.001819 0.002554
0 0.789223 0.443380 0.001679 0.002980
0 0.789363 0.458280 0.001679 0.003831
0 0.787334 0.463602 0.002379 0.005960
0 0.810357 0.478927 0.000840 0.005109
0 0.808957 0.478289 0.000840 0.005534
0 0.791533 0.432737 0.000700 0.003831
0 0.839608 0.424223 0.000840 0.004683
0 0.740938 0.558323 0.001400 0.005534
0 0.730651 0.556407 0.001260 0.005109
0 0.780126 0.538953 0.001679 0.001703
1 0.737369 0.483184 0.006578 0.003406
1 0.741777 0.573648 0.006718 0.003831
0 0.744927 0.583865 0.000980 0.005534
0 0.746886 0.583440 0.000700 0.004683
0 0.747866 0.583440 0.000980 0.005534
0 0.729951 0.556620 0.001540 0.005534
0 0.731421 0.556833 0.001400 0.005109
0 0.839608 0.418902 0.000840 0.005960
0 0.732400 0.556833 0.001400 0.005109
0 0.733310 0.557684 0.001260 0.005109
0 0.734010 0.556833 0.001260 0.004257
0 0.734780 0.557046 0.001120 0.004683
0 0.735689 0.557471 0.001540 0.005534
0 0.738209 0.557471 0.001819 0.006386
0 0.739328 0.557471 0.001540 0.004683
0 0.782155 0.538953 0.001819 0.002554
0 0.784115 0.539591 0.001540 0.002129
0 0.785864 0.539804 0.001679 0.002554
0 0.781106 0.549808 0.001120 0.004683
0 0.840308 0.419327 0.000840 0.005109
0 0.843457 0.423797 0.000980 0.004683
0 0.844507 0.424436 0.000840 0.005109
0 0.841987 0.418902 0.000840 0.005960
0 0.706718 0.202852 0.001819 0.002129
0 0.706788 0.204981 0.001959 0.002129
0 0.706788 0.207961 0.001959 0.002129
0 0.706788 0.212431 0.001959 0.002554
0 0.706788 0.215198 0.001959 0.002129
0 0.705878 0.238399 0.000980 0.005960
0 0.705108 0.239464 0.000840 0.006386
0 0.704269 0.238612 0.000840 0.006386
0 0.703429 0.238612 0.000840 0.005534
0 0.702379 0.239464 0.000980 0.005534
0 0.781805 0.551511 0.001120 0.004683
2 0.054304 0.202427 0.012316 0.029374
