4 0.918712 0.897583 0.015337 0.039125
4 0.929959 0.615362 0.017382 0.120253
4 0.949387 0.127445 0.022495 0.122555
4 0.949642 0.340909 0.027096 0.132911
0 0.302914 0.668297 0.010736 0.021289
0 0.331544 0.902474 0.010736 0.022440
0 0.533487 0.926928 0.009714 0.023015
0 0.889315 0.527043 0.008691 0.023015
0 0.894683 0.464614 0.009202 0.025892
1 0.213190 0.282796 0.037832 0.018987
1 0.383947 0.365362 0.053170 0.031070
1 0.395961 0.345800 0.053681 0.027618
1 0.403374 0.818757 0.028630 0.014960
1 0.407975 0.330840 0.051125 0.028769
1 0.450153 0.420311 0.048569 0.024741
1 0.458078 0.325949 0.047035 0.029344
1 0.742843 0.829689 0.028630 0.016110
1 0.827965 0.194476 0.015849 0.027618
1 0.842536 0.196490 0.019427 0.033947
1 0.855573 0.205984 0.016871 0.034522
1 0.857362 0.765247 0.020450 0.026467
1 0.873978 0.205121 0.018916 0.040852
1 0.883436 0.687572 0.016360 0.033372
1 0.885481 0.627733 0.011247 0.027618
1 0.888292 0.561277 0.016871 0.042002
