2 0.248821 0.607862 0.106132 0.036433
2 0.250000 0.651486 0.108491 0.031640
2 0.251179 0.621285 0.106132 0.034516
2 0.253538 0.636625 0.110849 0.032598
2 0.338443 0.860019 0.073113 0.032598
2 0.366745 0.857622 0.091981 0.041227
2 0.406840 0.858102 0.091981 0.040268
2 0.445755 0.636146 0.089623 0.041227
2 0.445755 0.856184 0.094340 0.040268
2 0.446934 0.618888 0.082547 0.041227
2 0.484670 0.856663 0.087264 0.041227
2 0.542453 0.618408 0.089623 0.042186
2 0.549528 0.634228 0.089623 0.039310
2 0.553066 0.649569 0.091981 0.039310
2 0.577830 0.788111 0.103774 0.009588
2 0.584906 0.802972 0.113208 0.012464
2 0.589623 0.696548 0.028302 0.045062
2 0.616745 0.815436 0.106132 0.010547
2 0.625000 0.828380 0.113208 0.011505
2 0.628538 0.840364 0.106132 0.012464
2 0.669811 0.191275 0.023585 0.045062
2 0.696934 0.190316 0.025943 0.039310
2 0.713443 0.366731 0.025943 0.043145
2 0.733491 0.194151 0.033019 0.045062
2 0.745283 0.366251 0.033019 0.044104
2 0.768868 0.194151 0.033019 0.045062
2 0.773585 0.361937 0.033019 0.045062
2 0.803066 0.195590 0.035377 0.046021
2 0.812500 0.361937 0.030660 0.045062
2 0.845519 0.360019 0.025943 0.043145
2 0.880896 0.360019 0.025943 0.043145
