3 0.028490 0.186823 0.028490 0.037906
3 0.047721 0.324007 0.012821 0.041516
3 0.067664 0.344765 0.018519 0.050542
3 0.137464 0.427798 0.029915 0.032491
3 0.139601 0.259025 0.025641 0.023466
3 0.153134 0.415162 0.029915 0.039711
3 0.161681 0.398917 0.027066 0.036101
3 0.184473 0.365523 0.029915 0.037906
3 0.187322 0.343863 0.024217 0.034296
3 0.190171 0.159747 0.027066 0.034296
3 0.200142 0.334838 0.027066 0.037906
3 0.202279 0.143502 0.025641 0.037906
3 0.212963 0.129061 0.029915 0.045126
3 0.227208 0.117329 0.027066 0.036101
3 0.237892 0.101986 0.031339 0.041516
3 0.252137 0.087545 0.028490 0.037906
3 0.265670 0.074910 0.027066 0.037906
3 0.270655 0.390794 0.028490 0.037906
3 0.273504 0.062274 0.031339 0.041516
3 0.279202 0.860108 0.028490 0.037906
3 0.286325 0.046029 0.028490 0.041516
3 0.292735 0.370036 0.027066 0.039711
3 0.297721 0.961191 0.031339 0.037906
3 0.306268 0.358303 0.028490 0.037906
3 0.317664 0.821300 0.037037 0.046931
3 0.331197 0.803249 0.035613 0.043321
3 0.349003 0.197653 0.034188 0.048736
3 0.353989 0.949458 0.032764 0.039711
3 0.367521 0.088448 0.031339 0.039711
3 0.381766 0.909747 0.028490 0.036101
3 0.393162 0.896209 0.031339 0.037906
3 0.411681 0.135379 0.028490 0.039711
3 0.423077 0.117329 0.034188 0.046931
3 0.433761 0.106498 0.027066 0.036101
3 0.440171 0.084838 0.028490 0.039711
3 0.452279 0.067690 0.038462 0.052347
3 0.468661 0.059567 0.028490 0.039711
3 0.471510 0.877256 0.028490 0.036101
3 0.472222 0.926895 0.032764 0.045126
3 0.480769 0.049639 0.029915 0.041516
3 0.495014 0.037906 0.032764 0.043321
3 0.497151 0.845668 0.028490 0.037906
3 0.500000 0.749097 0.028490 0.039711
3 0.504986 0.026173 0.029915 0.041516
3 0.507123 0.862816 0.025641 0.036101
3 0.528490 0.791516 0.031339 0.041516
3 0.541311 0.801444 0.031339 0.046931
3 0.554131 0.815884 0.034188 0.046931
3 0.560541 0.833032 0.029915 0.041516
3 0.579060 0.840253 0.044160 0.055957
3 0.588319 0.854693 0.042735 0.052347
3 0.604701 0.212996 0.029915 0.036101
3 0.626781 0.905235 0.031339 0.041516
3 0.636752 0.921480 0.031339 0.041516
3 0.648860 0.935921 0.027066 0.037906
3 0.662393 0.945848 0.034188 0.043321
3 0.720085 0.925090 0.029915 0.041516
3 0.797009 0.702166 0.032764 0.043321
3 0.802707 0.518051 0.032764 0.046931
3 0.819088 0.889892 0.031339 0.039711
3 0.821225 0.486462 0.029915 0.041516
3 0.836182 0.840253 0.031339 0.037906
3 0.883903 0.167870 0.032764 0.043321
3 0.910969 0.746390 0.032764 0.048736
3 0.947293 0.525271 0.028490 0.043321
3 0.954416 0.185018 0.028490 0.037906
3 0.962963 0.514440 0.025641 0.036101
3 0.972222 0.475632 0.029915 0.037906
3 0.982906 0.763538 0.025641 0.036101
3 0.985755 0.145307 0.028490 0.037906
2 0.349715 0.391697 0.064103 0.072202
2 0.376781 0.495487 0.066952 0.084838
2 0.400285 0.469314 0.068376 0.086643
2 0.411681 0.448556 0.056980 0.074007
2 0.427350 0.441336 0.071225 0.088448
2 0.433761 0.537906 0.064103 0.079422
2 0.435897 0.416968 0.059829 0.075812
2 0.446581 0.554152 0.061254 0.079422
2 0.457265 0.408845 0.074074 0.092058
2 0.468661 0.390794 0.071225 0.088448
2 0.482906 0.379964 0.074074 0.088448
2 0.495014 0.360108 0.075499 0.092058
2 0.509259 0.343863 0.078348 0.095668
2 0.525641 0.329422 0.071225 0.095668
2 0.534188 0.308664 0.062678 0.083032
2 0.541311 0.090253 0.065527 0.079422
2 0.549145 0.294224 0.064103 0.083032
2 0.556980 0.106498 0.065527 0.075812
2 0.561966 0.282491 0.064103 0.084838
2 0.569088 0.133574 0.069801 0.075812
2 0.591880 0.148917 0.081197 0.081227
2 0.632479 0.264440 0.045584 0.052347
2 0.676638 0.368231 0.068376 0.075812
2 0.694444 0.380866 0.081197 0.083032
2 0.705128 0.397112 0.079772 0.079422
2 0.722934 0.242780 0.066952 0.077617
2 0.722934 0.408845 0.075499 0.081227
2 0.735043 0.266245 0.062678 0.066787
2 0.753561 0.289711 0.065527 0.077617
2 0.769943 0.303249 0.075499 0.086643
