3 0.716759 0.408182 0.040166 0.041818
3 0.751385 0.428182 0.037396 0.041818
3 0.761080 0.316364 0.029086 0.047273
3 0.777008 0.325455 0.024931 0.040000
3 0.787396 0.335455 0.026316 0.041818
3 0.799861 0.343636 0.029086 0.047273
2 0.288089 0.422727 0.049861 0.052727
2 0.304709 0.435455 0.047091 0.052727
2 0.321330 0.448182 0.047091 0.052727
2 0.341413 0.164545 0.059557 0.049091
2 0.342105 0.456364 0.047091 0.054545
2 0.357341 0.471818 0.047091 0.052727
2 0.367036 0.154545 0.058172 0.050909
2 0.371191 0.308182 0.049861 0.045455
2 0.385042 0.324545 0.047091 0.041818
2 0.403047 0.340000 0.063712 0.054545
2 0.419668 0.355455 0.063712 0.052727
2 0.421053 0.253636 0.055402 0.052727
2 0.425900 0.140000 0.031856 0.076364
2 0.433518 0.370909 0.063712 0.050909
2 0.436981 0.267273 0.056787 0.050909
2 0.443906 0.139091 0.037396 0.078182
2 0.452909 0.381818 0.063712 0.050909
2 0.453601 0.282727 0.056787 0.052727
2 0.458449 0.132727 0.038781 0.080000
2 0.468144 0.398182 0.063712 0.050909
2 0.475762 0.128182 0.034626 0.078182
2 0.484072 0.411818 0.062327 0.049091
2 0.492382 0.308182 0.056787 0.052727
2 0.504848 0.115455 0.018006 0.078182
2 0.511080 0.323636 0.058172 0.050909
2 0.516620 0.440909 0.066482 0.052727
2 0.524238 0.339091 0.059557 0.049091
2 0.524931 0.151818 0.019391 0.081818
2 0.535319 0.455455 0.062327 0.052727
2 0.539474 0.355455 0.059557 0.052727
2 0.542936 0.169091 0.013850 0.083636
2 0.555402 0.467273 0.066482 0.050909
2 0.557479 0.369091 0.059557 0.050909
2 0.560249 0.195455 0.015235 0.081818
2 0.569252 0.482727 0.066482 0.052727
2 0.575485 0.382727 0.059557 0.052727
2 0.576870 0.197273 0.015235 0.081818
2 0.581717 0.500909 0.066482 0.049091
2 0.593490 0.397273 0.062327 0.052727
2 0.596953 0.212727 0.016620 0.083636
2 0.608726 0.411818 0.059557 0.052727
2 0.612188 0.224545 0.016620 0.081818
2 0.628809 0.237273 0.016620 0.081818
2 0.646122 0.252727 0.015235 0.083636
2 0.679363 0.266364 0.018006 0.063636
2 0.697368 0.283636 0.018006 0.065455
2 0.716759 0.464545 0.056787 0.056364
2 0.728532 0.443636 0.058172 0.054545
