0 0.861379 0.050287 0.013343 0.023946
0 0.969978 0.284483 0.012602 0.022989
1 0.362120 0.456897 0.064492 0.044061
1 0.432913 0.425287 0.023721 0.053640
1 0.375463 0.494732 0.063010 0.043103
1 0.381394 0.513889 0.064492 0.041188
1 0.389177 0.534483 0.063751 0.042146
1 0.376575 0.620211 0.040030 0.031609
1 0.392142 0.611590 0.040030 0.029693
1 0.344329 0.731322 0.042254 0.031609
1 0.348777 0.849138 0.033358 0.083333
1 0.410675 0.812261 0.034099 0.084291
1 0.441438 0.796456 0.031875 0.083333
1 0.498147 0.777778 0.022239 0.057471
1 0.498517 0.731801 0.025945 0.057471
1 0.451816 0.232759 0.042254 0.034483
1 0.457005 0.248084 0.042254 0.036398
1 0.334322 0.378352 0.063751 0.042146
1 0.328021 0.358716 0.064492 0.043103
1 0.405115 0.344828 0.022980 0.053640
1 0.265752 0.866858 0.025945 0.057471
1 0.177168 0.240421 0.032617 0.082375
1 0.205337 0.288314 0.034099 0.084291
1 0.224981 0.355364 0.033358 0.084291
1 0.234248 0.367816 0.032617 0.084291
1 0.241660 0.384100 0.032617 0.082375
1 0.276872 0.480843 0.031875 0.084291
1 0.488510 0.109674 0.034099 0.075670
1 0.396219 0.325670 0.024463 0.055556
1 0.459229 0.024904 0.027428 0.047893
1 0.348777 0.184387 0.024463 0.054598
1 0.285397 0.241379 0.062268 0.038314
1 0.289474 0.259100 0.063010 0.041188
1 0.307635 0.300287 0.063751 0.043103
1 0.389918 0.303640 0.025204 0.053640
1 0.461824 0.262452 0.042995 0.038314
1 0.570793 0.239943 0.023721 0.052682
1 0.582283 0.245690 0.031875 0.083333
1 0.818013 0.311303 0.024463 0.053640
1 0.848036 0.154693 0.059303 0.039272
1 0.853595 0.172893 0.058562 0.039272
1 0.859896 0.193008 0.059303 0.039272
1 0.765752 0.180077 0.031134 0.078544
1 0.786509 0.241858 0.031134 0.075670
1 0.881023 0.252874 0.058562 0.038314
1 0.827650 0.322797 0.025945 0.055556
1 0.833951 0.113506 0.059303 0.039272
0 0.518532 0.262452 0.015567 0.017241
0 0.591549 0.469828 0.014826 0.018199
0 0.584878 0.462644 0.019274 0.024904
0 0.539659 0.476054 0.017791 0.017241
0 0.547443 0.500000 0.017050 0.017241
0 0.882506 0.401820 0.022980 0.022031
1 0.838028 0.132184 0.058562 0.038314
1 0.752409 0.027299 0.023721 0.046935
1 0.591179 0.262931 0.033358 0.083333
1 0.640104 0.363027 0.033358 0.086207
1 0.597850 0.281130 0.031875 0.085249
1 0.666049 0.188697 0.022980 0.051724
1 0.689029 0.243295 0.031875 0.082375
1 0.613417 0.317050 0.033358 0.084291
1 0.704596 0.282567 0.033358 0.084291
1 0.628243 0.357280 0.033358 0.086207
1 0.644922 0.393199 0.032617 0.085249
1 0.589325 0.724138 0.023721 0.055556
1 0.653447 0.409483 0.033358 0.085249
1 0.711268 0.304598 0.031875 0.086207
1 0.717939 0.322797 0.031875 0.086207
1 0.732394 0.364464 0.034099 0.083333
1 0.687176 0.550287 0.023721 0.058429
1 0.544107 0.750958 0.023721 0.057471
1 0.118236 0.177682 0.042254 0.033525
