1 0.659777 0.745783 0.045810 0.038554
1 0.571508 0.813253 0.036872 0.050602
0 0.026257 0.671084 0.023464 0.031325
0 0.029609 0.770482 0.018994 0.030120
0 0.064246 0.780723 0.018994 0.033735
0 0.135754 0.852410 0.016760 0.032530
0 0.078212 0.911446 0.015642 0.027711
0 0.119553 0.928313 0.020112 0.027711
0 0.107263 0.949398 0.017877 0.031325
0 0.047486 0.108434 0.012291 0.028916
0 0.067039 0.306627 0.013408 0.032530
0 0.068715 0.392771 0.012291 0.028916
0 0.580447 0.269880 0.023464 0.036145
0 0.696089 0.188554 0.022346 0.032530
1 0.573743 0.192169 0.016760 0.044578
1 0.589385 0.181928 0.016760 0.055422
1 0.603911 0.163253 0.016760 0.044578
1 0.622905 0.157229 0.018994 0.046988
