0 0.058160 0.967142 0.017361 0.017923
0 0.090712 0.965763 0.018229 0.017923
0 0.184028 0.971048 0.017361 0.017463
0 0.220052 0.969210 0.019965 0.016544
0 0.233073 0.924403 0.014757 0.017004
0 0.251736 0.926011 0.015625 0.017463
0 0.289062 0.970588 0.015625 0.017463
0 0.301649 0.319623 0.018229 0.017923
0 0.306858 0.925781 0.019965 0.018842
0 0.339844 0.926930 0.016493 0.017463
0 0.387587 0.926011 0.016493 0.016544
0 0.425347 0.927160 0.019097 0.017004
0 0.442708 0.929458 0.015625 0.017923
0 0.444878 0.976333 0.018229 0.017004
0 0.460503 0.929458 0.018229 0.017004
0 0.529948 0.929458 0.018229 0.018842
0 0.743056 0.387178 0.043403 0.010570
0 0.743490 0.398667 0.040799 0.011489
0 0.746962 0.408318 0.039062 0.012408
1 0.070747 0.591222 0.030382 0.062040
1 0.071615 0.533088 0.026910 0.042279
1 0.073351 0.477252 0.032118 0.062040
1 0.077257 0.420956 0.027778 0.042279
1 0.088542 0.079274 0.043403 0.063879
1 0.091580 0.284467 0.030382 0.065257
1 0.108507 0.217601 0.031250 0.063879
1 0.110677 0.808824 0.026910 0.062500
1 0.127604 0.152114 0.032986 0.065257
1 0.131944 0.218750 0.024306 0.063419
1 0.137587 0.286765 0.028646 0.065257
1 0.154948 0.218520 0.030382 0.063879
1 0.161892 0.284237 0.028646 0.063879
1 0.177083 0.407399 0.029514 0.042739
1 0.250868 0.411765 0.029514 0.064338
1 0.270833 0.543199 0.027778 0.064338
1 0.275174 0.472426 0.027778 0.064338
1 0.290365 0.811811 0.025174 0.063879
1 0.292535 0.743796 0.027778 0.064798
1 0.296007 0.675551 0.027778 0.064338
1 0.298177 0.607996 0.026910 0.062500
1 0.300781 0.539752 0.023438 0.063879
1 0.305122 0.472656 0.026910 0.065717
1 0.305990 0.417279 0.025174 0.043199
1 0.312066 0.811581 0.023438 0.064338
1 0.314236 0.743336 0.024306 0.062960
1 0.318142 0.676930 0.023438 0.063419
1 0.319878 0.608915 0.025174 0.063419
1 0.323351 0.540441 0.025174 0.064338
1 0.325955 0.474954 0.021701 0.063879
1 0.328559 0.416590 0.021701 0.042739
1 0.333333 0.811811 0.022569 0.063879
1 0.336806 0.744256 0.024306 0.063879
1 0.340712 0.676011 0.023438 0.063419
1 0.342882 0.608686 0.024306 0.063879
1 0.343750 0.540901 0.026042 0.064338
1 0.345920 0.474724 0.021701 0.064338
1 0.350260 0.418428 0.026910 0.044577
1 0.355035 0.811581 0.024306 0.065257
1 0.358507 0.744945 0.026042 0.064338
1 0.360677 0.676471 0.026910 0.064338
1 0.363281 0.608915 0.025174 0.064338
1 0.367188 0.540671 0.024306 0.063879
1 0.368490 0.474035 0.023438 0.063879
1 0.372396 0.417509 0.024306 0.043658
1 0.376302 0.823759 0.023438 0.043658
1 0.378906 0.777114 0.025174 0.043199
1 0.381076 0.731158 0.022569 0.042279
1 0.383247 0.684053 0.025174 0.043658
1 0.385417 0.637868 0.024306 0.043199
1 0.387153 0.591912 0.020833 0.043199
1 0.387587 0.545956 0.023438 0.043199
1 0.390625 0.499770 0.022569 0.042739
1 0.392361 0.453125 0.022569 0.043199
1 0.399740 0.825138 0.025174 0.042739
1 0.401476 0.779182 0.021701 0.042739
1 0.404514 0.732767 0.026042 0.042739
1 0.406684 0.684513 0.025174 0.043658
1 0.408854 0.591912 0.026042 0.044118
1 0.409722 0.638327 0.024306 0.044118
1 0.411892 0.547105 0.025174 0.043658
1 0.413194 0.499770 0.026042 0.043658
1 0.413628 0.455882 0.025174 0.042279
1 0.425781 0.778722 0.025174 0.042739
1 0.425781 0.824908 0.028646 0.042279
1 0.429688 0.732996 0.026042 0.043199
1 0.430990 0.686581 0.026910 0.043199
1 0.433594 0.640625 0.026910 0.043199
1 0.435330 0.594669 0.025174 0.044118
1 0.437066 0.547794 0.026910 0.044118
1 0.437500 0.454274 0.022569 0.043658
1 0.437500 0.502068 0.022569 0.043658
1 0.450521 0.777803 0.026042 0.042739
1 0.451389 0.732996 0.027778 0.044118
1 0.453993 0.687500 0.024306 0.042279
1 0.456597 0.595588 0.027778 0.044118
1 0.458333 0.500689 0.022569 0.043658
1 0.459201 0.454044 0.024306 0.044118
1 0.459635 0.550092 0.025174 0.044118
1 0.482205 0.497932 0.025174 0.043658
1 0.484809 0.452895 0.025174 0.042739
1 0.504340 0.498851 0.024306 0.043658
1 0.508681 0.452206 0.026042 0.045037
1 0.537760 0.775276 0.026910 0.045956
1 0.546875 0.540441 0.027778 0.043199
1 0.555122 0.304688 0.035590 0.044118
1 0.620660 0.294577 0.038194 0.045037
1 0.651910 0.300781 0.043403 0.062040
1 0.658420 0.905561 0.117188 0.034467
1 0.670139 0.963465 0.022569 0.042739
1 0.694010 0.963925 0.026910 0.043658
1 0.743490 0.602941 0.037326 0.045037
1 0.771701 0.423483 0.090278 0.016085
1 0.796441 0.492188 0.087674 0.019301
1 0.891927 0.434743 0.042535 0.063419
1 0.903212 0.675092 0.044271 0.064338
1 0.925781 0.674403 0.040799 0.062960
1 0.946181 0.672335 0.039931 0.064338
