0 0.611664 0.411628 0.019915 0.025581
0 0.238976 0.331395 0.017070 0.023256
0 0.226174 0.331395 0.017070 0.025581
0 0.209815 0.337209 0.015647 0.020930
0 0.088193 0.343023 0.014225 0.025581
0 0.152916 0.302326 0.012802 0.020930
0 0.051920 0.155233 0.027027 0.024419
0 0.199858 0.080233 0.029872 0.023256
0 0.093172 0.066860 0.012802 0.024419
0 0.205548 0.052326 0.032717 0.025581
0 0.211238 0.026163 0.029872 0.022093
0 0.268137 0.327326 0.021337 0.024419
0 0.253912 0.327907 0.018492 0.025581
0 0.295875 0.322093 0.019915 0.023256
0 0.034139 0.173837 0.022760 0.019767
0 0.322191 0.550581 0.018492 0.024419
0 0.039118 0.112209 0.027027 0.024419
0 0.605263 0.978488 0.024182 0.012791
0 0.194168 0.972674 0.032717 0.015116
0 0.033428 0.675000 0.032717 0.012791
0 0.078236 0.588953 0.014225 0.026744
0 0.209104 0.563953 0.017070 0.025581
0 0.236842 0.560465 0.015647 0.027907
0 0.252489 0.561628 0.015647 0.023256
0 0.268137 0.557558 0.015647 0.024419
0 0.281650 0.553488 0.017070 0.027907
0 0.265292 0.412791 0.015647 0.023256
0 0.338549 0.316860 0.017070 0.024419
0 0.281650 0.412791 0.017070 0.023256
0 0.460882 0.357558 0.017070 0.019767
0 0.403983 0.365698 0.019915 0.029070
0 0.277383 0.387209 0.019915 0.027907
0 0.304410 0.378488 0.019915 0.024419
0 0.350640 0.349419 0.029872 0.012791
0 0.453058 0.300581 0.015647 0.022093
0 0.438834 0.304070 0.015647 0.024419
0 0.423186 0.303488 0.015647 0.023256
0 0.367710 0.315116 0.015647 0.023256
