0 0.103324 0.417254 0.010782 0.010563
0 0.114106 0.416667 0.008985 0.009390
0 0.132525 0.418134 0.011680 0.011150
0 0.141959 0.421362 0.008985 0.010563
0 0.143756 0.449824 0.010782 0.012324
0 0.150943 0.419014 0.008985 0.011737
0 0.154088 0.451291 0.009883 0.011737
0 0.159928 0.421362 0.008985 0.011737
0 0.162624 0.452171 0.007188 0.011150
0 0.168464 0.422535 0.008086 0.011737
0 0.170261 0.408451 0.009883 0.011737
0 0.171608 0.453345 0.008985 0.009977
0 0.180144 0.452171 0.008086 0.011150
0 0.188230 0.451291 0.009883 0.012911
0 0.195867 0.412265 0.008985 0.011150
0 0.205301 0.412852 0.008086 0.009977
0 0.206199 0.453345 0.009883 0.011150
0 0.212489 0.424589 0.009883 0.009977
0 0.223720 0.412265 0.008985 0.009977
0 0.230458 0.424589 0.009883 0.011150
0 0.239892 0.426056 0.008985 0.010563
0 0.251123 0.415493 0.011680 0.012911
0 0.253819 0.385857 0.009883 0.014671
0 0.265499 0.425469 0.013477 0.012911
0 0.274933 0.426937 0.008985 0.012324
0 0.283917 0.428110 0.008985 0.011150
0 0.292902 0.428404 0.008985 0.011737
0 0.302336 0.428697 0.008086 0.011150
0 0.449686 0.465962 0.009883 0.010563
0 0.468104 0.467723 0.010782 0.010563
0 0.485624 0.468897 0.009883 0.011737
0 0.490117 0.438087 0.009883 0.012324
0 0.494609 0.469484 0.008086 0.010563
0 0.504043 0.469777 0.008985 0.009977
0 0.510332 0.435739 0.010782 0.011150
0 0.515274 0.387031 0.009883 0.012324
0 0.530099 0.300176 0.016173 0.013498
