0 0.563973 0.319316 0.003367 0.005702
0 0.492929 0.371347 0.005387 0.007128
0 0.381818 0.777619 0.008081 0.004277
0 0.422222 0.778332 0.008081 0.004277
0 0.440404 0.773699 0.008081 0.004989
0 0.497980 0.774412 0.007407 0.003564
0 0.445118 0.754811 0.008081 0.004277
0 0.578788 0.784391 0.008754 0.004989
0 0.464646 0.539558 0.006734 0.008553
0 0.460943 0.540984 0.006061 0.007128
0 0.457576 0.543478 0.006061 0.007840
0 0.501684 0.570207 0.008081 0.004277
0 0.505051 0.564861 0.008081 0.004989
0 0.503704 0.557377 0.008081 0.002851
0 0.504040 0.542409 0.008754 0.004277
0 0.508754 0.534925 0.008754 0.004989
0 0.509091 0.529579 0.006734 0.004277
0 0.378788 0.782965 0.007407 0.004989
0 0.324242 0.776907 0.007407 0.004277
0 0.236364 0.748753 0.006734 0.004989
0 0.222559 0.770492 0.007407 0.004277
0 0.037374 0.776550 0.007407 0.004989
0 0.086869 0.776550 0.006734 0.004989
0 0.117845 0.780470 0.008081 0.004277
0 0.172727 0.771205 0.008754 0.004277
0 0.192593 0.775837 0.008081 0.004989
0 0.508754 0.524590 0.007407 0.004277
0 0.512795 0.519957 0.010101 0.004989
0 0.505387 0.546329 0.007407 0.004989
0 0.490236 0.399145 0.005387 0.007128
0 0.489562 0.424448 0.005387 0.009266
0 0.485859 0.422309 0.007407 0.009266
0 0.482155 0.420171 0.005387 0.010691
0 0.505051 0.406985 0.004040 0.007128
0 0.499663 0.405560 0.005387 0.007128
0 0.496296 0.404134 0.005387 0.007128
0 0.486195 0.398788 0.005387 0.007840
0 0.496296 0.394512 0.005387 0.007840
0 0.492593 0.393086 0.004714 0.006415
0 0.506734 0.399145 0.004714 0.007128
0 0.511785 0.399145 0.004040 0.005702
0 0.503704 0.374555 0.005387 0.007840
0 0.500000 0.373842 0.004714 0.007840
0 0.496296 0.427299 0.005387 0.007840
0 0.504714 0.551319 0.007407 0.004989
0 0.714478 0.299002 0.004040 0.007840
0 0.590572 0.321098 0.004040 0.007840
0 0.594613 0.321454 0.004040 0.008553
0 0.605051 0.322523 0.003367 0.006415
0 0.609091 0.323236 0.003367 0.006415
0 0.686869 0.300071 0.004040 0.008553
0 0.706734 0.300428 0.004714 0.009266
0 0.691246 0.278689 0.003367 0.007128
0 0.910101 0.779758 0.008754 0.004277
0 0.695623 0.279045 0.002694 0.007840
0 0.726599 0.299002 0.004040 0.007840
0 0.618182 0.762295 0.006734 0.003564
0 0.732660 0.786885 0.008081 0.004277
0 0.773737 0.783321 0.006734 0.004277
0 0.850168 0.788311 0.010101 0.004277
