2 0.038542 0.103025 0.009167 0.012476
2 0.072917 0.194140 0.006250 0.013233
2 0.074896 0.106049 0.009375 0.015501
2 0.088333 0.206427 0.012083 0.024197
2 0.091979 0.122117 0.006875 0.015123
2 0.100729 0.130624 0.009375 0.017013
2 0.105729 0.214178 0.008542 0.017013
2 0.110208 0.228166 0.012500 0.020794
2 0.116875 0.137240 0.008750 0.018147
2 0.119688 0.241021 0.009792 0.017769
2 0.162292 0.242533 0.008333 0.017769
2 0.165625 0.224008 0.007917 0.016257
2 0.169167 0.236484 0.008333 0.017769
2 0.173229 0.219093 0.008125 0.016257
2 0.186042 0.616824 0.007500 0.017013
2 0.190417 0.628922 0.008750 0.017013
2 0.191667 0.282798 0.009583 0.019660
2 0.195625 0.592060 0.007083 0.015879
2 0.195937 0.264839 0.008125 0.019282
2 0.196354 0.234026 0.008958 0.018904
2 0.198125 0.573157 0.008333 0.017391
2 0.199687 0.247070 0.008542 0.018526
2 0.220833 0.302836 0.009167 0.020416
2 0.221250 0.271645 0.008333 0.017013
2 0.224375 0.284877 0.007917 0.017769
2 0.225521 0.254064 0.008958 0.018147
2 0.235937 0.564650 0.011458 0.019282
2 0.246146 0.309641 0.008542 0.020416
2 0.251875 0.524386 0.011250 0.016635
2 0.252083 0.565784 0.011667 0.018526
2 0.253542 0.303781 0.010000 0.021550
2 0.256979 0.286389 0.008958 0.020794
2 0.261875 0.573535 0.011250 0.018147
2 0.262292 0.530624 0.010417 0.015501
2 0.272500 0.537429 0.010833 0.016257
2 0.278333 0.340832 0.008333 0.017769
2 0.281979 0.323819 0.010208 0.019282
2 0.285833 0.305860 0.008333 0.018147
2 0.286458 0.641588 0.010833 0.016635
2 0.291979 0.551796 0.009792 0.014745
2 0.302083 0.558790 0.010417 0.015879
2 0.306146 0.654820 0.011458 0.018147
2 0.311875 0.564650 0.009583 0.015501
2 0.313542 0.607750 0.010833 0.017013
2 0.314271 0.325142 0.010208 0.024953
2 0.316354 0.662382 0.012292 0.019660
2 0.316667 0.621361 0.010417 0.016257
2 0.321979 0.572779 0.009792 0.015123
2 0.324062 0.614178 0.009792 0.013989
2 0.326250 0.668620 0.010833 0.017769
2 0.326354 0.628355 0.010208 0.016635
2 0.331354 0.578639 0.010208 0.015501
2 0.333437 0.620038 0.009375 0.015879
2 0.341042 0.612665 0.008750 0.018526
2 0.341458 0.586200 0.010000 0.014745
2 0.351146 0.593195 0.009375 0.015123
2 0.527500 0.603025 0.009167 0.017391
0 0.021562 0.384499 0.002708 0.009074
0 0.022396 0.424008 0.004375 0.003403
0 0.048646 0.007750 0.002292 0.007183
0 0.058958 0.453497 0.003333 0.007940
0 0.062917 0.456900 0.003750 0.007940
0 0.065417 0.457845 0.004583 0.009830
0 0.069062 0.463327 0.003958 0.009452
0 0.071563 0.464461 0.003542 0.009452
1 0.009167 0.387902 0.002917 0.011342
1 0.056667 0.451796 0.005417 0.011342
1 0.211667 0.640454 0.006667 0.007561
1 0.217188 0.693195 0.004375 0.011720
