0 0.493307 0.953241 0.005512 0.008333
0 0.474409 0.715741 0.007087 0.003704
0 0.475197 0.691667 0.007087 0.003704
0 0.475591 0.695370 0.007874 0.003704
0 0.475197 0.699537 0.007087 0.004630
0 0.475591 0.702778 0.007874 0.003704
0 0.475197 0.707870 0.007087 0.004630
0 0.474803 0.711574 0.007874 0.004630
0 0.474409 0.726852 0.007087 0.005556
0 0.733071 0.615741 0.006299 0.014815
0 0.475197 0.731019 0.007087 0.004630
0 0.474016 0.735185 0.007874 0.003704
0 0.489370 0.745370 0.003937 0.007407
0 0.489370 0.756019 0.003937 0.008333
0 0.494094 0.746296 0.003937 0.009259
0 0.527953 0.746296 0.003937 0.009259
0 0.475197 0.687963 0.007087 0.003704
0 0.474409 0.684259 0.007087 0.003704
0 0.474803 0.676389 0.007874 0.004630
0 0.474409 0.671759 0.007087 0.004630
0 0.475591 0.667593 0.007874 0.003704
0 0.475197 0.663426 0.007087 0.004630
0 0.475197 0.660185 0.007087 0.003704
0 0.475197 0.656944 0.007087 0.004630
0 0.475197 0.643981 0.007087 0.004630
0 0.475591 0.652315 0.007874 0.004630
0 0.558661 0.727778 0.003937 0.009259
0 0.553937 0.727778 0.003937 0.009259
0 0.546850 0.727315 0.003937 0.008333
0 0.539370 0.726852 0.004724 0.007407
0 0.527165 0.728241 0.003937 0.008333
0 0.520866 0.726852 0.003937 0.007407
0 0.512992 0.726852 0.003937 0.009259
0 0.542913 0.747685 0.003937 0.008333
0 0.550394 0.747222 0.003150 0.007407
0 0.581890 0.725926 0.006299 0.003704
0 0.601969 0.773611 0.007087 0.008333
0 0.564961 0.808796 0.003937 0.008333
0 0.601575 0.790278 0.006299 0.008333
0 0.597244 0.790278 0.005512 0.008333
0 0.592913 0.789815 0.006299 0.009259
0 0.588976 0.789352 0.006299 0.008333
0 0.584646 0.788426 0.007087 0.008333
0 0.564567 0.787500 0.004724 0.010185
0 0.557874 0.787500 0.003937 0.008333
0 0.565354 0.777315 0.003150 0.008333
0 0.561811 0.777778 0.003937 0.007407
0 0.557087 0.777315 0.003937 0.008333
0 0.584252 0.772685 0.006299 0.008333
0 0.592913 0.772685 0.004724 0.008333
0 0.597638 0.773611 0.006299 0.006481
0 0.606299 0.773611 0.006299 0.008333
0 0.581890 0.730556 0.006299 0.003704
0 0.521260 0.776852 0.003150 0.007407
0 0.538583 0.757870 0.004724 0.008333
0 0.542913 0.757870 0.003937 0.008333
0 0.550000 0.757870 0.003937 0.008333
0 0.557087 0.758333 0.003937 0.009259
0 0.561417 0.758333 0.003150 0.009259
0 0.564961 0.758333 0.002362 0.009259
0 0.581496 0.757870 0.007087 0.004630
0 0.582283 0.753704 0.007087 0.003704
0 0.557874 0.747222 0.002362 0.007407
0 0.562205 0.746296 0.004724 0.009259
0 0.581102 0.745370 0.006299 0.003704
0 0.580709 0.741667 0.005512 0.003704
0 0.581890 0.734722 0.007874 0.004630
0 0.501969 0.725463 0.003937 0.008333
0 0.489764 0.726389 0.004724 0.010185
0 0.566142 0.717130 0.004724 0.008333
0 0.616929 0.696296 0.003937 0.007407
0 0.539764 0.696296 0.005512 0.009259
0 0.544488 0.697222 0.003937 0.009259
0 0.554331 0.697222 0.004724 0.007407
0 0.558661 0.697222 0.003937 0.007407
0 0.562205 0.697222 0.003150 0.007407
0 0.565748 0.697685 0.003937 0.008333
0 0.583858 0.695833 0.003937 0.008333
0 0.587402 0.696759 0.003150 0.008333
0 0.590551 0.696759 0.003150 0.008333
0 0.594094 0.696759 0.003937 0.008333
0 0.600000 0.697685 0.004724 0.008333
0 0.603543 0.697222 0.003937 0.007407
0 0.607480 0.697222 0.003937 0.009259
0 0.611024 0.697685 0.003150 0.008333
0 0.620472 0.696296 0.003150 0.007407
0 0.531890 0.696759 0.003937 0.010185
0 0.623622 0.695833 0.004724 0.008333
0 0.637795 0.695833 0.006299 0.004630
0 0.637795 0.700463 0.006299 0.004630
0 0.653150 0.700000 0.008661 0.003704
0 0.652756 0.695370 0.007874 0.003704
0 0.637008 0.687500 0.003150 0.008333
0 0.644882 0.682870 0.006299 0.006481
0 0.498819 0.684722 0.003937 0.008333
0 0.502756 0.684722 0.003937 0.008333
0 0.505512 0.685648 0.003150 0.008333
0 0.512992 0.686574 0.003937 0.008333
0 0.517323 0.685648 0.003150 0.008333
0 0.521654 0.686111 0.003937 0.007407
0 0.527953 0.685648 0.003937 0.008333
0 0.535827 0.696296 0.003937 0.009259
0 0.528346 0.696296 0.003150 0.009259
0 0.562205 0.717593 0.003150 0.007407
0 0.520866 0.715741 0.003937 0.009259
0 0.558268 0.717130 0.003150 0.008333
0 0.554331 0.715741 0.003150 0.009259
0 0.550787 0.716667 0.003937 0.009259
0 0.547244 0.717130 0.003150 0.008333
0 0.543701 0.715741 0.003937 0.007407
0 0.539764 0.716204 0.003937 0.008333
0 0.536220 0.715741 0.003150 0.009259
0 0.582283 0.713889 0.003937 0.009259
0 0.592520 0.715278 0.003937 0.010185
0 0.596850 0.715278 0.003150 0.010185
0 0.599606 0.714815 0.002362 0.009259
0 0.603150 0.714815 0.003150 0.009259
0 0.532283 0.715741 0.003150 0.009259
0 0.527953 0.716667 0.003937 0.009259
0 0.517323 0.716667 0.003150 0.009259
0 0.517323 0.696759 0.004724 0.008333
0 0.512992 0.715741 0.003937 0.009259
0 0.509055 0.716204 0.003937 0.008333
0 0.502756 0.715741 0.003937 0.009259
0 0.498031 0.716204 0.003937 0.006481
0 0.494488 0.715741 0.003150 0.009259
0 0.490157 0.715741 0.003937 0.009259
0 0.490551 0.694907 0.003150 0.008333
0 0.490945 0.684722 0.003937 0.008333
0 0.494882 0.685185 0.003937 0.009259
0 0.494094 0.694907 0.002362 0.008333
0 0.502362 0.695833 0.003150 0.008333
0 0.505906 0.696296 0.003937 0.007407
0 0.509449 0.696296 0.003150 0.007407
0 0.513386 0.696296 0.004724 0.009259
0 0.561024 0.808796 0.003937 0.008333
0 0.557087 0.807870 0.003937 0.008333
0 0.553543 0.807870 0.003150 0.008333
0 0.498819 0.498148 0.007087 0.005556
0 0.479921 0.426389 0.008661 0.006481
0 0.480315 0.431019 0.007874 0.006481
0 0.481496 0.435185 0.007087 0.005556
0 0.482677 0.438889 0.007874 0.005556
0 0.483071 0.443519 0.007087 0.005556
0 0.485039 0.447222 0.006299 0.005556
0 0.486220 0.450926 0.007087 0.005556
0 0.487402 0.456019 0.006299 0.006481
0 0.488583 0.460648 0.007087 0.006481
0 0.490157 0.463426 0.005512 0.006481
0 0.492520 0.472685 0.008661 0.006481
0 0.495669 0.485185 0.007087 0.005556
0 0.497638 0.493519 0.007874 0.005556
0 0.493701 0.481481 0.006299 0.005556
0 0.500000 0.502778 0.006299 0.005556
0 0.503937 0.543056 0.003150 0.008333
0 0.500787 0.506481 0.006299 0.005556
0 0.511024 0.480556 0.006299 0.005556
0 0.509843 0.476389 0.007087 0.006481
0 0.508268 0.470833 0.007087 0.004630
0 0.507874 0.466667 0.007874 0.005556
0 0.506693 0.462500 0.007087 0.004630
0 0.501181 0.441667 0.008661 0.007407
0 0.499213 0.437500 0.009449 0.006481
0 0.503543 0.449074 0.008661 0.007407
0 0.503937 0.454167 0.007874 0.006481
0 0.555906 0.475000 0.004724 0.009259
0 0.559843 0.476852 0.004724 0.009259
0 0.515748 0.495833 0.007874 0.004630
0 0.501969 0.510185 0.007087 0.005556
0 0.507874 0.543056 0.003150 0.008333
0 0.499606 0.542593 0.003937 0.009259
0 0.505512 0.519444 0.007874 0.005556
0 0.382283 0.579630 0.008661 0.007407
0 0.380709 0.587037 0.010236 0.009259
0 0.430709 0.612500 0.009449 0.008333
0 0.492126 0.542130 0.003150 0.008333
0 0.446457 0.561111 0.007874 0.005556
0 0.446850 0.565741 0.007087 0.003704
0 0.449213 0.574537 0.008661 0.006481
0 0.451181 0.579630 0.009449 0.007407
0 0.452362 0.583333 0.008661 0.005556
0 0.454331 0.588426 0.009449 0.008333
0 0.455118 0.593519 0.007874 0.005556
0 0.459449 0.608333 0.007087 0.014815
0 0.457874 0.551852 0.003937 0.007407
0 0.461811 0.550926 0.005512 0.007407
0 0.471260 0.546296 0.005512 0.009259
0 0.475197 0.545370 0.003937 0.009259
0 0.483858 0.542593 0.003937 0.007407
0 0.488189 0.542593 0.003150 0.007407
0 0.503543 0.514815 0.007087 0.005556
0 0.505118 0.522685 0.007087 0.004630
0 0.550000 0.808333 0.003937 0.009259
0 0.492126 0.603704 0.003150 0.009259
0 0.494094 0.563426 0.003937 0.010185
0 0.490157 0.563426 0.003937 0.008333
0 0.473228 0.593056 0.003150 0.008333
0 0.480709 0.593519 0.003937 0.007407
0 0.484646 0.593519 0.003937 0.007407
0 0.491339 0.593981 0.003150 0.008333
0 0.495669 0.593981 0.003937 0.006481
0 0.499213 0.593056 0.003150 0.008333
0 0.503150 0.593056 0.004724 0.008333
0 0.507087 0.593519 0.003150 0.007407
0 0.514961 0.594444 0.003150 0.009259
0 0.480709 0.603704 0.003937 0.009259
0 0.484646 0.603704 0.003937 0.009259
0 0.488189 0.604167 0.003150 0.010185
0 0.499606 0.603241 0.003937 0.010185
0 0.501969 0.564352 0.003937 0.008333
0 0.503150 0.602778 0.004724 0.011111
0 0.506693 0.603704 0.003937 0.011111
0 0.510236 0.603704 0.003150 0.009259
0 0.518504 0.604167 0.003937 0.008333
0 0.522441 0.605093 0.003937 0.008333
0 0.485039 0.984259 0.006299 0.009259
0 0.475984 0.963426 0.005512 0.008333
0 0.506299 0.981019 0.004724 0.008333
0 0.490551 0.870833 0.003150 0.008333
0 0.495276 0.870370 0.003150 0.007407
0 0.498819 0.869907 0.003937 0.008333
0 0.490945 0.851852 0.003937 0.007407
0 0.571260 0.836111 0.003937 0.009259
0 0.533858 0.806944 0.004724 0.008333
0 0.498031 0.563889 0.003937 0.009259
0 0.506299 0.564352 0.004724 0.008333
0 0.505512 0.527315 0.007874 0.004630
0 0.577165 0.534722 0.003150 0.008333
0 0.506299 0.531481 0.007874 0.003704
0 0.551181 0.527315 0.004724 0.008333
0 0.541732 0.498611 0.007874 0.006481
0 0.556299 0.507870 0.003937 0.008333
0 0.559843 0.510185 0.004724 0.007407
0 0.563780 0.511111 0.004724 0.007407
0 0.567323 0.512037 0.005512 0.007407
0 0.577953 0.515741 0.004724 0.009259
0 0.581890 0.517130 0.006299 0.010185
0 0.557874 0.529167 0.005512 0.010185
0 0.561811 0.529167 0.005512 0.008333
0 0.565354 0.531944 0.004724 0.010185
0 0.568504 0.531944 0.004724 0.008333
0 0.572441 0.532870 0.004724 0.010185
0 0.580709 0.536574 0.005512 0.010185
0 0.509449 0.564352 0.003150 0.010185
0 0.587008 0.539815 0.003937 0.009259
0 0.590551 0.539815 0.004724 0.009259
0 0.594488 0.541204 0.004724 0.010185
0 0.466142 0.570370 0.006299 0.009259
0 0.470079 0.568981 0.006299 0.008333
0 0.473228 0.568056 0.006299 0.008333
0 0.476378 0.566667 0.004724 0.009259
0 0.475591 0.577315 0.007874 0.004630
0 0.482677 0.573148 0.003150 0.009259
0 0.486220 0.573611 0.003937 0.008333
0 0.490157 0.573148 0.003937 0.009259
0 0.497244 0.573611 0.003937 0.010185
0 0.501181 0.573611 0.003937 0.010185
0 0.505512 0.572685 0.003150 0.010185
0 0.532283 0.685648 0.003150 0.008333
0 0.536220 0.685648 0.003150 0.008333
0 0.539764 0.686111 0.003937 0.009259
0 0.654331 0.616204 0.007874 0.004630
0 0.563780 0.605556 0.003150 0.009259
0 0.567717 0.605556 0.004724 0.009259
0 0.574803 0.605556 0.003150 0.009259
0 0.578740 0.605093 0.003150 0.008333
0 0.593701 0.606481 0.004724 0.009259
0 0.600787 0.606019 0.003150 0.008333
0 0.604724 0.605093 0.003150 0.008333
0 0.611417 0.606944 0.003937 0.008333
0 0.616142 0.607407 0.003937 0.009259
0 0.624016 0.606481 0.003937 0.007407
0 0.631102 0.606019 0.003937 0.008333
0 0.635039 0.606019 0.003937 0.008333
0 0.638976 0.606019 0.003937 0.008333
0 0.655118 0.620833 0.007874 0.004630
0 0.654331 0.612500 0.007874 0.004630
0 0.552362 0.605093 0.003937 0.008333
0 0.654724 0.608333 0.007087 0.003704
0 0.655118 0.604630 0.007874 0.003704
0 0.655118 0.600926 0.007874 0.003704
0 0.654724 0.597222 0.007087 0.003704
0 0.655118 0.593056 0.007874 0.004630
0 0.536614 0.594444 0.003937 0.007407
0 0.541732 0.594907 0.004724 0.008333
0 0.545276 0.595370 0.002362 0.007407
0 0.549213 0.595370 0.003937 0.009259
0 0.559843 0.594907 0.004724 0.008333
0 0.567323 0.595370 0.003937 0.009259
0 0.571260 0.595370 0.003937 0.009259
0 0.574803 0.595370 0.003150 0.009259
0 0.578346 0.595370 0.003937 0.007407
0 0.555906 0.605093 0.004724 0.008333
0 0.548819 0.604630 0.003150 0.009259
0 0.586220 0.596296 0.003937 0.007407
0 0.532677 0.625463 0.003937 0.010185
0 0.625984 0.627315 0.003150 0.008333
0 0.621654 0.627315 0.003937 0.008333
0 0.616929 0.626389 0.003937 0.008333
0 0.603937 0.626389 0.003150 0.008333
0 0.599606 0.625463 0.003937 0.008333
0 0.491732 0.625000 0.003937 0.009259
0 0.495276 0.625000 0.004724 0.009259
0 0.499213 0.625926 0.003150 0.009259
0 0.503150 0.624537 0.004724 0.010185
0 0.510236 0.624537 0.004724 0.008333
0 0.514567 0.625000 0.003937 0.009259
0 0.518110 0.625000 0.003150 0.009259
0 0.522047 0.625463 0.004724 0.008333
0 0.528346 0.625000 0.003150 0.009259
0 0.536614 0.625926 0.003937 0.009259
0 0.545276 0.604167 0.003937 0.010185
0 0.539764 0.625463 0.003937 0.010185
0 0.544094 0.625926 0.004724 0.009259
0 0.548819 0.625463 0.003150 0.008333
0 0.553150 0.625926 0.003937 0.007407
0 0.557874 0.625463 0.003937 0.008333
0 0.565748 0.625463 0.003937 0.008333
0 0.570472 0.625926 0.003937 0.007407
0 0.574803 0.625463 0.004724 0.008333
0 0.579528 0.625926 0.003150 0.007407
0 0.584252 0.626389 0.003150 0.008333
0 0.592913 0.626389 0.003150 0.008333
0 0.529921 0.605093 0.004724 0.008333
0 0.537008 0.604630 0.004724 0.009259
0 0.541339 0.604630 0.003937 0.009259
0 0.582283 0.596296 0.003937 0.007407
0 0.590157 0.596759 0.003937 0.008333
0 0.631496 0.637500 0.003150 0.008333
0 0.801575 0.800000 0.004724 0.007407
0 0.725197 0.956019 0.007874 0.008333
0 0.727953 0.949537 0.007087 0.008333
0 0.731102 0.942130 0.008661 0.006481
0 0.731890 0.934259 0.008661 0.007407
0 0.734252 0.929630 0.008661 0.007407
0 0.742126 0.914352 0.008661 0.006481
0 0.743307 0.910185 0.009449 0.007407
0 0.746457 0.900926 0.009449 0.007407
0 0.723622 0.914815 0.009449 0.007407
0 0.724803 0.910185 0.010236 0.007407
0 0.727165 0.906019 0.008661 0.006481
0 0.730709 0.895370 0.007874 0.007407
0 0.732283 0.890741 0.009449 0.007407
0 0.717323 0.930556 0.007874 0.007407
0 0.799213 0.788889 0.004724 0.009259
0 0.599213 0.521296 0.007874 0.009259
0 0.714173 0.637500 0.004724 0.010185
0 0.712205 0.497222 0.008661 0.007407
0 0.706693 0.493056 0.005512 0.004630
0 0.709843 0.478241 0.010236 0.008333
0 0.738583 0.466667 0.006299 0.009259
0 0.735433 0.476852 0.006299 0.009259
0 0.715354 0.467593 0.007087 0.007407
1 0.724016 0.455556 0.013386 0.011111
1 0.720866 0.450000 0.014961 0.009259
0 0.796850 0.396296 0.007874 0.009259
0 0.807087 0.380556 0.007874 0.009259
4 0.826772 0.075463 0.007874 0.013889
0 0.865748 0.321296 0.008661 0.009259
0 0.845669 0.970833 0.007874 0.006481
0 0.723622 0.960185 0.006299 0.005556
0 0.662992 0.548148 0.006299 0.003704
0 0.593701 0.596759 0.004724 0.010185
0 0.571654 0.574074 0.003150 0.007407
0 0.604331 0.596759 0.003937 0.008333
0 0.609449 0.596759 0.004724 0.010185
0 0.616535 0.596296 0.004724 0.007407
0 0.620079 0.597222 0.003937 0.007407
0 0.623622 0.596759 0.004724 0.008333
0 0.634646 0.597685 0.004724 0.008333
0 0.528346 0.575000 0.003150 0.009259
0 0.537402 0.575000 0.002362 0.009259
0 0.540945 0.574537 0.004724 0.010185
0 0.545276 0.574074 0.003937 0.009259
0 0.549213 0.574537 0.003937 0.010185
0 0.556693 0.574537 0.004724 0.010185
0 0.563780 0.574074 0.004724 0.009259
0 0.568110 0.574074 0.003937 0.009259
0 0.574803 0.574537 0.003150 0.008333
0 0.609055 0.546759 0.005512 0.008333
0 0.579134 0.575000 0.003937 0.009259
0 0.583071 0.575463 0.003937 0.008333
0 0.594488 0.575463 0.004724 0.008333
0 0.601575 0.575926 0.004724 0.009259
0 0.608661 0.575000 0.003150 0.009259
0 0.612598 0.575926 0.004724 0.009259
0 0.616535 0.576389 0.003150 0.008333
0 0.620079 0.577315 0.003937 0.010185
0 0.624016 0.577315 0.003937 0.008333
0 0.627559 0.576389 0.003150 0.010185
0 0.631890 0.577315 0.003937 0.008333
0 0.635827 0.576852 0.003937 0.009259
0 0.639370 0.576852 0.004724 0.009259
0 0.598031 0.543056 0.003937 0.010185
0 0.633858 0.626852 0.003150 0.009259
0 0.627953 0.637500 0.003937 0.008333
0 0.543701 0.685648 0.003937 0.008333
0 0.592913 0.667593 0.003150 0.007407
0 0.540157 0.666204 0.003150 0.008333
0 0.543701 0.665741 0.003937 0.009259
0 0.547638 0.666667 0.003937 0.009259
0 0.551181 0.667130 0.003150 0.008333
0 0.554724 0.666667 0.003937 0.009259
0 0.559449 0.667130 0.003937 0.008333
0 0.562992 0.667130 0.003150 0.006481
0 0.566142 0.666667 0.003150 0.007407
0 0.570079 0.667130 0.003150 0.008333
0 0.574016 0.667130 0.003150 0.010185
0 0.577559 0.668056 0.003937 0.008333
0 0.581102 0.667593 0.003150 0.009259
0 0.584646 0.667130 0.003937 0.008333
0 0.588583 0.667130 0.003937 0.008333
0 0.599213 0.667593 0.003150 0.009259
0 0.532677 0.666667 0.003937 0.009259
0 0.603150 0.667130 0.003150 0.008333
0 0.607087 0.667593 0.004724 0.007407
0 0.611417 0.667130 0.003937 0.008333
0 0.614567 0.667593 0.003937 0.009259
0 0.618504 0.667593 0.003937 0.009259
0 0.621654 0.667130 0.003937 0.008333
0 0.630315 0.668056 0.003937 0.010185
0 0.634252 0.667593 0.003937 0.009259
0 0.638189 0.668056 0.003937 0.008333
0 0.630315 0.657407 0.003937 0.009259
0 0.625984 0.657407 0.003150 0.009259
0 0.653150 0.671296 0.007087 0.003704
0 0.653150 0.667130 0.007087 0.002778
0 0.654331 0.647685 0.007874 0.004630
0 0.536220 0.665741 0.003150 0.009259
0 0.528740 0.666667 0.003937 0.009259
0 0.491339 0.655093 0.003150 0.008333
0 0.604724 0.687037 0.003150 0.009259
0 0.547244 0.686111 0.003150 0.007407
0 0.550787 0.686574 0.003937 0.008333
0 0.554724 0.686111 0.003937 0.009259
0 0.558661 0.686574 0.003937 0.008333
0 0.562598 0.686574 0.003937 0.010185
0 0.566142 0.687037 0.003150 0.009259
0 0.579134 0.680556 0.005512 0.009259
0 0.633071 0.686574 0.004724 0.008333
0 0.627559 0.686111 0.003150 0.009259
0 0.624016 0.687037 0.003937 0.007407
0 0.620472 0.686111 0.004724 0.009259
0 0.616929 0.686574 0.003937 0.008333
0 0.610236 0.687037 0.003150 0.009259
0 0.607087 0.687500 0.003150 0.008333
0 0.583858 0.687037 0.003937 0.009259
0 0.521654 0.666204 0.003937 0.008333
0 0.587008 0.687037 0.003937 0.009259
0 0.590945 0.687500 0.003937 0.010185
0 0.594094 0.686574 0.002362 0.008333
0 0.600394 0.686574 0.003937 0.008333
0 0.596850 0.686574 0.003150 0.010185
0 0.652756 0.675463 0.007874 0.004630
0 0.491339 0.664815 0.003150 0.007407
0 0.494882 0.664815 0.003937 0.007407
0 0.498819 0.665278 0.003937 0.008333
0 0.501969 0.665741 0.003937 0.009259
0 0.505906 0.665741 0.003937 0.007407
0 0.509843 0.665741 0.003937 0.007407
0 0.513780 0.666204 0.003937 0.008333
0 0.517717 0.666667 0.003937 0.009259
0 0.654331 0.651852 0.007874 0.003704
0 0.494882 0.654630 0.003937 0.009259
0 0.624016 0.637963 0.003937 0.009259
0 0.555118 0.634722 0.003150 0.008333
0 0.499606 0.634722 0.003937 0.008333
0 0.503543 0.635185 0.003937 0.007407
0 0.506693 0.635185 0.003937 0.009259
0 0.510236 0.634722 0.003150 0.008333
0 0.514173 0.633796 0.003150 0.008333
0 0.517323 0.634722 0.003150 0.008333
0 0.522441 0.634722 0.005512 0.008333
0 0.527953 0.635185 0.003937 0.009259
0 0.532677 0.635648 0.003937 0.010185
0 0.536614 0.636111 0.003937 0.009259
0 0.540157 0.636111 0.003150 0.009259
0 0.544488 0.635185 0.003937 0.007407
0 0.547638 0.635185 0.003937 0.009259
0 0.551969 0.634722 0.003150 0.008333
0 0.559055 0.634722 0.003150 0.008333
0 0.491732 0.634259 0.003937 0.009259
0 0.562205 0.635648 0.003150 0.008333
0 0.565748 0.635185 0.003937 0.007407
0 0.570079 0.635185 0.003150 0.007407
0 0.574016 0.635185 0.003150 0.009259
0 0.578346 0.635648 0.003937 0.008333
0 0.581890 0.636111 0.003150 0.009259
0 0.585433 0.636111 0.003937 0.009259
0 0.593307 0.636574 0.003937 0.008333
0 0.603937 0.637037 0.003150 0.007407
0 0.599213 0.636111 0.003150 0.007407
0 0.608268 0.637037 0.003937 0.007407
0 0.612205 0.637037 0.003937 0.007407
0 0.616535 0.637037 0.004724 0.009259
0 0.620472 0.637037 0.003150 0.009259
0 0.495669 0.634722 0.003937 0.008333
0 0.622441 0.657870 0.003937 0.008333
0 0.498819 0.654630 0.003937 0.009259
0 0.559055 0.656944 0.003150 0.008333
0 0.502756 0.654630 0.003937 0.009259
0 0.506299 0.655556 0.003150 0.007407
0 0.510630 0.656019 0.003937 0.008333
0 0.514567 0.655093 0.003937 0.008333
0 0.518504 0.654630 0.003937 0.009259
0 0.522441 0.655093 0.003937 0.008333
0 0.527953 0.655093 0.003937 0.008333
0 0.531890 0.655093 0.003937 0.010185
0 0.536614 0.655093 0.003937 0.008333
0 0.540551 0.655556 0.003937 0.007407
0 0.544094 0.656019 0.003150 0.008333
0 0.548031 0.655556 0.003150 0.009259
0 0.552362 0.655556 0.003937 0.009259
0 0.555512 0.656944 0.003937 0.008333
0 0.562598 0.656944 0.003937 0.008333
0 0.619685 0.657870 0.003150 0.008333
0 0.566535 0.656944 0.003937 0.008333
0 0.570472 0.656944 0.003937 0.008333
0 0.574016 0.656481 0.003150 0.009259
0 0.578346 0.656019 0.003937 0.008333
0 0.582283 0.656481 0.003937 0.007407
0 0.585433 0.655556 0.003937 0.007407
0 0.589370 0.656019 0.002362 0.008333
0 0.592913 0.655556 0.003150 0.007407
0 0.600000 0.656019 0.004724 0.008333
0 0.626378 0.666667 0.003937 0.009259
0 0.603937 0.656481 0.004724 0.009259
0 0.607874 0.656019 0.003150 0.008333
0 0.611811 0.656481 0.003150 0.007407
0 0.616142 0.656481 0.003937 0.009259
