0 0.424020 0.632716 0.008170 0.011111
1 0.430556 0.549691 0.021242 0.011728
1 0.527778 0.543519 0.019608 0.012963
0 0.118056 0.280556 0.008987 0.014198
0 0.422794 0.531481 0.015523 0.007407
0 0.433007 0.560185 0.019608 0.010494
0 0.366830 0.109877 0.026144 0.011111
0 0.513072 0.963889 0.006536 0.010494
0 0.350899 0.438580 0.015523 0.009259
0 0.758170 0.964198 0.008170 0.011111
0 0.771650 0.598148 0.020425 0.007407
0 0.944853 0.103395 0.018791 0.006790
0 0.860294 0.050000 0.019608 0.006173
0 0.859069 0.056173 0.018791 0.006173
0 0.862745 0.068827 0.019608 0.005556
1 0.946487 0.112037 0.025327 0.008025
1 0.889706 0.200926 0.019608 0.012963
1 0.818627 0.636728 0.016340 0.006790
0 0.035948 0.174074 0.006536 0.011111
0 0.051879 0.378086 0.018791 0.005556
0 0.178105 0.957716 0.006536 0.010494
0 0.398284 0.958333 0.005719 0.010494
