0 0.024913 0.878131 0.009227 0.029790
0 0.025260 0.836493 0.009919 0.033175
0 0.031257 0.791469 0.011303 0.024374
0 0.040484 0.849695 0.012687 0.039269
0 0.043945 0.791808 0.011765 0.026405
0 0.056517 0.789777 0.010611 0.026405
0 0.064591 0.881855 0.008766 0.031821
0 0.068743 0.789777 0.011073 0.026405
0 0.076817 0.727150 0.006920 0.029790
0 0.078431 0.767434 0.011534 0.035884
0 0.079931 0.651320 0.006228 0.025728
0 0.081776 0.614421 0.008074 0.027759
0 0.089389 0.582261 0.011765 0.033852
0 0.099539 0.560596 0.011303 0.033852
0 0.122607 0.615437 0.019608 0.055518
0 0.128143 0.571429 0.019146 0.055518
0 0.138639 0.531144 0.007843 0.026405
0 0.138870 0.499661 0.008304 0.031144
0 0.170588 0.520988 0.007612 0.026405
0 0.170819 0.679418 0.007612 0.029113
0 0.173126 0.816520 0.009919 0.032498
0 0.173472 0.780298 0.010150 0.026405
0 0.174856 0.849695 0.010611 0.025728
0 0.297463 0.167569 0.009919 0.020988
0 0.302537 0.181787 0.009458 0.022343
0 0.306228 0.160799 0.012687 0.030467
0 0.316494 0.169939 0.011995 0.027082
0 0.326298 0.167231 0.013610 0.033852
0 0.337716 0.166892 0.010611 0.025051
0 0.341753 0.185173 0.010842 0.025051
0 0.347982 0.170955 0.010842 0.025051
0 0.359054 0.266080 0.012687 0.031144
0 0.369319 0.703791 0.009689 0.020988
0 0.372434 0.200745 0.012226 0.027759
0 0.381776 0.276913 0.011073 0.023020
0 0.383852 0.204469 0.010150 0.024374
0 0.403806 0.213609 0.010842 0.025051
0 0.409804 0.196344 0.010381 0.024374
0 0.424452 0.223087 0.009689 0.023697
0 0.425490 0.294854 0.009919 0.022343
0 0.430565 0.207854 0.010381 0.023020
0 0.434371 0.229519 0.011073 0.027082
0 0.436678 0.300609 0.011073 0.027082
0 0.440484 0.214286 0.010842 0.025051
0 0.444867 0.234936 0.008997 0.023020
0 0.447866 0.305010 0.011303 0.025051
0 0.450288 0.218687 0.010611 0.025728
0 0.455363 0.236628 0.009227 0.022343
0 0.461707 0.220379 0.010842 0.025051
0 0.510035 0.425863 0.012457 0.043331
0 0.532180 0.397089 0.026298 0.058903
0 0.541984 0.255586 0.011303 0.023697
0 0.546251 0.276574 0.011534 0.027759
0 0.556747 0.281652 0.010381 0.025728
0 0.562976 0.265741 0.010842 0.026405
0 0.567935 0.774882 0.011073 0.030467
0 0.577047 0.289100 0.010381 0.024374
0 0.583276 0.276574 0.009919 0.022343
0 0.587543 0.292485 0.011073 0.027082
0 0.597809 0.296886 0.010842 0.025051
0 0.598039 0.413338 0.006690 0.030467
0 0.603691 0.285714 0.008304 0.021666
0 0.607728 0.305010 0.009919 0.022343
0 0.607958 0.409276 0.007612 0.030467
0 0.609919 0.379485 0.007382 0.027759
0 0.614302 0.288084 0.009689 0.022343
0 0.618108 0.307380 0.010381 0.021666
0 0.626413 0.384902 0.008074 0.033175
0 0.628720 0.312796 0.009919 0.020311
0 0.634371 0.297563 0.009689 0.023697
0 0.639216 0.317874 0.011073 0.027759
0 0.649250 0.793839 0.010381 0.034529
0 0.655248 0.450575 0.009458 0.020988
0 0.664937 0.452268 0.011303 0.024374
0 0.669319 0.760325 0.008074 0.025728
0 0.670473 0.714963 0.008074 0.027082
0 0.670588 0.807718 0.007843 0.029790
0 0.671280 0.785037 0.006920 0.026405
0 0.671396 0.876777 0.006690 0.028436
0 0.671742 0.736967 0.007382 0.026405
0 0.671972 0.692959 0.006920 0.026405
0 0.674279 0.455315 0.008304 0.019634
0 0.685467 0.457684 0.009458 0.024374
0 0.694464 0.539607 0.008074 0.028436
0 0.696078 0.510494 0.007612 0.028436
0 0.698270 0.482058 0.008304 0.028436
0 0.699654 0.453622 0.007382 0.028436
0 0.722722 0.653351 0.021684 0.052810
0 0.764360 0.450914 0.020531 0.058226
0 0.811649 0.502031 0.010381 0.033175
0 0.815110 0.447190 0.010842 0.030467
0 0.822491 0.429587 0.011303 0.033175
0 0.835063 0.428571 0.011073 0.025728
0 0.835409 0.593433 0.013610 0.038592
0 0.846021 0.431957 0.010842 0.023020
0 0.846367 0.575152 0.013841 0.037238
0 0.852595 0.353758 0.010150 0.035884
0 0.856286 0.437373 0.010611 0.025728
0 0.858016 0.577183 0.017762 0.049425
0 0.866090 0.608666 0.019146 0.056872
0 0.875317 0.642180 0.017762 0.052133
0 0.884544 0.673663 0.019608 0.059580
0 0.897578 0.733243 0.019839 0.055518
0 0.919608 0.815166 0.014533 0.043331
0 0.937024 0.886256 0.023991 0.071767
4 0.631834 0.434665 0.005536 0.021666
4 0.671165 0.333108 0.007612 0.031144
4 0.696078 0.340894 0.006690 0.031821
2 0.673933 0.543670 0.007612 0.009479
2 0.674279 0.528436 0.007843 0.010156
