0 0.629798 0.647113 0.019192 0.020165
2 0.348990 0.809808 0.102020 0.096242
2 0.853535 0.446379 0.072727 0.062328
2 0.626768 0.692942 0.045455 0.043996
2 0.608081 0.726398 0.044444 0.044913
2 0.524242 0.888634 0.076768 0.074244
2 0.497475 0.836389 0.067677 0.066911
2 0.528788 0.848304 0.043434 0.043080
2 0.567172 0.794684 0.043434 0.045830
2 0.502525 0.757562 0.053535 0.050412
2 0.430303 0.851512 0.103030 0.097159
2 0.307576 0.713107 0.192929 0.190651
2 0.364646 0.746563 0.068687 0.063245
0 0.870707 0.979377 0.016162 0.017415
2 0.370202 0.691109 0.079798 0.064161
2 0.356061 0.609533 0.073737 0.065995
2 0.389899 0.550871 0.076768 0.071494
2 0.426768 0.530706 0.100000 0.091659
2 0.463636 0.452337 0.129293 0.116407
2 0.528788 0.365720 0.118182 0.104491
2 0.583333 0.301558 0.073737 0.065995
2 0.618687 0.281852 0.093939 0.088909
2 0.609596 0.232356 0.132323 0.114574
2 0.645960 0.189734 0.073737 0.071494
2 0.797475 0.389093 0.059596 0.054079
2 0.908081 0.225481 0.058586 0.051329
2 0.898485 0.294225 0.059596 0.053162
2 0.887374 0.364345 0.124242 0.110907
0 0.881818 0.963795 0.018182 0.019248
0 0.895960 0.944546 0.018182 0.019248
1 0.909596 0.924840 0.015152 0.016499
0 0.921717 0.908799 0.017172 0.019248
0 0.932323 0.893676 0.014141 0.014665
0 0.945455 0.873511 0.018182 0.018332
0 0.961616 0.851971 0.018182 0.017415
0 0.957071 0.817599 0.019192 0.014665
0 0.960101 0.807974 0.017172 0.013749
0 0.967677 0.801100 0.016162 0.012832
0 0.973232 0.793767 0.019192 0.014665
0 0.846970 0.760312 0.021212 0.015582
0 0.665152 0.667278 0.017172 0.020165
0 0.656566 0.663153 0.018182 0.019248
2 0.948485 0.319890 0.058586 0.053162
2 0.956061 0.242438 0.047475 0.033914
2 0.768182 0.583410 0.055556 0.050412
2 0.703030 0.552246 0.123232 0.114574
2 0.561111 0.890467 0.055556 0.044913
2 0.308081 0.761687 0.048485 0.058662
2 0.927273 0.777269 0.070707 0.069661
2 0.695960 0.136572 0.082828 0.075160
