0 0.926890 0.964050 0.013020 0.010785
0 0.186279 0.103056 0.008012 0.014380
1 0.301953 0.684242 0.030045 0.043140
1 0.324737 0.688137 0.028543 0.042540
1 0.355283 0.687238 0.029544 0.045536
1 0.786430 0.635710 0.014522 0.039545
1 0.699549 0.600659 0.017026 0.037747
1 0.672759 0.449071 0.026540 0.016177
1 0.662243 0.420611 0.026540 0.014380
1 0.654982 0.400539 0.026039 0.016177
1 0.611668 0.673457 0.012519 0.026363
1 0.601652 0.698023 0.014522 0.023966
1 0.566600 0.689335 0.014522 0.024566
0 0.199049 0.025165 0.010516 0.013182
0 0.175013 0.080887 0.009514 0.011983
0 0.153981 0.129119 0.008513 0.011384
0 0.214321 0.152487 0.009014 0.016177
0 0.312969 0.337328 0.009014 0.010785
0 0.209064 0.124925 0.010516 0.016177
0 0.263145 0.022469 0.010516 0.012582
0 0.087131 0.230977 0.007011 0.011384
0 0.043816 0.277711 0.008513 0.013781
0 0.042564 0.258238 0.008012 0.011983
0 0.137206 0.357100 0.009014 0.014380
0 0.117927 0.405932 0.007511 0.011384
0 0.063345 0.545237 0.008513 0.013182
0 0.016525 0.635111 0.009014 0.011983
0 0.321983 0.233673 0.010015 0.010785
0 0.329494 0.231875 0.009014 0.009587
0 0.287932 0.283104 0.010015 0.011384
0 0.258388 0.330737 0.011017 0.014380
0 0.276164 0.355902 0.009514 0.005992
1 0.224587 0.581486 0.031547 0.036549
1 0.233350 0.419113 0.032048 0.041342
1 0.249875 0.385560 0.032048 0.038945
1 0.330245 0.386459 0.031547 0.038346
1 0.474962 0.328041 0.031547 0.040144
1 0.505008 0.293589 0.032549 0.038346
1 0.522784 0.328041 0.032048 0.040144
1 0.544567 0.326842 0.031547 0.040144
1 0.553080 0.329838 0.031547 0.040144
1 0.487982 0.230078 0.032549 0.040743
1 0.475714 0.229479 0.031047 0.039545
1 0.463696 0.228580 0.033050 0.040144
1 0.451177 0.227681 0.032048 0.040743
1 0.404607 0.225884 0.032048 0.040743
1 0.384326 0.228880 0.031547 0.040743
1 0.374562 0.230078 0.032048 0.040743
1 0.288182 0.224985 0.032549 0.041342
1 0.279169 0.227981 0.031547 0.037747
1 0.781673 0.066806 0.034051 0.011384
1 0.687281 0.121031 0.030546 0.039545
1 0.726840 0.311264 0.039559 0.024566
1 0.686279 0.317256 0.040561 0.024566
1 0.689534 0.291791 0.010015 0.032355
1 0.670756 0.287298 0.020531 0.049730
1 0.665248 0.274116 0.022534 0.046135
1 0.644967 0.223487 0.021032 0.046735
1 0.609915 0.220791 0.023035 0.046135
1 0.628693 0.441582 0.008513 0.050330
1 0.559840 0.429299 0.032048 0.038945
1 0.530295 0.393948 0.034051 0.040144
1 0.457937 0.390054 0.034552 0.041941
1 0.483976 0.393649 0.030546 0.034751
1 0.493490 0.390354 0.034552 0.041342
0 0.185278 0.350809 0.009014 0.013781
0 0.136204 0.441881 0.008012 0.013781
1 0.492489 0.292990 0.032549 0.039545
0 0.492238 0.589575 0.011017 0.011983
0 0.481472 0.539245 0.013520 0.013182
0 0.557586 0.534452 0.009514 0.011983
0 0.558588 0.491312 0.011517 0.013182
0 0.552829 0.483223 0.010015 0.011384
0 0.539810 0.490713 0.009014 0.009587
0 0.547071 0.481726 0.008513 0.011983
0 0.565849 0.479029 0.013020 0.013781
0 0.501002 0.501797 0.009514 0.011384
0 0.420130 0.581186 0.008012 0.011983
0 0.422133 0.628820 0.010015 0.011384
0 0.433650 0.628820 0.012018 0.012582
0 0.447922 0.632415 0.009514 0.011384
0 0.461693 0.637807 0.011017 0.013781
0 0.496745 0.622229 0.009014 0.010186
0 0.525789 0.630318 0.008012 0.010785
0 0.126940 0.464649 0.009514 0.014979
0 0.548322 0.630917 0.012018 0.014380
0 0.554081 0.623427 0.009514 0.011384
0 0.546069 0.585380 0.010516 0.013182
0 0.515774 0.576393 0.010015 0.011983
0 0.552328 0.579688 0.011017 0.013781
0 0.569855 0.574895 0.010015 0.011384
0 0.573610 0.573098 0.008513 0.010186
0 0.338007 0.911624 0.007011 0.012582
0 0.391087 0.927202 0.010015 0.012582
0 0.427391 0.927202 0.013520 0.010186
0 0.427641 0.919413 0.010015 0.007789
0 0.406610 0.908328 0.013020 0.009587
0 0.416124 0.888856 0.005008 0.011384
0 0.473210 0.892151 0.006009 0.010785
0 0.302954 0.896944 0.006009 0.010785
0 0.228843 0.671660 0.009014 0.011983
0 0.572108 0.388256 0.009514 0.010785
0 0.565098 0.381666 0.008513 0.011983
0 0.116675 0.497603 0.011017 0.018574
0 0.105408 0.531156 0.005508 0.011384
0 0.163245 0.577591 0.008012 0.010785
0 0.157987 0.612343 0.009514 0.010785
0 0.133951 0.610246 0.009514 0.012582
0 0.135203 0.596465 0.013020 0.006591
0 0.147471 0.597064 0.009514 0.005392
0 0.318227 0.624326 0.009514 0.011983
0 0.325488 0.634212 0.009014 0.010186
0 0.380571 0.580887 0.011017 0.012582
0 0.299199 0.613541 0.010516 0.011983
1 0.296194 0.624326 0.015523 0.020371
1 0.339259 0.622229 0.024537 0.029359
0 0.122684 0.852906 0.011017 0.007789
0 0.133701 0.856800 0.013020 0.008388
0 0.148473 0.842720 0.005508 0.010186
0 0.231848 0.881067 0.008012 0.012582
0 0.179019 0.877172 0.005508 0.011983
0 0.067601 0.762133 0.010015 0.007190
0 0.058588 0.762133 0.009014 0.007190
0 0.304957 0.727981 0.011017 0.011983
0 0.394592 0.256141 0.012018 0.007789
0 0.494742 0.224386 0.011017 0.011384
0 0.532799 0.229778 0.010015 0.011384
0 0.500501 0.341821 0.010516 0.011384
0 0.509014 0.381067 0.010516 0.011983
0 0.538808 0.389455 0.011017 0.014380
0 0.550325 0.390653 0.010015 0.011983
0 0.558338 0.386159 0.012018 0.014979
1 0.485478 0.329539 0.033550 0.038346
1 0.465699 0.327741 0.031047 0.035950
0 0.800200 0.937388 0.013020 0.011384
1 0.265398 0.617735 0.033050 0.039545
1 0.532298 0.624626 0.027041 0.035351
1 0.503255 0.587777 0.032048 0.038346
1 0.514522 0.589874 0.030546 0.038945
1 0.507261 0.622828 0.025038 0.031756
1 0.429644 0.683942 0.031047 0.038945
1 0.488983 0.627621 0.031547 0.040144
1 0.405608 0.595866 0.033050 0.040144
1 0.384577 0.621630 0.035053 0.042540
1 0.372559 0.622528 0.033050 0.039545
1 0.341012 0.586279 0.034051 0.040144
1 0.327491 0.583583 0.033050 0.040743
1 0.294442 0.583283 0.033050 0.038945
1 0.283926 0.585081 0.032048 0.038945
1 0.259139 0.581186 0.033550 0.038346
1 0.242364 0.616836 0.034051 0.038945
1 0.340511 0.523068 0.033050 0.038346
1 0.207561 0.615039 0.032549 0.038945
1 0.174512 0.615638 0.033550 0.042540
1 0.201052 0.518574 0.031547 0.038945
1 0.231597 0.484721 0.033550 0.039545
1 0.241863 0.486219 0.033050 0.038945
1 0.180020 0.516777 0.031547 0.038945
1 0.197046 0.482325 0.032549 0.038346
1 0.185028 0.483223 0.033550 0.038945
1 0.171257 0.484721 0.033050 0.038346
1 0.253881 0.485920 0.033050 0.038346
1 0.301452 0.486519 0.033050 0.038346
1 0.310466 0.488316 0.032048 0.039545
1 0.323986 0.487418 0.032048 0.037747
1 0.327742 0.523966 0.033550 0.037747
1 0.550826 0.706111 0.022033 0.047334
1 0.548823 0.694428 0.024036 0.045536
1 0.538808 0.696525 0.024036 0.043739
1 0.671758 0.715698 0.007511 0.047334
1 0.151227 0.405033 0.023035 0.045536
1 0.082874 0.733373 0.041562 0.010785
1 0.092138 0.724985 0.042063 0.015578
1 0.100401 0.706411 0.041562 0.017975
1 0.101652 0.698023 0.042063 0.017975
1 0.158988 0.681246 0.028543 0.044338
1 0.169004 0.678850 0.027541 0.043140
1 0.174512 0.686339 0.027541 0.043739
1 0.201803 0.728880 0.039059 0.025764
1 0.238107 0.725884 0.040561 0.028161
1 0.205308 0.783403 0.034051 0.036549
1 0.195794 0.781007 0.035053 0.035351
1 0.147221 0.780108 0.033050 0.038346
1 0.135954 0.771120 0.032549 0.037148
1 0.126189 0.016477 0.012018 0.028161
1 0.319730 0.726483 0.036555 0.034152
1 0.368052 0.728280 0.036054 0.034152
1 0.403105 0.720791 0.035053 0.037148
1 0.419379 0.727382 0.034552 0.037148
1 0.380571 0.690533 0.026039 0.043739
1 0.364547 0.685740 0.029044 0.042540
1 0.269905 0.783104 0.026039 0.032355
1 0.299449 0.786399 0.033050 0.038945
1 0.343515 0.785800 0.032048 0.037747
1 0.424637 0.785201 0.032048 0.040144
1 0.493741 0.785500 0.031047 0.038346
1 0.457436 0.729179 0.036555 0.033553
1 0.538808 0.783703 0.032048 0.040743
1 0.569354 0.786099 0.032048 0.037148
1 0.306960 0.519772 0.034051 0.037747
1 0.380821 0.491013 0.032549 0.038945
1 0.468703 0.293589 0.032048 0.040743
1 0.234602 0.221690 0.026540 0.044338
1 0.294942 0.426603 0.032048 0.039545
1 0.268903 0.422409 0.032048 0.040743
1 0.255884 0.421210 0.032048 0.039545
1 0.245618 0.421210 0.031547 0.039545
1 0.219079 0.417316 0.030546 0.038945
1 0.226089 0.384362 0.029544 0.037747
1 0.263395 0.388556 0.030045 0.038945
1 0.272909 0.387957 0.031047 0.040144
1 0.285929 0.388556 0.033050 0.040144
1 0.319229 0.386759 0.031547 0.038945
1 0.350025 0.384062 0.031047 0.039545
1 0.411617 0.388556 0.032048 0.038945
1 0.423135 0.389455 0.032048 0.038346
1 0.272158 0.156081 0.029544 0.043739
1 0.207061 0.275914 0.025538 0.044937
1 0.387081 0.523367 0.025038 0.030557
1 0.249875 0.324446 0.032048 0.037747
1 0.277166 0.322948 0.033550 0.038346
1 0.308713 0.288197 0.033550 0.040743
1 0.318227 0.289095 0.031547 0.036549
1 0.341262 0.291192 0.031547 0.038346
1 0.298948 0.254943 0.041062 0.010186
1 0.351027 0.293889 0.034051 0.038945
1 0.357787 0.326243 0.031547 0.036549
1 0.388332 0.290294 0.032549 0.037747
1 0.423385 0.290893 0.032549 0.037747
1 0.393090 0.327142 0.032048 0.038346
1 0.426139 0.329539 0.032048 0.037148
1 0.435153 0.291492 0.032048 0.040144
1 0.452929 0.328041 0.031547 0.038945
1 0.305208 0.424506 0.032549 0.040144
1 0.340010 0.426303 0.032048 0.040144
1 0.351277 0.426902 0.032549 0.040144
1 0.384076 0.427202 0.031047 0.039545
1 0.450175 0.520971 0.031047 0.038945
1 0.440411 0.490114 0.033550 0.038346
1 0.524787 0.489814 0.032048 0.038945
1 0.581622 0.026663 0.041562 0.008987
1 0.516024 0.059017 0.042564 0.024566
1 0.521532 0.072499 0.039559 0.021570
1 0.527541 0.085980 0.041562 0.024566
1 0.537807 0.100060 0.023035 0.014380
1 0.550826 0.149491 0.041062 0.022169
1 0.594642 0.261833 0.041562 0.022768
1 0.598648 0.273217 0.039559 0.021570
1 0.605408 0.286399 0.040060 0.021570
1 0.614922 0.321450 0.033050 0.018574
1 0.619930 0.334931 0.038057 0.021570
1 0.629194 0.358898 0.042564 0.022768
1 0.681022 0.460156 0.019029 0.013182
1 0.946670 0.498802 0.012519 0.049730
1 0.938157 0.496405 0.006510 0.049730
1 0.930646 0.497004 0.006510 0.048532
1 0.883575 0.491312 0.006510 0.047933
1 0.821232 0.386159 0.033050 0.036549
1 0.491988 0.452966 0.040561 0.023966
1 0.527792 0.432295 0.032048 0.037747
1 0.501753 0.428700 0.033050 0.038945
1 0.476715 0.424805 0.032048 0.039545
1 0.509264 0.395446 0.032048 0.039545
1 0.447421 0.389455 0.031547 0.040743
1 0.537807 0.431396 0.032048 0.038346
1 0.445418 0.428400 0.030546 0.040743
0 0.544567 0.917915 0.010516 0.007190
0 0.541312 0.939485 0.010015 0.008388
0 0.457186 0.952666 0.007011 0.013182
1 0.804957 0.488017 0.004507 0.010186
1 0.815473 0.516477 0.006510 0.011983
1 0.820230 0.514979 0.007011 0.010186
1 0.825238 0.515279 0.007011 0.011983
1 0.829995 0.515279 0.005508 0.009587
1 0.834752 0.517376 0.006009 0.010186
1 0.839509 0.517975 0.006510 0.012582
1 0.863045 0.517076 0.007511 0.011983
1 0.859539 0.505692 0.007511 0.010785
1 0.845268 0.500599 0.006009 0.011384
1 0.839760 0.499700 0.007011 0.010785
1 0.838508 0.489215 0.006510 0.011384
1 0.832999 0.489515 0.005508 0.010785
1 0.796445 0.488616 0.004507 0.011384
1 0.800951 0.488316 0.004507 0.010785
1 0.808963 0.488017 0.004507 0.010186
1 0.829745 0.466447 0.006009 0.011384
1 0.814221 0.488316 0.005008 0.011983
1 0.818728 0.489515 0.004006 0.010785
1 0.822984 0.490114 0.004507 0.010785
1 0.844266 0.448173 0.006009 0.014380
1 0.849775 0.448173 0.006009 0.014380
1 0.855533 0.449371 0.005508 0.013182
1 0.866049 0.452067 0.006510 0.013781
1 0.880320 0.455662 0.008012 0.016177
1 0.807211 0.469443 0.010015 0.005392
1 0.816224 0.469443 0.009014 0.005392
1 0.801202 0.496105 0.010015 0.005992
1 0.810966 0.496705 0.009514 0.005992
1 0.820481 0.497903 0.009514 0.005992
1 0.825739 0.478430 0.007011 0.011384
1 0.810716 0.515578 0.006009 0.011384
1 0.805709 0.513781 0.007011 0.011384
1 0.693791 0.500300 0.008513 0.009587
1 0.839259 0.446375 0.006009 0.014380
0 0.783676 0.478430 0.008012 0.011384
0 0.780921 0.468244 0.007511 0.011384
0 0.784677 0.466147 0.007011 0.010785
0 0.789184 0.465249 0.007011 0.010186
0 0.764647 0.481726 0.011017 0.010785
0 0.828493 0.080288 0.011517 0.008388
0 0.866049 0.100060 0.012519 0.013182
0 0.926640 0.093170 0.010516 0.010186
0 0.944417 0.100659 0.011017 0.010785
1 0.883325 0.055722 0.016024 0.016777
1 0.835754 0.276213 0.009014 0.004793
1 0.841512 0.282205 0.009514 0.007190
1 0.715073 0.262732 0.010015 0.006591
1 0.722584 0.272019 0.012018 0.007190
1 0.727591 0.276213 0.010015 0.007190
1 0.741863 0.289395 0.010516 0.007190
1 0.800451 0.341522 0.010516 0.010785
1 0.771407 0.362792 0.011517 0.010186
1 0.775914 0.372678 0.012519 0.010785
1 0.788683 0.408029 0.010015 0.008388
1 0.792439 0.417915 0.013520 0.011384
1 0.769154 0.357699 0.010015 0.009587
1 0.785178 0.402337 0.010015 0.010186
1 0.796445 0.428999 0.012519 0.010785
1 0.800701 0.439185 0.009014 0.008388
1 0.811217 0.443679 0.005008 0.011384
1 0.816725 0.444278 0.006009 0.013781
1 0.821482 0.444877 0.005508 0.013781
1 0.833751 0.445476 0.006009 0.014979
1 0.824487 0.467046 0.005508 0.011384
1 0.831497 0.477831 0.005508 0.011384
0 0.453430 0.862493 0.005508 0.011384
0 0.861542 0.302876 0.011517 0.007789
0 0.963445 0.461354 0.005008 0.010785
0 0.969955 0.462552 0.006009 0.014380
0 0.969204 0.431995 0.005508 0.011983
0 0.915123 0.458658 0.004507 0.011384
0 0.920381 0.392750 0.011017 0.007789
0 0.934902 0.376573 0.010015 0.005392
0 0.930396 0.368484 0.010015 0.007190
0 0.924637 0.362792 0.011517 0.006591
0 0.915373 0.356201 0.012018 0.005392
0 0.910366 0.349910 0.010015 0.005992
0 0.905859 0.344817 0.010015 0.006591
0 0.900851 0.338826 0.011017 0.006591
0 0.852278 0.291492 0.010015 0.006591
0 0.856034 0.297184 0.012519 0.005992
0 0.869304 0.307969 0.009014 0.007190
1 0.836505 0.477232 0.006510 0.011384
0 0.874061 0.313062 0.010516 0.005392
0 0.883325 0.323847 0.011017 0.007789
0 0.889835 0.329239 0.010015 0.005392
0 0.894091 0.333733 0.010516 0.004793
1 0.844016 0.321450 0.015523 0.006591
1 0.733600 0.201618 0.008012 0.010186
0 0.268653 0.276513 0.009514 0.010186
0 0.558588 0.194128 0.008513 0.008388
0 0.593140 0.792690 0.008513 0.009587
0 0.796445 0.980228 0.005508 0.009587
0 0.783425 0.911324 0.012519 0.005992
0 0.770155 0.881965 0.008012 0.004793
0 0.769404 0.859197 0.009514 0.005992
0 0.716074 0.746555 0.013020 0.005992
0 0.957687 0.462253 0.005508 0.012582
0 0.951928 0.460755 0.005008 0.010785
0 0.947421 0.461055 0.004006 0.010186
0 0.941662 0.460455 0.004507 0.010186
1 0.835003 0.466147 0.006510 0.011983
1 0.840010 0.467945 0.005508 0.013182
1 0.841512 0.479629 0.006510 0.012582
1 0.843265 0.490114 0.006009 0.010785
1 0.852028 0.479329 0.006510 0.010785
1 0.849274 0.467645 0.006009 0.011384
1 0.859539 0.848412 0.021532 0.014380
4 0.866049 0.861893 0.013520 0.016177
0 0.893090 0.913122 0.007511 0.011983
0 0.886580 0.914919 0.006510 0.010785
0 0.895844 0.943978 0.009014 0.012582
0 0.980721 0.842421 0.005508 0.010785
0 0.901602 0.677651 0.005508 0.011983
0 0.906860 0.678550 0.005008 0.010186
0 0.924136 0.677651 0.005508 0.011983
0 0.933901 0.677052 0.005008 0.013182
0 0.939159 0.677052 0.004507 0.011983
0 0.962193 0.677651 0.005508 0.014380
0 0.960441 0.642600 0.005008 0.010186
0 0.954682 0.642900 0.005508 0.010785
0 0.947171 0.643499 0.005508 0.013182
0 0.941913 0.643200 0.005008 0.012582
0 0.934151 0.640803 0.006510 0.010186
0 0.929144 0.641402 0.004507 0.010186
0 0.923635 0.641102 0.004507 0.011983
0 0.969204 0.490413 0.005508 0.012582
0 0.926139 0.458358 0.004507 0.009587
0 0.930646 0.458658 0.004507 0.010186
0 0.936154 0.459557 0.004507 0.010785
0 0.779419 0.480827 0.006510 0.011384
0 0.776665 0.470941 0.008012 0.010785
0 0.738608 0.452966 0.010015 0.010785
0 0.845518 0.851408 0.009514 0.014380
0 0.599149 0.591971 0.008513 0.009587
0 0.605909 0.600659 0.009014 0.010186
0 0.613170 0.608149 0.008513 0.009587
0 0.605408 0.607849 0.010015 0.012582
0 0.598398 0.598262 0.009014 0.010186
0 0.587631 0.590773 0.009514 0.010785
0 0.588633 0.599461 0.009514 0.011384
0 0.594392 0.608149 0.008012 0.009587
0 0.580371 0.582385 0.008012 0.010785
0 0.576615 0.584182 0.008513 0.010785
0 0.582374 0.591372 0.008012 0.009587
0 0.595393 0.849611 0.005008 0.010785
0 0.742364 0.982325 0.009514 0.011384
0 0.831497 0.868484 0.009514 0.006591
0 0.670756 0.850210 0.004507 0.010785
1 0.728343 0.458957 0.014522 0.011983
0 0.812218 0.981726 0.005008 0.012582
0 0.753130 0.910725 0.013020 0.009587
0 0.751127 0.903835 0.012018 0.010186
0 0.744617 0.889155 0.010015 0.009587
0 0.740110 0.867585 0.011017 0.008388
0 0.770155 0.871480 0.008012 0.004194
0 0.733600 0.856201 0.009014 0.005992
0 0.767151 0.843319 0.011017 0.006591
0 0.770155 0.831037 0.011017 0.005992
0 0.687782 0.856201 0.011517 0.008388
0 0.712819 0.912522 0.008513 0.011983
4 0.813220 0.903535 0.013020 0.010785
0 0.816725 0.840024 0.012018 0.005992
1 0.661492 0.659976 0.032048 0.008987
0 0.590386 0.580587 0.010015 0.013182
0 0.587131 0.583283 0.008513 0.010186
4 0.636955 0.556022 0.012018 0.016777
1 0.590886 0.526064 0.015023 0.016777
0 0.394091 0.858598 0.006009 0.010785
0 0.506760 0.781306 0.010015 0.011983
0 0.501002 0.790294 0.009514 0.010785
0 0.494492 0.796884 0.010516 0.009587
0 0.579119 0.852007 0.005508 0.010785
0 0.515774 0.885860 0.006009 0.011384
0 0.589634 0.204314 0.010516 0.014380
0 0.653731 0.131516 0.010516 0.008987
0 0.629194 0.297484 0.008513 0.011384
0 0.618177 0.302876 0.011517 0.008987
0 0.610666 0.309167 0.013520 0.010785
0 0.634201 0.373577 0.012519 0.008987
0 0.647722 0.377771 0.014522 0.010186
0 0.649975 0.386459 0.011017 0.009587
0 0.638958 0.387358 0.012018 0.010186
0 0.659990 0.390054 0.011017 0.008388
0 0.620180 0.472439 0.009514 0.008987
0 0.608913 0.485620 0.009014 0.010186
0 0.605158 0.482025 0.008513 0.010186
0 0.600901 0.477831 0.009014 0.012582
0 0.602404 0.514080 0.011017 0.011983
0 0.641462 0.520671 0.009014 0.010785
0 0.650225 0.527861 0.008513 0.010785
0 0.644216 0.534452 0.009514 0.010785
0 0.613170 0.529059 0.010516 0.010785
0 0.585378 0.480527 0.010015 0.010785
0 0.589885 0.482624 0.008012 0.008987
1 0.578618 0.520671 0.018528 0.019173
1 0.565098 0.537747 0.017526 0.020971
0 0.671007 0.669862 0.010015 0.005992
0 0.677266 0.677352 0.012519 0.006591
0 0.694041 0.675554 0.011017 0.013781
0 0.707061 0.054224 0.010015 0.006591
0 0.691037 0.078790 0.009014 0.006591
0 0.686279 0.083883 0.010516 0.007190
0 0.682273 0.088676 0.010516 0.007190
0 0.679019 0.095267 0.009014 0.007190
0 0.674512 0.101558 0.010015 0.007789
0 0.662243 0.118334 0.010516 0.008987
0 0.658488 0.123727 0.010015 0.007789
0 0.648222 0.161474 0.009514 0.016177
0 0.687531 0.366387 0.009014 0.011384
0 0.699800 0.363990 0.011517 0.007789
0 0.702303 0.369083 0.011517 0.008388
0 0.698297 0.389754 0.011517 0.008987
0 0.707812 0.385261 0.011517 0.009587
0 0.703806 0.399940 0.010516 0.007789
0 0.660741 0.395746 0.010516 0.008987
0 0.667001 0.413421 0.010015 0.008388
0 0.674512 0.431995 0.011017 0.009587
0 0.713320 0.394847 0.009514 0.009587
0 0.706059 0.405932 0.011017 0.008987
0 0.709064 0.411025 0.011017 0.008388
0 0.715824 0.400539 0.010516 0.008987
0 0.718578 0.406231 0.010015 0.008388
0 0.719079 0.441282 0.011017 0.010186
0 0.722334 0.447274 0.012519 0.011384
0 0.740861 0.459557 0.009514 0.009587
0 0.729344 0.435291 0.011517 0.010186
0 0.735103 0.448173 0.010015 0.009587
0 0.723335 0.415818 0.010516 0.008388
1 0.772659 0.479329 0.012018 0.020371
0 0.694041 0.072798 0.009014 0.005392
0 0.782674 0.500300 0.010015 0.004793
0 0.706810 0.681546 0.008513 0.010186
0 0.784427 0.505392 0.008513 0.005392
0 0.713821 0.680647 0.009514 0.010785
0 0.721082 0.680048 0.009014 0.010785
0 0.749624 0.681845 0.010015 0.011983
0 0.756885 0.681546 0.008513 0.010186
0 0.759639 0.639605 0.005008 0.010186
0 0.764397 0.637208 0.006510 0.012582
0 0.769905 0.633313 0.005508 0.010785
0 0.774161 0.632115 0.007011 0.011983
0 0.753130 0.638107 0.007011 0.010785
0 0.827491 0.640503 0.012519 0.005992
1 0.828242 0.604554 0.009014 0.017975
0 0.828242 0.588975 0.005008 0.011983
0 0.730596 0.465249 0.010015 0.008987
0 0.687531 0.469742 0.010015 0.008388
0 0.681022 0.473936 0.011017 0.008388
0 0.676014 0.480527 0.011017 0.009587
0 0.670506 0.486219 0.013020 0.008987
0 0.685028 0.510186 0.008012 0.011384
0 0.687031 0.504793 0.007011 0.010186
0 0.698297 0.487717 0.008513 0.011983
0 0.711567 0.494608 0.007011 0.011384
0 0.725338 0.532355 0.007511 0.011384
0 0.744867 0.502397 0.008513 0.013781
0 0.770155 0.497304 0.010015 0.008388
0 0.768903 0.492211 0.009514 0.008987
0 0.767651 0.487118 0.010015 0.007190
0 0.801202 0.515279 0.007011 0.010785
0 0.785178 0.516477 0.010015 0.007190
0 0.785428 0.510485 0.009514 0.005992
1 0.167251 0.366687 0.016024 0.027561
