0 0.352740 0.211645 0.012329 0.014787
0 0.965068 0.160813 0.026027 0.007394
0 0.963014 0.152495 0.024658 0.007394
0 0.963014 0.142329 0.021918 0.007394
0 0.900000 0.074399 0.013699 0.015712
0 0.878082 0.158965 0.021918 0.007394
0 0.878767 0.139094 0.023288 0.006470
0 0.540411 0.208410 0.012329 0.015712
0 0.528082 0.210259 0.009589 0.015712
0 0.510959 0.210259 0.008219 0.017560
0 0.486986 0.209797 0.009589 0.014787
0 0.438356 0.210259 0.008219 0.013863
0 0.407534 0.211183 0.009589 0.013863
0 0.395205 0.210259 0.009589 0.013863
0 0.122603 0.866451 0.009589 0.015712
0 0.306849 0.195933 0.021918 0.005545
0 0.306164 0.169131 0.020548 0.007394
0 0.304795 0.158965 0.017808 0.005545
0 0.305479 0.132625 0.019178 0.004621
0 0.957534 0.307763 0.021918 0.007394
0 0.955479 0.325323 0.023288 0.007394
0 0.960274 0.338725 0.021918 0.008318
0 0.876027 0.306839 0.026027 0.007394
0 0.073973 0.498614 0.008219 0.015712
0 0.963699 0.280499 0.023288 0.006470
0 0.645890 0.197320 0.009589 0.012015
0 0.967123 0.850277 0.010959 0.014787
0 0.417123 0.861830 0.026027 0.012015
0 0.443151 0.859057 0.023288 0.015712
0 0.586986 0.854436 0.009589 0.015712
0 0.600000 0.852588 0.010959 0.019409
0 0.812329 0.848429 0.010959 0.014787
0 0.856164 0.871996 0.021918 0.008318
0 0.858904 0.954713 0.021918 0.009242
0 0.934247 0.920980 0.024658 0.008318
0 0.932877 0.912200 0.021918 0.005545
0 0.948630 0.621072 0.026027 0.009242
0 0.947945 0.609057 0.027397 0.009242
0 0.144521 0.707024 0.028767 0.007394
0 0.114384 0.571165 0.012329 0.012939
0 0.040411 0.498614 0.009589 0.012015
0 0.055479 0.500000 0.012329 0.016636
0 0.231507 0.520795 0.019178 0.013863
0 0.293836 0.428373 0.012329 0.017560
0 0.054110 0.275416 0.012329 0.018484
0 0.873973 0.483364 0.027397 0.007394
0 0.875342 0.454251 0.024658 0.008318
0 0.877397 0.317006 0.026027 0.009242
