0 0.305382 0.523171 0.003120 0.003830
0 0.273791 0.531214 0.003120 0.003830
0 0.271256 0.535044 0.003510 0.004596
0 0.261895 0.535236 0.002730 0.004213
0 0.302262 0.516660 0.003900 0.004596
0 0.298557 0.513979 0.003510 0.004596
0 0.296997 0.513022 0.003510 0.004213
0 0.303627 0.522214 0.003510 0.004213
0 0.277106 0.533895 0.003510 0.003830
0 0.301677 0.521256 0.003510 0.003830
0 0.299922 0.519916 0.003900 0.004213
0 0.297972 0.519150 0.003900 0.004213
0 0.296412 0.517618 0.003120 0.004213
0 0.294462 0.517426 0.003900 0.004596
0 0.300312 0.525661 0.003900 0.003447
0 0.275351 0.532172 0.003900 0.004213
0 0.273011 0.536193 0.003900 0.004596
0 0.226209 0.590195 0.003900 0.004596
0 0.285296 0.543470 0.003510 0.004596
0 0.291147 0.542129 0.003510 0.004213
0 0.289587 0.541172 0.003510 0.004596
0 0.287637 0.539640 0.003510 0.004596
0 0.286076 0.538491 0.003510 0.004596
0 0.289197 0.545768 0.003510 0.004596
0 0.287246 0.544427 0.003510 0.004979
0 0.283346 0.542512 0.003510 0.004213
0 0.275156 0.537151 0.003510 0.004213
0 0.281786 0.541363 0.003510 0.004213
0 0.280226 0.539831 0.003510 0.004213
0 0.280616 0.535619 0.003510 0.004213
0 0.278666 0.534661 0.003510 0.003830
0 0.278471 0.538682 0.003900 0.004213
0 0.276716 0.537725 0.003510 0.003830
0 0.298752 0.530448 0.003120 0.004596
0 0.296997 0.528916 0.003510 0.003830
0 0.295047 0.527193 0.003510 0.004213
0 0.269111 0.486978 0.003900 0.004213
0 0.284906 0.496553 0.003510 0.004213
0 0.282956 0.495021 0.003510 0.004213
0 0.279836 0.493298 0.002730 0.003830
0 0.278081 0.492149 0.003120 0.003830
0 0.276326 0.490808 0.003510 0.004213
0 0.272231 0.489085 0.003120 0.003830
0 0.267161 0.486021 0.003120 0.003830
0 0.291732 0.526235 0.003120 0.004596
0 0.263846 0.484106 0.003510 0.004596
0 0.260140 0.481616 0.003900 0.004213
0 0.254485 0.482957 0.004290 0.003830
0 0.241225 0.475297 0.004290 0.003830
0 0.300702 0.459786 0.004680 0.004213
0 0.237520 0.411145 0.004680 0.004213
0 0.289782 0.509383 0.003900 0.004596
0 0.287441 0.512830 0.003120 0.003830
0 0.282371 0.521448 0.003120 0.004213
0 0.284321 0.521831 0.003120 0.004213
0 0.278471 0.523746 0.003120 0.004213
0 0.280031 0.524320 0.003120 0.003830
0 0.282176 0.525086 0.003510 0.003830
0 0.284126 0.526427 0.003510 0.004213
0 0.286076 0.527767 0.003510 0.003830
0 0.287441 0.528916 0.003120 0.003830
0 0.289197 0.530257 0.003510 0.004213
0 0.290952 0.531023 0.003120 0.004213
0 0.294462 0.532555 0.003120 0.004213
0 0.296607 0.534087 0.003510 0.004979
0 0.298362 0.535044 0.003120 0.003830
0 0.288027 0.524129 0.003510 0.004213
0 0.289782 0.525469 0.003900 0.004596
0 0.293292 0.542895 0.003900 0.004979
0 0.271841 0.545768 0.003120 0.003830
0 0.274376 0.547683 0.003510 0.004596
0 0.224649 0.572003 0.004680 0.004213
0 0.250000 0.580812 0.003120 0.004213
0 0.248245 0.579471 0.003510 0.004596
0 0.246295 0.578514 0.003510 0.004213
0 0.230889 0.578705 0.003900 0.004596
0 0.229329 0.576791 0.003900 0.004596
0 0.226404 0.573727 0.004290 0.004596
0 0.221529 0.569705 0.004680 0.003447
0 0.264626 0.573535 0.003510 0.004213
0 0.226794 0.559556 0.003510 0.003830
0 0.224064 0.558407 0.003510 0.004596
0 0.215874 0.554385 0.004290 0.004213
0 0.212168 0.551704 0.004680 0.003447
0 0.200663 0.546725 0.005070 0.004979
0 0.268136 0.575833 0.003510 0.004213
0 0.251950 0.581769 0.003120 0.004596
0 0.253510 0.582918 0.003120 0.004596
0 0.257215 0.584642 0.003510 0.004213
0 0.258775 0.586557 0.003510 0.004213
0 0.260725 0.587514 0.003510 0.004596
0 0.256045 0.590004 0.003510 0.004213
0 0.258190 0.591344 0.003120 0.003830
0 0.250975 0.586940 0.002730 0.004213
0 0.249415 0.585791 0.003510 0.004213
0 0.247660 0.584450 0.003120 0.003830
0 0.246295 0.583684 0.003510 0.004596
0 0.243760 0.582344 0.003900 0.004213
0 0.242785 0.593259 0.004290 0.004596
0 0.244345 0.594217 0.004290 0.004979
0 0.246100 0.595174 0.003900 0.004596
0 0.249415 0.597281 0.003510 0.004213
0 0.250975 0.598238 0.003510 0.004596
0 0.266576 0.574684 0.003510 0.004213
0 0.262871 0.572769 0.003120 0.004213
0 0.269891 0.549598 0.003120 0.004596
0 0.270086 0.561279 0.003510 0.004213
0 0.276521 0.570088 0.003120 0.004213
0 0.274766 0.568556 0.003510 0.004213
0 0.273206 0.567599 0.003510 0.004596
0 0.271451 0.566833 0.003120 0.003830
0 0.269111 0.566258 0.003120 0.004213
0 0.271646 0.562620 0.003510 0.003830
0 0.282176 0.564535 0.004290 0.003830
0 0.258970 0.570280 0.003900 0.004596
0 0.275741 0.560130 0.004680 0.002681
0 0.283736 0.553619 0.003510 0.004979
0 0.281396 0.557066 0.003510 0.004213
0 0.279251 0.550938 0.003120 0.004213
0 0.276521 0.554577 0.003120 0.003830
0 0.275936 0.549981 0.005070 0.006128
0 0.275351 0.563769 0.003120 0.003830
0 0.276911 0.565109 0.003120 0.004213
0 0.278276 0.566450 0.003510 0.003830
0 0.278471 0.576025 0.004680 0.004596
0 0.281591 0.576025 0.003900 0.004596
0 0.269501 0.581578 0.003120 0.004213
0 0.265991 0.578897 0.003120 0.004213
0 0.264041 0.578131 0.003900 0.004213
0 0.262090 0.577556 0.003900 0.004596
0 0.258775 0.575067 0.003510 0.004213
0 0.257020 0.573918 0.003120 0.004213
0 0.254875 0.573535 0.003510 0.004213
0 0.251560 0.570854 0.003900 0.004213
0 0.251560 0.566067 0.003900 0.004596
0 0.253510 0.567024 0.003120 0.004213
0 0.255460 0.568173 0.003900 0.004979
0 0.257020 0.568939 0.003900 0.004979
0 0.222309 0.585791 0.003900 0.004213
0 0.234204 0.603026 0.004290 0.004979
0 0.250390 0.615664 0.003900 0.003447
0 0.210608 0.626580 0.003900 0.002298
0 0.218019 0.628303 0.003900 0.004213
0 0.215874 0.630027 0.004290 0.003830
0 0.198128 0.607047 0.004680 0.003830
0 0.200273 0.611260 0.003510 0.003830
0 0.202028 0.617579 0.003900 0.004213
0 0.213924 0.633282 0.003510 0.003447
0 0.206318 0.632516 0.003900 0.004213
0 0.221919 0.625814 0.003900 0.004596
0 0.204368 0.630793 0.003900 0.003830
0 0.203978 0.624090 0.003900 0.004213
0 0.194618 0.621409 0.003900 0.004213
0 0.191693 0.617962 0.004290 0.004213
0 0.191888 0.613558 0.003900 0.003830
0 0.196568 0.608579 0.003900 0.003830
0 0.219774 0.626771 0.004290 0.004213
0 0.223479 0.624090 0.003900 0.004213
0 0.234204 0.598813 0.004290 0.004213
0 0.217434 0.615664 0.003510 0.004213
0 0.213339 0.606856 0.003900 0.004213
0 0.211583 0.608771 0.004290 0.004213
0 0.209828 0.610111 0.003900 0.003830
0 0.208268 0.612026 0.003900 0.003830
0 0.223479 0.609920 0.003900 0.004213
0 0.220554 0.612984 0.003510 0.004213
0 0.215679 0.617005 0.003900 0.003830
0 0.226599 0.621026 0.003900 0.004213
0 0.214119 0.618154 0.003900 0.003830
0 0.205148 0.614324 0.003900 0.003830
0 0.203198 0.615664 0.003900 0.004213
0 0.231669 0.616047 0.003900 0.004213
0 0.230109 0.617771 0.003900 0.003830
0 0.228354 0.619494 0.004290 0.004213
0 0.175897 0.618537 0.003900 0.003830
0 0.178042 0.616813 0.003510 0.003447
1 0.174532 0.611260 0.005850 0.004596
0 0.149961 0.627154 0.004290 0.003447
0 0.141966 0.626963 0.003120 0.003830
0 0.156591 0.619111 0.004290 0.003447
0 0.154446 0.621792 0.003900 0.003447
0 0.151521 0.623899 0.003510 0.003064
0 0.148986 0.626005 0.003900 0.003447
0 0.145086 0.628303 0.003900 0.004213
0 0.146841 0.629452 0.004290 0.003447
1 0.175117 0.599579 0.005460 0.004979
0 0.157566 0.614516 0.002340 0.003447
0 0.159906 0.619877 0.003900 0.004213
0 0.158346 0.621409 0.003120 0.003447
0 0.156786 0.623324 0.003120 0.004213
0 0.153861 0.625048 0.004290 0.003830
0 0.151131 0.628495 0.004290 0.003064
0 0.143136 0.622367 0.004680 0.003830
0 0.143721 0.627154 0.004290 0.004213
0 0.147621 0.624856 0.004290 0.003447
0 0.146061 0.623324 0.003510 0.003447
0 0.148596 0.621601 0.003900 0.003830
0 0.150156 0.622558 0.003900 0.004213
0 0.152886 0.620260 0.003900 0.003447
0 0.151521 0.618728 0.003510 0.003447
0 0.155031 0.617771 0.004290 0.003830
0 0.154056 0.616239 0.003900 0.003830
0 0.155031 0.610877 0.003510 0.003830
0 0.159516 0.608196 0.004680 0.004596
0 0.174142 0.616430 0.003510 0.003447
0 0.176482 0.605132 0.004290 0.004596
0 0.168292 0.604558 0.004290 0.004213
0 0.170047 0.603409 0.004680 0.004979
0 0.172777 0.600345 0.004680 0.004979
0 0.211193 0.622750 0.003510 0.003830
0 0.209048 0.620835 0.003900 0.003830
0 0.225234 0.608771 0.003510 0.004213
0 0.194423 0.588280 0.004290 0.003830
0 0.195983 0.596132 0.004290 0.004213
0 0.197348 0.595174 0.003900 0.003830
0 0.200078 0.593642 0.003900 0.003830
0 0.198908 0.592110 0.003900 0.003830
0 0.197348 0.590961 0.003900 0.003830
0 0.196178 0.589429 0.003900 0.003830
0 0.192863 0.586365 0.004290 0.003830
0 0.204173 0.586940 0.003510 0.003447
0 0.202808 0.590961 0.003900 0.003830
0 0.201638 0.589429 0.003900 0.003830
0 0.200273 0.588280 0.004290 0.003830
0 0.199103 0.587131 0.004290 0.003830
0 0.197543 0.585791 0.004290 0.004213
0 0.195788 0.584067 0.003900 0.003830
0 0.194423 0.592110 0.004290 0.003830
0 0.191498 0.589238 0.003900 0.004213
0 0.190133 0.590770 0.003510 0.004213
0 0.196958 0.599962 0.003900 0.003447
0 0.198518 0.598813 0.003900 0.003447
0 0.200078 0.597472 0.003900 0.003830
0 0.202223 0.595366 0.003510 0.003447
0 0.201443 0.596515 0.003510 0.003447
0 0.203978 0.594408 0.003900 0.003830
0 0.205343 0.593068 0.004290 0.004213
0 0.206708 0.591344 0.003900 0.003830
0 0.208073 0.590195 0.004290 0.003830
0 0.209633 0.587131 0.005070 0.004596
0 0.211193 0.588663 0.004290 0.004596
0 0.212363 0.594600 0.004290 0.004979
0 0.227964 0.595366 0.003510 0.004213
0 0.230109 0.594408 0.003900 0.003830
0 0.205538 0.588663 0.003900 0.004596
0 0.203393 0.585791 0.003510 0.003447
0 0.200468 0.604941 0.003900 0.004213
0 0.184477 0.592493 0.003900 0.003830
0 0.194813 0.597089 0.003510 0.003830
0 0.187207 0.590195 0.003900 0.003830
0 0.189548 0.597472 0.003900 0.003830
0 0.188183 0.596323 0.003510 0.003830
0 0.186817 0.594983 0.003900 0.004213
0 0.185647 0.593642 0.003900 0.003830
0 0.180967 0.593834 0.003900 0.004213
0 0.201833 0.584642 0.003510 0.003447
0 0.179407 0.595174 0.003900 0.003830
0 0.216264 0.589238 0.004290 0.004213
0 0.207683 0.599004 0.004290 0.004596
0 0.205928 0.600728 0.004680 0.004213
0 0.204173 0.601685 0.004290 0.003830
0 0.202418 0.603217 0.003900 0.003830
0 0.192863 0.593451 0.004290 0.004213
0 0.188963 0.585791 0.004290 0.004213
0 0.190718 0.584259 0.003900 0.004213
0 0.192278 0.583110 0.003900 0.004213
0 0.193448 0.581769 0.003900 0.003830
0 0.194813 0.580429 0.004290 0.004213
0 0.196373 0.579471 0.003510 0.004596
0 0.197933 0.578514 0.002730 0.004213
0 0.200858 0.577939 0.003900 0.003830
0 0.201638 0.579471 0.004680 0.004596
0 0.202808 0.580812 0.003900 0.004213
0 0.204368 0.581961 0.003900 0.004213
0 0.205538 0.583493 0.003900 0.004213
0 0.206708 0.584642 0.003900 0.003447
0 0.208073 0.585791 0.004290 0.004213
0 0.198323 0.581769 0.004290 0.003830
0 0.200468 0.583301 0.003900 0.003830
0 0.252925 0.599579 0.003510 0.004213
0 0.253315 0.620643 0.002730 0.004213
0 0.375780 0.704711 0.003510 0.004596
0 0.349259 0.723286 0.004290 0.004213
0 0.333853 0.714286 0.003900 0.003830
0 0.338534 0.713520 0.003900 0.003830
0 0.394501 0.721180 0.004290 0.003064
0 0.383970 0.715818 0.004290 0.003830
0 0.382800 0.717733 0.004290 0.003830
0 0.354719 0.703370 0.003510 0.004213
0 0.365250 0.731712 0.005070 0.003447
0 0.352184 0.701647 0.003120 0.004596
0 0.348479 0.699540 0.003510 0.004213
0 0.346334 0.698008 0.003120 0.004213
0 0.363885 0.696093 0.003120 0.004213
0 0.359204 0.693604 0.003120 0.003830
0 0.357254 0.692838 0.002340 0.003830
0 0.344969 0.729989 0.004290 0.003064
0 0.382800 0.736499 0.004290 0.002298
0 0.329173 0.644964 0.003120 0.003830
0 0.254485 0.640176 0.004290 0.004213
0 0.262871 0.649177 0.004680 0.004596
0 0.261310 0.647836 0.004680 0.004213
0 0.259945 0.646304 0.004290 0.004213
0 0.258385 0.644772 0.004290 0.004213
0 0.256825 0.643240 0.004290 0.004213
0 0.256045 0.641325 0.004290 0.004213
0 0.252730 0.638644 0.004680 0.004213
0 0.392551 0.738223 0.004290 0.002681
0 0.251365 0.636729 0.004290 0.004213
0 0.249610 0.635389 0.004680 0.004596
0 0.248245 0.633665 0.004290 0.004213
0 0.246880 0.632133 0.004680 0.004213
0 0.245515 0.630601 0.004290 0.004213
0 0.401716 0.740138 0.003900 0.001915
0 0.355694 0.691498 0.003120 0.004213
0 0.353939 0.690732 0.003510 0.004213
0 0.351794 0.689583 0.003120 0.004213
0 0.319423 0.656070 0.003120 0.004596
0 0.325858 0.664879 0.003510 0.003830
0 0.326248 0.660092 0.002730 0.004213
0 0.340679 0.637687 0.002730 0.003830
0 0.324103 0.663347 0.002340 0.003064
0 0.324688 0.659326 0.002730 0.004213
0 0.322738 0.658560 0.002730 0.004213
0 0.317083 0.655113 0.003900 0.004979
0 0.346919 0.686710 0.003510 0.003830
0 0.313573 0.653390 0.003120 0.003830
0 0.314743 0.647453 0.003120 0.004213
0 0.327808 0.650326 0.003510 0.003830
0 0.319228 0.644772 0.003510 0.004213
0 0.317278 0.643623 0.003510 0.004213
0 0.315328 0.642474 0.003510 0.003447
0 0.313183 0.669092 0.003900 0.003830
0 0.314548 0.670433 0.004290 0.004213
0 0.319033 0.674646 0.003120 0.003447
0 0.306942 0.680008 0.003900 0.004213
0 0.296802 0.669667 0.004680 0.004213
0 0.292512 0.669667 0.003120 0.004213
0 0.321958 0.677710 0.004290 0.004213
0 0.323713 0.679433 0.003900 0.003830
0 0.326053 0.681923 0.003900 0.004213
0 0.327613 0.684221 0.003900 0.004213
0 0.330538 0.687285 0.004290 0.004213
0 0.318643 0.697242 0.003900 0.004213
0 0.326248 0.700689 0.004290 0.004213
0 0.324883 0.703945 0.003900 0.003830
0 0.339119 0.693795 0.003510 0.004213
0 0.344579 0.697051 0.002730 0.003830
0 0.344189 0.684987 0.002730 0.003447
0 0.264626 0.650900 0.005070 0.004979
0 0.266381 0.652815 0.004680 0.004213
0 0.268136 0.654155 0.005070 0.004596
0 0.301482 0.690923 0.003900 0.003830
0 0.314158 0.720797 0.003510 0.003830
0 0.312207 0.716392 0.004290 0.003447
0 0.310452 0.715052 0.003900 0.003830
0 0.309087 0.713328 0.004290 0.004213
0 0.307917 0.711988 0.003510 0.003830
0 0.302847 0.692455 0.004290 0.003830
0 0.300117 0.689200 0.003510 0.003447
0 0.288417 0.677135 0.004290 0.003830
0 0.296412 0.689966 0.003900 0.003447
0 0.296997 0.686902 0.004290 0.003447
0 0.296217 0.684221 0.004290 0.004213
0 0.293877 0.683646 0.004290 0.003830
0 0.292317 0.682114 0.004290 0.003830
0 0.290952 0.680391 0.004680 0.004213
0 0.305772 0.722903 0.003900 0.003447
0 0.311427 0.725010 0.003510 0.004596
0 0.317083 0.707200 0.003900 0.004213
0 0.318253 0.708349 0.003900 0.003447
0 0.319423 0.710264 0.003900 0.003447
0 0.317668 0.717733 0.004290 0.004596
0 0.308502 0.729031 0.003900 0.004213
0 0.320203 0.723861 0.003900 0.004596
0 0.321178 0.715818 0.004290 0.002298
0 0.326053 0.717350 0.004680 0.003830
0 0.330538 0.721563 0.003510 0.004596
0 0.437207 0.744925 0.004680 0.002298
0 0.456903 0.750862 0.005070 0.002681
0 0.465289 0.749138 0.004680 0.002298
0 0.476209 0.754117 0.003900 0.002298
0 0.486934 0.755649 0.004290 0.002298
0 0.492980 0.756607 0.004680 0.002681
0 0.289587 0.678859 0.004290 0.004213
0 0.287246 0.675412 0.003510 0.003447
0 0.269501 0.655687 0.004680 0.004596
0 0.239080 0.639410 0.004680 0.004213
0 0.260140 0.661432 0.004680 0.004596
0 0.254485 0.655687 0.004290 0.003830
0 0.246295 0.646304 0.004290 0.004213
0 0.243760 0.644389 0.003900 0.004213
0 0.242005 0.642474 0.004290 0.003447
0 0.240835 0.640751 0.004290 0.003830
0 0.275156 0.677710 0.004290 0.004213
0 0.285686 0.673880 0.003510 0.003447
0 0.273986 0.676369 0.004290 0.004596
0 0.278081 0.672348 0.003900 0.004213
0 0.273596 0.668326 0.002730 0.004596
0 0.277496 0.662581 0.004290 0.003830
0 0.272231 0.659517 0.004680 0.004596
0 0.271061 0.657411 0.004680 0.004213
0 0.261505 0.662964 0.004290 0.004596
0 0.263066 0.664113 0.004290 0.004596
0 0.264626 0.665645 0.004290 0.004596
0 0.266381 0.668135 0.004680 0.004213
0 0.259360 0.684604 0.003900 0.003447
0 0.256240 0.688051 0.003900 0.004213
0 0.285296 0.688051 0.004290 0.004213
0 0.286661 0.689774 0.003900 0.003830
0 0.291537 0.693987 0.004290 0.003830
0 0.292902 0.695902 0.003900 0.003830
0 0.293877 0.697817 0.004290 0.004596
0 0.308307 0.706434 0.002730 0.004213
0 0.311232 0.701072 0.003900 0.004213
0 0.313183 0.702604 0.003900 0.003447
0 0.281201 0.669284 0.003900 0.003447
0 0.282371 0.670624 0.003900 0.003830
0 0.284516 0.672348 0.003510 0.003447
0 0.330538 0.646496 0.001950 0.003830
0 0.321763 0.640942 0.003120 0.004213
0 0.241225 0.625622 0.004290 0.004213
0 0.286661 0.587323 0.003900 0.004213
0 0.297192 0.582535 0.003120 0.004596
0 0.295242 0.580812 0.003120 0.004213
0 0.293877 0.579854 0.003510 0.004596
0 0.291537 0.579280 0.003510 0.004213
0 0.289587 0.578322 0.003510 0.003830
0 0.284711 0.586365 0.003900 0.004596
0 0.290562 0.588663 0.003120 0.004596
0 0.304212 0.581961 0.003900 0.004213
0 0.293877 0.591153 0.003510 0.004213
0 0.302457 0.596706 0.003510 0.003830
0 0.307722 0.600345 0.003120 0.004213
0 0.312793 0.608005 0.003120 0.004213
0 0.309087 0.606090 0.003510 0.004979
0 0.304017 0.602643 0.003510 0.004213
0 0.300312 0.583876 0.003900 0.004213
0 0.306357 0.583301 0.002730 0.003830
0 0.319618 0.639985 0.003510 0.003830
0 0.312988 0.576025 0.003510 0.004596
0 0.310452 0.569322 0.003900 0.004979
0 0.301287 0.564152 0.003510 0.003830
0 0.299532 0.562811 0.003900 0.004213
0 0.295242 0.565684 0.003900 0.004596
0 0.298752 0.567790 0.003900 0.004213
0 0.302847 0.569897 0.003510 0.004596
0 0.320398 0.580429 0.003510 0.004213
0 0.310452 0.585025 0.003120 0.004213
0 0.329758 0.585599 0.003510 0.004596
0 0.290562 0.573152 0.003900 0.004213
0 0.297582 0.577748 0.003120 0.004213
0 0.319228 0.590578 0.003510 0.004596
0 0.319618 0.596323 0.003510 0.004596
0 0.314938 0.593068 0.003510 0.004213
0 0.300507 0.600345 0.003510 0.004213
0 0.291342 0.595366 0.003900 0.004213
0 0.285881 0.592110 0.003900 0.004596
0 0.295047 0.648411 0.003510 0.003830
0 0.272816 0.610303 0.004290 0.004979
0 0.268526 0.612984 0.003510 0.004213
0 0.267551 0.598430 0.003900 0.004213
0 0.271061 0.591919 0.002340 0.004213
0 0.266771 0.594983 0.003900 0.004979
0 0.298362 0.644389 0.003120 0.004213
0 0.292317 0.652432 0.003510 0.004213
0 0.282566 0.590004 0.003510 0.004213
0 0.295632 0.640559 0.003900 0.004213
0 0.288807 0.655113 0.004290 0.004213
0 0.283151 0.654730 0.004680 0.004979
0 0.270866 0.642091 0.004290 0.004213
0 0.257800 0.608196 0.003900 0.003830
0 0.242590 0.628495 0.003900 0.003830
0 0.273206 0.615664 0.003510 0.004213
0 0.276911 0.612601 0.003120 0.004213
0 0.279056 0.619877 0.003510 0.004213
0 0.294267 0.624090 0.003510 0.004213
0 0.296802 0.625814 0.003900 0.004596
0 0.299337 0.626771 0.003510 0.004213
0 0.279836 0.599196 0.003510 0.004213
0 0.283346 0.600728 0.003510 0.004213
0 0.287051 0.602834 0.003900 0.003830
0 0.290172 0.605515 0.003900 0.004596
0 0.286076 0.608196 0.003510 0.004596
0 0.289782 0.610111 0.003900 0.004596
0 0.291732 0.611069 0.003120 0.004213
0 0.298557 0.615282 0.003510 0.004213
0 0.300702 0.611835 0.003120 0.004213
0 0.289392 0.599770 0.004680 0.003830
0 0.281006 0.588663 0.003510 0.003830
0 0.317473 0.573918 0.003900 0.004979
0 0.323908 0.565109 0.003510 0.004213
0 0.315133 0.561088 0.003900 0.004596
0 0.335608 0.617579 0.003510 0.004213
0 0.308697 0.644389 0.004290 0.003447
0 0.344189 0.627920 0.003510 0.003447
0 0.342239 0.626771 0.003510 0.004213
0 0.346529 0.624473 0.003510 0.004213
0 0.344774 0.623133 0.003900 0.004596
0 0.337754 0.619111 0.003120 0.004213
0 0.331903 0.620452 0.003900 0.004596
0 0.367785 0.610111 0.003900 0.003830
0 0.329953 0.619303 0.003900 0.004596
0 0.319813 0.623707 0.003120 0.004213
0 0.326638 0.621601 0.002730 0.004596
0 0.330538 0.614516 0.004290 0.004213
0 0.324883 0.615856 0.003120 0.003830
0 0.326833 0.612409 0.003900 0.003830
0 0.308112 0.650709 0.003120 0.003830
0 0.309867 0.639410 0.003510 0.004213
0 0.312207 0.640176 0.003510 0.004213
0 0.316108 0.638261 0.003510 0.004213
0 0.324298 0.632325 0.003510 0.004596
0 0.322348 0.631559 0.002730 0.003830
0 0.322933 0.625814 0.003900 0.004596
0 0.324883 0.626963 0.003900 0.004596
0 0.326443 0.628112 0.003120 0.004596
0 0.328393 0.629644 0.003900 0.004596
0 0.329953 0.635580 0.003900 0.004213
0 0.334828 0.638644 0.003510 0.004213
0 0.332488 0.637495 0.003510 0.004213
0 0.184672 0.599196 0.005070 0.004979
0 0.334438 0.632516 0.003510 0.004979
0 0.336388 0.635006 0.002730 0.003830
0 0.336778 0.639985 0.002730 0.004596
0 0.371100 0.612026 0.002730 0.004596
0 0.346919 0.608962 0.004290 0.003830
0 0.308307 0.556875 0.004290 0.004596
0 0.310257 0.542512 0.004290 0.004979
0 0.316108 0.540597 0.003510 0.004213
0 0.336778 0.553811 0.003510 0.004596
0 0.331903 0.550747 0.003900 0.004596
0 0.324298 0.545959 0.004290 0.004979
0 0.317278 0.546151 0.002730 0.003830
0 0.315523 0.545576 0.003120 0.004213
0 0.320983 0.559556 0.003900 0.004596
0 0.352184 0.611452 0.003120 0.004213
0 0.318643 0.558598 0.003900 0.004213
0 0.312207 0.554002 0.004290 0.004213
0 0.310647 0.552853 0.002730 0.004213
0 0.305187 0.549406 0.003510 0.004213
0 0.301092 0.552853 0.003120 0.004213
0 0.303042 0.553619 0.003120 0.004213
0 0.314158 0.538874 0.003510 0.004596
0 0.310452 0.537534 0.003120 0.004213
0 0.314938 0.529874 0.003510 0.004213
0 0.316888 0.531023 0.003510 0.004213
0 0.321178 0.532172 0.004290 0.004979
0 0.325858 0.535236 0.003510 0.004213
0 0.328198 0.536768 0.003510 0.004213
0 0.341654 0.594408 0.003900 0.004596
0 0.348089 0.598621 0.003510 0.004596
0 0.333853 0.601877 0.003900 0.004213
0 0.337754 0.603026 0.003120 0.004213
0 0.336778 0.608005 0.003510 0.004213
0 0.340289 0.609920 0.003510 0.004213
0 0.342824 0.606090 0.003120 0.004213
0 0.346529 0.613750 0.003510 0.004213
0 0.348674 0.614899 0.003120 0.004213
0 0.351794 0.616622 0.003900 0.004596
0 0.148011 0.631176 0.004290 0.003830
0 0.149571 0.631942 0.004290 0.003830
0 0.162637 0.622941 0.003900 0.004213
0 0.011505 0.456722 0.004290 0.004213
0 0.008775 0.479510 0.004290 0.003830
0 0.012871 0.477020 0.003900 0.004979
0 0.015406 0.474914 0.003510 0.004596
0 0.018721 0.450977 0.003900 0.004213
0 0.014821 0.453658 0.004680 0.004213
0 0.013066 0.454807 0.004290 0.004213
0 0.008190 0.448104 0.003900 0.003830
0 0.018721 0.483531 0.003900 0.004213
0 0.028861 0.450977 0.003900 0.002681
0 0.024571 0.445998 0.003900 0.003447
0 0.023206 0.444274 0.003510 0.003830
0 0.021451 0.442359 0.003900 0.003830
0 0.019501 0.440061 0.003900 0.003830
0 0.018331 0.438146 0.003900 0.003830
0 0.005070 0.483531 0.003900 0.004213
0 0.008775 0.490425 0.004290 0.004213
0 0.032176 0.416507 0.004290 0.004213
0 0.051092 0.445040 0.003900 0.003830
0 0.053822 0.456147 0.003900 0.003830
0 0.052262 0.454615 0.003900 0.003830
0 0.050312 0.453083 0.003900 0.003830
0 0.049337 0.451168 0.004290 0.003830
0 0.054797 0.442168 0.003510 0.004213
0 0.053042 0.443700 0.003120 0.003447
0 0.049337 0.446572 0.003510 0.003830
0 0.007215 0.493106 0.004290 0.004213
0 0.047777 0.447721 0.003510 0.003830
0 0.045827 0.449253 0.003510 0.003830
0 0.043877 0.450594 0.003510 0.004213
0 0.043682 0.454807 0.003900 0.004213
0 0.042122 0.453658 0.003900 0.004213
0 0.040952 0.452126 0.003900 0.004213
0 0.016771 0.436614 0.003900 0.003830
0 0.046412 0.442742 0.003900 0.003830
0 0.051872 0.438529 0.003900 0.003830
0 0.033736 0.423018 0.003510 0.003447
0 0.043097 0.414975 0.003510 0.003447
0 0.041147 0.416124 0.004290 0.004213
0 0.039392 0.417273 0.003900 0.004213
0 0.037832 0.418997 0.003900 0.003830
0 0.036661 0.420146 0.003900 0.003830
0 0.034711 0.421678 0.003900 0.003830
0 0.032176 0.424358 0.003510 0.003830
0 0.037051 0.432593 0.003900 0.004213
0 0.030811 0.425507 0.003120 0.003830
0 0.029446 0.426465 0.003510 0.004213
0 0.027691 0.427805 0.003900 0.003830
0 0.037051 0.415167 0.003900 0.003830
0 0.034126 0.418039 0.003510 0.003447
0 0.027886 0.419763 0.005070 0.004596
0 0.043682 0.410954 0.003900 0.003830
0 0.045827 0.412677 0.004290 0.004213
0 0.034321 0.426848 0.003120 0.004213
0 0.023791 0.432784 0.003900 0.004596
0 0.025936 0.434891 0.003510 0.004979
0 0.028471 0.437380 0.003900 0.004596
0 0.037832 0.437572 0.003900 0.001915
0 0.040562 0.435274 0.003120 0.001915
0 0.043487 0.432018 0.001950 0.003064
0 0.046217 0.430103 0.001950 0.003830
0 0.049142 0.428188 0.002340 0.003830
0 0.050897 0.425124 0.001950 0.003830
0 0.055382 0.422061 0.003120 0.003830
0 0.050897 0.417848 0.004290 0.004596
0 0.049727 0.420337 0.003510 0.004213
0 0.046022 0.421486 0.003120 0.001915
0 0.043682 0.424741 0.003900 0.002298
0 0.054212 0.458062 0.003900 0.003830
0 0.057137 0.461509 0.004290 0.004596
0 0.058892 0.459977 0.004680 0.004596
1 0.075078 0.478744 0.005070 0.005362
0 0.088534 0.472616 0.003900 0.003830
0 0.085218 0.469552 0.003510 0.003064
0 0.082683 0.466488 0.003900 0.003830
1 0.079953 0.478744 0.003900 0.004596
0 0.076443 0.475297 0.003900 0.004596
1 0.078198 0.473382 0.005070 0.004596
0 0.072738 0.481808 0.004290 0.003830
0 0.062598 0.487553 0.004290 0.004596
0 0.078393 0.483531 0.003900 0.004213
0 0.076248 0.484680 0.004290 0.004213
0 0.073518 0.488702 0.004290 0.004596
0 0.071958 0.490617 0.003510 0.003830
0 0.069813 0.487553 0.003900 0.003830
0 0.066693 0.485255 0.004680 0.004596
0 0.090094 0.473765 0.003900 0.003830
0 0.092044 0.474914 0.003900 0.003830
0 0.089704 0.477595 0.003900 0.003830
0 0.091459 0.479127 0.004290 0.003830
0 0.092239 0.480659 0.004290 0.003830
0 0.088924 0.491574 0.004680 0.004213
0 0.091264 0.490234 0.003900 0.003830
0 0.095164 0.487936 0.003900 0.003830
1 0.093214 0.488893 0.004680 0.004979
0 0.086388 0.463615 0.003510 0.004213
0 0.089704 0.467828 0.003900 0.004213
0 0.090874 0.465722 0.003900 0.003830
0 0.088144 0.462083 0.003900 0.004213
0 0.089899 0.459594 0.003510 0.004596
0 0.091459 0.461126 0.004290 0.004596
0 0.092434 0.462658 0.003900 0.003830
0 0.093799 0.464190 0.004290 0.003830
0 0.065328 0.486404 0.003510 0.003830
0 0.062012 0.489851 0.004680 0.004596
0 0.060647 0.458445 0.004290 0.003830
0 0.061037 0.451551 0.004290 0.003830
0 0.064743 0.442551 0.003900 0.004213
0 0.069618 0.444274 0.004290 0.003830
0 0.068058 0.445615 0.004290 0.003447
0 0.066303 0.447147 0.003900 0.003447
0 0.064548 0.448296 0.004290 0.004213
0 0.062793 0.450019 0.003900 0.003830
0 0.059477 0.453658 0.003510 0.004213
0 0.069228 0.491383 0.004290 0.003830
0 0.071178 0.448487 0.004290 0.003830
0 0.069228 0.450019 0.004290 0.003830
0 0.067668 0.451551 0.004290 0.003830
0 0.066108 0.453466 0.004290 0.003830
0 0.064353 0.454998 0.004680 0.004596
0 0.062402 0.456913 0.003900 0.003830
0 0.066108 0.441210 0.004290 0.003830
0 0.062012 0.435274 0.003120 0.004213
0 0.064548 0.435465 0.003510 0.003830
0 0.066693 0.436040 0.003120 0.004213
0 0.068643 0.437380 0.003900 0.003830
0 0.070203 0.439104 0.003900 0.003447
0 0.071763 0.440827 0.003900 0.003830
0 0.072738 0.447147 0.004290 0.004213
0 0.073323 0.442168 0.004680 0.004213
0 0.075078 0.444083 0.004290 0.004213
0 0.076833 0.445806 0.004680 0.003830
0 0.081123 0.454232 0.004680 0.004596
0 0.058112 0.494255 0.003900 0.003447
0 0.059867 0.491957 0.003510 0.003447
0 0.062793 0.495596 0.003900 0.003830
0 0.065328 0.494255 0.004290 0.004213
0 0.067083 0.492532 0.003900 0.004596
0 0.026521 0.418231 0.003900 0.003830
0 0.029836 0.414784 0.003510 0.003830
0 0.161076 0.624282 0.003900 0.004596
0 0.077418 0.171199 0.005070 0.004596
0 0.174142 0.196859 0.003510 0.004596
0 0.176677 0.193029 0.003900 0.003830
0 0.172582 0.184029 0.004290 0.004979
0 0.088339 0.176944 0.004290 0.003830
0 0.072933 0.176561 0.003900 0.003830
0 0.087559 0.179242 0.004290 0.003830
0 0.080343 0.167560 0.004680 0.004213
0 0.145086 0.206626 0.003900 0.003447
0 0.108034 0.138453 0.003900 0.004213
0 0.107059 0.140176 0.004290 0.003830
1 0.131240 0.158943 0.009750 0.013022
1 0.126950 0.154730 0.008970 0.011490
1 0.124220 0.152432 0.009750 0.010724
1 0.227379 0.084067 0.007020 0.007277
0 0.171022 0.200498 0.004290 0.004213
0 0.148596 0.210456 0.003900 0.003447
0 0.040367 0.405975 0.004290 0.003830
0 0.098089 0.212945 0.005070 0.003064
0 0.155421 0.225201 0.004290 0.003830
0 0.154056 0.227116 0.003900 0.003830
0 0.109789 0.225967 0.004290 0.003830
0 0.107254 0.227116 0.004680 0.003830
0 0.122855 0.206051 0.004680 0.003830
0 0.107644 0.217733 0.003900 0.004213
0 0.109009 0.215435 0.004290 0.004213
0 0.167317 0.223286 0.004680 0.003830
0 0.112324 0.211222 0.003120 0.004213
0 0.132215 0.198583 0.003900 0.004213
1 0.150936 0.286480 0.009360 0.010724
1 0.152301 0.270586 0.010530 0.012639
1 0.159126 0.275373 0.010140 0.013022
1 0.090874 0.189200 0.010920 0.012256
1 0.187988 0.093642 0.006240 0.014937
1 0.172387 0.084067 0.011700 0.013405
1 0.171997 0.074876 0.011700 0.011873
0 0.187988 0.054960 0.003900 0.003447
0 0.199493 0.055343 0.004290 0.003447
0 0.200858 0.053236 0.003900 0.003064
0 0.193448 0.047108 0.004680 0.003830
0 0.191498 0.049215 0.004680 0.004213
0 0.191108 0.051321 0.004680 0.003830
0 0.189548 0.053045 0.004680 0.004213
0 0.186427 0.056492 0.003900 0.003447
0 0.203003 0.074493 0.004290 0.003447
0 0.185062 0.058407 0.003510 0.003447
0 0.183892 0.060130 0.003510 0.003064
0 0.182917 0.047108 0.003120 0.003064
0 0.181552 0.049023 0.003510 0.003064
0 0.180772 0.051513 0.004290 0.003447
0 0.179407 0.053045 0.003900 0.003447
0 0.198323 0.057066 0.004290 0.003830
0 0.196763 0.058598 0.004290 0.003830
0 0.195008 0.061854 0.004680 0.004213
0 0.194033 0.063386 0.004290 0.003447
0 0.190913 0.065492 0.003510 0.003830
0 0.195593 0.068173 0.004290 0.003830
0 0.197933 0.066067 0.004290 0.003447
0 0.199103 0.064152 0.004290 0.003447
0 0.202028 0.062428 0.003900 0.003830
0 0.203588 0.060705 0.003900 0.003447
0 0.203198 0.066258 0.003120 0.003830
0 0.206513 0.062428 0.003510 0.003830
0 0.208658 0.066641 0.003900 0.003830
0 0.210023 0.064343 0.004290 0.003830
0 0.207488 0.069705 0.003900 0.003830
0 0.205928 0.071429 0.003900 0.003447
0 0.204173 0.072961 0.004290 0.003447
0 0.156981 0.223478 0.004290 0.004213
0 0.158151 0.232286 0.005070 0.004979
0 0.156396 0.234584 0.004680 0.004213
0 0.275156 0.174454 0.004290 0.003447
0 0.027106 0.382421 0.004290 0.004213
0 0.023011 0.378591 0.003900 0.004979
0 0.015991 0.371122 0.003900 0.003830
0 0.012676 0.367675 0.004290 0.004596
0 0.005850 0.360781 0.003900 0.004596
0 0.286466 0.170241 0.004290 0.003447
0 0.281786 0.158943 0.005070 0.004596
0 0.278081 0.054002 0.004680 0.003064
0 0.293877 0.123133 0.004290 0.004213
0 0.295242 0.124856 0.003900 0.003830
0 0.306162 0.124665 0.003900 0.004213
0 0.302652 0.121218 0.003900 0.004213
0 0.355304 0.078705 0.003120 0.004213
1 0.391186 0.060513 0.009360 0.013788
0 0.032956 0.388740 0.005070 0.004596
0 0.036076 0.391229 0.002730 0.004213
0 0.038417 0.393910 0.004290 0.004213
0 0.044267 0.399847 0.004290 0.003830
0 0.047972 0.403868 0.003900 0.004213
0 0.052652 0.408656 0.003900 0.003830
0 0.024766 0.408273 0.004290 0.004596
0 0.026521 0.407124 0.003900 0.004596
0 0.028471 0.405783 0.003900 0.004213
0 0.030616 0.404060 0.003510 0.003830
0 0.032176 0.402719 0.003510 0.003447
0 0.033151 0.407315 0.003120 0.004213
0 0.032566 0.398123 0.004290 0.003447
0 0.033736 0.399655 0.004290 0.004213
0 0.035491 0.401379 0.003900 0.003830
0 0.036856 0.403485 0.004290 0.004213
0 0.038417 0.404634 0.004290 0.004213
0 0.279446 0.055726 0.004290 0.003447
0 0.259555 0.054960 0.001950 0.004213
0 0.154641 0.236116 0.004290 0.003447
0 0.239275 0.274607 0.005070 0.004596
0 0.250195 0.282459 0.004290 0.004213
0 0.235374 0.282459 0.004290 0.003447
0 0.236739 0.280544 0.003900 0.003447
0 0.238105 0.278820 0.004290 0.003830
0 0.232839 0.278246 0.003900 0.003447
0 0.234789 0.276522 0.003900 0.003830
0 0.235179 0.271543 0.003900 0.003830
0 0.274961 0.036768 0.004680 0.003064
0 0.230499 0.270586 0.004680 0.004213
0 0.228939 0.272118 0.004680 0.003447
0 0.195788 0.258330 0.003900 0.004213
0 0.192863 0.261777 0.003510 0.004213
0 0.189743 0.265990 0.003510 0.004213
0 0.175312 0.285140 0.004290 0.004213
0 0.253510 0.284757 0.003900 0.003447
0 0.257215 0.287246 0.003510 0.003064
0 0.235959 0.300268 0.003900 0.004596
0 0.240055 0.304481 0.004290 0.004596
0 0.246490 0.308311 0.003900 0.004596
0 0.257020 0.316162 0.004680 0.004979
0 0.263066 0.354845 0.004290 0.003447
0 0.264041 0.352547 0.003900 0.002681
1 0.283346 0.342015 0.011310 0.012256
1 0.204953 0.390463 0.011310 0.009575
1 0.211778 0.450594 0.012480 0.011107
1 0.227964 0.462849 0.013651 0.010341
0 0.236154 0.008426 0.005070 0.002298
0 0.240445 0.019150 0.004290 0.001532
0 0.246100 0.033321 0.004680 0.002298
0 0.247855 0.043087 0.003510 0.004213
0 0.268331 0.040406 0.004680 0.002681
0 0.095164 0.465339 0.003900 0.003830
0 0.096529 0.467254 0.004290 0.003830
0 0.098479 0.468977 0.004290 0.004213
0 0.296607 0.884144 0.004290 0.004213
0 0.318253 0.863654 0.003120 0.004596
0 0.268721 0.865952 0.003900 0.003830
0 0.273401 0.875527 0.004680 0.003830
0 0.266576 0.875144 0.004290 0.004596
0 0.317083 0.878974 0.003900 0.003830
0 0.294657 0.875527 0.004290 0.004596
0 0.280421 0.901953 0.003900 0.003830
0 0.234204 0.841249 0.001950 0.004213
0 0.302457 0.937380 0.004290 0.004213
0 0.313573 0.946572 0.004680 0.004213
0 0.332293 0.964573 0.004680 0.004213
0 0.273011 0.970318 0.003900 0.003447
0 0.261115 0.951360 0.004290 0.003830
0 0.265601 0.954041 0.003900 0.003830
0 0.232449 0.840291 0.002340 0.004596
0 0.238495 0.843355 0.004290 0.004596
0 0.099844 0.470509 0.003900 0.004213
0 0.112129 0.685370 0.004290 0.004979
0 0.271451 0.785140 0.003900 0.003830
0 0.269696 0.787055 0.004290 0.003830
0 0.265991 0.790310 0.004680 0.004213
0 0.278666 0.790310 0.005070 0.004979
0 0.273986 0.796438 0.004290 0.004213
0 0.102964 0.675029 0.003900 0.004213
0 0.118175 0.692264 0.003900 0.004213
0 0.245125 0.836461 0.004290 0.003830
0 0.121100 0.695902 0.003510 0.003830
0 0.143331 0.722903 0.004290 0.004213
0 0.112910 0.736308 0.004290 0.004213
0 0.203393 0.781310 0.004290 0.004596
0 0.208853 0.784374 0.004290 0.004596
0 0.213534 0.789927 0.005070 0.004213
0 0.216849 0.912294 0.004680 0.004596
0 0.191498 0.923209 0.004680 0.004213
0 0.200078 0.911145 0.004680 0.004596
0 0.083268 0.928188 0.004290 0.004213
0 0.130655 0.983723 0.003900 0.004213
0 0.069813 0.921678 0.003900 0.004979
0 0.072153 0.920529 0.003900 0.004979
0 0.079368 0.923592 0.005070 0.004213
0 0.080733 0.925124 0.004680 0.004213
0 0.082098 0.926848 0.004290 0.003830
0 0.085218 0.929720 0.003510 0.003447
0 0.192278 0.905592 0.003900 0.003447
0 0.087559 0.933167 0.003510 0.003447
0 0.091264 0.938721 0.003900 0.003830
0 0.070593 0.927805 0.004680 0.004213
0 0.071958 0.929337 0.004290 0.004213
0 0.073128 0.930869 0.004290 0.004213
0 0.074493 0.932593 0.004680 0.003830
0 0.137871 0.992340 0.004290 0.003830
0 0.139041 0.993872 0.004290 0.003830
0 0.141186 0.995596 0.003900 0.003447
0 0.142356 0.997319 0.003900 0.003830
0 0.124220 0.992532 0.004290 0.004213
0 0.125780 0.994255 0.004290 0.003830
0 0.129875 0.853313 0.003900 0.003830
0 0.146061 0.851206 0.004290 0.004213
0 0.157176 0.861164 0.003900 0.004213
0 0.154836 0.870739 0.003900 0.004213
0 0.157956 0.886059 0.003900 0.004213
0 0.201443 0.880123 0.004290 0.003830
0 0.205538 0.876293 0.003900 0.003830
0 0.221139 0.860207 0.004680 0.003830
0 0.185647 0.914401 0.003900 0.003447
0 0.188378 0.910954 0.004680 0.003447
0 0.190718 0.907124 0.004680 0.004213
1 0.284126 0.784565 0.005850 0.005745
0 0.307722 0.768097 0.003900 0.004213
0 0.270476 0.750479 0.004290 0.004213
0 0.206513 0.684221 0.005070 0.001915
0 0.140211 0.630410 0.004290 0.003830
0 0.136700 0.632325 0.003510 0.003830
0 0.127925 0.636155 0.003900 0.003830
0 0.120515 0.643240 0.003900 0.003447
0 0.116420 0.647262 0.004290 0.003830
0 0.204368 0.680965 0.004680 0.002298
0 0.209243 0.686327 0.005070 0.002298
0 0.254095 0.713903 0.004290 0.003830
0 0.215484 0.693412 0.005070 0.002681
0 0.218604 0.696668 0.004290 0.002298
0 0.222114 0.700689 0.004290 0.001915
0 0.223674 0.702221 0.004290 0.001915
0 0.226014 0.704519 0.005070 0.002681
0 0.228354 0.706817 0.004290 0.001915
0 0.141381 0.635006 0.003510 0.003830
0 0.142941 0.634240 0.003510 0.003830
0 0.143331 0.639602 0.003510 0.003064
0 0.144111 0.638070 0.003510 0.003830
0 0.145476 0.636921 0.003900 0.003830
0 0.147036 0.635389 0.003900 0.003830
0 0.149181 0.638261 0.003510 0.003447
0 0.150351 0.642091 0.003510 0.003447
0 0.153861 0.634623 0.004290 0.003830
0 0.154446 0.638261 0.003900 0.004213
0 0.156006 0.637112 0.003900 0.004213
0 0.157371 0.635772 0.004290 0.003830
0 0.158541 0.634431 0.004290 0.004213
0 0.153666 0.631367 0.003900 0.003447
0 0.155616 0.628495 0.003900 0.003830
0 0.156786 0.626388 0.003120 0.004213
0 0.159516 0.625814 0.003900 0.003830
0 0.255655 0.715435 0.004290 0.003830
0 0.242005 0.718690 0.005070 0.004979
0 0.265601 0.751819 0.003900 0.003830
0 0.270281 0.765033 0.003900 0.002681
0 0.280616 0.775948 0.004290 0.003064
0 0.279251 0.773841 0.004680 0.003447
0 0.277691 0.771926 0.004680 0.002681
0 0.275351 0.770394 0.003900 0.002681
0 0.273596 0.768288 0.003510 0.002298
0 0.272426 0.766373 0.004290 0.002298
0 0.268916 0.763309 0.004290 0.002298
0 0.239860 0.720797 0.004680 0.005362
0 0.267551 0.761394 0.003900 0.002298
0 0.269891 0.754500 0.003900 0.003830
0 0.268721 0.756607 0.003900 0.004213
0 0.262090 0.756990 0.003900 0.003447
0 0.263261 0.755458 0.004680 0.004213
0 0.264626 0.753543 0.003510 0.003447
0 0.273011 0.762160 0.003900 0.003830
0 0.277496 0.766373 0.004290 0.003830
0 0.279251 0.763884 0.003900 0.004213
0 0.280811 0.770394 0.003900 0.002681
0 0.281786 0.768671 0.003510 0.003064
0 0.282176 0.766373 0.003510 0.002298
0 0.291147 0.757564 0.005070 0.004596
0 0.297972 0.765607 0.004680 0.003830
0 0.299922 0.763692 0.004680 0.003064
0 0.301287 0.761394 0.005070 0.002298
0 0.303042 0.759479 0.003900 0.002298
0 0.302847 0.756798 0.003510 0.002298
0 0.299922 0.753926 0.003900 0.001915
0 0.297972 0.751628 0.003900 0.001915
0 0.305382 0.748181 0.003900 0.004213
0 0.309867 0.747032 0.004290 0.002681
0 0.294072 0.733627 0.004680 0.004213
0 0.075858 0.934125 0.004290 0.003830
0 0.077223 0.935657 0.004680 0.004596
0 0.078588 0.937763 0.004290 0.004213
0 0.143136 0.554002 0.004680 0.004213
0 0.074103 0.414209 0.003120 0.004213
0 0.068448 0.407124 0.004290 0.004596
0 0.199298 0.570280 0.003900 0.004596
1 0.151716 0.585025 0.004680 0.004979
0 0.159126 0.557641 0.003900 0.003830
0 0.147816 0.557641 0.004680 0.004596
0 0.164977 0.542704 0.003900 0.003830
0 0.144891 0.426273 0.003510 0.003830
0 0.111739 0.499043 0.004290 0.003830
0 0.120710 0.529299 0.004290 0.003830
0 0.134360 0.500383 0.004290 0.004213
0 0.142551 0.487553 0.004290 0.004596
0 0.150546 0.477403 0.003900 0.003447
0 0.148011 0.478744 0.004290 0.003830
0 0.070203 0.423975 0.002340 0.003830
0 0.082878 0.403102 0.003510 0.003447
0 0.088729 0.398698 0.003510 0.003064
0 0.071373 0.404826 0.003900 0.004596
0 0.071958 0.402336 0.004290 0.003447
0 0.074298 0.401953 0.003510 0.003447
0 0.076248 0.400804 0.003510 0.004213
0 0.077808 0.399081 0.003510 0.003830
0 0.079368 0.398123 0.004290 0.004213
0 0.080733 0.397357 0.003900 0.004213
0 0.082098 0.395634 0.003510 0.003830
0 0.083853 0.394102 0.004680 0.004596
0 0.085218 0.392378 0.003510 0.004213
0 0.062793 0.400038 0.003900 0.004213
0 0.064548 0.398123 0.003510 0.004213
0 0.068253 0.394676 0.003900 0.004213
0 0.070008 0.392187 0.004290 0.004596
0 0.146646 0.427422 0.003120 0.003830
0 0.143916 0.424933 0.003900 0.004213
0 0.075468 0.387782 0.003510 0.004213
0 0.138261 0.454615 0.004290 0.003830
0 0.146646 0.448104 0.003900 0.004596
0 0.144306 0.449636 0.003900 0.003830
0 0.142746 0.450977 0.003900 0.004213
1 0.113690 0.445615 0.007410 0.006511
1 0.106864 0.446955 0.004680 0.004596
1 0.107449 0.450785 0.006630 0.006128
0 0.134555 0.458445 0.004680 0.004596
0 0.142356 0.423592 0.003900 0.003830
0 0.130265 0.461700 0.003900 0.004213
0 0.124805 0.458637 0.003900 0.004213
0 0.121685 0.461509 0.003900 0.003830
0 0.116030 0.458828 0.004290 0.004596
0 0.114080 0.457679 0.003510 0.003830
0 0.100819 0.472616 0.004290 0.003830
0 0.148401 0.446572 0.003510 0.003830
0 0.149376 0.445040 0.003900 0.003830
0 0.131240 0.430103 0.004290 0.003830
0 0.134165 0.432784 0.004680 0.003830
0 0.137871 0.434891 0.003510 0.003447
0 0.136310 0.435657 0.003510 0.003447
0 0.138846 0.438529 0.003900 0.003830
0 0.140406 0.437763 0.003900 0.003830
0 0.141771 0.436423 0.003510 0.003447
0 0.141576 0.433742 0.003900 0.003447
0 0.143526 0.432593 0.003900 0.003447
0 0.146256 0.436040 0.004680 0.004213
0 0.145476 0.437763 0.003900 0.003830
0 0.143721 0.439295 0.003510 0.003830
0 0.142941 0.440444 0.003510 0.003830
0 0.139431 0.429146 0.004290 0.004213
0 0.140796 0.422635 0.003900 0.004213
0 0.074103 0.389697 0.003900 0.004213
0 0.077223 0.386250 0.003900 0.004213
0 0.079953 0.939487 0.004680 0.003830
0 0.108619 0.647262 0.004290 0.003830
0 0.054797 0.687285 0.004290 0.004979
0 0.081318 0.674837 0.004290 0.003830
0 0.073518 0.671965 0.004290 0.004213
0 0.109594 0.653198 0.004680 0.004213
0 0.104914 0.657411 0.003900 0.004213
0 0.101599 0.660283 0.004290 0.003830
0 0.097894 0.656070 0.003900 0.003830
0 0.129095 0.603026 0.004680 0.004213
0 0.154251 0.604175 0.004290 0.003447
0 0.150156 0.600153 0.003900 0.003830
0 0.145281 0.595557 0.004290 0.004596
0 0.132410 0.621218 0.004290 0.003830
0 0.130265 0.619303 0.003900 0.003830
0 0.128705 0.617388 0.004680 0.004596
0 0.064548 0.684795 0.003510 0.003830
0 0.034711 0.726350 0.003900 0.004213
0 0.049922 0.744925 0.003900 0.003830
0 0.056552 0.752777 0.003900 0.004213
0 0.060062 0.756415 0.003900 0.004596
0 0.071178 0.763501 0.005070 0.004213
0 0.076833 0.762352 0.004680 0.004213
0 0.058307 0.764650 0.004290 0.002681
0 0.075078 0.774607 0.003510 0.004213
0 0.082098 0.783608 0.004290 0.004596
0 0.026326 0.907315 0.003510 0.004596
0 0.037637 0.938912 0.002730 0.004979
0 0.072933 0.992532 0.003900 0.004213
0 0.074493 0.994064 0.004680 0.004213
0 0.076833 0.965530 0.003900 0.003830
0 0.102574 0.965530 0.004680 0.004596
0 0.107059 0.970892 0.004290 0.004596
0 0.125975 0.612792 0.004680 0.003830
0 0.120320 0.608771 0.004290 0.004213
0 0.078588 0.384336 0.004290 0.004213
0 0.100234 0.363845 0.003900 0.003830
0 0.099064 0.378591 0.003900 0.003447
0 0.096919 0.379357 0.003510 0.004213
0 0.106279 0.358675 0.004290 0.004979
0 0.104524 0.359824 0.003900 0.004213
0 0.103159 0.360973 0.004290 0.004213
0 0.101794 0.362696 0.003900 0.003830
0 0.098479 0.364803 0.004290 0.004213
0 0.116615 0.604366 0.004680 0.004596
0 0.096919 0.366526 0.004290 0.003830
0 0.094189 0.369782 0.004290 0.004213
0 0.091069 0.372846 0.004290 0.004213
0 0.089704 0.374378 0.004680 0.004213
0 0.087949 0.375527 0.003510 0.004213
0 0.080538 0.383187 0.004290 0.004213
0 0.101014 0.376293 0.003900 0.004213
0 0.105889 0.372271 0.005070 0.004596
0 0.095944 0.385484 0.003900 0.004213
0 0.097504 0.383761 0.003900 0.004596
0 0.099454 0.382612 0.003900 0.003830
0 0.102964 0.381080 0.003900 0.003830
0 0.104719 0.379931 0.004290 0.004596
0 0.106279 0.378399 0.004290 0.004596
0 0.107644 0.376867 0.004680 0.004596
0 0.110569 0.374569 0.004290 0.004596
0 0.111934 0.373037 0.004680 0.004596
0 0.112910 0.369590 0.004290 0.003830
0 0.106084 0.384144 0.003900 0.003830
0 0.109399 0.381272 0.004290 0.003447
0 0.117395 0.376293 0.003900 0.004213
0 0.170242 0.365760 0.005070 0.004596
0 0.109984 0.596515 0.004680 0.004213
0 0.498830 0.757947 0.003900 0.003064
0 0.485764 0.777288 0.002730 0.004213
0 0.484984 0.781693 0.002730 0.003830
0 0.775156 0.708349 0.001950 0.004213
0 0.778276 0.812332 0.004290 0.002298
0 0.804602 0.919763 0.004680 0.002681
0 0.791147 0.916507 0.004290 0.002298
0 0.783541 0.709690 0.001560 0.003830
0 0.781201 0.709690 0.001560 0.003830
0 0.778666 0.709498 0.001950 0.004213
0 0.772816 0.708158 0.001950 0.003830
0 0.778861 0.807354 0.004680 0.002298
0 0.774376 0.711988 0.004290 0.002298
0 0.773596 0.713903 0.005070 0.002298
0 0.773596 0.716584 0.004290 0.002298
0 0.781396 0.714860 0.001950 0.004213
0 0.786076 0.710073 0.001950 0.003830
0 0.788027 0.710264 0.001950 0.004213
0 0.778471 0.809268 0.004680 0.002298
0 0.779251 0.805247 0.004680 0.002681
0 0.756045 0.711988 0.004290 0.002298
0 0.773011 0.789353 0.003120 0.004596
0 0.783346 0.773075 0.003510 0.004213
0 0.790952 0.768480 0.004680 0.004213
0 0.791537 0.771735 0.004290 0.003064
0 0.790757 0.774990 0.004290 0.003447
0 0.790172 0.778246 0.004680 0.003830
0 0.790367 0.782842 0.004290 0.003830
0 0.776326 0.789544 0.003510 0.004979
0 0.782956 0.798928 0.004290 0.002298
0 0.778861 0.788395 0.003120 0.004979
0 0.780031 0.785906 0.003120 0.004596
0 0.782956 0.786480 0.001950 0.004213
0 0.785101 0.786863 0.002340 0.004213
0 0.787246 0.787246 0.001950 0.004213
0 0.753705 0.799311 0.004290 0.002298
0 0.790367 0.710264 0.001950 0.004213
0 0.793487 0.711605 0.003510 0.003830
0 0.792902 0.714669 0.004680 0.003830
0 0.768916 0.716775 0.003510 0.001915
0 0.772621 0.726733 0.003900 0.001915
0 0.773596 0.719265 0.004290 0.002298
0 0.773401 0.721563 0.004680 0.002298
0 0.768721 0.723478 0.003900 0.002298
0 0.768721 0.721180 0.003900 0.002298
0 0.768916 0.718882 0.004290 0.002298
0 0.768331 0.712945 0.003900 0.001915
0 0.792317 0.717541 0.004290 0.003447
0 0.768331 0.711030 0.003900 0.001915
0 0.767941 0.707392 0.001560 0.003830
0 0.756240 0.705860 0.003900 0.002298
0 0.760530 0.708158 0.004680 0.002298
0 0.760725 0.706051 0.005070 0.002681
0 0.756435 0.710073 0.004290 0.002298
0 0.772816 0.729223 0.004290 0.002298
0 0.772036 0.732861 0.004290 0.004213
0 0.778276 0.734967 0.002730 0.003830
0 0.781396 0.735925 0.002730 0.004213
0 0.784321 0.735925 0.003120 0.004213
0 0.788027 0.737457 0.003510 0.004213
0 0.790952 0.737265 0.003900 0.003830
0 0.791342 0.733052 0.004680 0.003830
0 0.786661 0.731520 0.004680 0.002298
0 0.792122 0.730180 0.003900 0.003447
0 0.786856 0.727882 0.004290 0.001915
0 0.792512 0.727499 0.004680 0.003447
0 0.792122 0.723669 0.004680 0.004213
0 0.792707 0.720988 0.004290 0.003447
0 0.787051 0.722903 0.003900 0.001915
0 0.787637 0.720222 0.004290 0.001915
0 0.787832 0.717541 0.003900 0.001915
0 0.779641 0.775948 0.003900 0.004596
0 0.738885 0.797779 0.004290 0.005362
0 0.733229 0.797204 0.003120 0.004979
0 0.684282 0.834163 0.002730 0.004596
0 0.661271 0.830716 0.003510 0.004596
0 0.666732 0.832248 0.001950 0.003830
0 0.673167 0.833589 0.002340 0.004979
0 0.677847 0.833972 0.002340 0.004213
0 0.679797 0.834546 0.002340 0.003830
0 0.681942 0.834546 0.001950 0.003830
0 0.705538 0.809268 0.004680 0.003064
0 0.694228 0.821524 0.004680 0.002298
0 0.717434 0.813864 0.005070 0.003064
0 0.717434 0.816354 0.004290 0.001915
0 0.717044 0.819226 0.004290 0.002298
0 0.710023 0.813864 0.004290 0.002298
0 0.704953 0.816545 0.004290 0.002298
0 0.708073 0.821141 0.005070 0.002298
0 0.658541 0.831674 0.002730 0.004979
0 0.656006 0.832823 0.001560 0.004213
0 0.653861 0.832248 0.002730 0.004596
0 0.651326 0.831291 0.003120 0.004213
0 0.647621 0.829567 0.001950 0.003830
0 0.645476 0.829950 0.002340 0.004596
0 0.655421 0.820758 0.001950 0.003830
0 0.653081 0.820950 0.001950 0.003447
0 0.650741 0.820567 0.001950 0.003447
0 0.648011 0.820758 0.002730 0.003830
0 0.645281 0.819035 0.001950 0.004213
0 0.642941 0.818269 0.001950 0.003447
0 0.640601 0.817886 0.001950 0.004979
0 0.649181 0.816928 0.001950 0.003830
0 0.651716 0.816928 0.002340 0.003830
0 0.654446 0.816354 0.002340 0.004213
0 0.633580 0.804098 0.002730 0.004213
0 0.703198 0.822290 0.004680 0.002298
0 0.694423 0.818843 0.005070 0.002298
0 0.730694 0.797779 0.003510 0.004596
0 0.695593 0.795098 0.002730 0.004596
0 0.675312 0.792034 0.003510 0.005362
0 0.677847 0.791651 0.003120 0.004596
0 0.680382 0.791651 0.002730 0.004596
0 0.682917 0.792034 0.003120 0.003830
0 0.685842 0.792225 0.002730 0.004213
0 0.688573 0.792417 0.003510 0.004596
0 0.697933 0.794715 0.002730 0.004596
0 0.694813 0.816928 0.004290 0.002298
0 0.700468 0.795098 0.002340 0.004596
0 0.705928 0.793183 0.003120 0.004596
0 0.709438 0.792800 0.003120 0.004596
0 0.712559 0.793374 0.003120 0.004979
0 0.723284 0.796630 0.004290 0.003064
0 0.728159 0.797779 0.003120 0.003830
0 0.669267 0.792034 0.003900 0.002298
0 0.669267 0.789161 0.005460 0.003447
0 0.669267 0.786480 0.003900 0.002681
0 0.666147 0.796630 0.003900 0.002298
0 0.665757 0.799502 0.003900 0.002681
0 0.665367 0.803715 0.004680 0.002681
0 0.660491 0.808502 0.005850 0.004596
0 0.663612 0.811758 0.004290 0.001915
0 0.663612 0.815588 0.003510 0.002681
0 0.662441 0.819418 0.004290 0.001915
0 0.673557 0.823822 0.004680 0.002298
0 0.681357 0.823056 0.003120 0.003830
0 0.684087 0.823631 0.003900 0.004213
0 0.696958 0.804673 0.004680 0.002298
0 0.696178 0.806588 0.004680 0.002298
0 0.695398 0.809843 0.004680 0.001915
0 0.695398 0.812332 0.003900 0.002298
0 0.760920 0.712179 0.003900 0.001915
0 0.756045 0.714094 0.004290 0.001915
0 0.670437 0.937572 0.003120 0.003830
0 0.771646 0.974914 0.001950 0.003447
0 0.787832 0.970126 0.002340 0.005362
0 0.778861 0.972999 0.002340 0.004213
0 0.777106 0.971850 0.001950 0.004213
0 0.774571 0.971467 0.002340 0.004213
0 0.770671 0.970318 0.002340 0.004213
0 0.770281 0.974722 0.002340 0.003830
0 0.773596 0.975297 0.002730 0.004213
0 0.784126 0.966679 0.002730 0.004596
0 0.775936 0.976063 0.002730 0.004213
0 0.777691 0.976637 0.002340 0.003830
0 0.787246 0.979318 0.001950 0.003830
0 0.785296 0.978552 0.001950 0.003830
0 0.758385 0.950977 0.004290 0.002298
0 0.754485 0.950785 0.003510 0.001915
0 0.788612 0.965147 0.002340 0.004596
0 0.781981 0.967062 0.003120 0.004596
0 0.755655 0.716009 0.004290 0.001915
0 0.773791 0.963424 0.002340 0.004213
4 0.765796 0.960552 0.007410 0.003830
4 0.760140 0.957679 0.008580 0.002681
0 0.787637 0.960169 0.002730 0.004596
0 0.774181 0.959594 0.002340 0.004213
0 0.771841 0.959211 0.002340 0.004213
0 0.771646 0.963424 0.002730 0.004213
0 0.776521 0.959211 0.002340 0.004213
0 0.782761 0.962658 0.002340 0.004213
0 0.775936 0.963232 0.002730 0.003830
0 0.778861 0.959211 0.002340 0.004213
0 0.777886 0.963424 0.002730 0.004213
0 0.781006 0.959786 0.002730 0.003830
0 0.780226 0.963998 0.002730 0.004596
0 0.784906 0.962658 0.002730 0.004213
0 0.747270 0.936231 0.002340 0.004213
0 0.749415 0.936231 0.001950 0.004213
0 0.747465 0.940061 0.001950 0.003447
0 0.679602 0.938146 0.005070 0.002681
0 0.713144 0.968020 0.004290 0.001915
0 0.706123 0.919763 0.003510 0.004979
0 0.676482 0.929146 0.005070 0.003830
0 0.677262 0.931061 0.005070 0.003064
0 0.678432 0.934891 0.005070 0.003064
0 0.679212 0.936423 0.005070 0.003064
0 0.680382 0.940253 0.005070 0.003064
0 0.745515 0.941593 0.001950 0.003447
0 0.680967 0.942168 0.004680 0.003064
0 0.682917 0.944657 0.004680 0.003447
0 0.680382 0.947530 0.002730 0.003830
0 0.675312 0.943700 0.002730 0.004596
0 0.675117 0.935274 0.003120 0.003830
0 0.673752 0.931635 0.003510 0.004213
0 0.751170 0.954615 0.004680 0.001915
0 0.755460 0.954998 0.003900 0.001915
0 0.753120 0.960935 0.002340 0.003830
0 0.762871 0.951168 0.004680 0.001915
0 0.735179 0.952126 0.005460 0.002298
0 0.740055 0.950211 0.004290 0.002298
0 0.736349 0.949828 0.003900 0.002298
0 0.737129 0.948104 0.004680 0.002681
0 0.741420 0.945232 0.002340 0.003830
0 0.741420 0.948104 0.004680 0.001915
0 0.743760 0.945232 0.002340 0.003830
0 0.745320 0.945232 0.002340 0.003830
0 0.747270 0.943700 0.002340 0.003830
0 0.749415 0.943700 0.001950 0.003830
0 0.750780 0.946189 0.002340 0.003447
0 0.750780 0.949636 0.003900 0.001915
0 0.749220 0.939870 0.002340 0.003830
4 0.765016 0.963615 0.009750 0.004596
4 0.764236 0.966488 0.008970 0.004979
4 0.764821 0.969552 0.008580 0.004213
0 0.801287 0.705860 0.004290 0.003830
0 0.748050 0.705477 0.003900 0.002298
0 0.798362 0.737648 0.002340 0.003830
0 0.798947 0.734010 0.004290 0.004213
0 0.800117 0.724244 0.004290 0.004596
0 0.800897 0.717924 0.004290 0.004213
0 0.800702 0.712179 0.003900 0.003447
0 0.801287 0.700881 0.004290 0.003830
0 0.602379 0.606473 0.004290 0.002681
0 0.801482 0.697242 0.004680 0.004213
0 0.801872 0.694370 0.003900 0.003830
0 0.801872 0.691306 0.003900 0.003064
0 0.802262 0.688625 0.004680 0.003830
0 0.748440 0.697625 0.004680 0.001915
0 0.772426 0.701455 0.005070 0.002681
0 0.747465 0.709307 0.004290 0.001532
0 0.746880 0.711413 0.003900 0.001915
0 0.748050 0.713328 0.004680 0.001915
0 0.747660 0.715626 0.004680 0.002681
0 0.747660 0.717733 0.003900 0.002298
0 0.746685 0.721563 0.004290 0.002298
0 0.746490 0.725776 0.003900 0.002298
0 0.740445 0.729414 0.005070 0.002681
0 0.759360 0.728840 0.004680 0.002298
0 0.759165 0.730563 0.004290 0.001915
0 0.762285 0.734776 0.004290 0.002681
0 0.754875 0.724052 0.003510 0.001915
0 0.759360 0.726733 0.003900 0.001915
0 0.759165 0.724435 0.003510 0.001915
0 0.759360 0.722520 0.003900 0.001915
0 0.759360 0.718499 0.003900 0.002298
0 0.759750 0.716201 0.003900 0.002298
0 0.594189 0.633282 0.001950 0.004213
0 0.743955 0.610494 0.005070 0.002298
4 0.762480 0.971850 0.007800 0.004213
0 0.974454 0.786480 0.001950 0.004213
0 0.972699 0.786289 0.002340 0.004596
0 0.970749 0.786097 0.001560 0.004213
0 0.968409 0.785523 0.002340 0.004596
0 0.966264 0.785523 0.001950 0.003830
0 0.963729 0.785714 0.001560 0.003447
0 0.756240 0.609537 0.004680 0.002681
4 0.724454 0.967062 0.007410 0.004596
4 0.726014 0.964381 0.006630 0.003064
4 0.733619 0.962275 0.005460 0.002681
4 0.756240 0.965530 0.007020 0.003830
4 0.759360 0.973765 0.008580 0.004213
0 0.976989 0.786672 0.002340 0.004596
0 0.979719 0.786863 0.002340 0.004213
0 0.982449 0.787246 0.002340 0.004213
0 0.985959 0.787629 0.002340 0.004213
0 0.988495 0.787821 0.002730 0.004596
0 0.990640 0.788012 0.002340 0.004213
0 0.914392 0.704136 0.004290 0.001915
0 0.976404 0.686902 0.001950 0.004213
0 0.983034 0.686902 0.001950 0.004213
0 0.987324 0.687476 0.001950 0.004596
0 0.989665 0.687285 0.001950 0.004213
1 0.997270 0.688434 0.002340 0.005745
0 0.975429 0.642857 0.004680 0.002681
0 0.832878 0.621026 0.004290 0.002681
0 0.819033 0.621218 0.004680 0.003064
0 0.754875 0.634623 0.005070 0.002298
0 0.760920 0.613558 0.004680 0.002298
0 0.630655 0.803715 0.002340 0.004213
0 0.628315 0.803332 0.002340 0.004213
0 0.626170 0.802949 0.002730 0.004213
0 0.571568 0.367867 0.004290 0.001915
0 0.528471 0.262926 0.003900 0.004213
0 0.533541 0.266373 0.003900 0.004213
0 0.535881 0.267331 0.003900 0.004596
0 0.578198 0.287629 0.001950 0.003830
0 0.491420 0.361930 0.003900 0.004596
0 0.571763 0.365760 0.004680 0.002298
0 0.577028 0.369973 0.004290 0.002298
0 0.533736 0.251436 0.003510 0.004213
0 0.571568 0.370548 0.004290 0.002681
0 0.576638 0.372271 0.004290 0.002298
0 0.571763 0.372846 0.003900 0.001915
0 0.570593 0.375144 0.004680 0.001915
0 0.575663 0.375910 0.003900 0.001915
0 0.570788 0.377250 0.003510 0.002298
0 0.511505 0.257756 0.004290 0.004596
0 0.531591 0.249330 0.003120 0.003830
0 0.664197 0.789927 0.004680 0.003447
0 0.482449 0.221946 0.003900 0.004213
0 0.473089 0.189774 0.003120 0.003447
0 0.455928 0.207583 0.003120 0.004596
0 0.473479 0.212945 0.003900 0.004596
0 0.472114 0.215435 0.004290 0.004213
0 0.469189 0.217350 0.003900 0.004213
0 0.480109 0.220414 0.003120 0.004213
0 0.484009 0.226925 0.004680 0.002681
0 0.528276 0.246840 0.003510 0.004213
0 0.523986 0.210839 0.004290 0.004979
0 0.496490 0.241670 0.004680 0.004596
0 0.503120 0.249330 0.004680 0.004596
0 0.521841 0.242436 0.003900 0.003830
0 0.524376 0.243968 0.004290 0.004596
0 0.526521 0.245500 0.003900 0.004596
0 0.570203 0.379357 0.003900 0.001915
0 0.570593 0.381463 0.003900 0.002298
0 0.569423 0.383953 0.003900 0.001915
0 0.543292 0.386059 0.003900 0.002298
0 0.539197 0.381080 0.004290 0.002298
0 0.539392 0.376676 0.004680 0.002681
0 0.544852 0.377059 0.004680 0.002681
0 0.544657 0.378782 0.004290 0.002298
0 0.544852 0.381655 0.004680 0.002681
0 0.543682 0.383761 0.003900 0.001532
0 0.543097 0.388740 0.004290 0.002298
0 0.560842 0.369973 0.003900 0.002298
0 0.528666 0.382995 0.004290 0.002298
0 0.538222 0.393336 0.003900 0.002298
0 0.558892 0.387016 0.003900 0.001915
0 0.554017 0.388548 0.005070 0.002681
0 0.553822 0.391038 0.003900 0.002298
0 0.558697 0.391804 0.004290 0.002298
0 0.539392 0.383187 0.003900 0.001915
0 0.528666 0.379931 0.004290 0.002298
0 0.528081 0.377633 0.004680 0.002298
0 0.528276 0.375144 0.005070 0.001915
0 0.554407 0.384718 0.003510 0.001915
0 0.554797 0.381655 0.004290 0.001915
0 0.555187 0.379740 0.004290 0.001915
0 0.555187 0.377250 0.004290 0.002298
0 0.560062 0.377633 0.003900 0.002298
0 0.559672 0.380123 0.003900 0.001915
0 0.559477 0.382229 0.004290 0.002298
0 0.559087 0.384527 0.004290 0.002298
0 0.569228 0.386250 0.004290 0.001915
0 0.555772 0.374952 0.003900 0.002298
0 0.560647 0.374378 0.004290 0.002681
0 0.555772 0.373037 0.003900 0.002298
0 0.561037 0.371888 0.004290 0.002298
0 0.474259 0.188242 0.003120 0.003447
0 0.475624 0.186519 0.003510 0.003064
0 0.477964 0.183263 0.004290 0.003447
0 0.562988 0.012256 0.004290 0.003830
0 0.569618 0.035619 0.004290 0.003830
0 0.568643 0.037917 0.004680 0.003830
0 0.567278 0.039448 0.004290 0.003830
0 0.565913 0.040789 0.004680 0.004213
0 0.570008 0.002298 0.004290 0.003830
0 0.565328 0.009000 0.005070 0.004213
0 0.561427 0.013979 0.004290 0.004213
0 0.551872 0.027193 0.003900 0.003830
0 0.560452 0.015894 0.004680 0.004213
0 0.559087 0.017235 0.004290 0.003830
0 0.557722 0.018958 0.004680 0.004213
0 0.556747 0.020682 0.005070 0.003830
0 0.555382 0.022214 0.004680 0.003830
0 0.554017 0.023937 0.004290 0.003447
0 0.571373 0.034470 0.003900 0.003830
0 0.571958 0.032555 0.004290 0.003830
0 0.573323 0.030831 0.004680 0.004213
0 0.574883 0.029108 0.004680 0.004596
0 0.576053 0.027767 0.004680 0.004213
0 0.577223 0.026044 0.003900 0.003830
0 0.578393 0.024320 0.004680 0.004213
0 0.580343 0.022597 0.004680 0.004596
0 0.581708 0.020873 0.005070 0.004213
0 0.583658 0.017618 0.004290 0.003830
0 0.584828 0.015894 0.004290 0.004213
0 0.586193 0.014362 0.004680 0.004213
0 0.587559 0.012639 0.005070 0.004596
0 0.588924 0.011107 0.004680 0.004596
0 0.552847 0.025469 0.004290 0.003447
0 0.550507 0.029108 0.004290 0.003830
0 0.479329 0.181540 0.003900 0.003064
0 0.487910 0.170050 0.004680 0.003830
0 0.571958 0.077556 0.004290 0.004213
0 0.544852 0.069131 0.004680 0.004979
0 0.543097 0.067599 0.004290 0.004979
0 0.537832 0.064152 0.003900 0.004213
0 0.501365 0.169092 0.004290 0.004213
0 0.489470 0.168135 0.004680 0.003830
0 0.497075 0.175603 0.004290 0.003447
0 0.549337 0.030640 0.004290 0.003830
0 0.495515 0.177518 0.004290 0.004213
0 0.491615 0.182689 0.005070 0.003830
0 0.484789 0.188817 0.003900 0.003830
0 0.482839 0.176369 0.003900 0.003447
0 0.481864 0.178284 0.004290 0.003447
0 0.480499 0.180008 0.004680 0.003830
0 0.573128 0.075259 0.005070 0.004979
0 0.575078 0.073918 0.004290 0.003830
0 0.576443 0.072386 0.004680 0.004596
0 0.575663 0.064535 0.003900 0.004213
0 0.573713 0.063386 0.003900 0.004213
0 0.571958 0.062428 0.004290 0.004596
0 0.570203 0.061279 0.003900 0.004596
0 0.567083 0.050555 0.004680 0.005362
0 0.536271 0.048257 0.003900 0.003830
0 0.537832 0.046151 0.003900 0.003447
0 0.540367 0.042512 0.004290 0.003830
0 0.541537 0.040789 0.004290 0.003447
0 0.543097 0.039065 0.004290 0.003830
0 0.544267 0.037534 0.004290 0.003830
0 0.545632 0.035810 0.003900 0.003447
0 0.546802 0.034087 0.003900 0.003830
0 0.547972 0.032363 0.004680 0.004213
0 0.558892 0.394102 0.004680 0.002298
0 0.558112 0.396400 0.005460 0.002298
0 0.552457 0.398698 0.004290 0.002298
0 0.598674 0.680199 0.002340 0.003830
0 0.598089 0.691306 0.002730 0.003830
0 0.593409 0.691689 0.002730 0.004596
0 0.611739 0.677518 0.002730 0.004596
0 0.602964 0.676561 0.002340 0.004213
0 0.596919 0.675603 0.001950 0.004596
0 0.596529 0.679625 0.002730 0.004213
0 0.601794 0.681157 0.003120 0.004979
0 0.613690 0.668326 0.001950 0.003830
0 0.604524 0.681923 0.001560 0.004213
0 0.606279 0.681731 0.001950 0.003830
0 0.608619 0.682306 0.001950 0.004213
0 0.612715 0.683072 0.002340 0.003447
0 0.615250 0.683455 0.001950 0.004213
0 0.629095 0.674837 0.004680 0.002298
0 0.601989 0.691498 0.001950 0.004213
0 0.604134 0.692072 0.002340 0.003830
0 0.606084 0.692455 0.002340 0.003830
0 0.608229 0.693029 0.002730 0.004213
0 0.604329 0.648219 0.001950 0.004213
0 0.607059 0.649177 0.002730 0.004596
0 0.599454 0.661624 0.002340 0.004213
1 0.664002 0.472616 0.013651 0.010724
1 0.834828 0.571429 0.005850 0.003064
1 0.880460 0.578514 0.006630 0.004213
1 0.887871 0.579471 0.006630 0.003830
1 0.874610 0.572386 0.005070 0.004213
1 0.871490 0.571046 0.005850 0.004596
1 0.882410 0.576791 0.005070 0.003064
0 0.865055 0.578131 0.003900 0.004979
0 0.867395 0.578131 0.003900 0.004979
0 0.869735 0.578322 0.003900 0.004596
0 0.614860 0.672731 0.005070 0.003447
0 0.608814 0.667369 0.002340 0.004213
0 0.874025 0.579280 0.003120 0.004213
0 0.618175 0.781501 0.003900 0.004213
0 0.644306 0.770011 0.002340 0.004213
0 0.634555 0.769245 0.002340 0.004979
0 0.613300 0.793757 0.004290 0.004213
0 0.613495 0.789544 0.004680 0.004979
0 0.614470 0.786672 0.004290 0.004596
0 0.615640 0.783608 0.004290 0.004596
0 0.623245 0.780735 0.002340 0.004213
0 0.605109 0.667177 0.001950 0.003830
0 0.630460 0.781501 0.002730 0.004213
0 0.637480 0.782459 0.001950 0.003830
0 0.643136 0.783608 0.003120 0.003830
0 0.645281 0.783225 0.002730 0.003830
0 0.647816 0.784182 0.003120 0.004213
0 0.650741 0.784182 0.002730 0.004213
0 0.652886 0.766373 0.004680 0.002298
0 0.648011 0.778629 0.004290 0.003064
0 0.661856 0.767139 0.002340 0.004596
0 0.690523 0.775565 0.001950 0.004596
0 0.697738 0.776139 0.003120 0.004979
0 0.653471 0.764650 0.004290 0.002681
0 0.653666 0.762543 0.004680 0.002298
0 0.654836 0.746074 0.004680 0.003830
0 0.657371 0.731903 0.004290 0.002298
0 0.662246 0.708924 0.003900 0.003830
0 0.671607 0.699732 0.002340 0.003830
0 0.671607 0.681731 0.002340 0.003830
0 0.584243 0.656836 0.003900 0.002298
0 0.585218 0.652432 0.004290 0.002681
0 0.592434 0.665071 0.002340 0.004213
0 0.596724 0.665645 0.002340 0.003830
0 0.601014 0.666603 0.002340 0.004213
0 0.872075 0.578514 0.003900 0.004979
0 0.841459 0.509575 0.004290 0.001915
0 0.552652 0.401953 0.003900 0.001915
0 0.566498 0.414784 0.004290 0.001532
0 0.584048 0.396400 0.004290 0.002298
0 0.568643 0.396974 0.004680 0.002681
0 0.573713 0.397357 0.003900 0.001915
0 0.573713 0.398889 0.003900 0.001915
0 0.568643 0.401570 0.004680 0.001915
0 0.565913 0.421678 0.004680 0.002298
0 0.583268 0.411720 0.004290 0.002298
1 0.781786 0.095366 0.012871 0.010724
0 0.530616 0.446764 0.002730 0.004213
1 0.592239 0.295864 0.010530 0.012639
1 0.596919 0.415358 0.008190 0.014171
0 0.686622 0.134048 0.004290 0.004596
0 0.636895 0.022022 0.002340 0.004979
1 0.830538 0.020682 0.008970 0.012256
0 0.584243 0.394293 0.003900 0.001915
0 0.584633 0.391421 0.004680 0.002298
0 0.585218 0.386442 0.005070 0.002298
0 0.585218 0.384144 0.004290 0.002298
0 0.586193 0.382229 0.004680 0.002298
0 0.586583 0.380123 0.004680 0.002681
0 0.586583 0.375910 0.004680 0.002681
0 0.573713 0.395059 0.004680 0.002681
0 0.569228 0.394102 0.003510 0.002298
0 0.574298 0.391229 0.004290 0.001915
0 0.574688 0.388740 0.004290 0.002298
0 0.574883 0.386442 0.004680 0.002298
0 0.574883 0.384527 0.004680 0.002298
0 0.575468 0.381655 0.004290 0.001915
0 0.576053 0.378974 0.004680 0.002681
0 0.541147 0.408464 0.004290 0.001915
0 0.542122 0.400996 0.004680 0.002298
1 0.823908 0.007277 0.008970 0.013022
1 0.807527 0.119494 0.011310 0.011490
0 0.841459 0.507660 0.004290 0.002681
0 0.825273 0.500383 0.002340 0.004213
0 0.842239 0.413826 0.005070 0.002681
0 0.830733 0.405592 0.002340 0.003830
0 0.830733 0.410188 0.002340 0.004596
0 0.842044 0.416507 0.004680 0.001915
0 0.844189 0.471084 0.004290 0.002298
0 0.843214 0.472999 0.004680 0.002298
0 0.842824 0.491191 0.003900 0.001915
0 0.854914 0.172539 0.002340 0.004213
0 0.842824 0.493489 0.003900 0.001915
0 0.842629 0.495213 0.005070 0.001532
0 0.842434 0.497319 0.004680 0.001915
0 0.842044 0.499426 0.004680 0.002298
0 0.841849 0.501340 0.005070 0.001532
0 0.842239 0.503830 0.004290 0.001915
0 0.843604 0.401762 0.004680 0.002298
0 0.843604 0.399081 0.005460 0.002298
0 0.844579 0.390655 0.005070 0.002298
0 0.850624 0.373420 0.003900 0.002298
0 0.850624 0.371314 0.003900 0.001915
0 0.953393 0.329950 0.003510 0.002681
0 0.953003 0.318652 0.001950 0.003830
0 0.840289 0.287055 0.001950 0.004213
1 0.955538 0.332823 0.005460 0.002298
1 0.955148 0.337993 0.005460 0.001915
1 0.955148 0.340866 0.005460 0.002298
1 0.869930 0.199732 0.004290 0.010341
0 0.846919 0.172731 0.001950 0.003830
0 0.848284 0.183072 0.001560 0.003830
0 0.852379 0.183455 0.001950 0.004596
0 0.854914 0.183646 0.002340 0.004213
0 0.857059 0.184604 0.001950 0.004596
0 0.668877 0.934316 0.002340 0.004213
0 0.671412 0.941976 0.001950 0.004213
0 0.489665 0.783225 0.002730 0.004596
0 0.436817 0.312715 0.003900 0.001915
0 0.440718 0.323631 0.001560 0.004596
0 0.438573 0.321524 0.001950 0.004213
0 0.436622 0.319035 0.001950 0.004596
0 0.434867 0.316737 0.001560 0.004596
0 0.432332 0.315588 0.001950 0.004596
0 0.430382 0.313673 0.001950 0.004596
0 0.435647 0.310226 0.004680 0.001532
0 0.444618 0.328035 0.002340 0.004979
0 0.433502 0.307545 0.004290 0.002298
0 0.432917 0.305056 0.004680 0.002681
0 0.417902 0.302949 0.004290 0.003064
0 0.419462 0.300843 0.004290 0.001915
0 0.419267 0.298353 0.004680 0.002298
0 0.417512 0.297013 0.005070 0.003447
0 0.442668 0.325546 0.002340 0.004596
0 0.446568 0.330142 0.002340 0.004596
0 0.362520 0.317120 0.004290 0.004596
0 0.466459 0.367867 0.004680 0.003447
0 0.459633 0.351589 0.003510 0.002298
0 0.459243 0.348717 0.004290 0.003447
0 0.458463 0.347185 0.004290 0.003447
0 0.457488 0.345079 0.003900 0.003064
0 0.456123 0.343355 0.004290 0.003447
0 0.454563 0.342015 0.005070 0.003830
0 0.462363 0.370165 0.004290 0.002681
0 0.448128 0.333397 0.003120 0.004213
0 0.457488 0.358675 0.004680 0.002681
0 0.432332 0.357909 0.004290 0.004213
0 0.428627 0.346610 0.004680 0.004596
0 0.453198 0.338568 0.003900 0.004596
0 0.451833 0.336844 0.003510 0.004979
0 0.450273 0.335121 0.003510 0.004596
0 0.416147 0.295481 0.004680 0.002681
0 0.414977 0.293757 0.004680 0.003064
0 0.412832 0.292225 0.005850 0.003064
0 0.387871 0.279012 0.004290 0.004213
0 0.401326 0.290310 0.002340 0.004596
0 0.400156 0.288778 0.002340 0.004596
0 0.398011 0.286863 0.002730 0.005362
0 0.396061 0.286289 0.002730 0.004979
0 0.391576 0.279969 0.004680 0.004596
0 0.388261 0.276331 0.004290 0.004213
0 0.389236 0.284182 0.004680 0.004596
0 0.410881 0.290502 0.005070 0.002681
0 0.386115 0.281118 0.003900 0.003830
0 0.385140 0.276331 0.004290 0.003447
0 0.383190 0.277671 0.004290 0.003830
0 0.403666 0.329759 0.004680 0.004596
0 0.402106 0.331099 0.003900 0.004213
0 0.400351 0.332631 0.004290 0.004213
0 0.402886 0.291651 0.003120 0.004979
0 0.404641 0.293566 0.003510 0.004979
0 0.407371 0.296438 0.002730 0.004596
0 0.409126 0.297970 0.003120 0.004596
0 0.410686 0.299885 0.003120 0.005362
0 0.412441 0.301417 0.002730 0.004596
0 0.413807 0.303141 0.003120 0.004979
0 0.394306 0.273841 0.004680 0.003830
0 0.395866 0.275565 0.003900 0.002681
0 0.397816 0.277288 0.004680 0.003064
0 0.398986 0.278820 0.004680 0.003064
0 0.401131 0.280352 0.005070 0.003830
0 0.402886 0.282459 0.004680 0.002681
0 0.404446 0.283799 0.004680 0.003064
0 0.406201 0.285331 0.005070 0.003064
0 0.407566 0.287246 0.005460 0.002298
0 0.409126 0.288587 0.004680 0.002681
0 0.460803 0.354270 0.003510 0.002298
0 0.463144 0.347759 0.003510 0.002298
0 0.463534 0.350823 0.004290 0.002298
0 0.487324 0.712945 0.004290 0.004213
0 0.492395 0.713711 0.004290 0.004213
0 0.490250 0.728074 0.004680 0.003830
0 0.490445 0.723095 0.004290 0.003830
0 0.490835 0.720414 0.004290 0.003830
0 0.492005 0.716201 0.004290 0.003830
0 0.487520 0.710264 0.004680 0.003447
0 0.486544 0.715052 0.004290 0.003830
1 0.522426 0.711796 0.003510 0.004979
0 0.486544 0.717733 0.004290 0.003830
0 0.486739 0.720414 0.003900 0.003064
0 0.486349 0.722712 0.003900 0.003830
0 0.485374 0.724627 0.004290 0.003830
0 0.484984 0.726733 0.004290 0.004213
0 0.485179 0.729797 0.003900 0.004213
0 0.492785 0.708732 0.004290 0.003447
0 0.493175 0.706434 0.004290 0.003447
0 0.502535 0.710456 0.005070 0.003064
0 0.503315 0.706051 0.004290 0.003447
0 0.501365 0.717733 0.004290 0.003064
0 0.500585 0.722712 0.003510 0.002298
0 0.500585 0.726733 0.004290 0.002681
0 0.499415 0.729223 0.004290 0.002298
0 0.499415 0.731520 0.004290 0.002298
0 0.498830 0.734393 0.004680 0.002681
0 0.509360 0.757181 0.001560 0.003830
0 0.516771 0.743776 0.003900 0.003830
0 0.522231 0.733627 0.003120 0.004979
0 0.526911 0.737265 0.002340 0.004596
0 0.523986 0.724435 0.001950 0.004213
0 0.528861 0.723861 0.002340 0.003830
0 0.484789 0.732478 0.004680 0.004213
1 0.520866 0.693795 0.014431 0.009575
0 0.464704 0.353504 0.004290 0.002298
0 0.437402 0.380314 0.004290 0.003064
0 0.483034 0.376676 0.004290 0.002681
0 0.482059 0.372846 0.003900 0.002681
0 0.484594 0.398123 0.005070 0.003447
0 0.403861 0.402719 0.002730 0.004979
0 0.398401 0.397549 0.002730 0.004596
0 0.427652 0.384336 0.004290 0.002681
0 0.468799 0.378782 0.003120 0.004596
0 0.512480 0.686327 0.004680 0.002298
0 0.464509 0.380314 0.002340 0.004596
0 0.461388 0.381655 0.002340 0.004213
0 0.470164 0.363654 0.004290 0.001915
0 0.468214 0.360973 0.005070 0.003447
0 0.467044 0.358292 0.003510 0.001915
0 0.466069 0.355802 0.003900 0.002298
0 0.484399 0.378399 0.004680 0.003064
0 0.485959 0.380889 0.003900 0.002681
0 0.495320 0.467062 0.003120 0.004213
0 0.497855 0.466488 0.003510 0.004596
0 0.500585 0.465530 0.004290 0.004213
0 0.503315 0.471658 0.005070 0.002681
0 0.503120 0.473956 0.004680 0.001915
1 0.500975 0.430103 0.006630 0.013788
0 0.431552 0.524703 0.004290 0.003064
0 0.458268 0.541938 0.005460 0.003830
0 0.473479 0.547108 0.004680 0.003447
0 0.546217 0.577939 0.001950 0.003830
0 0.540172 0.598238 0.002340 0.004596
0 0.546802 0.621218 0.003120 0.005362
0 0.483619 0.619303 0.003900 0.002298
0 0.500975 0.648219 0.004290 0.001915
0 0.494930 0.682880 0.004680 0.002298
0 0.399376 0.334163 0.003900 0.004213
0 0.360959 0.318460 0.004290 0.004979
0 0.669072 0.941785 0.002730 0.003830
0 0.300702 0.186519 0.003900 0.003830
0 0.284711 0.185561 0.003900 0.004213
0 0.282956 0.183646 0.004290 0.004213
0 0.280421 0.180965 0.004680 0.004213
0 0.304992 0.191115 0.003900 0.003830
0 0.303627 0.189391 0.004290 0.004213
0 0.302067 0.187859 0.004290 0.004213
0 0.298167 0.183455 0.004290 0.003064
0 0.287051 0.188817 0.004680 0.003830
0 0.295827 0.180391 0.004290 0.003830
1 0.444618 0.196859 0.007800 0.005362
1 0.439548 0.194944 0.014041 0.007660
1 0.436817 0.192455 0.014041 0.008043
1 0.432917 0.189583 0.014041 0.008426
1 0.324688 0.147453 0.010530 0.009192
0 0.285881 0.187476 0.004680 0.004213
0 0.288417 0.190349 0.004290 0.003830
0 0.359204 0.320184 0.004680 0.004596
0 0.316498 0.202796 0.004290 0.004213
0 0.328003 0.218116 0.003900 0.003447
0 0.326053 0.216775 0.004680 0.004596
0 0.324883 0.215052 0.004680 0.004979
0 0.321373 0.209881 0.003900 0.003830
0 0.320008 0.208349 0.004290 0.003830
0 0.317668 0.204711 0.004290 0.004213
0 0.313573 0.200115 0.004680 0.004213
0 0.289782 0.191881 0.004680 0.003830
0 0.310647 0.197242 0.004290 0.003830
0 0.309672 0.195519 0.004680 0.004213
0 0.308112 0.193795 0.003900 0.003830
0 0.295632 0.198583 0.004680 0.004213
0 0.293877 0.196859 0.004290 0.003830
0 0.292707 0.195327 0.004290 0.003830
1 0.436427 0.180008 0.013261 0.009958
1 0.370125 0.157985 0.004680 0.008809
1 0.351014 0.182689 0.010140 0.012256
0 0.500000 0.864994 0.003120 0.004213
1 0.512871 0.812332 0.003120 0.006128
0 0.515601 0.812332 0.002340 0.003830
0 0.514821 0.818843 0.001560 0.003830
0 0.510530 0.831674 0.003120 0.004979
0 0.508970 0.838185 0.002340 0.004213
0 0.504485 0.852164 0.002730 0.003830
0 0.495515 0.875910 0.003510 0.004596
1 0.353354 0.184412 0.010140 0.012639
0 0.485764 0.896783 0.003510 0.004213
0 0.496685 0.767522 0.001950 0.003830
0 0.494540 0.767139 0.002340 0.004596
0 0.492005 0.767139 0.001950 0.004596
0 0.489860 0.766182 0.002340 0.004213
0 0.487324 0.765990 0.001950 0.003830
1 0.517356 0.805056 0.002730 0.006128
1 0.463534 0.796055 0.004290 0.007277
1 0.513066 0.768480 0.004290 0.006511
1 0.534906 0.777671 0.004290 0.005745
1 0.531981 0.752011 0.005460 0.005745
1 0.421802 0.728457 0.008190 0.006894
1 0.407956 0.591727 0.010140 0.013022
1 0.550117 0.556109 0.013651 0.005362
1 0.447738 0.452700 0.008580 0.013788
1 0.458853 0.454041 0.006630 0.014171
1 0.466069 0.448487 0.008580 0.013788
1 0.445788 0.411720 0.007800 0.013788
1 0.443838 0.409039 0.007800 0.013788
1 0.442278 0.405209 0.007800 0.013788
1 0.414587 0.360781 0.011700 0.012256
1 0.484984 0.346227 0.009750 0.012256
1 0.370515 0.196476 0.010140 0.012256
0 0.332683 0.224052 0.003900 0.003830
1 0.311622 0.211030 0.007020 0.007660
1 0.382215 0.238031 0.012480 0.008043
0 0.335413 0.321141 0.003900 0.004213
0 0.339704 0.328418 0.003900 0.004213
0 0.338144 0.326503 0.003900 0.004213
0 0.335998 0.326120 0.004290 0.004213
0 0.335023 0.324397 0.004680 0.003830
0 0.332098 0.324397 0.004290 0.004596
0 0.330148 0.322865 0.004290 0.004596
0 0.342044 0.320184 0.003900 0.003830
0 0.352964 0.307354 0.003900 0.004213
0 0.344384 0.321333 0.003900 0.003830
0 0.349649 0.322290 0.004290 0.004213
0 0.351404 0.321141 0.003900 0.004213
0 0.353159 0.319801 0.004290 0.004596
0 0.356084 0.316928 0.003900 0.004213
0 0.357449 0.315396 0.003510 0.004213
0 0.341264 0.329759 0.003900 0.003830
0 0.337754 0.321907 0.003900 0.004213
0 0.339119 0.323439 0.003510 0.004213
0 0.341264 0.324014 0.003900 0.003830
0 0.342824 0.325546 0.003900 0.003830
0 0.344384 0.326695 0.003900 0.003830
0 0.346334 0.328035 0.003900 0.004213
0 0.348089 0.328801 0.004290 0.004213
0 0.349649 0.330142 0.004290 0.004596
0 0.351989 0.331674 0.004290 0.004596
0 0.353549 0.332631 0.004290 0.004979
0 0.358814 0.331865 0.003900 0.004979
0 0.360374 0.333206 0.003120 0.004596
0 0.363885 0.335695 0.003120 0.004979
0 0.354524 0.324397 0.003900 0.004596
0 0.356474 0.323056 0.003900 0.004213
0 0.357839 0.321716 0.004290 0.004596
0 0.359204 0.313673 0.003900 0.003830
0 0.351014 0.308311 0.003900 0.004596
0 0.396841 0.249904 0.003510 0.004979
0 0.369930 0.291842 0.004290 0.003830
0 0.370515 0.303332 0.004680 0.004596
0 0.367395 0.300460 0.003900 0.003447
0 0.376755 0.299311 0.003900 0.004213
0 0.375390 0.298162 0.004290 0.004979
0 0.372465 0.295289 0.004680 0.003830
0 0.371295 0.293757 0.003900 0.003830
0 0.367980 0.290310 0.004290 0.003830
0 0.347114 0.309843 0.003900 0.004596
0 0.377535 0.292225 0.002340 0.004596
0 0.373635 0.288587 0.003900 0.004979
0 0.381630 0.283416 0.004290 0.002298
0 0.380070 0.281501 0.005070 0.002298
1 0.258580 0.247798 0.005460 0.004596
1 0.265016 0.258330 0.007410 0.007277
0 0.362910 0.304673 0.003510 0.004213
0 0.366420 0.308311 0.004290 0.003830
0 0.364470 0.309460 0.004290 0.004596
0 0.353549 0.302375 0.001950 0.004213
0 0.350624 0.304098 0.001560 0.003830
0 0.348284 0.304864 0.001560 0.003830
0 0.344579 0.298545 0.004290 0.003447
0 0.345944 0.306013 0.002340 0.003830
0 0.337559 0.301800 0.005070 0.003064
0 0.336193 0.303715 0.004680 0.003064
0 0.335218 0.315779 0.004290 0.004213
0 0.332098 0.317694 0.004290 0.002681
0 0.337168 0.314630 0.004290 0.004213
0 0.339509 0.313864 0.004290 0.004213
0 0.340874 0.312715 0.003900 0.004213
0 0.343019 0.311758 0.004290 0.004596
0 0.345164 0.311183 0.003900 0.004979
0 0.530031 0.719456 0.002340 0.003447
0 0.530811 0.716584 0.002340 0.003830
0 0.525351 0.716009 0.002340 0.004213
0 0.564938 0.962466 0.003510 0.003830
0 0.571763 0.982191 0.002340 0.003447
0 0.560842 0.974339 0.003120 0.004596
0 0.569423 0.951168 0.003900 0.001915
0 0.569618 0.958062 0.003510 0.004213
0 0.568253 0.959403 0.003900 0.003830
0 0.566498 0.961126 0.003510 0.004213
0 0.563183 0.963615 0.003900 0.003830
0 0.589119 0.922061 0.001950 0.003447
0 0.561427 0.964956 0.003510 0.004213
0 0.559867 0.966105 0.003510 0.004213
0 0.555772 0.966105 0.003120 0.003447
0 0.558892 0.967637 0.003900 0.004213
0 0.557137 0.969552 0.004290 0.004213
0 0.556942 0.971467 0.003900 0.003447
0 0.575273 0.979701 0.002340 0.003830
0 0.588339 0.926273 0.002730 0.004979
0 0.526911 0.706051 0.002340 0.004213
0 0.594384 0.939295 0.003900 0.004213
0 0.606474 0.949062 0.001560 0.003830
0 0.601989 0.943891 0.003510 0.004213
0 0.601794 0.947913 0.002340 0.003830
0 0.599064 0.936997 0.002340 0.004213
0 0.596529 0.933167 0.002730 0.004979
0 0.596529 0.943508 0.003510 0.004213
0 0.592629 0.935657 0.004290 0.003064
0 0.590484 0.913252 0.002340 0.004213
0 0.592044 0.933742 0.004680 0.003064
0 0.591849 0.931061 0.005070 0.002298
0 0.592044 0.929146 0.003900 0.001532
0 0.592044 0.927039 0.003900 0.001915
0 0.592629 0.925124 0.003510 0.001915
0 0.592629 0.920912 0.004290 0.001915
0 0.555577 0.972807 0.004290 0.003830
0 0.555382 0.975297 0.003900 0.002681
0 0.554797 0.977786 0.003510 0.003830
0 0.549922 0.963615 0.003900 0.002298
0 0.536271 0.969552 0.003120 0.001915
0 0.536661 0.967637 0.004680 0.001915
0 0.537637 0.965913 0.004290 0.002298
0 0.538807 0.964190 0.004290 0.001915
0 0.542122 0.966296 0.003900 0.002298
0 0.549337 0.965530 0.004290 0.002298
0 0.551092 0.961509 0.004680 0.001915
0 0.553042 0.980659 0.003900 0.003447
0 0.578978 0.946381 0.005070 0.003064
0 0.578003 0.943700 0.004680 0.002298
0 0.554797 0.957871 0.001950 0.003830
0 0.550507 0.957105 0.002730 0.004596
0 0.541927 0.954615 0.001950 0.003447
0 0.548362 0.956913 0.003120 0.004213
0 0.536856 0.971084 0.003510 0.001915
0 0.535491 0.973382 0.003900 0.001915
0 0.535101 0.975488 0.003900 0.001532
0 0.534711 0.977212 0.004680 0.001915
0 0.534711 0.979318 0.003900 0.002298
0 0.534126 0.981233 0.004290 0.002298
0 0.539002 0.973765 0.003900 0.001915
0 0.539197 0.975488 0.004290 0.001532
0 0.539197 0.977212 0.004290 0.001915
0 0.539002 0.979318 0.004680 0.002298
0 0.538222 0.981233 0.003900 0.002298
0 0.543292 0.973765 0.003900 0.001915
0 0.543097 0.975680 0.003510 0.001915
0 0.543487 0.977786 0.003510 0.001532
0 0.541732 0.981425 0.003120 0.001915
0 0.540952 0.983914 0.004680 0.002298
0 0.544657 0.983723 0.003510 0.003447
1 0.604719 0.948104 0.002730 0.005745
0 0.608619 0.948870 0.001950 0.004213
0 0.610764 0.949636 0.001560 0.004213
0 0.663807 0.922444 0.004680 0.002681
0 0.659906 0.916124 0.004680 0.002298
0 0.651716 0.911145 0.003900 0.003830
0 0.651131 0.913635 0.004290 0.004213
0 0.651131 0.916316 0.004290 0.004213
0 0.650546 0.918614 0.003120 0.003447
0 0.649961 0.920720 0.003510 0.003830
0 0.659516 0.918231 0.003900 0.001915
0 0.661856 0.882229 0.003900 0.001915
0 0.658541 0.924550 0.003510 0.002298
0 0.654056 0.926082 0.004680 0.003830
0 0.646256 0.927231 0.004680 0.003830
0 0.641381 0.927997 0.004290 0.002298
0 0.661466 0.937380 0.002340 0.004213
0 0.653861 0.932210 0.004290 0.003064
0 0.664782 0.916124 0.004290 0.002298
0 0.665562 0.914209 0.004290 0.002298
0 0.660296 0.914018 0.003900 0.001915
0 0.660491 0.912103 0.005070 0.001915
0 0.660491 0.909996 0.005070 0.002298
0 0.661076 0.908081 0.004680 0.002298
0 0.678237 0.909039 0.004680 0.002681
0 0.677652 0.914401 0.004290 0.002681
0 0.678432 0.920720 0.005070 0.003830
0 0.683307 0.918997 0.004680 0.003447
0 0.689548 0.910188 0.004680 0.002681
0 0.692668 0.893719 0.003900 0.002681
0 0.653861 0.889697 0.002730 0.003830
0 0.660101 0.884336 0.004290 0.003064
0 0.700078 0.884910 0.002340 0.004213
0 0.691498 0.881080 0.002340 0.004213
0 0.687793 0.871888 0.004290 0.002681
0 0.656396 0.875910 0.002340 0.004596
0 0.654056 0.877250 0.003120 0.004213
0 0.612910 0.949445 0.001950 0.004596
0 0.616810 0.936806 0.001950 0.003830
0 0.600234 0.916507 0.004680 0.002298
0 0.595944 0.915358 0.003900 0.002298
0 0.600429 0.919188 0.004290 0.002298
0 0.600624 0.922252 0.004680 0.002298
0 0.620515 0.946381 0.002340 0.004596
0 0.618370 0.941785 0.001950 0.003830
0 0.602379 0.938721 0.003510 0.001532
0 0.650351 0.893910 0.004290 0.004596
0 0.606669 0.941019 0.004290 0.002298
0 0.611154 0.940444 0.004680 0.002681
0 0.610959 0.942168 0.004290 0.002298
0 0.610374 0.944083 0.003900 0.002298
0 0.606279 0.943125 0.004290 0.001915
0 0.615055 0.949253 0.003120 0.004979
0 0.600429 0.926273 0.004290 0.001915
0 0.604914 0.924358 0.004680 0.001915
0 0.604914 0.922252 0.004680 0.002298
0 0.626755 0.933550 0.004680 0.001915
0 0.626755 0.936231 0.005460 0.001915
0 0.626560 0.931252 0.005070 0.001915
0 0.630460 0.940253 0.001950 0.004596
0 0.632605 0.939678 0.002340 0.004213
0 0.634750 0.938146 0.001950 0.004213
0 0.637480 0.942168 0.004290 0.003830
0 0.642551 0.938338 0.004290 0.003830
0 0.596724 0.898506 0.004680 0.002298
0 0.597114 0.902145 0.004680 0.002681
1 0.626560 0.893527 0.003510 0.006894
0 0.604134 0.866335 0.004680 0.002298
0 0.612520 0.867484 0.005070 0.002298
0 0.638261 0.881463 0.001950 0.003447
0 0.538612 0.956339 0.003120 0.003830
0 0.536661 0.955764 0.003120 0.003447
0 0.538027 0.953083 0.004290 0.001915
0 0.594579 0.779778 0.002730 0.004596
0 0.570398 0.800077 0.002730 0.003830
0 0.573323 0.800460 0.002340 0.003830
0 0.579368 0.801034 0.002730 0.004213
0 0.605694 0.789736 0.002340 0.004596
0 0.600429 0.782842 0.004290 0.004596
0 0.597699 0.779969 0.002730 0.004213
0 0.590874 0.778437 0.003120 0.004979
0 0.552262 0.772501 0.003120 0.003830
0 0.583463 0.777671 0.003120 0.004213
0 0.578003 0.776139 0.002340 0.003447
0 0.571958 0.775565 0.002730 0.003830
0 0.583463 0.771926 0.004680 0.002681
0 0.571178 0.770203 0.004290 0.002298
0 0.567278 0.774990 0.002730 0.004213
0 0.567863 0.800077 0.003120 0.004596
0 0.573518 0.809268 0.004290 0.002298
0 0.570398 0.810800 0.004290 0.003064
0 0.569813 0.812907 0.003900 0.002681
0 0.568448 0.815779 0.005070 0.002298
0 0.568253 0.817694 0.005460 0.003064
0 0.568253 0.821524 0.005460 0.002298
0 0.566888 0.823631 0.004290 0.001915
0 0.566498 0.825929 0.004290 0.001915
0 0.580148 0.865377 0.005070 0.002681
0 0.585608 0.857334 0.004290 0.002681
0 0.519501 0.891612 0.004680 0.002298
0 0.520476 0.889314 0.005070 0.002298
0 0.523986 0.892378 0.004290 0.002298
0 0.523011 0.900613 0.003120 0.001915
0 0.527301 0.900804 0.004680 0.002298
0 0.589509 0.884527 0.001950 0.004213
0 0.563183 0.774416 0.003120 0.003830
0 0.546997 0.771926 0.002730 0.004213
0 0.587754 0.897740 0.002340 0.003830
0 0.557917 0.722329 0.001950 0.003830
0 0.576638 0.721180 0.001950 0.003830
0 0.573518 0.720414 0.001950 0.004596
0 0.569618 0.719839 0.001950 0.004213
0 0.563963 0.719648 0.002340 0.004596
0 0.562012 0.718690 0.002340 0.004213
0 0.559672 0.718116 0.002340 0.004596
0 0.555967 0.721946 0.001950 0.003830
0 0.543292 0.773458 0.003900 0.004213
0 0.555772 0.718116 0.001560 0.003830
0 0.549727 0.716775 0.001950 0.004213
0 0.547777 0.716009 0.001950 0.004213
0 0.544462 0.712945 0.003900 0.002681
0 0.545047 0.708732 0.004290 0.002681
0 0.528666 0.698774 0.002730 0.004213
0 0.578588 0.721371 0.001950 0.003447
0 0.582683 0.725201 0.003900 0.001915
0 0.582293 0.727691 0.003900 0.002298
0 0.556357 0.744734 0.004290 0.004213
0 0.561232 0.748755 0.004680 0.003830
0 0.588729 0.743010 0.001950 0.003830
0 0.593214 0.728840 0.002340 0.003830
0 0.597699 0.739946 0.001950 0.003830
0 0.595554 0.720031 0.002340 0.004596
0 0.603549 0.760628 0.004290 0.002298
0 0.563963 0.763692 0.004680 0.002298
0 0.541147 0.764267 0.004290 0.001915
0 0.565718 0.766565 0.004290 0.001915
0 0.601014 0.769245 0.004680 0.001915
0 0.611934 0.767331 0.003900 0.004213
0 0.620125 0.765799 0.002340 0.004979
0 0.626170 0.767522 0.001950 0.003830
0 0.588534 0.893527 0.002340 0.003830
0 0.586973 0.903102 0.002340 0.003830
0 0.538807 0.948487 0.005070 0.001915
0 0.584048 0.895251 0.003510 0.001915
0 0.570203 0.912677 0.001560 0.003830
0 0.549922 0.912103 0.003900 0.001915
0 0.549922 0.909805 0.003900 0.001915
0 0.555382 0.908656 0.003900 0.002681
0 0.551482 0.907698 0.003900 0.002298
0 0.547582 0.907124 0.003900 0.001915
0 0.583268 0.897166 0.003510 0.001915
0 0.567278 0.902336 0.001950 0.003830
0 0.583268 0.899272 0.004290 0.002298
0 0.582488 0.901187 0.003510 0.002298
0 0.582098 0.903485 0.003510 0.002298
0 0.581318 0.905017 0.003510 0.002298
0 0.573128 0.903294 0.001950 0.003447
0 0.571178 0.902719 0.001950 0.003830
0 0.572738 0.912869 0.001950 0.004213
0 0.576248 0.915550 0.002730 0.004213
0 0.547582 0.925507 0.002340 0.004213
0 0.576443 0.931444 0.003120 0.003830
0 0.579953 0.932018 0.002340 0.004213
0 0.523401 0.933167 0.005460 0.004213
0 0.522621 0.935657 0.004680 0.003830
0 0.517746 0.926273 0.004290 0.003447
0 0.520086 0.924550 0.005070 0.003830
0 0.513261 0.929720 0.004680 0.002681
0 0.512090 0.931827 0.004680 0.003064
0 0.511505 0.934316 0.005070 0.002681
0 0.497465 0.942551 0.003510 0.004596
1 0.542317 0.936423 0.005850 0.002298
0 0.540367 0.940253 0.004290 0.002298
0 0.539782 0.942551 0.003900 0.002298
0 0.539392 0.946189 0.004680 0.002681
0 0.569228 0.902719 0.001950 0.003830
0 0.565523 0.901953 0.002340 0.003830
0 0.560257 0.888548 0.004290 0.002298
0 0.546217 0.896783 0.004290 0.001915
0 0.570203 0.894868 0.003900 0.001915
0 0.575273 0.893910 0.003120 0.002298
0 0.570593 0.893336 0.003900 0.001915
0 0.565913 0.892761 0.003900 0.002298
0 0.548362 0.899655 0.001560 0.003830
0 0.546607 0.899464 0.001950 0.003447
0 0.550702 0.896591 0.003900 0.001532
0 0.563378 0.901762 0.001950 0.003447
0 0.551287 0.895059 0.003510 0.002298
0 0.552652 0.893336 0.004680 0.002681
0 0.551677 0.891421 0.004290 0.002681
0 0.555382 0.891804 0.003900 0.001915
0 0.555382 0.889506 0.003900 0.001915
0 0.555382 0.887974 0.004680 0.001915
0 0.565718 0.894485 0.004290 0.001915
0 0.560647 0.896017 0.004290 0.001915
0 0.565133 0.896208 0.003900 0.002298
0 0.565133 0.898698 0.003900 0.001915
0 0.569618 0.899272 0.004290 0.002298
0 0.569618 0.896974 0.004290 0.002298
0 0.574688 0.895825 0.004290 0.002298
0 0.574298 0.897740 0.004290 0.002298
0 0.574103 0.899655 0.003900 0.002298
0 0.577223 0.899081 0.002340 0.004213
0 0.579563 0.899464 0.002340 0.004213
0 0.550117 0.899655 0.001950 0.003830
0 0.551872 0.899847 0.002340 0.004213
0 0.555967 0.900230 0.001950 0.004213
0 0.557917 0.900613 0.001950 0.004213
0 0.559672 0.900996 0.002340 0.004213
0 0.561622 0.901570 0.001560 0.003830
0 0.177652 0.054960 0.004290 0.003447
