1 0.970088 0.917649 0.003842 0.003660
1 0.779638 0.746035 0.008233 0.004473
1 0.406696 0.506913 0.003293 0.006100
1 0.573546 0.831436 0.006586 0.006913
0 0.393249 0.492070 0.001647 0.001627
0 0.391054 0.415413 0.001647 0.002033
0 0.369374 0.411753 0.002195 0.002033
0 0.318057 0.478040 0.002744 0.002033
0 0.370198 0.460350 0.002744 0.001627
0 0.361416 0.456893 0.002744 0.001220
1 0.982711 0.817405 0.002744 0.006507
1 0.821350 0.685441 0.006037 0.006913
1 0.404226 0.275315 0.003842 0.006507
1 0.874314 0.656974 0.003293 0.005287
1 0.467618 0.665921 0.005488 0.006100
1 0.557080 0.806425 0.004391 0.004880
1 0.588639 0.877593 0.006037 0.006507
1 0.544182 0.811509 0.007135 0.006913
1 0.559550 0.813745 0.006037 0.006507
1 0.399835 0.529484 0.003842 0.006507
1 0.066411 0.376983 0.009879 0.006507
1 0.080955 0.383693 0.010428 0.006100
1 0.288419 0.493493 0.009330 0.005287
1 0.326839 0.469093 0.006037 0.005287
1 0.378705 0.389793 0.002195 0.005287
1 0.394072 0.344246 0.002195 0.006100
1 0.771405 0.627694 0.004940 0.002847
1 0.769210 0.631151 0.004940 0.003253
1 0.767838 0.632778 0.005488 0.003253
1 0.890505 0.779992 0.003842 0.004067
1 0.809550 0.752542 0.005488 0.003660
1 0.878430 0.771045 0.009330 0.005693
1 0.890505 0.820252 0.009330 0.003253
1 0.696213 0.918463 0.008233 0.004473
1 0.656147 0.802359 0.004940 0.003253
1 0.660812 0.799512 0.005488 0.003253
1 0.669045 0.795039 0.006586 0.004067
1 0.621570 0.655144 0.006037 0.003253
1 0.690450 0.782635 0.008782 0.005287
1 0.700055 0.896503 0.009330 0.003660
1 0.721734 0.917649 0.004391 0.007727
1 0.703074 0.914803 0.007684 0.004473
1 0.697859 0.873526 0.006037 0.007320
1 0.501372 0.722448 0.004940 0.005287
1 0.496158 0.739528 0.005488 0.006913
1 0.503293 0.749695 0.003293 0.003660
1 0.428924 0.518300 0.008233 0.007727
1 0.381449 0.446320 0.003293 0.007727
1 0.390779 0.359699 0.002195 0.005287
