1 0.950756 0.233628 0.007801 0.006027
1 0.554851 0.494375 0.005851 0.006027
1 0.090444 0.398353 0.002438 0.006830
1 0.153827 0.568702 0.005363 0.008437
1 0.249634 0.701687 0.005851 0.007634
1 0.182838 0.752109 0.007801 0.005625
1 0.582399 0.474488 0.007314 0.007232
1 0.540956 0.520289 0.006338 0.006428
1 0.949293 0.236641 0.007801 0.005625
1 0.504876 0.546203 0.005363 0.005223
1 0.681619 0.276416 0.002925 0.007232
1 0.819113 0.200080 0.009751 0.002411
1 0.888835 0.213138 0.007801 0.005223
1 0.940517 0.239654 0.008776 0.003616
