3 0.205700 0.921013 0.024783 0.014903
3 0.220880 0.926726 0.022924 0.015400
3 0.231103 0.933929 0.019827 0.012916
3 0.255266 0.946597 0.024783 0.017387
3 0.262392 0.954297 0.027881 0.017884
3 0.275403 0.961003 0.024164 0.016393
3 0.288724 0.966468 0.022305 0.014406
3 0.298637 0.974168 0.022305 0.014903
3 0.629182 0.950820 0.029120 0.019871
3 0.696406 0.940387 0.018587 0.018877
3 0.807001 0.752360 0.024164 0.016393
3 0.807621 0.981371 0.022924 0.020368
3 0.899318 0.947591 0.019207 0.017387
3 0.925341 0.439642 0.027881 0.015897
3 0.952912 0.582464 0.024783 0.016393
3 0.957869 0.411823 0.024783 0.016890
3 0.971190 0.395926 0.025403 0.017884
3 0.983581 0.383259 0.024164 0.017387
2 0.193618 0.914059 0.026642 0.017884
2 0.801425 0.822404 0.035316 0.033284
2 0.915737 0.910581 0.030979 0.027819
