1 0.004786 0.429611 0.003969 0.023987
1 0.007238 0.401298 0.009339 0.026347
1 0.010857 0.377310 0.007238 0.018482
1 0.013192 0.356665 0.008639 0.022808
1 0.017861 0.331105 0.008639 0.025954
1 0.022531 0.304758 0.010040 0.025954
1 0.026967 0.279591 0.008639 0.022021
1 0.030002 0.395989 0.011908 0.022808
1 0.030703 0.255407 0.009106 0.022414
1 0.034205 0.229650 0.009573 0.024381
1 0.037474 0.314589 0.009106 0.024381
1 0.039809 0.199371 0.009106 0.022808
1 0.040742 0.289815 0.009573 0.024381
1 0.044361 0.362564 0.015410 0.028313
1 0.049148 0.299646 0.012841 0.023594
1 0.051132 0.145891 0.010273 0.026740
1 0.055452 0.121510 0.009573 0.025167
1 0.056853 0.248525 0.015643 0.010224
1 0.058604 0.279984 0.014476 0.024381
1 0.058837 0.331105 0.013075 0.022808
1 0.062339 0.237122 0.015877 0.009438
1 0.068177 0.226111 0.014943 0.010224
1 0.068643 0.311836 0.010273 0.018089
1 0.072262 0.251081 0.015643 0.009831
1 0.076232 0.214510 0.014242 0.009831
1 0.077282 0.296304 0.010740 0.018482
1 0.077983 0.402477 0.014009 0.018482
1 0.078099 0.239481 0.012841 0.008651
1 0.082185 0.393630 0.015410 0.022808
1 0.082419 0.201534 0.014009 0.011404
1 0.083936 0.228470 0.014242 0.010224
1 0.086271 0.281164 0.012375 0.019662
1 0.086505 0.383995 0.017511 0.024774
1 0.090591 0.375541 0.017745 0.025167
1 0.090941 0.216870 0.015176 0.009831
1 0.091641 0.190326 0.016110 0.013370
1 0.095144 0.265828 0.011908 0.019662
1 0.096544 0.179316 0.014709 0.010224
1 0.097478 0.204680 0.015643 0.010617
1 0.100864 0.915258 0.019612 0.039717
1 0.101214 0.356076 0.017511 0.027133
1 0.104483 0.250098 0.012841 0.021235
1 0.106000 0.346834 0.017278 0.027527
1 0.107285 0.193669 0.012375 0.009831
1 0.108919 0.906606 0.018912 0.040503
1 0.110904 0.338183 0.017278 0.026740
1 0.113822 0.170468 0.026383 0.014550
1 0.114172 0.183248 0.012608 0.009438
1 0.114523 0.233189 0.014242 0.023594
1 0.119075 0.896579 0.019612 0.040110
1 0.120593 0.158671 0.026383 0.015336
1 0.120710 0.191899 0.013542 0.019662
1 0.124562 0.889107 0.018445 0.040110
1 0.126430 0.216673 0.013308 0.020448
1 0.127014 0.312820 0.018212 0.029493
1 0.127481 0.148053 0.026150 0.017696
1 0.129699 0.177939 0.011441 0.017696
1 0.132384 0.012190 0.017278 0.021235
1 0.132617 0.305348 0.016811 0.027920
1 0.134485 0.430201 0.014476 0.029099
1 0.135653 0.137633 0.026150 0.017302
1 0.136236 0.294731 0.017044 0.027920
1 0.137637 0.124263 0.016110 0.013370
1 0.140672 0.285490 0.016110 0.025954
1 0.143474 0.158081 0.015176 0.021235
1 0.143941 0.190130 0.014709 0.022414
1 0.144291 0.114432 0.014009 0.012584
1 0.146393 0.278018 0.016811 0.026740
1 0.146626 0.417224 0.013542 0.027527
1 0.151179 0.104011 0.016577 0.012190
1 0.151413 0.407589 0.013308 0.026347
1 0.153747 0.130751 0.015643 0.012977
1 0.156549 0.171648 0.014709 0.021628
1 0.158067 0.403264 0.013542 0.027133
1 0.160051 0.119740 0.013308 0.012190
1 0.160168 0.255604 0.010273 0.029099
1 0.161686 0.094377 0.015643 0.014157
1 0.162269 0.053677 0.010273 0.020055
1 0.163320 0.394809 0.013308 0.025954
1 0.166822 0.827959 0.013775 0.016909
1 0.167289 0.046992 0.010974 0.020842
1 0.167873 0.084546 0.014476 0.014157
1 0.167990 0.109910 0.014242 0.011404
1 0.169507 0.279001 0.018212 0.026347
1 0.169858 0.155525 0.014709 0.020055
1 0.170908 0.391860 0.013075 0.027133
1 0.173243 0.288635 0.018678 0.025167
1 0.176045 0.101258 0.014943 0.013763
1 0.176045 0.381832 0.013075 0.024381
1 0.177679 0.298663 0.017278 0.023987
1 0.181765 0.308494 0.017511 0.023987
1 0.182816 0.091231 0.016344 0.013370
1 0.183283 0.065277 0.012608 0.013370
1 0.183516 0.138812 0.015410 0.020448
1 0.185501 0.319505 0.018912 0.024774
1 0.189003 0.015926 0.012841 0.024774
1 0.191338 0.081400 0.014709 0.013370
1 0.195424 0.058002 0.015877 0.016123
1 0.196708 0.124656 0.013775 0.018875
1 0.198576 0.072749 0.014709 0.013370
1 0.200327 0.046992 0.014943 0.014550
1 0.208148 0.111286 0.012841 0.018089
1 0.209783 0.374164 0.017978 0.027133
1 0.210717 0.065867 0.013775 0.013763
1 0.215386 0.041683 0.020313 0.019662
1 0.215737 0.056036 0.014943 0.014550
1 0.219122 0.097326 0.014709 0.019269
1 0.220640 0.030869 0.018678 0.019269
1 0.225426 0.357255 0.018445 0.016909
1 0.230446 0.872198 0.018678 0.038537
1 0.230563 0.367086 0.017978 0.018482
1 0.232197 0.085332 0.015176 0.018875
1 0.233364 0.378687 0.018445 0.018089
1 0.239435 0.867676 0.017978 0.037357
1 0.245039 0.073535 0.013308 0.017302
1 0.245155 0.851357 0.013542 0.025954
1 0.246089 0.833268 0.019612 0.040110
1 0.246439 0.318718 0.012375 0.022414
1 0.251809 0.312820 0.011908 0.022414
1 0.257763 0.063311 0.014943 0.018089
1 0.265585 0.841133 0.026383 0.055840
1 0.269321 0.816359 0.018445 0.038537
1 0.272940 0.050138 0.013542 0.016123
1 0.276325 0.808887 0.017978 0.036178
1 0.277843 0.283917 0.012141 0.024381
1 0.279944 0.346048 0.013075 0.018875
1 0.283096 0.801612 0.018445 0.038144
1 0.286248 0.038734 0.014943 0.017696
1 0.286715 0.369446 0.014943 0.020842
1 0.296288 0.373575 0.022881 0.029886
1 0.298506 0.805151 0.024982 0.056233
1 0.300023 0.029886 0.013542 0.015729
1 0.300607 0.259143 0.012375 0.023594
1 0.306327 0.795320 0.025216 0.055446
1 0.307495 0.907196 0.034555 0.041683
1 0.312748 0.020645 0.013775 0.015336
1 0.313915 0.785686 0.025916 0.055840
1 0.318235 0.575895 0.024749 0.057019
1 0.319286 0.314392 0.011908 0.024774
1 0.321037 0.407000 0.031753 0.041683
1 0.321854 0.774479 0.024982 0.057019
1 0.325473 0.626425 0.022414 0.027527
1 0.325940 0.420173 0.032220 0.041290
1 0.326173 0.012584 0.013075 0.014943
1 0.328158 0.637436 0.020313 0.025954
1 0.329092 0.302202 0.017044 0.034998
1 0.329208 0.766024 0.026150 0.055840
1 0.331427 0.433150 0.032454 0.040503
1 0.331894 0.748722 0.018445 0.037751
1 0.332944 0.645497 0.021947 0.028706
1 0.338081 0.654542 0.024282 0.031066
1 0.342167 0.665552 0.024516 0.031852
1 0.346720 0.678136 0.023815 0.031066
1 0.346720 0.747936 0.025216 0.056626
1 0.352206 0.691309 0.025916 0.031459
1 0.355475 0.744003 0.025449 0.056626
1 0.367850 0.890287 0.022181 0.029099
1 0.375788 0.250688 0.017511 0.034998
1 0.377306 0.556036 0.032220 0.040897
1 0.384427 0.242234 0.017511 0.035391
1 0.385944 0.570783 0.033621 0.040503
1 0.390497 0.235942 0.017511 0.036178
1 0.395400 0.588478 0.033388 0.041290
1 0.395867 0.604994 0.033388 0.039717
1 0.410110 0.667322 0.022181 0.029886
1 0.415363 0.639992 0.026150 0.033425
1 0.424352 0.686197 0.033388 0.041683
1 0.430072 0.698584 0.034088 0.042076
1 0.473967 0.500197 0.033621 0.042470
1 0.478286 0.178136 0.019379 0.025167
1 0.479337 0.515140 0.034088 0.042470
1 0.483656 0.423516 0.017511 0.037751
1 0.490194 0.629375 0.022648 0.031066
1 0.490894 0.523398 0.025916 0.033818
1 0.491478 0.542076 0.034555 0.043649
1 0.492295 0.195045 0.015643 0.021235
1 0.493112 0.210578 0.023348 0.029493
1 0.498015 0.222572 0.022414 0.029886
1 0.503152 0.549941 0.023815 0.031066
1 0.508289 0.562721 0.023815 0.030672
1 0.509339 0.583759 0.033855 0.042076
1 0.511441 0.241054 0.012375 0.018089
1 0.514826 0.253441 0.014476 0.020055
1 0.517161 0.267401 0.018212 0.024381
1 0.519729 0.592607 0.024282 0.030672
1 0.537824 0.516713 0.017978 0.038537
1 0.540276 0.324617 0.014009 0.020055
1 0.549031 0.348211 0.014709 0.020055
1 0.554284 0.359418 0.014009 0.019662
1 0.560822 0.670861 0.024282 0.055840
1 0.563273 0.381636 0.013308 0.019269
1 0.567593 0.393630 0.013542 0.019662
1 0.568060 0.662603 0.024282 0.055840
1 0.572146 0.405427 0.013775 0.018875
1 0.582302 0.645694 0.024282 0.055840
1 0.585571 0.440425 0.013075 0.018875
1 0.589307 0.452812 0.014009 0.020842
1 0.590007 0.638812 0.022881 0.057019
1 0.598062 0.631734 0.018445 0.041290
1 0.606584 0.627015 0.023348 0.057806
1 0.622461 0.613645 0.018678 0.041290
1 0.632851 0.612662 0.011908 0.025167
1 0.634485 0.591231 0.024516 0.056233
1 0.672543 0.554856 0.018912 0.039324
1 0.685501 0.540897 0.016344 0.034212
1 0.689353 0.520252 0.016577 0.034605
1 0.696825 0.514943 0.017978 0.039717
1 0.704763 0.508258 0.015643 0.034212
1 0.709199 0.491545 0.014709 0.029886
1 0.718772 0.489383 0.017511 0.038930
1 0.720173 0.657295 0.018912 0.039717
1 0.725309 0.643531 0.018912 0.039717
1 0.735699 0.476602 0.018678 0.039324
1 0.739201 0.624656 0.015877 0.034998
1 0.741303 0.466968 0.018678 0.040503
1 0.747840 0.618561 0.019145 0.038537
1 0.748191 0.456547 0.015176 0.032245
1 0.752977 0.605781 0.014943 0.029493
1 0.760098 0.671648 0.020313 0.027527
1 0.762783 0.439638 0.015410 0.032245
1 0.765818 0.681282 0.019612 0.026347
1 0.767920 0.618954 0.016811 0.033818
1 0.771655 0.434526 0.015410 0.033032
1 0.778193 0.588871 0.018678 0.040503
1 0.778310 0.760716 0.023115 0.030279
1 0.779010 0.426268 0.014709 0.033032
1 0.785431 0.581597 0.018212 0.039324
1 0.788233 0.422926 0.017745 0.038930
1 0.790918 0.569799 0.015643 0.032245
1 0.795937 0.417617 0.018212 0.039324
1 0.802125 0.403460 0.013775 0.028313
1 0.806327 0.580417 0.014242 0.030672
1 0.808545 0.394219 0.016811 0.035785
1 0.809129 0.561738 0.024049 0.056233
1 0.813682 0.381243 0.014476 0.028706
1 0.814499 0.546992 0.017511 0.040110
1 0.821270 0.538144 0.017511 0.038144
1 0.844268 0.415258 0.022881 0.031459
1 0.846836 0.394023 0.014476 0.020448
1 0.847770 0.429021 0.019145 0.026740
1 0.857226 0.435509 0.023582 0.031066
1 0.859561 0.452812 0.026383 0.034998
1 0.861429 0.470311 0.017511 0.025167
1 0.871469 0.494495 0.016577 0.023201
1 0.872169 0.476996 0.024049 0.029886
1 0.877189 0.507471 0.016811 0.024774
1 0.881508 0.521431 0.017511 0.024381
1 0.889330 0.529886 0.020546 0.028706
1 0.893649 0.544042 0.024049 0.031852
1 0.901237 0.554070 0.022881 0.029099
1 0.916530 0.594770 0.033855 0.041290
1 0.916647 0.802006 0.015877 0.033425
1 0.923885 0.639992 0.017278 0.023201
