4 0.178113 0.384168 0.060204 0.026193
4 0.183004 0.341967 0.072593 0.029686
4 0.220930 0.069558 0.061074 0.028522
4 0.254727 0.320431 0.046946 0.020373
4 0.311128 0.431170 0.020648 0.098079
4 0.321887 0.522410 0.016083 0.069849
4 0.328950 0.524884 0.014127 0.060827
4 0.360465 0.550204 0.020213 0.096333
4 0.373614 0.475262 0.038253 0.140861
4 0.423821 0.474534 0.025647 0.099243
4 0.434797 0.461438 0.036731 0.137078
4 0.446207 0.155995 0.017822 0.077416
4 0.452076 0.147410 0.023038 0.097497
4 0.456966 0.135186 0.014562 0.064319
4 0.463052 0.131548 0.023691 0.097788
4 0.464138 0.454453 0.038470 0.139406
4 0.469463 0.122672 0.017388 0.071304
4 0.480439 0.499127 0.005434 0.037253
4 0.498696 0.940192 0.004130 0.009604
4 0.523038 0.692229 0.015866 0.063737
4 0.528581 0.700087 0.014779 0.062573
4 0.535970 0.626455 0.020865 0.072468
4 0.537818 0.819412 0.008042 0.012515
4 0.748207 0.049476 0.009780 0.006403
0 0.034775 0.055588 0.002608 0.005821
0 0.035970 0.063591 0.002825 0.006694
0 0.874375 0.789872 0.003043 0.005821
0 0.875679 0.728754 0.004782 0.004075
0 0.876983 0.788853 0.003478 0.006112
0 0.883612 0.728172 0.003695 0.006403
0 0.885025 0.757567 0.004347 0.006403
0 0.886003 0.755239 0.004130 0.006403
0 0.890676 0.761932 0.005651 0.004657
0 0.915018 0.773428 0.004782 0.005530
1 0.285481 0.961147 0.007607 0.004948
1 0.501521 0.891153 0.004999 0.004657
1 0.662139 0.302823 0.002391 0.007276
1 0.760487 0.174040 0.005651 0.011059
1 0.762443 0.830035 0.009998 0.007567
1 0.765268 0.171857 0.004347 0.009604
1 0.767007 0.202270 0.006520 0.013970
1 0.767877 0.170984 0.005651 0.013097
1 0.769833 0.169092 0.004782 0.012224
1 0.772115 0.168655 0.006303 0.013679
1 0.775375 0.167346 0.006738 0.015134
1 0.779070 0.167200 0.004564 0.008440
1 0.780156 0.164144 0.006303 0.011641
1 0.780591 0.234284 0.004564 0.008149
1 0.781787 0.832509 0.011302 0.007858
1 0.782221 0.162107 0.004782 0.009895
1 0.782547 0.190192 0.003695 0.006694
1 0.783199 0.233120 0.003695 0.008149
1 0.786025 0.181315 0.004130 0.008149
1 0.787111 0.201542 0.004130 0.007276
1 0.788198 0.196158 0.004999 0.009313
1 0.789828 0.209546 0.004782 0.008731
1 0.791784 0.218568 0.005651 0.009895
1 0.793632 0.217695 0.005434 0.011059
1 0.794936 0.231519 0.005434 0.010186
1 0.796131 0.155704 0.005651 0.011641
1 0.797979 0.228754 0.005868 0.012806
1 0.812975 0.151630 0.006303 0.014552
1 0.815584 0.150611 0.005868 0.014843
1 0.817866 0.150175 0.006086 0.014552
1 0.820365 0.149010 0.006303 0.014552
1 0.823734 0.147555 0.006520 0.013970
1 0.826777 0.146973 0.006520 0.015134
1 0.829276 0.145809 0.006303 0.015716
1 0.831450 0.144063 0.005868 0.014552
1 0.833732 0.143481 0.006086 0.014552
1 0.836231 0.142462 0.005868 0.015425
1 0.838839 0.141153 0.005868 0.014552
1 0.848729 0.557480 0.009128 0.006694
1 0.849707 0.560099 0.008911 0.006112
1 0.849924 0.681024 0.011085 0.008149
1 0.850359 0.562573 0.008042 0.005239
1 0.856879 0.881112 0.004564 0.012515
1 0.861443 0.539872 0.005434 0.004657
1 0.864051 0.553842 0.010215 0.007567
1 0.865681 0.795402 0.008694 0.005239
1 0.868181 0.545111 0.009346 0.006403
1 0.877309 0.550204 0.008476 0.006694
1 0.878179 0.935536 0.004564 0.010186
1 0.880461 0.746362 0.005651 0.011350
1 0.883178 0.745780 0.004130 0.010186
1 0.884373 0.740250 0.006086 0.013097
1 0.889915 0.825524 0.010215 0.006694
1 0.893067 0.768481 0.004347 0.009604
1 0.939687 0.483265 0.009780 0.005530
1 0.974245 0.578434 0.005434 0.011932
