1 0.038545 0.988379 0.040174 0.011040
1 0.043974 0.978501 0.051031 0.011040
1 0.074159 0.813771 0.004995 0.005230
1 0.116178 0.965427 0.082519 0.012202
1 0.118567 0.847618 0.004343 0.006101
1 0.121716 0.956275 0.093594 0.011912
1 0.131596 0.972109 0.060369 0.011621
1 0.192400 0.083527 0.005212 0.004358
1 0.330619 0.370424 0.069273 0.026729
1 0.399240 0.366357 0.035831 0.019175
1 0.411835 0.628268 0.070141 0.120569
1 0.428990 0.117083 0.011944 0.008135
1 0.437568 0.361563 0.036482 0.021209
1 0.444843 0.640616 0.008035 0.012202
1 0.508360 0.474143 0.038654 0.066822
1 0.553637 0.164003 0.015418 0.026438
1 0.588708 0.380012 0.007383 0.015689
1 0.607166 0.149477 0.006515 0.004358
1 0.611509 0.266270 0.020413 0.079895
1 0.649620 0.160808 0.007166 0.005520
1 0.690228 0.514962 0.051031 0.162406
1 0.804452 0.812028 0.017590 0.018594
1 0.872313 0.929256 0.050814 0.050843
1 0.874701 0.921412 0.047340 0.047937
1 0.881650 0.917635 0.054289 0.053167
1 0.887079 0.911534 0.055157 0.053748
1 0.887622 0.900930 0.052769 0.051133
1 0.911835 0.890180 0.035613 0.034863
1 0.977850 0.070163 0.017372 0.021790
3 0.064604 0.772225 0.004126 0.004648
2 0.031488 0.154416 0.006080 0.006682
2 0.041694 0.140761 0.004777 0.007263
2 0.061455 0.461360 0.005646 0.011621
2 0.069815 0.169088 0.004126 0.002905
2 0.070575 0.173591 0.006949 0.004939
2 0.071444 0.442040 0.004343 0.007844
2 0.074159 0.457147 0.004560 0.007263
2 0.077307 0.816967 0.003909 0.004648
2 0.077524 0.809123 0.004343 0.004648
2 0.080999 0.765689 0.004343 0.004939
2 0.081650 0.129576 0.003040 0.005811
2 0.083170 0.806508 0.004777 0.008716
2 0.089034 0.439425 0.005212 0.007263
2 0.090228 0.461360 0.006298 0.009297
2 0.090554 0.237071 0.003040 0.007554
2 0.090771 0.796630 0.003474 0.005811
2 0.092291 0.792562 0.003474 0.004648
2 0.093160 0.452499 0.005646 0.007844
2 0.096200 0.839628 0.003909 0.005811
2 0.097394 0.447850 0.005429 0.006101
2 0.099023 0.842533 0.003474 0.005811
2 0.101737 0.786171 0.006298 0.006973
2 0.103474 0.453225 0.004995 0.006973
2 0.104560 0.460779 0.004995 0.008135
2 0.108903 0.115340 0.002823 0.005230
2 0.111618 0.796485 0.004777 0.004939
2 0.114332 0.117955 0.002823 0.005230
2 0.117698 0.414439 0.003474 0.006101
2 0.123670 0.578588 0.005863 0.010169
2 0.123996 0.606479 0.006515 0.011331
2 0.124321 0.863597 0.004126 0.004939
2 0.126167 0.175915 0.010423 0.005520
2 0.138979 0.876380 0.003474 0.005520
2 0.144083 0.880593 0.003692 0.005811
2 0.177524 0.901365 0.002389 0.004939
2 0.180347 0.917490 0.004126 0.006392
2 0.181216 0.528762 0.005429 0.005811
2 0.183279 0.903835 0.002172 0.004648
2 0.189468 0.418361 0.008903 0.008135
2 0.190337 0.414875 0.009338 0.006973
2 0.190445 0.509297 0.004343 0.005230
2 0.207275 0.499128 0.004560 0.005230
2 0.213246 0.554474 0.008686 0.003196
2 0.214658 0.250726 0.004126 0.008135
2 0.227253 0.561592 0.007166 0.003486
2 0.242671 0.127978 0.006298 0.004939
2 0.249077 0.129576 0.006515 0.004648
2 0.253312 0.223126 0.005863 0.009297
2 0.257980 0.185793 0.002606 0.007844
2 0.262215 0.159936 0.002389 0.006101
2 0.264061 0.961505 0.005212 0.006682
2 0.265689 0.152237 0.003257 0.012202
2 0.276547 0.184195 0.002823 0.006392
2 0.280347 0.283556 0.002172 0.006973
2 0.280673 0.272225 0.004995 0.003486
2 0.282953 0.284282 0.003040 0.006682
2 0.288708 0.285590 0.002389 0.006973
2 0.290554 0.286607 0.002606 0.007263
2 0.861672 0.006537 0.003040 0.006101
2 0.876547 0.568129 0.004126 0.007263
2 0.879479 0.565224 0.005646 0.009587
2 0.899023 0.708019 0.006949 0.004067
2 0.955483 0.744625 0.004343 0.010459
