0 0.036937 0.913326 0.021021 0.006767
0 0.416216 0.094482 0.019219 0.009891
0 0.415916 0.083550 0.019820 0.008850
0 0.416216 0.072358 0.021622 0.010411
0 0.416216 0.060645 0.020420 0.010932
0 0.415616 0.049714 0.019219 0.010932
0 0.411111 0.040604 0.022222 0.008329
0 0.414114 0.148360 0.018619 0.010411
0 0.413814 0.133784 0.021622 0.009370
0 0.074174 0.256637 0.009009 0.016658
0 0.093393 0.924518 0.028228 0.008329
0 0.080180 0.572098 0.010210 0.017699
0 0.103604 0.959396 0.018619 0.013535
0 0.103003 0.945862 0.025826 0.008329
0 0.100601 0.934409 0.023423 0.009370
0 0.035435 0.924258 0.021622 0.006767
0 0.035736 0.933108 0.022222 0.010932
0 0.093694 0.830036 0.024024 0.011973
0 0.036937 0.857626 0.025826 0.010932
0 0.082282 0.598647 0.010811 0.018740
0 0.080480 0.551536 0.007207 0.018220
0 0.075375 0.278501 0.010210 0.019781
0 0.028228 0.433628 0.008408 0.015617
0 0.027928 0.410724 0.007808 0.017699
0 0.413213 0.019261 0.021622 0.010411
0 0.080180 0.505206 0.010210 0.019261
0 0.077177 0.530713 0.011411 0.020302
0 0.078979 0.371421 0.010210 0.017179
0 0.077778 0.348516 0.009009 0.018220
0 0.077177 0.300364 0.010210 0.019781
