1 0.212709 0.822878 0.027380 0.043300
1 0.376788 0.524548 0.011443 0.017388
1 0.394769 0.442550 0.017981 0.027958
1 0.472415 0.554211 0.019616 0.031026
1 0.496118 0.208490 0.005721 0.007842
1 0.500817 0.199795 0.006130 0.008865
1 0.511034 0.473747 0.009399 0.015343
1 0.515121 0.188544 0.011034 0.005455
1 0.526563 0.193147 0.007765 0.004432
1 0.530854 0.426696 0.020433 0.034436
1 0.531671 0.237470 0.017164 0.011933
1 0.547814 0.244289 0.008582 0.005114
1 0.564160 0.407262 0.033102 0.014661
1 0.584593 0.330549 0.018390 0.017388
1 0.613404 0.549949 0.007356 0.011592
1 0.619534 0.537334 0.008991 0.014320
1 0.624847 0.662803 0.006539 0.010910
1 0.626481 0.521991 0.008991 0.015002
1 0.650593 0.321684 0.013895 0.020798
1 0.656927 0.252472 0.034736 0.008524
1 0.671434 0.382203 0.018799 0.024548
1 0.690029 0.519093 0.015121 0.024207
1 0.691868 0.411013 0.013895 0.017388
1 0.706784 0.437436 0.018390 0.024548
1 0.793216 0.285714 0.022885 0.004773
1 0.821823 0.282987 0.015529 0.004091
1 0.888843 0.248551 0.006539 0.008183
