2 0.026632 0.633861 0.028905 0.055067
2 0.089639 0.644991 0.019162 0.031634
2 0.097353 0.588752 0.024846 0.043351
2 0.106041 0.749121 0.015589 0.027827
2 0.153621 0.650264 0.024359 0.045108
2 0.157194 0.615993 0.026957 0.047452
2 0.167181 0.580111 0.029717 0.053603
2 0.173595 0.545548 0.015914 0.027827
2 0.195518 0.638401 0.027606 0.050674
2 0.198197 0.683509 0.016077 0.030756
2 0.202663 0.602958 0.016564 0.029584
2 0.212244 0.569420 0.016239 0.027534
2 0.260718 0.633568 0.027119 0.046280
2 0.371224 0.620680 0.012666 0.020504
2 0.374147 0.644405 0.014615 0.024605
2 0.387707 0.647335 0.017051 0.032806
2 0.399156 0.640012 0.011367 0.021090
2 0.423677 0.624927 0.013966 0.026655
2 0.461838 0.594464 0.015914 0.030170
2 0.478889 0.597686 0.006171 0.011424
2 0.489039 0.589338 0.011530 0.022261
2 0.489526 0.562537 0.012829 0.024312
2 0.503329 0.554189 0.012504 0.021675
2 0.503491 0.444054 0.014453 0.023433
2 0.503897 0.475103 0.010718 0.021090
2 0.511854 0.530023 0.010068 0.019625
2 0.516564 0.546280 0.010718 0.021090
2 0.531910 0.453866 0.006333 0.012595
2 0.537837 0.450059 0.006820 0.013181
2 0.546200 0.444786 0.011854 0.021968
2 0.554076 0.438781 0.006171 0.011131
2 0.642904 0.369801 0.014290 0.028998
2 0.661741 0.483158 0.006820 0.013181
2 0.675544 0.288664 0.021111 0.040715
2 0.717441 0.605302 0.017863 0.032513
2 0.801315 0.334212 0.005684 0.008787
2 0.801397 0.319566 0.009094 0.016989
2 0.801397 0.350322 0.011367 0.023433
2 0.807567 0.346368 0.006171 0.012009
2 0.807892 0.378442 0.013641 0.025776
2 0.815200 0.390890 0.006171 0.011424
2 0.817879 0.343439 0.007957 0.014353
2 0.829165 0.306239 0.010718 0.014938
2 0.835905 0.311658 0.012179 0.025776
2 0.839234 0.356327 0.009743 0.014938
2 0.845161 0.363943 0.005359 0.007323
2 0.852550 0.307411 0.006171 0.010838
2 0.856853 0.351494 0.010880 0.019332
2 0.857502 0.365114 0.005684 0.010838
1 0.211919 0.606034 0.002273 0.007030
1 0.358477 0.403925 0.003735 0.005272
1 0.446980 0.329379 0.003735 0.003808
1 0.537025 0.536028 0.001949 0.005272
1 0.538081 0.534710 0.002436 0.006737
1 0.539461 0.534271 0.001949 0.006444
