1 0.024545 0.957307 0.038533 0.039288
1 0.025205 0.320587 0.041436 0.078575
1 0.104777 0.430068 0.032198 0.091147
1 0.190947 0.211367 0.022433 0.083290
1 0.269992 0.768465 0.041172 0.023049
1 0.291898 0.890781 0.027448 0.072813
1 0.319477 0.706129 0.033518 0.061812
1 0.326471 0.715558 0.034838 0.063908
1 0.332674 0.725773 0.031407 0.057098
1 0.346925 0.864851 0.037213 0.038764
1 0.362629 0.151650 0.010029 0.005762
1 0.374505 0.800943 0.033782 0.071241
1 0.432964 0.731797 0.028767 0.079623
1 0.441145 0.725511 0.027184 0.074384
1 0.712985 0.381351 0.036157 0.093243
1 0.770256 0.362232 0.038797 0.062336
