0 0.447329 0.846531 0.003603 0.002336
0 0.194998 0.107919 0.002967 0.004672
0 0.210047 0.089815 0.004239 0.004905
0 0.223930 0.071479 0.004027 0.003737
0 0.231348 0.070895 0.004027 0.003971
0 0.176558 0.112123 0.002543 0.005139
0 0.197117 0.113291 0.003391 0.005139
0 0.199343 0.118547 0.002755 0.003504
0 0.203052 0.113525 0.002543 0.004672
0 0.204854 0.118430 0.003179 0.005139
0 0.201039 0.122518 0.003179 0.003971
0 0.203158 0.128124 0.003179 0.004905
0 0.205384 0.132679 0.002543 0.004672
0 0.207821 0.125672 0.002755 0.005139
0 0.269712 0.128241 0.004027 0.002803
0 0.270877 0.125788 0.003815 0.003504
0 0.270877 0.121584 0.003391 0.003037
0 0.268228 0.100794 0.004027 0.002102
0 0.246185 0.127540 0.004027 0.004205
0 0.213014 0.076384 0.001696 0.004672
0 0.255405 0.028732 0.002967 0.004205
0 0.303095 0.033520 0.003815 0.002102
0 0.303412 0.035856 0.003603 0.001635
0 0.303518 0.039827 0.003815 0.002102
0 0.303306 0.042163 0.004239 0.002102
0 0.259326 0.055011 0.002331 0.004438
0 0.264307 0.061317 0.002543 0.003971
0 0.265367 0.071011 0.002120 0.004205
0 0.465028 0.130577 0.002543 0.004205
0 0.213120 0.086195 0.003603 0.003737
0 0.199873 0.107335 0.002543 0.004438
0 0.085841 0.132095 0.003391 0.005373
0 0.199025 0.102313 0.002967 0.004205
0 0.119860 0.199836 0.002331 0.004438
0 0.124735 0.199720 0.002331 0.005139
4 0.130564 0.204742 0.004663 0.002569
0 0.110322 0.192478 0.004027 0.001869
0 0.196482 0.185237 0.003391 0.002336
0 0.215240 0.180916 0.003603 0.002102
0 0.218631 0.167134 0.003179 0.004438
0 0.224460 0.162462 0.004239 0.002569
0 0.216087 0.170754 0.004451 0.002803
0 0.211212 0.172623 0.004027 0.002803
0 0.203900 0.183836 0.003815 0.002803
0 0.200509 0.184536 0.003815 0.002803
0 0.155045 0.175893 0.002331 0.004205
0 0.156952 0.175426 0.001908 0.004205
0 0.158542 0.174726 0.002543 0.004672
0 0.160873 0.174842 0.002967 0.004438
0 0.162145 0.174258 0.002543 0.004205
0 0.164476 0.173674 0.002967 0.004438
0 0.166914 0.173207 0.003603 0.003971
0 0.169457 0.173090 0.003179 0.004205
0 0.171471 0.172974 0.003391 0.004438
0 0.183446 0.144943 0.001908 0.003504
0 0.181221 0.133380 0.002543 0.003737
0 0.180055 0.129059 0.002755 0.004438
0 0.178995 0.124854 0.001908 0.003971
0 0.178148 0.120533 0.002755 0.004672
0 0.207397 0.137117 0.003179 0.004205
0 0.466935 0.130227 0.002543 0.004438
0 0.468525 0.129876 0.002755 0.004672
0 0.470008 0.128942 0.002331 0.004205
0 0.476579 0.127307 0.002755 0.004672
0 0.621238 0.072647 0.003815 0.003270
0 0.620602 0.070544 0.003391 0.002336
0 0.620920 0.062953 0.003603 0.002569
0 0.620072 0.058631 0.003179 0.001869
0 0.659919 0.003737 0.003603 0.001869
0 0.660661 0.005723 0.002967 0.002569
0 0.657164 0.007008 0.003603 0.002336
0 0.643705 0.015767 0.002120 0.004438
0 0.686308 0.030834 0.003815 0.002336
0 0.686732 0.032703 0.004239 0.002336
0 0.687156 0.034688 0.003391 0.002569
0 0.687368 0.036790 0.003815 0.002102
0 0.688321 0.040878 0.003603 0.002336
0 0.689169 0.044966 0.003179 0.002102
0 0.720538 0.051156 0.004451 0.002336
0 0.671365 0.033403 0.004027 0.001869
0 0.670835 0.028148 0.003815 0.001635
0 0.652289 0.006891 0.004027 0.003037
0 0.670941 0.030250 0.004451 0.003037
0 0.670305 0.026045 0.003179 0.002102
0 0.670199 0.024060 0.003391 0.001869
0 0.669987 0.021490 0.003391 0.002336
0 0.669669 0.019505 0.004027 0.002569
0 0.694892 0.010979 0.001484 0.003737
0 0.697223 0.011212 0.001060 0.004205
0 0.698707 0.010862 0.001060 0.003504
0 0.700403 0.010862 0.001484 0.003504
0 0.622404 0.077202 0.004451 0.003037
0 0.604705 0.028965 0.004239 0.002336
4 0.575456 0.048236 0.010174 0.003971
0 0.499788 0.121233 0.002120 0.003270
0 0.479970 0.126372 0.002331 0.004205
0 0.484103 0.125438 0.002967 0.004205
0 0.471916 0.128475 0.002331 0.004672
0 0.474142 0.128007 0.002543 0.004205
0 0.478593 0.127073 0.002967 0.005139
0 0.486117 0.124504 0.002331 0.004672
0 0.488025 0.124504 0.002331 0.004672
0 0.490038 0.124036 0.002120 0.004672
0 0.492052 0.123336 0.002331 0.004205
0 0.494065 0.122401 0.002543 0.004205
0 0.495973 0.122051 0.001696 0.003971
0 0.497880 0.121701 0.001696 0.004672
0 0.502331 0.120533 0.002120 0.004205
4 0.514307 0.046251 0.004451 0.002336
0 0.508054 0.118897 0.002120 0.004205
0 0.510174 0.118547 0.002120 0.004438
0 0.511869 0.118197 0.002120 0.004205
0 0.513883 0.117846 0.002331 0.005373
0 0.515897 0.117029 0.002543 0.004205
4 0.483468 0.048820 0.005087 0.002803
4 0.489614 0.050105 0.007206 0.003037
4 0.489614 0.047419 0.005087 0.002336
4 0.501696 0.048470 0.005087 0.002102
4 0.501802 0.046601 0.005299 0.002102
4 0.531157 0.049988 0.005935 0.002803
4 0.530839 0.048003 0.006147 0.002569
0 0.089021 0.142373 0.003815 0.004438
0 0.145930 0.010278 0.002755 0.004205
0 0.705066 0.010745 0.001908 0.004205
4 0.416278 0.080472 0.005087 0.011913
4 0.421895 0.078603 0.004451 0.010979
4 0.418822 0.057113 0.012717 0.005840
4 0.419351 0.060850 0.011657 0.004438
4 0.437050 0.054894 0.009750 0.005139
4 0.438109 0.057697 0.008054 0.004205
4 0.452522 0.056762 0.016109 0.006073
4 0.468737 0.051390 0.015049 0.004672
4 0.470008 0.055011 0.009962 0.003037
4 0.470008 0.058398 0.013353 0.004205
4 0.454112 0.060967 0.013777 0.003737
1 0.464604 0.905513 0.003815 0.005373
4 0.548538 0.042280 0.011446 0.005139
4 0.538258 0.042981 0.009538 0.004672
4 0.564328 0.048353 0.008266 0.019154
4 0.574184 0.040061 0.011869 0.005840
4 0.575032 0.044382 0.011869 0.005606
4 0.573442 0.052207 0.011234 0.003971
4 0.568143 0.044616 0.005299 0.012147
4 0.544616 0.690843 0.009538 0.013782
4 0.547372 0.696683 0.014201 0.020790
4 0.559135 0.702990 0.011869 0.013315
4 0.570475 0.704625 0.015049 0.013782
4 0.419033 0.079421 0.004663 0.010745
4 0.413311 0.081056 0.005511 0.013548
0 0.142963 0.015884 0.001908 0.004205
4 0.410661 0.083041 0.005299 0.013315
1 0.053836 0.097407 0.007630 0.007475
1 0.053624 0.101612 0.007630 0.007475
4 0.071005 0.285681 0.025011 0.018220
1 0.318355 0.986685 0.002967 0.003737
1 0.231454 0.905396 0.006783 0.008876
1 0.234209 0.903060 0.006359 0.009344
1 0.236541 0.900958 0.006783 0.009344
1 0.298855 0.953165 0.002967 0.004438
1 0.252331 0.891848 0.003603 0.004205
4 0.356613 0.257650 0.006571 0.021957
4 0.408966 0.526396 0.018440 0.015651
4 0.383001 0.539010 0.009750 0.008643
4 0.381730 0.542046 0.011446 0.009577
4 0.396142 0.548937 0.012293 0.009811
4 0.411297 0.558398 0.010386 0.009110
4 0.410343 0.561434 0.010174 0.008176
4 0.407376 0.563420 0.012293 0.010745
4 0.430585 0.572063 0.011657 0.010278
4 0.403879 0.615978 0.010386 0.013081
4 0.406634 0.613875 0.009538 0.011212
4 0.410025 0.612007 0.015049 0.016819
4 0.416914 0.635015 0.011446 0.015183
4 0.433976 0.636183 0.014625 0.014249
4 0.431115 0.633030 0.013989 0.013548
4 0.429101 0.629643 0.012929 0.012380
4 0.447117 0.625905 0.011234 0.010512
4 0.399428 0.467181 0.019288 0.014015
4 0.576092 0.715721 0.013989 0.015884
4 0.580543 0.714553 0.009326 0.007942
4 0.592624 0.718641 0.010174 0.009110
4 0.630034 0.748657 0.028190 0.024293
4 0.320263 0.454216 0.010598 0.007241
4 0.358733 0.032352 0.007418 0.018921
4 0.320687 0.467297 0.012717 0.005840
4 0.317719 0.470334 0.011446 0.005840
4 0.316024 0.473604 0.011869 0.005373
0 0.075350 0.013431 0.004027 0.001635
0 0.074820 0.015417 0.003815 0.001869
0 0.074608 0.017636 0.003391 0.001635
0 0.073654 0.021841 0.004027 0.002102
0 0.073336 0.025695 0.003391 0.002336
0 0.073336 0.027914 0.003815 0.002569
0 0.064540 0.022425 0.004027 0.001869
0 0.072594 0.032235 0.004027 0.002336
0 0.074396 0.020322 0.003391 0.002336
0 0.072912 0.030133 0.003815 0.001869
0 0.072700 0.033987 0.003815 0.002569
4 0.318249 0.457019 0.009962 0.007241
4 0.315706 0.459822 0.011234 0.008643
4 0.307334 0.460640 0.006783 0.012147
4 0.983786 0.126840 0.009962 0.006541
4 0.703158 0.333567 0.007842 0.013081
4 0.693514 0.686055 0.037728 0.030834
4 0.696905 0.679514 0.036032 0.029900
4 0.662357 0.770848 0.033489 0.027096
4 0.826621 0.054076 0.031369 0.017052
4 0.856825 0.055361 0.012081 0.009811
4 0.849830 0.307405 0.115091 0.055127
1 0.961424 0.046835 0.005935 0.005373
4 0.950297 0.105583 0.012929 0.009811
4 0.962378 0.111539 0.008690 0.006774
4 0.985481 0.124504 0.009962 0.006073
4 0.994913 0.130694 0.007630 0.007708
4 0.290695 0.452815 0.011657 0.007241
4 0.993959 0.134665 0.009538 0.009110
4 0.993535 0.139103 0.009962 0.008176
4 0.991946 0.142724 0.013565 0.010745
4 0.314434 0.013198 0.004875 0.013315
4 0.316872 0.039010 0.012717 0.004672
4 0.316342 0.046368 0.009114 0.003971
4 0.318143 0.052791 0.011022 0.004672
4 0.317401 0.074048 0.008266 0.003270
4 0.321005 0.093086 0.007842 0.002569
4 0.275858 0.450479 0.010386 0.007241
4 0.276070 0.446625 0.009114 0.006073
4 0.288258 0.455968 0.011022 0.007942
0 0.702310 0.010979 0.001484 0.003737
0 0.707397 0.010862 0.001484 0.003971
0 0.452310 0.872693 0.003815 0.002336
0 0.271725 0.534922 0.004663 0.004672
0 0.291013 0.516935 0.003391 0.003737
0 0.254875 0.578253 0.003603 0.004438
0 0.242794 0.595655 0.002755 0.004205
0 0.241310 0.600911 0.003179 0.005840
0 0.268546 0.701939 0.002967 0.004205
0 0.269288 0.707662 0.002331 0.003971
0 0.274163 0.698669 0.003179 0.003737
0 0.308393 0.730203 0.003391 0.004672
0 0.345591 0.721794 0.004027 0.003737
0 0.321958 0.747139 0.003815 0.003504
0 0.307440 0.759285 0.004027 0.004438
0 0.224777 0.816281 0.003179 0.003504
0 0.229228 0.854356 0.003603 0.004905
0 0.349724 0.885774 0.004239 0.003270
0 0.353540 0.883088 0.004239 0.003037
0 0.356825 0.879818 0.004027 0.003504
0 0.350148 0.739196 0.002967 0.003971
0 0.351632 0.738262 0.002543 0.003971
0 0.336901 0.552675 0.004027 0.003270
0 0.345167 0.555594 0.003179 0.003504
0 0.330861 0.566456 0.004239 0.002803
0 0.374735 0.649848 0.003815 0.003737
0 0.380458 0.659659 0.003815 0.003737
0 0.382153 0.661644 0.003391 0.003504
0 0.347287 0.664681 0.003603 0.004905
0 0.350254 0.666083 0.003179 0.003971
0 0.357037 0.676244 0.004027 0.004672
0 0.270348 0.529199 0.003603 0.003971
0 0.288046 0.511212 0.003815 0.004438
0 0.262929 0.462742 0.001908 0.004205
0 0.295994 0.489255 0.002755 0.004438
0 0.267274 0.464494 0.002120 0.004438
0 0.270030 0.465429 0.002967 0.004905
0 0.157376 0.454917 0.002755 0.004905
0 0.159178 0.450596 0.002120 0.003737
0 0.162993 0.439967 0.002543 0.003971
0 0.164582 0.435412 0.002755 0.005139
0 0.133743 0.477692 0.004239 0.003737
0 0.292815 0.483999 0.004451 0.003270
0 0.296418 0.478393 0.002331 0.004672
0 0.318991 0.486685 0.004239 0.003504
0 0.334252 0.504438 0.003815 0.004905
0 0.336689 0.508059 0.002755 0.004672
0 0.339233 0.512030 0.003179 0.005139
0 0.348559 0.524644 0.004027 0.004205
0 0.349407 0.526746 0.004451 0.004672
0 0.297054 0.490306 0.002755 0.003737
0 0.300763 0.497314 0.003391 0.003270
0 0.298326 0.504672 0.003603 0.003504
0 0.285714 0.521724 0.003391 0.003504
0 0.281899 0.471035 0.002120 0.004438
0 0.292391 0.476875 0.003603 0.003037
0 0.298643 0.479210 0.002543 0.003971
0 0.300339 0.480028 0.001696 0.004205
0 0.302671 0.480145 0.002967 0.004438
0 0.306804 0.479210 0.003179 0.005373
0 0.298749 0.490890 0.003603 0.003971
0 0.299067 0.492992 0.003815 0.002569
0 0.363290 0.686288 0.002967 0.004205
0 0.368376 0.693646 0.003391 0.004905
0 0.361700 0.692595 0.003179 0.004205
0 0.375795 0.711516 0.003815 0.005139
0 0.357461 0.931675 0.003179 0.004438
0 0.359580 0.934828 0.003179 0.004205
0 0.361594 0.938683 0.003391 0.004438
0 0.373039 0.944639 0.003815 0.004672
0 0.382683 0.958771 0.003179 0.004438
0 0.385333 0.963326 0.003391 0.004672
0 0.392221 0.968115 0.003179 0.004438
0 0.394659 0.972203 0.003391 0.004672
0 0.390632 0.987269 0.002543 0.003037
0 0.391797 0.988320 0.004027 0.003737
0 0.379610 0.992875 0.003815 0.003971
0 0.506041 0.968115 0.002755 0.004438
0 0.501060 0.960523 0.002967 0.004672
0 0.480500 0.944756 0.002967 0.004438
0 0.475837 0.914973 0.004239 0.004205
0 0.474671 0.912871 0.004027 0.003737
0 0.466829 0.899439 0.004027 0.004438
0 0.465769 0.897804 0.004451 0.003971
0 0.463968 0.895118 0.004663 0.004205
0 0.460682 0.889395 0.004451 0.004438
0 0.459729 0.887176 0.003815 0.002803
0 0.458669 0.885190 0.003815 0.003504
0 0.457503 0.883322 0.003603 0.003504
0 0.455490 0.879818 0.003815 0.003037
0 0.454324 0.878183 0.004027 0.003037
0 0.453582 0.876314 0.003391 0.002569
0 0.453052 0.874445 0.003603 0.002569
0 0.352374 0.924550 0.003603 0.004672
0 0.349513 0.920112 0.003815 0.004672
0 0.361382 0.926419 0.003391 0.004672
4 0.496715 0.567975 0.009962 0.011913
0 0.429419 0.648914 0.003391 0.003737
0 0.431539 0.650666 0.003815 0.003504
0 0.470432 0.613758 0.003603 0.003504
0 0.488660 0.606400 0.003179 0.004672
0 0.491840 0.603597 0.002755 0.004205
0 0.425180 0.652885 0.002967 0.004205
0 0.431009 0.647746 0.002755 0.003270
0 0.432387 0.647045 0.002120 0.003270
0 0.439911 0.641089 0.003179 0.003971
4 0.450509 0.612240 0.005299 0.007475
4 0.451992 0.652651 0.006571 0.006541
4 0.504557 0.567858 0.006994 0.008409
4 0.494277 0.564471 0.010598 0.012380
0 0.351314 0.912988 0.002755 0.004438
4 0.491204 0.561434 0.010386 0.013782
4 0.513035 0.662345 0.008690 0.007241
0 0.396566 0.712801 0.003391 0.004905
0 0.401653 0.720392 0.003391 0.004672
0 0.405574 0.726933 0.003179 0.004672
0 0.384167 0.719108 0.002755 0.003971
0 0.389042 0.725765 0.003603 0.004672
0 0.405680 0.747139 0.004239 0.003971
0 0.410873 0.759168 0.003603 0.003270
0 0.404091 0.750993 0.003179 0.004672
0 0.441077 0.861598 0.002967 0.004905
0 0.450509 0.861247 0.003603 0.003270
0 0.265261 0.463910 0.002331 0.005139
0 0.260386 0.461224 0.002331 0.005373
0 0.710259 0.011563 0.001696 0.004438
0 0.080861 0.504905 0.003179 0.004438
0 0.104387 0.511446 0.004027 0.003037
0 0.120708 0.515067 0.004451 0.004205
0 0.122086 0.520439 0.003815 0.003270
0 0.152183 0.469750 0.002967 0.004672
0 0.162463 0.465312 0.003603 0.001869
0 0.161615 0.467648 0.004027 0.002803
0 0.161721 0.469516 0.003815 0.002803
0 0.162251 0.471852 0.004027 0.003270
0 0.158118 0.535623 0.003815 0.003270
0 0.057334 0.543097 0.002755 0.003737
0 0.055638 0.547185 0.003179 0.004438
0 0.045358 0.572296 0.004239 0.004672
0 0.057440 0.598225 0.003815 0.002803
0 0.063162 0.604999 0.003815 0.004672
0 0.067084 0.606400 0.003179 0.003270
0 0.068249 0.607802 0.003391 0.003737
0 0.079165 0.601962 0.004875 0.004205
0 0.117529 0.625321 0.004027 0.003270
0 0.022255 0.627307 0.002543 0.003971
0 0.023845 0.623219 0.003179 0.004672
0 0.108097 0.677295 0.004239 0.003971
0 0.222340 0.850152 0.003391 0.003971
0 0.216405 0.829129 0.002120 0.003504
0 0.225307 0.822705 0.003815 0.003737
0 0.231348 0.811493 0.004027 0.004205
0 0.256571 0.798879 0.003603 0.003737
0 0.261552 0.795375 0.003391 0.003737
0 0.092518 0.510628 0.002755 0.005139
0 0.338809 0.898972 0.004027 0.004438
0 0.256783 0.466129 0.004451 0.003504
0 0.323972 0.922331 0.003603 0.004438
0 0.712272 0.011096 0.001484 0.004905
0 0.743006 0.016585 0.003179 0.001869
0 0.721068 0.056646 0.004239 0.002569
0 0.764837 0.042747 0.004027 0.001869
0 0.782535 0.034688 0.002120 0.005373
0 0.787834 0.036440 0.002120 0.004205
0 0.802141 0.024761 0.003603 0.002336
0 0.784866 0.012964 0.002543 0.004438
0 0.780839 0.017870 0.003815 0.002102
0 0.756041 0.017286 0.003391 0.002336
0 0.764837 0.044616 0.003179 0.001869
0 0.779780 0.021140 0.003391 0.001635
0 0.764837 0.046952 0.003179 0.001869
0 0.787198 0.013315 0.002120 0.004672
0 0.982514 0.043565 0.002331 0.003504
0 0.992688 0.018220 0.002755 0.004205
0 0.969903 0.035506 0.003815 0.003270
0 0.304366 0.948493 0.002120 0.004905
0 0.308287 0.950596 0.003603 0.004438
0 0.309559 0.952581 0.003603 0.003737
0 0.310407 0.954683 0.002755 0.003737
0 0.238448 0.863233 0.003391 0.004905
0 0.262611 0.910885 0.003815 0.005373
0 0.268122 0.918944 0.003815 0.004205
0 0.276070 0.930390 0.003179 0.004205
0 0.278508 0.934595 0.002967 0.003737
0 0.321323 0.924550 0.002967 0.003737
0 0.251696 0.795609 0.004027 0.004205
0 0.258796 0.790002 0.004239 0.004205
0 0.205808 0.807522 0.003815 0.005139
0 0.198919 0.796893 0.003603 0.004905
0 0.279992 0.527564 0.004239 0.004438
0 0.282747 0.520556 0.003391 0.004438
0 0.281793 0.518687 0.003179 0.003504
0 0.181857 0.431558 0.003815 0.003971
0 0.180267 0.483649 0.004451 0.003504
0 0.197541 0.438566 0.004239 0.003504
0 0.196588 0.430507 0.002331 0.004205
0 0.200509 0.431792 0.002120 0.003971
0 0.202522 0.436697 0.004027 0.003504
0 0.211954 0.441602 0.004663 0.003504
0 0.211212 0.445457 0.004451 0.003737
0 0.202734 0.432960 0.002331 0.003971
0 0.208139 0.436230 0.001696 0.004438
0 0.210577 0.436580 0.001908 0.004205
0 0.212908 0.437515 0.002331 0.004205
0 0.215028 0.438916 0.001484 0.004672
0 0.216935 0.439851 0.001908 0.004672
0 0.220644 0.441719 0.002120 0.005139
0 0.222764 0.442303 0.001696 0.003971
0 0.224671 0.443238 0.001696 0.004438
0 0.226791 0.443705 0.001696 0.003971
0 0.228699 0.444873 0.002120 0.003971
0 0.230818 0.446391 0.002120 0.004205
0 0.233468 0.447092 0.001908 0.004205
0 0.234951 0.448143 0.001908 0.003971
0 0.237071 0.449544 0.001908 0.003971
0 0.245019 0.457720 0.003815 0.003504
0 0.186096 0.492292 0.003815 0.002102
0 0.196905 0.491591 0.004239 0.003971
0 0.156740 0.482247 0.003179 0.004905
0 0.154727 0.634081 0.003815 0.003037
0 0.201462 0.800747 0.002755 0.003737
0 0.196164 0.792922 0.003179 0.004438
0 0.184082 0.772833 0.002755 0.003971
0 0.185778 0.776921 0.003179 0.004205
0 0.165218 0.742000 0.004027 0.003971
0 0.176876 0.733590 0.003179 0.004905
0 0.179843 0.721327 0.003179 0.005139
0 0.276706 0.775053 0.003603 0.003737
0 0.292073 0.770614 0.003815 0.004205
0 0.273527 0.777972 0.003603 0.003971
0 0.191501 0.789302 0.003179 0.004205
0 0.150382 0.632562 0.003179 0.003270
0 0.159390 0.636066 0.004239 0.003737
0 0.253497 0.560033 0.003815 0.004905
0 0.189805 0.648447 0.003603 0.003270
0 0.211848 0.665616 0.002755 0.004438
0 0.228805 0.629526 0.003603 0.004672
0 0.196270 0.609671 0.003815 0.004672
0 0.198495 0.610955 0.003179 0.004438
0 0.203688 0.609671 0.004239 0.003270
0 0.232408 0.567508 0.004875 0.003971
0 0.250530 0.585494 0.003815 0.002102
0 0.266214 0.592852 0.004239 0.003737
0 0.272255 0.598225 0.003603 0.003737
0 0.281051 0.600677 0.004239 0.004438
0 0.260916 0.555478 0.003815 0.005139
1 0.055214 0.094370 0.007842 0.007942
