2 0.546629 0.585795 0.104410 0.059085
2 0.673974 0.732512 0.101115 0.059238
2 0.770274 0.825425 0.106183 0.059238
2 0.863406 0.928976 0.105930 0.059391
2 0.423087 0.727384 0.098581 0.058166
2 0.253801 0.536507 0.099595 0.059085
2 0.214648 0.492040 0.100355 0.058625
2 0.143436 0.424384 0.084136 0.042706
2 0.375063 0.392469 0.104916 0.059085
2 0.930816 0.023649 0.029904 0.018521
2 0.956665 0.057324 0.026863 0.015460
2 0.959326 0.048523 0.029650 0.016838
2 0.459833 0.777208 0.107197 0.059238
2 0.383680 0.677790 0.101875 0.058779
2 0.321211 0.325731 0.179169 0.095821
2 0.131526 0.067121 0.115053 0.069646
2 0.165864 0.175647 0.126964 0.076688
