2 0.491710 0.274104 0.141165 0.076318
2 0.747039 0.109525 0.158219 0.095543
2 0.727144 0.256627 0.141165 0.073988
2 0.736855 0.331488 0.148271 0.077483
2 0.153482 0.205068 0.114638 0.068745
2 0.353624 0.548791 0.116059 0.069327
2 0.531739 0.677978 0.138797 0.093504
2 0.224538 0.759831 0.154429 0.090009
2 0.574135 0.857122 0.124112 0.069618
2 0.568451 0.949607 0.138323 0.090300
2 0.801516 0.933586 0.129796 0.079231
2 0.802463 0.859598 0.113690 0.067579
2 0.796068 0.784591 0.146376 0.078940
2 0.783041 0.710166 0.126954 0.069327
2 0.322122 0.303379 0.124112 0.083600
