2 0.048374 0.313237 0.082569 0.066186
2 0.062552 0.028997 0.078399 0.055374
2 0.085488 0.249509 0.081735 0.059961
2 0.097998 0.200033 0.085071 0.067824
2 0.199958 0.424640 0.071309 0.054391
2 0.213303 0.369102 0.079650 0.056684
2 0.214137 0.189220 0.088824 0.072412
2 0.309008 0.735583 0.099249 0.075360
2 0.362177 0.931356 0.059633 0.047510
2 0.365513 0.211337 0.062135 0.045216
2 0.376355 0.764089 0.082986 0.064220
2 0.394495 0.066514 0.067556 0.049803
2 0.437865 0.432012 0.080901 0.060616
2 0.438073 0.600098 0.069641 0.057995
2 0.478524 0.917104 0.063803 0.049148
2 0.493536 0.820937 0.081318 0.053408
2 0.643244 0.657765 0.069641 0.057995
2 0.654712 0.396461 0.092577 0.068152
2 0.683903 0.612385 0.081735 0.061599
2 0.711426 0.560780 0.070892 0.050786
2 0.713928 0.503768 0.072560 0.050786
2 0.721226 0.303571 0.077982 0.057995
2 0.785446 0.396953 0.082152 0.061927
2 0.939741 0.562910 0.076314 0.070118
