2 0.135128 0.565680 0.047925 0.029602
2 0.159585 0.701896 0.042490 0.032840
2 0.180089 0.442877 0.045949 0.031915
2 0.202322 0.568455 0.044960 0.034228
2 0.222579 0.310361 0.046937 0.032377
2 0.223320 0.689177 0.045455 0.033302
2 0.245059 0.431776 0.042490 0.029140
2 0.269022 0.557586 0.043972 0.031915
2 0.289032 0.679232 0.044466 0.034690
2 0.298913 0.828168 0.072134 0.063367
2 0.310771 0.420444 0.049407 0.033302
2 0.333251 0.543478 0.043972 0.033302
2 0.354496 0.664894 0.045949 0.033765
2 0.366354 0.818918 0.068676 0.062442
2 0.375741 0.412350 0.047925 0.031915
2 0.398468 0.537234 0.046937 0.030990
2 0.419219 0.657956 0.041008 0.030990
2 0.441947 0.808279 0.068676 0.063367
2 0.442935 0.403793 0.046937 0.030527
2 0.462945 0.522202 0.038538 0.029602
2 0.484931 0.646161 0.044960 0.030527
2 0.518775 0.168594 0.098814 0.084644
2 0.528656 0.509019 0.048419 0.038390
2 0.548172 0.788390 0.085474 0.080944
2 0.552125 0.635060 0.041008 0.029602
2 0.595850 0.502313 0.045455 0.032377
2 0.658597 0.493525 0.048419 0.033302
2 0.764328 0.133441 0.106719 0.087419
