2 0.199971 0.546026 0.036678 0.027758
2 0.171215 0.550771 0.046068 0.033926
2 0.186033 0.569514 0.043427 0.031554
2 0.170335 0.579241 0.037852 0.027284
2 0.227993 0.925860 0.039906 0.037722
2 0.170921 0.968683 0.061326 0.051720
2 0.148914 0.974496 0.034331 0.029181
2 0.120892 0.962278 0.033451 0.028944
2 0.196156 0.929300 0.050176 0.041756
2 0.110182 0.948754 0.049589 0.043179
2 0.079959 0.947450 0.050763 0.042467
2 0.058685 0.928707 0.051056 0.041518
2 0.477113 0.168446 0.071596 0.063108
2 0.477846 0.137129 0.067782 0.060735
2 0.435886 0.170937 0.067195 0.060498
2 0.731661 0.314472 0.071890 0.054330
2 0.699824 0.513760 0.049883 0.041993
2 0.642899 0.501305 0.049883 0.042705
2 0.168427 0.530012 0.042840 0.037011
2 0.205986 0.500712 0.051056 0.040095
2 0.206573 0.520996 0.044014 0.032740
2 0.190288 0.157058 0.033157 0.032266
2 0.212441 0.150415 0.035798 0.033215
2 0.210534 0.130368 0.034918 0.032977
2 0.189114 0.132977 0.036678 0.034401
2 0.225499 0.102017 0.052523 0.042705
2 0.100939 0.338909 0.024061 0.017319
2 0.075558 0.338553 0.057218 0.043654
2 0.056045 0.380071 0.058685 0.044603
2 0.287852 0.341993 0.074531 0.058600
2 0.268192 0.381257 0.047535 0.033689
2 0.268339 0.397628 0.039026 0.030368
2 0.250293 0.430724 0.062207 0.045789
2 0.223005 0.457058 0.036972 0.028233
2 0.209507 0.480546 0.035211 0.028233
2 0.227259 0.473191 0.063674 0.045789
2 0.186473 0.482800 0.036678 0.028470
2 0.189701 0.509253 0.036092 0.029181
2 0.593163 0.474496 0.074237 0.065955
3 0.434859 0.537960 0.019953 0.016845
2 0.410945 0.551601 0.036092 0.035113
2 0.442782 0.547450 0.039906 0.036299
3 0.968603 0.505338 0.028756 0.021827
3 0.906103 0.489680 0.037559 0.028470
2 0.817782 0.489680 0.041667 0.032266
3 0.918427 0.461922 0.038732 0.027046
2 0.623239 0.923843 0.070423 0.058837
2 0.483128 0.551957 0.056045 0.048161
2 0.624120 0.600000 0.072183 0.063108
2 0.664759 0.608066 0.050176 0.040332
3 0.766872 0.640925 0.037265 0.030605
2 0.705399 0.619573 0.050469 0.041044
3 0.745012 0.630249 0.019366 0.017319
2 0.687353 0.810320 0.078932 0.060498
2 0.721978 0.898932 0.085387 0.067853
3 0.935153 0.436062 0.034624 0.025623
2 0.757189 0.840095 0.111209 0.086833
2 0.476819 0.880783 0.051643 0.043891
2 0.413292 0.859549 0.051937 0.046501
2 0.872359 0.716014 0.071009 0.062633
3 0.788146 0.390510 0.035211 0.028470
3 0.815728 0.402610 0.037559 0.029893
3 0.842430 0.438197 0.040493 0.029893
2 0.036092 0.937129 0.034038 0.028470
