2 0.418899 0.553955 0.006476 0.016852
2 0.432661 0.554363 0.006329 0.017124
2 0.439800 0.554499 0.006476 0.017396
2 0.453415 0.555178 0.007212 0.018211
2 0.460333 0.555993 0.006329 0.017668
2 0.467692 0.556945 0.006623 0.017396
2 0.460627 0.466567 0.006623 0.017124
2 0.467766 0.466839 0.006476 0.017124
2 0.492641 0.432862 0.006771 0.016581
2 0.634383 0.433406 0.011775 0.022017
2 0.634972 0.401604 0.011186 0.020930
2 0.677657 0.203180 0.020901 0.041044
2 0.668384 0.238244 0.010009 0.020386
2 0.681631 0.233487 0.011481 0.021745
2 0.411908 0.553004 0.006329 0.017124
2 0.404916 0.552324 0.006771 0.017396
2 0.397851 0.551780 0.007065 0.017396
3 0.364292 0.352134 0.010892 0.008970
2 0.300339 0.357026 0.008095 0.021473
2 0.300854 0.337999 0.008243 0.018211
3 0.338976 0.360560 0.012069 0.008426
3 0.339049 0.370073 0.011628 0.007883
3 0.338828 0.380130 0.012364 0.007883
3 0.338534 0.389508 0.012658 0.007067
3 0.365028 0.318973 0.010892 0.009513
3 0.364734 0.328758 0.011186 0.008970
3 0.364807 0.342892 0.011039 0.007339
3 0.364218 0.360560 0.010450 0.008426
2 0.443995 0.703180 0.024875 0.034248
3 0.364071 0.368714 0.010745 0.008426
3 0.364218 0.378228 0.010745 0.007883
3 0.364292 0.389780 0.010892 0.008698
2 0.392258 0.461403 0.023845 0.035608
2 0.412128 0.464257 0.006476 0.019027
2 0.370400 0.549606 0.006623 0.017940
2 0.377539 0.550421 0.006771 0.017940
2 0.384530 0.551101 0.006623 0.017668
2 0.391007 0.551237 0.006329 0.017940
2 0.790771 0.099619 0.014866 0.024735
2 0.800118 0.100843 0.011481 0.022289
2 0.300633 0.387198 0.009567 0.013862
