2 0.179123 0.218924 0.051178 0.033395
2 0.180341 0.315090 0.050366 0.031540
2 0.203087 0.411565 0.061738 0.050093
2 0.220146 0.227891 0.037368 0.037724
2 0.237612 0.318800 0.057677 0.042672
2 0.252234 0.222016 0.056052 0.044527
2 0.257920 0.404143 0.104793 0.084725
2 0.264013 0.746444 0.045491 0.038343
2 0.287571 0.230056 0.047116 0.033395
2 0.290414 0.540816 0.025183 0.024119
2 0.292039 0.320037 0.036556 0.034014
2 0.292039 0.515152 0.021933 0.024737
2 0.292851 0.662338 0.047929 0.032158
2 0.293258 0.487013 0.024370 0.024119
2 0.293258 0.719233 0.051990 0.039579
2 0.294070 0.460730 0.022746 0.024737
2 0.294882 0.749845 0.058489 0.047619
2 0.297319 0.783241 0.040617 0.036487
2 0.321690 0.222944 0.043867 0.040198
2 0.329407 0.778912 0.096669 0.073593
2 0.350122 0.812616 0.074736 0.060606
2 0.512185 0.399814 0.142161 0.095857
2 0.546304 0.139765 0.060926 0.053185
2 0.559301 0.752938 0.046304 0.042672
2 0.574330 0.375387 0.194963 0.154607
2 0.575955 0.326840 0.064988 0.047619
2 0.607230 0.596475 0.069050 0.053803
2 0.633631 0.419295 0.037368 0.037106
2 0.745329 0.755411 0.030057 0.030303
2 0.747360 0.785714 0.022746 0.024119
2 0.764013 0.589363 0.036556 0.034632
2 0.769699 0.756339 0.062551 0.049474
2 0.779854 0.635745 0.050366 0.040816
2 0.803818 0.594929 0.049553 0.038343
2 0.840780 0.599567 0.045491 0.037724
