2 0.173469 0.747622 0.137415 0.045656
2 0.310204 0.779011 0.138776 0.042486
2 0.553061 0.589410 0.099320 0.047559
2 0.589116 0.423272 0.040816 0.024731
2 0.591837 0.375396 0.043537 0.026633
2 0.591837 0.399493 0.040816 0.025365
2 0.633333 0.807229 0.058503 0.021560
2 0.648299 0.150602 0.082993 0.042486
2 0.719048 0.469880 0.042177 0.026633
2 0.724490 0.423906 0.034014 0.020926
2 0.740136 0.780596 0.234014 0.114141
2 0.750340 0.152188 0.102041 0.050729
2 0.836054 0.767597 0.072109 0.039949
2 0.857143 0.154407 0.136054 0.065314
2 0.867347 0.553266 0.080272 0.038681
2 0.868027 0.515536 0.076190 0.036779
3 0.199320 0.200698 0.074830 0.025999
