0 0.012855 0.542984 0.001478 0.003197
0 0.013593 0.512789 0.001182 0.003197
0 0.013593 0.525933 0.001773 0.003197
0 0.013889 0.500000 0.001182 0.002487
0 0.014037 0.491474 0.001478 0.003197
0 0.014037 0.517052 0.001478 0.003197
0 0.014775 0.500355 0.001773 0.002487
0 0.014923 0.513144 0.001478 0.003197
0 0.015219 0.538899 0.002069 0.002842
0 0.015366 0.492185 0.001773 0.003197
0 0.015366 0.518117 0.001773 0.003197
0 0.015514 0.504973 0.002069 0.003197
0 0.016401 0.500888 0.001478 0.002842
0 0.016401 0.513677 0.001478 0.002842
0 0.016696 0.518472 0.001478 0.003197
0 0.016844 0.492718 0.001182 0.002842
0 0.016992 0.505861 0.001478 0.002842
0 0.017583 0.514032 0.001478 0.002842
0 0.017730 0.501243 0.001773 0.003552
0 0.017730 0.526821 0.001773 0.003552
0 0.018174 0.492895 0.001478 0.003197
0 0.018174 0.518828 0.002069 0.003908
0 0.018469 0.505861 0.001478 0.002842
0 0.019060 0.501599 0.001478 0.002842
0 0.019208 0.514742 0.001773 0.003552
0 0.019504 0.298934 0.001182 0.002487
0 0.019651 0.493606 0.001478 0.003197
0 0.019651 0.531972 0.001478 0.003197
0 0.019799 0.506572 0.001773 0.003552
0 0.020095 0.307460 0.002364 0.003197
0 0.020390 0.502664 0.001773 0.002842
0 0.020390 0.515275 0.001773 0.003197
0 0.020833 0.493961 0.001478 0.003197
0 0.020833 0.519716 0.001478 0.003552
0 0.020981 0.507282 0.001773 0.003552
0 0.021129 0.299822 0.001478 0.002842
0 0.021424 0.308526 0.002069 0.003197
0 0.022163 0.503020 0.001773 0.003552
0 0.022163 0.515275 0.001773 0.003197
0 0.022311 0.494494 0.001478 0.002842
0 0.022311 0.507638 0.001478 0.002842
0 0.022311 0.520249 0.001478 0.003197
0 0.022606 0.300178 0.001478 0.003552
0 0.022902 0.309059 0.002069 0.002842
0 0.023345 0.503197 0.001182 0.003197
0 0.023641 0.495204 0.001773 0.003552
0 0.023641 0.521137 0.001773 0.003552
0 0.023936 0.507815 0.001182 0.003197
0 0.024527 0.503552 0.001773 0.003197
0 0.024970 0.495560 0.001478 0.002842
0 0.025118 0.535879 0.002364 0.001776
0 0.025266 0.507993 0.001478 0.003552
0 0.025857 0.302664 0.002069 0.003552
0 0.026005 0.504085 0.001773 0.002842
0 0.026005 0.517052 0.001773 0.003197
0 0.026152 0.496448 0.002069 0.003908
0 0.026300 0.508881 0.001773 0.003197
0 0.026596 0.521492 0.001773 0.003552
0 0.027335 0.517229 0.001478 0.002842
0 0.027482 0.504618 0.001773 0.003197
0 0.027630 0.496448 0.001478 0.002487
0 0.028517 0.505684 0.001478 0.003197
0 0.028812 0.496803 0.001478 0.003197
0 0.028960 0.509591 0.002364 0.003908
0 0.029108 0.518117 0.001478 0.003197
0 0.029994 0.505861 0.001478 0.003552
0 0.030290 0.497158 0.001478 0.003197
0 0.031028 0.526998 0.002955 0.001776
0 0.031472 0.505861 0.001478 0.003552
0 0.031767 0.497513 0.001478 0.001776
0 0.031767 0.510657 0.002069 0.003197
0 0.032949 0.498401 0.001478 0.002842
0 0.032949 0.506572 0.001478 0.003552
0 0.033097 0.354352 0.002364 0.002487
0 0.033245 0.523446 0.002660 0.001776
0 0.034131 0.351155 0.002660 0.002487
0 0.034574 0.498757 0.001773 0.002842
0 0.034722 0.347957 0.003251 0.002487
0 0.035165 0.346004 0.002955 0.002131
0 0.035313 0.520071 0.002660 0.002131
0 0.035904 0.499467 0.002069 0.003552
0 0.036052 0.518472 0.002364 0.001776
0 0.036200 0.340497 0.003251 0.002487
0 0.036791 0.516341 0.002660 0.001776
0 0.037825 0.514210 0.002364 0.001776
0 0.038268 0.369982 0.002660 0.001776
0 0.038268 0.511901 0.002660 0.001421
0 0.038416 0.500888 0.001773 0.003552
0 0.038712 0.356661 0.002955 0.002842
0 0.039155 0.509947 0.002660 0.001776
0 0.039894 0.501066 0.001773 0.003197
0 0.039894 0.507638 0.002364 0.002131
0 0.041519 0.344760 0.002069 0.001776
0 0.041814 0.342984 0.002660 0.002487
0 0.041962 0.334813 0.001773 0.003908
0 0.043440 0.334991 0.001773 0.003552
0 0.044178 0.361812 0.002660 0.002487
0 0.044326 0.185258 0.002364 0.001776
0 0.044474 0.190053 0.002660 0.002842
0 0.044917 0.335879 0.001773 0.003197
0 0.045065 0.188277 0.002660 0.002842
0 0.045065 0.348668 0.001478 0.003197
0 0.047577 0.336590 0.001773 0.003197
0 0.061761 0.142806 0.002364 0.001421
0 0.061761 0.147069 0.002955 0.003552
0 0.061909 0.140853 0.002660 0.001776
0 0.062796 0.138721 0.002069 0.001776
0 0.063387 0.148668 0.002660 0.003197
0 0.064864 0.149734 0.002660 0.003197
0 0.066489 0.150977 0.002955 0.003552
0 0.066637 0.135879 0.002069 0.003908
0 0.068115 0.152043 0.002660 0.003552
0 0.068262 0.136945 0.001773 0.003197
0 0.068410 0.130551 0.002660 0.001776
0 0.068706 0.145293 0.001478 0.002842
0 0.069149 0.128419 0.002364 0.002487
0 0.069149 0.133570 0.002364 0.003552
0 0.069444 0.137833 0.001773 0.002842
0 0.069592 0.126288 0.002660 0.003197
0 0.069592 0.153286 0.002660 0.003197
0 0.070183 0.145471 0.001478 0.003197
0 0.070626 0.124689 0.002364 0.002842
0 0.070626 0.134281 0.002364 0.003552
0 0.071661 0.146004 0.001478 0.003552
0 0.071956 0.135346 0.002069 0.002842
0 0.072695 0.122025 0.001773 0.003197
0 0.073138 0.146536 0.000887 0.003197
0 0.074320 0.121314 0.001478 0.003197
0 0.074320 0.137833 0.002069 0.003552
0 0.074320 0.147069 0.001478 0.003552
0 0.075650 0.138899 0.002364 0.003552
0 0.075946 0.147425 0.001773 0.003552
0 0.076832 0.140320 0.002364 0.002842
0 0.079639 0.130551 0.002660 0.003197
0 0.079787 0.142096 0.002364 0.003552
0 0.080526 0.131972 0.002660 0.003197
0 0.080822 0.143339 0.002069 0.003197
0 0.081413 0.133748 0.002069 0.002487
0 0.082447 0.134636 0.002364 0.002842
0 0.083481 0.135879 0.002660 0.003908
0 0.084811 0.151687 0.001773 0.002842
0 0.085402 0.144760 0.002955 0.003197
0 0.085993 0.152220 0.001773 0.002487
0 0.086584 0.149023 0.002364 0.003197
0 0.087027 0.152931 0.002069 0.002487
0 0.087323 0.139432 0.002069 0.003197
0 0.087766 0.149911 0.001773 0.003552
0 0.088357 0.140675 0.002364 0.003552
0 0.088800 0.150622 0.002069 0.002842
0 0.089687 0.141563 0.002069 0.003197
0 0.091017 0.142629 0.001773 0.003197
0 0.092642 0.144760 0.002069 0.003197
0 0.093085 0.948845 0.002955 0.002131
0 0.093972 0.146004 0.001773 0.002842
0 0.100325 0.960036 0.002660 0.001776
0 0.101359 0.948845 0.002364 0.002131
0 0.102689 0.957726 0.002660 0.002131
0 0.107417 0.129840 0.002660 0.003197
0 0.108895 0.130906 0.002660 0.003197
0 0.109043 0.122025 0.002364 0.003908
0 0.109634 0.135879 0.002364 0.003197
0 0.109929 0.197691 0.002364 0.003197
0 0.110077 0.194494 0.002660 0.002487
0 0.110225 0.132149 0.002364 0.002842
0 0.111111 0.192540 0.002955 0.002842
0 0.111554 0.123979 0.002660 0.003552
0 0.111850 0.198579 0.002069 0.003552
0 0.112293 0.134458 0.002364 0.003197
0 0.112589 0.110480 0.002364 0.002842
0 0.112589 0.125400 0.002364 0.003552
0 0.112589 0.188988 0.002955 0.002842
0 0.113475 0.187744 0.002955 0.003197
0 0.113475 0.198579 0.001773 0.003552
0 0.113623 0.948490 0.003251 0.002131
0 0.113771 0.111723 0.002364 0.003197
0 0.113918 0.126288 0.002660 0.003197
0 0.113918 0.135524 0.002660 0.003197
0 0.114362 0.185968 0.002364 0.002487
0 0.114953 0.199112 0.001773 0.003908
0 0.115100 0.127353 0.002660 0.003197
0 0.115248 0.112611 0.002364 0.003552
0 0.115248 0.184547 0.002364 0.003197
0 0.115544 0.123268 0.002364 0.002842
0 0.115544 0.137123 0.002364 0.003552
0 0.115839 0.182948 0.002364 0.002842
0 0.116283 0.113854 0.002069 0.002487
0 0.116283 0.200000 0.001478 0.003552
0 0.116874 0.124334 0.002069 0.003552
0 0.116874 0.181705 0.002660 0.003197
0 0.117169 0.138366 0.002660 0.003197
0 0.117317 0.129485 0.002955 0.003908
0 0.117317 0.200000 0.001773 0.004263
0 0.117465 0.114920 0.002069 0.003197
0 0.117760 0.180639 0.002660 0.002487
0 0.117908 0.125400 0.001773 0.002842
0 0.118351 0.178686 0.002069 0.002131
0 0.118499 0.115631 0.001773 0.002487
0 0.118499 0.956306 0.002955 0.002131
0 0.118647 0.192362 0.001478 0.003197
0 0.118794 0.144405 0.002364 0.003197
0 0.118794 0.200533 0.001773 0.003197
0 0.119238 0.126288 0.002069 0.003197
0 0.119533 0.116519 0.002069 0.002842
0 0.119533 0.131439 0.002069 0.003552
0 0.119533 0.188988 0.001478 0.003552
0 0.119829 0.177620 0.002660 0.002842
0 0.119976 0.192718 0.001773 0.003197
0 0.120272 0.145648 0.002364 0.002842
0 0.120420 0.201066 0.002069 0.003552
0 0.120567 0.176199 0.002364 0.002842
0 0.120567 0.944405 0.002955 0.001776
0 0.120715 0.117940 0.002069 0.002842
0 0.120715 0.141385 0.002660 0.002842
0 0.120863 0.132504 0.002364 0.003552
0 0.121011 0.188810 0.001478 0.003197
0 0.121158 0.128597 0.001773 0.002842
0 0.121454 0.174778 0.002364 0.002842
0 0.121454 0.193250 0.001773 0.003552
0 0.121897 0.201421 0.002069 0.004263
0 0.122045 0.142806 0.002364 0.002842
0 0.122193 0.119005 0.002660 0.003552
0 0.122340 0.129840 0.001773 0.003197
0 0.122340 0.173357 0.002364 0.002842
0 0.122340 0.189165 0.001773 0.003197
0 0.122931 0.193606 0.001773 0.002842
0 0.123079 0.171758 0.002069 0.002487
0 0.123227 0.202131 0.001773 0.003552
0 0.123522 0.120071 0.002364 0.002842
0 0.123818 0.130195 0.001773 0.002487
0 0.123966 0.189343 0.001478 0.002842
0 0.124113 0.183304 0.002364 0.002131
0 0.124409 0.135524 0.002364 0.003197
0 0.124557 0.193783 0.002069 0.003197
0 0.124557 0.202842 0.001478 0.003552
0 0.124852 0.131616 0.002069 0.003197
0 0.125443 0.190053 0.001478 0.002842
0 0.125739 0.122558 0.002660 0.003552
0 0.125887 0.194494 0.001773 0.003908
0 0.125887 0.203020 0.001773 0.003197
0 0.126182 0.132682 0.002364 0.003197
0 0.126330 0.184014 0.002069 0.001421
0 0.126625 0.190231 0.001478 0.002487
0 0.126773 0.137833 0.002955 0.003552
0 0.127216 0.134103 0.002069 0.003197
0 0.127216 0.194494 0.001478 0.003197
0 0.127364 0.203552 0.001773 0.003552
0 0.127807 0.096092 0.002660 0.003197
0 0.127955 0.139076 0.002364 0.002487
0 0.127955 0.190764 0.001773 0.002842
0 0.128398 0.177975 0.002069 0.003552
0 0.128398 0.195382 0.001478 0.003552
0 0.128694 0.134991 0.002069 0.003552
0 0.128842 0.203552 0.001773 0.003552
0 0.128989 0.184725 0.002660 0.002131
0 0.129137 0.098757 0.002364 0.003552
0 0.129433 0.191119 0.001773 0.002842
0 0.129876 0.195560 0.002069 0.003197
0 0.130024 0.136057 0.002364 0.003552
0 0.130171 0.179218 0.002069 0.003908
0 0.130319 0.126465 0.002364 0.003552
0 0.130615 0.191829 0.001773 0.002842
0 0.130762 0.166430 0.002069 0.003197
0 0.130762 0.174778 0.002069 0.004263
0 0.130910 0.099645 0.002364 0.003908
0 0.131797 0.127886 0.002364 0.003552
0 0.131944 0.185790 0.002660 0.002131
0 0.132092 0.192540 0.001773 0.002842
0 0.132683 0.179929 0.001773 0.003197
0 0.133274 0.938899 0.002955 0.002131
0 0.133422 0.192718 0.001478 0.003197
0 0.134752 0.186856 0.002364 0.002131
0 0.135047 0.193073 0.001773 0.003197
0 0.135047 0.952398 0.002364 0.002131
0 0.135343 0.197869 0.002364 0.003552
0 0.136229 0.193428 0.001773 0.003197
0 0.136968 0.206217 0.001478 0.003908
0 0.137264 0.949734 0.002660 0.001776
0 0.137559 0.187567 0.002660 0.002131
0 0.137855 0.168917 0.002069 0.003908
0 0.138150 0.181528 0.002069 0.003552
0 0.138298 0.206750 0.001773 0.002842
0 0.139184 0.194316 0.001773 0.003552
0 0.140366 0.188455 0.002364 0.001776
0 0.140366 0.195027 0.001773 0.003552
0 0.144060 0.950622 0.002660 0.002131
0 0.149232 0.185613 0.001182 0.003197
0 0.150709 0.202487 0.001773 0.003552
0 0.151743 0.198401 0.002069 0.003197
0 0.152335 0.095382 0.002660 0.003908
0 0.152630 0.211368 0.001478 0.003552
0 0.154108 0.211901 0.001478 0.003197
0 0.154255 0.934636 0.002955 0.002131
0 0.154699 0.937478 0.003251 0.002131
0 0.154994 0.945471 0.003251 0.001776
0 0.155585 0.212433 0.001478 0.002842
0 0.157801 0.211901 0.001773 0.003197
0 0.161052 0.933393 0.002955 0.002487
0 0.162825 0.936234 0.003546 0.002487
0 0.168735 0.183304 0.002955 0.002131
0 0.174202 0.931439 0.003251 0.002842
0 0.176566 0.935879 0.003251 0.002487
0 0.179669 0.939254 0.002955 0.002131
0 0.183363 0.932327 0.003251 0.001776
0 0.186761 0.942806 0.003546 0.002131
0 0.189421 0.928952 0.002955 0.002131
0 0.190012 0.939787 0.003546 0.002487
0 0.201093 0.929130 0.002660 0.002487
0 0.207447 0.921137 0.002955 0.002842
0 0.207595 0.935346 0.002660 0.002131
0 0.209368 0.925755 0.002660 0.002131
0 0.221631 0.926288 0.002364 0.001776
0 0.231087 0.931972 0.002955 0.001776
0 0.231974 0.910657 0.002955 0.003197
0 0.232270 0.936412 0.003546 0.002131
0 0.234043 0.921137 0.002364 0.002131
0 0.236111 0.905151 0.002364 0.003552
0 0.238623 0.894671 0.003251 0.002487
0 0.239953 0.910302 0.001773 0.003908
0 0.239953 0.933037 0.002955 0.001776
0 0.242169 0.924334 0.002660 0.002131
0 0.243203 0.904973 0.002364 0.001776
0 0.243203 0.907105 0.003546 0.001776
0 0.243499 0.909236 0.002955 0.001776
0 0.243499 0.913499 0.002364 0.001776
0 0.245567 0.893783 0.002364 0.001421
0 0.249261 0.910302 0.002660 0.001776
0 0.251034 0.893606 0.002069 0.001776
0 0.252069 0.920959 0.002955 0.001776
0 0.255762 0.929663 0.002660 0.002131
0 0.259161 0.923091 0.003546 0.002487
0 0.268026 0.922025 0.002955 0.002487
0 0.271277 0.927886 0.002364 0.002131
0 0.276300 0.921492 0.002955 0.002131
0 0.277778 0.929663 0.002364 0.002131
0 0.280437 0.932860 0.002955 0.002131
0 0.283245 0.953819 0.001478 0.003552
0 0.283392 0.950622 0.001182 0.002842
0 0.283392 0.957726 0.001182 0.002842
0 0.283836 0.961101 0.001478 0.003908
0 0.285313 0.953996 0.002660 0.002487
0 0.285609 0.957371 0.002660 0.002842
0 0.286052 0.959680 0.002955 0.003197
0 0.286052 0.964831 0.002955 0.002842
0 0.286052 0.967140 0.002955 0.003197
0 0.288564 0.959147 0.001478 0.002842
0 0.288859 0.906217 0.003251 0.001421
0 0.291667 0.922913 0.002955 0.002131
0 0.292701 0.906217 0.003251 0.002131
0 0.297281 0.930728 0.002955 0.002131
0 0.302157 0.928774 0.002069 0.001776
0 0.305999 0.968561 0.003251 0.001776
0 0.306294 0.963410 0.002660 0.002131
0 0.306294 0.966785 0.002660 0.001776
0 0.306294 0.970515 0.002660 0.002131
0 0.306442 0.961812 0.002364 0.001066
0 0.306442 0.965009 0.002364 0.001066
0 0.306590 0.957016 0.002660 0.002131
0 0.306590 0.960036 0.002660 0.001776
0 0.306738 0.953286 0.002364 0.001776
0 0.308658 0.925933 0.002660 0.001776
0 0.310727 0.941563 0.002660 0.003197
0 0.311318 0.928064 0.002660 0.001776
0 0.312796 0.917584 0.002660 0.002131
0 0.323286 0.917584 0.002364 0.002131
0 0.326684 0.921847 0.002660 0.002131
0 0.340721 0.925577 0.002955 0.001776
0 0.341017 0.919893 0.002955 0.001776
0 0.347518 0.916341 0.002955 0.001776
0 0.354462 0.926643 0.003251 0.002487
0 0.363623 0.931616 0.003251 0.002487
0 0.364066 0.903730 0.003546 0.002131
0 0.377364 0.931972 0.002955 0.001776
0 0.385638 0.926821 0.003546 0.002131
0 0.388593 0.931616 0.002955 0.001776
0 0.396868 0.918472 0.002364 0.001776
0 0.399527 0.961279 0.001773 0.003552
0 0.415189 0.934813 0.002955 0.001776
0 0.431885 0.937478 0.003251 0.001421
0 0.434693 0.893428 0.002955 0.001421
0 0.439716 0.893428 0.002955 0.002131
0 0.457004 0.931261 0.003842 0.001776
0 0.459368 0.966607 0.001478 0.003552
0 0.463209 0.967851 0.001478 0.003197
0 0.465869 0.967851 0.001478 0.003197
0 0.469415 0.931616 0.002069 0.001776
0 0.479019 0.923801 0.002364 0.001776
0 0.485225 0.933215 0.003546 0.002131
0 0.488327 0.921137 0.002660 0.002131
0 0.497193 0.927709 0.002660 0.001776
0 0.497636 0.920959 0.002955 0.001776
0 0.497636 0.942984 0.002364 0.001776
0 0.503842 0.922380 0.002955 0.001776
0 0.505467 0.960036 0.001478 0.003197
0 0.507240 0.960036 0.001478 0.002487
0 0.507831 0.927531 0.002660 0.002131
0 0.508717 0.960036 0.000887 0.003197
0 0.510343 0.960391 0.001182 0.003197
0 0.511968 0.920249 0.002660 0.001776
0 0.511968 0.960036 0.001478 0.003908
0 0.513593 0.960391 0.001182 0.003197
0 0.514923 0.960746 0.000887 0.003197
0 0.518026 0.969982 0.002955 0.003197
0 0.519356 0.964298 0.003251 0.001776
0 0.520981 0.961101 0.001182 0.002487
0 0.522459 0.961456 0.001182 0.003197
0 0.523641 0.961456 0.000591 0.003197
0 0.524675 0.961456 0.000887 0.003197
0 0.526005 0.961101 0.001182 0.003197
0 0.526596 0.963943 0.002364 0.001776
0 0.530142 0.967851 0.002955 0.001776
0 0.532210 0.966075 0.002364 0.001776
0 0.545656 0.915453 0.002660 0.002131
0 0.552896 0.939609 0.002955 0.002131
0 0.554817 0.862345 0.000887 0.002487
0 0.555851 0.947780 0.002955 0.002131
0 0.559545 0.937833 0.002660 0.002131
0 0.562648 0.939964 0.002955 0.002131
0 0.576537 0.941030 0.002955 0.002131
0 0.577423 0.932860 0.002955 0.002131
0 0.578310 0.907105 0.002955 0.002487
0 0.578901 0.938899 0.002955 0.002131
0 0.584368 0.944050 0.003251 0.001776
0 0.588357 0.931439 0.002955 0.002131
0 0.589539 0.946892 0.002955 0.001776
0 0.591755 0.942096 0.003251 0.002131
0 0.598257 0.876554 0.002660 0.002487
0 0.598257 0.944760 0.003251 0.001776
0 0.602689 0.901066 0.003251 0.002487
0 0.604462 0.940853 0.003251 0.001776
0 0.613623 0.933037 0.002660 0.001776
0 0.623522 0.942274 0.002955 0.001776
0 0.630024 0.896980 0.002955 0.002131
0 0.634309 0.899645 0.003251 0.002487
0 0.637411 0.953286 0.002955 0.001776
0 0.637559 0.936767 0.003251 0.002131
0 0.644799 0.943162 0.003546 0.002131
0 0.649232 0.937655 0.002955 0.002487
0 0.657949 0.955773 0.002660 0.002487
0 0.663268 0.832327 0.002069 0.003552
0 0.671543 0.948845 0.003251 0.002842
0 0.682772 0.965187 0.003842 0.002842
0 0.690898 0.962522 0.002364 0.001776
0 0.701832 0.947780 0.002364 0.002131
0 0.702571 0.873357 0.003251 0.002487
0 0.712766 0.970870 0.002955 0.002131
0 0.716755 0.942629 0.002069 0.002487
0 0.738475 0.893606 0.001182 0.003197
0 0.748375 0.953819 0.003251 0.003552
0 0.750000 0.871048 0.002364 0.002842
0 0.754580 0.958970 0.003251 0.002487
0 0.761525 0.959147 0.003546 0.002131
0 0.777630 0.960391 0.002660 0.002487
0 0.778812 0.967496 0.002069 0.001066
0 0.791667 0.571936 0.001773 0.003552
0 0.801862 0.641030 0.002069 0.003908
0 0.806442 0.991297 0.002364 0.003197
0 0.808658 0.987389 0.002069 0.003197
0 0.811022 0.952220 0.003251 0.003197
1 0.020538 0.333570 0.003842 0.009947
1 0.020686 0.320426 0.002955 0.004973
1 0.020981 0.402842 0.004137 0.005684
1 0.022163 0.405329 0.004137 0.005684
1 0.024084 0.389343 0.004433 0.006394
1 0.024379 0.301243 0.001478 0.002842
1 0.024379 0.393606 0.005024 0.006394
1 0.032949 0.340497 0.002660 0.004618
1 0.034722 0.378508 0.006206 0.003197
1 0.040337 0.194671 0.004433 0.004263
1 0.040337 0.197513 0.004433 0.004263
1 0.041223 0.313144 0.003251 0.003197
1 0.041962 0.273002 0.005319 0.008171
1 0.042110 0.190941 0.003251 0.003197
1 0.043883 0.193606 0.002660 0.003552
1 0.045065 0.331439 0.004433 0.002131
1 0.047577 0.263588 0.005319 0.007815
1 0.048020 0.308171 0.006206 0.005329
1 0.049645 0.300355 0.008865 0.008171
1 0.049793 0.183304 0.005024 0.009236
1 0.051271 0.333215 0.003842 0.002842
1 0.052600 0.200000 0.005910 0.004263
1 0.053339 0.197691 0.005024 0.003908
1 0.054669 0.195560 0.005319 0.003908
1 0.055999 0.193783 0.004433 0.003908
1 0.056147 0.210657 0.004728 0.008526
1 0.057033 0.191652 0.005319 0.003197
1 0.058511 0.189698 0.005319 0.004263
1 0.059840 0.188099 0.005024 0.003908
1 0.060579 0.200355 0.005910 0.008526
1 0.060727 0.186323 0.004433 0.003197
1 0.061022 0.956483 0.003842 0.002487
1 0.061318 0.184192 0.007388 0.004618
1 0.062500 0.181705 0.007388 0.004618
1 0.063978 0.179929 0.007388 0.004618
1 0.065012 0.220071 0.007092 0.006750
1 0.065455 0.177975 0.007388 0.004263
1 0.067524 0.176377 0.007388 0.004618
1 0.067671 0.216519 0.006501 0.006750
1 0.067967 0.213854 0.007092 0.007105
1 0.068706 0.174423 0.005024 0.003552
1 0.069444 0.212256 0.006501 0.006750
1 0.069740 0.172291 0.005319 0.003552
1 0.071070 0.210657 0.005615 0.005684
1 0.071365 0.199290 0.005024 0.007815
1 0.072400 0.168917 0.004728 0.003197
1 0.072843 0.166607 0.005024 0.003552
1 0.073138 0.206750 0.006206 0.006394
1 0.074320 0.205151 0.005024 0.005329
1 0.074616 0.164654 0.005024 0.003908
1 0.075502 0.203197 0.006206 0.006394
1 0.075650 0.160568 0.005319 0.003552
1 0.075650 0.162877 0.004728 0.003197
1 0.076832 0.198579 0.004728 0.004973
1 0.076832 0.201599 0.006501 0.006750
1 0.077571 0.158437 0.004433 0.003552
1 0.078162 0.187744 0.005024 0.007460
1 0.078901 0.197691 0.006501 0.006750
1 0.080230 0.195737 0.006797 0.007105
1 0.081265 0.194316 0.005910 0.006394
1 0.082004 0.954174 0.003842 0.002842
1 0.082595 0.192362 0.006797 0.006750
1 0.083777 0.190586 0.006797 0.006750
1 0.083924 0.264298 0.005319 0.003552
1 0.084663 0.188277 0.005615 0.005684
1 0.085845 0.186146 0.006797 0.007105
1 0.086288 0.246892 0.008274 0.004263
1 0.086732 0.176554 0.005024 0.007815
1 0.087175 0.184192 0.006501 0.006750
1 0.088948 0.183126 0.004728 0.005329
1 0.090278 0.180995 0.005024 0.005329
1 0.091460 0.178863 0.005024 0.005329
1 0.092642 0.160924 0.005615 0.007815
1 0.093085 0.177442 0.004137 0.004618
1 0.094415 0.161989 0.005615 0.007815
1 0.094415 0.175488 0.003842 0.004263
1 0.094563 0.150089 0.005910 0.007460
1 0.094710 0.172824 0.006797 0.006750
1 0.096040 0.171048 0.006501 0.006750
1 0.096779 0.168917 0.005615 0.006750
1 0.097813 0.153108 0.005910 0.007815
1 0.098109 0.167318 0.006501 0.006394
1 0.099143 0.165542 0.006797 0.006394
1 0.099439 0.154529 0.006206 0.008526
1 0.100177 0.163410 0.006501 0.007105
1 0.103280 0.157194 0.005024 0.005329
1 0.105201 0.155950 0.006501 0.007105
1 0.105496 0.233570 0.004728 0.003197
1 0.106531 0.227176 0.003842 0.003197
1 0.130467 0.950977 0.003251 0.002131
1 0.177157 0.255062 0.003251 0.004263
1 0.246897 0.957904 0.002069 0.003908
1 0.323434 0.930728 0.003842 0.002131
1 0.338209 0.930195 0.004433 0.002487
1 0.341017 0.816519 0.006501 0.008881
1 0.348700 0.810835 0.008274 0.004618
1 0.349143 0.807638 0.004433 0.003197
1 0.350768 0.818650 0.004728 0.002487
1 0.352541 0.828242 0.005319 0.002487
1 0.353428 0.831439 0.004728 0.002487
1 0.369976 0.920071 0.008274 0.002842
1 0.405437 0.929840 0.003546 0.001776
1 0.414303 0.900710 0.003546 0.002487
1 0.422725 0.936057 0.004433 0.002131
1 0.466903 0.933925 0.005319 0.002131
1 0.474143 0.926288 0.003842 0.001776
1 0.483452 0.847957 0.008274 0.003552
1 0.515514 0.942806 0.003251 0.002131
1 0.516844 0.960568 0.001773 0.004263
1 0.518913 0.961101 0.001773 0.003908
1 0.526152 0.935524 0.003251 0.001776
1 0.528517 0.961634 0.000887 0.003552
1 0.529994 0.962167 0.002069 0.003197
1 0.531176 0.963055 0.001478 0.003552
1 0.531915 0.969627 0.002955 0.001776
1 0.533245 0.972291 0.003251 0.001421
1 0.533392 0.942984 0.004137 0.001776
1 0.533688 0.974067 0.002955 0.001421
1 0.537530 0.852575 0.004137 0.002131
1 0.538564 0.855062 0.003842 0.002131
1 0.539746 0.864654 0.003251 0.002131
1 0.555112 0.944405 0.003842 0.001776
1 0.560284 0.911545 0.004137 0.003552
1 0.569297 0.945648 0.003842 0.002131
1 0.638002 0.947780 0.003546 0.002131
1 0.641696 0.945471 0.003842 0.001776
1 0.645095 0.934458 0.010047 0.002487
1 0.646424 0.939609 0.004433 0.002131
1 0.755762 0.325933 0.002069 0.006039
1 0.783097 0.847780 0.007092 0.003197
1 0.789303 0.536412 0.004728 0.008526
1 0.799645 0.571758 0.002955 0.005329
1 0.803191 0.989876 0.004137 0.006039
1 0.803487 0.841563 0.007683 0.006394
1 0.820183 0.801954 0.006797 0.006750
1 0.826093 0.790941 0.007388 0.006750
1 0.827423 0.784192 0.007092 0.006750
1 0.828605 0.775133 0.007683 0.007105
1 0.877216 0.871226 0.009161 0.008171
1 0.925089 0.812789 0.007388 0.008526
1 0.933658 0.814387 0.006206 0.008171
