0 0.061154 0.665655 0.030577 0.035194
0 0.082001 0.587985 0.027797 0.035194
0 0.129256 0.709345 0.026407 0.035194
0 0.150799 0.948422 0.020848 0.044903
0 0.174774 0.646238 0.029882 0.035194
0 0.175122 0.839806 0.019458 0.046117
0 0.189020 0.956917 0.022238 0.054612
0 0.211605 0.844660 0.022933 0.053398
0 0.223072 0.601335 0.027797 0.066748
0 0.251216 0.464806 0.022933 0.050971
0 0.259903 0.416869 0.023628 0.059466
0 0.269979 0.566748 0.020153 0.046117
0 0.413482 0.796117 0.029187 0.036408
0 0.424253 0.896845 0.031272 0.050971
0 0.447186 0.827670 0.031272 0.043689
0 0.495830 0.873180 0.031272 0.047330
0 0.561501 0.960558 0.027797 0.047330
