0 0.016188 0.496663 0.030905 0.023359
0 0.017292 0.744160 0.031641 0.022247
0 0.018028 0.761402 0.034584 0.023359
0 0.018396 0.516129 0.033848 0.026696
0 0.020603 0.535039 0.036792 0.028921
0 0.020603 0.778643 0.036792 0.026696
0 0.021707 0.551168 0.036056 0.027809
0 0.025386 0.799221 0.036056 0.025584
0 0.026490 0.570078 0.038263 0.027809
0 0.027962 0.814794 0.038263 0.027809
0 0.033113 0.835373 0.038263 0.028921
0 0.034584 0.853170 0.038263 0.026696
0 0.035320 0.870412 0.036792 0.030033
0 0.036056 0.608454 0.033848 0.028921
0 0.036424 0.590656 0.036056 0.026696
0 0.039367 0.890434 0.036056 0.027809
0 0.041943 0.646830 0.038263 0.025584
0 0.041943 0.664627 0.035320 0.025584
0 0.046726 0.909344 0.034584 0.023359
0 0.047093 0.924360 0.035320 0.028921
0 0.048565 0.699110 0.036792 0.023359
0 0.051508 0.944383 0.039735 0.031146
0 0.055188 0.961624 0.036792 0.025584
0 0.055556 0.718576 0.037528 0.028921
0 0.057027 0.980534 0.038999 0.027809
0 0.062178 0.750834 0.038999 0.028921
0 0.069536 0.786429 0.036056 0.026696
0 0.070640 0.803115 0.036792 0.028921
0 0.074687 0.825918 0.037528 0.025584
0 0.076895 0.843159 0.037528 0.024472
0 0.080206 0.517241 0.019132 0.031146
0 0.080206 0.861513 0.036792 0.025584
0 0.084621 0.541713 0.019132 0.031146
0 0.088668 0.897108 0.038999 0.030033
0 0.089404 0.565072 0.019868 0.031146
0 0.094187 0.587875 0.020603 0.034483
0 0.094187 0.936040 0.035320 0.027809
0 0.097498 0.612903 0.016924 0.031146
0 0.102281 0.636263 0.016188 0.031146
0 0.106328 0.661846 0.018396 0.031146
0 0.203091 0.212458 0.014717 0.017798
0 0.233260 0.325918 0.019132 0.017798
0 0.277042 0.309789 0.018396 0.018910
1 0.123620 0.726363 0.020603 0.062291
1 0.161516 0.401001 0.038999 0.030033
1 0.165931 0.441046 0.038999 0.030033
1 0.172185 0.458287 0.038263 0.028921
1 0.172553 0.479422 0.038999 0.028921
1 0.172921 0.495551 0.041207 0.030033
1 0.176600 0.515573 0.038263 0.030033
1 0.182487 0.558954 0.039735 0.032258
1 0.183959 0.535595 0.041207 0.032258
1 0.203458 0.654060 0.040471 0.026696
1 0.208609 0.692436 0.038999 0.027809
1 0.213392 0.392102 0.041207 0.025584
1 0.216336 0.733037 0.039735 0.028921
1 0.219279 0.433815 0.038263 0.031146
1 0.220015 0.751390 0.038263 0.025584
1 0.221486 0.452725 0.038263 0.031146
1 0.223694 0.471635 0.042678 0.033370
1 0.227373 0.791435 0.036792 0.023359
1 0.228845 0.491657 0.039735 0.031146
1 0.233628 0.827586 0.037528 0.022247
1 0.237675 0.512236 0.039735 0.030033
1 0.237675 0.532258 0.041207 0.032258
1 0.238043 0.865962 0.038999 0.023359
1 0.238779 0.847052 0.038999 0.023359
1 0.239882 0.550612 0.039735 0.033370
1 0.242826 0.569522 0.041207 0.031146
1 0.243194 0.885428 0.040471 0.026696
1 0.246505 0.588988 0.039735 0.032258
1 0.247976 0.906563 0.039735 0.024472
1 0.253863 0.628476 0.041207 0.028921
1 0.254599 0.647942 0.039735 0.027809
1 0.259014 0.667408 0.039735 0.033370
1 0.287344 0.813682 0.040471 0.023359
1 0.294334 0.852058 0.039735 0.026696
1 0.296174 0.869299 0.040471 0.027809
1 0.321928 0.350389 0.038999 0.046719
1 0.327079 0.368743 0.040471 0.047831
1 0.332597 0.406007 0.039735 0.048943
1 0.336277 0.425473 0.041207 0.045606
1 0.338484 0.444939 0.041207 0.046719
1 0.342163 0.488320 0.039735 0.048943
1 0.348418 0.505562 0.040471 0.047831
1 0.356144 0.540044 0.041207 0.047831
1 0.362031 0.579533 0.041207 0.046719
1 0.366814 0.598999 0.040471 0.047831
1 0.373068 0.636819 0.041207 0.047831
1 0.373436 0.332036 0.043414 0.030033
1 0.376012 0.656841 0.039735 0.047831
1 0.377483 0.351502 0.042678 0.028921
1 0.380059 0.676307 0.040471 0.046719
1 0.383738 0.390990 0.041943 0.027809
1 0.388153 0.714683 0.038999 0.047831
1 0.390728 0.427141 0.041207 0.024472
1 0.391464 0.732481 0.036792 0.043382
1 0.401398 0.791991 0.038999 0.044494
1 0.401766 0.485539 0.041207 0.030033
1 0.403974 0.811457 0.038263 0.045606
1 0.404341 0.506118 0.043414 0.028921
1 0.407285 0.523359 0.044886 0.027809
1 0.409124 0.828699 0.038263 0.042269
1 0.413907 0.563404 0.043414 0.025584
1 0.417586 0.582314 0.043414 0.025584
1 0.423841 0.619577 0.042678 0.026696
1 0.426784 0.639600 0.045622 0.026696
1 0.427888 0.604561 0.043414 0.027809
1 0.438926 0.697998 0.041943 0.025584
1 0.442605 0.716352 0.041943 0.026696
1 0.449227 0.757508 0.043414 0.028921
1 0.449227 0.775306 0.037528 0.022247
1 0.451803 0.793660 0.036792 0.021135
1 0.458057 0.813682 0.034584 0.021135
1 0.525754 0.497219 0.037528 0.048943
1 0.526490 0.515573 0.038999 0.050056
1 0.529065 0.535595 0.041207 0.047831
1 0.530537 0.557286 0.041207 0.048943
1 0.537160 0.573971 0.041207 0.048943
1 0.540471 0.593993 0.040471 0.048943
1 0.543414 0.611791 0.040471 0.048943
1 0.548933 0.629588 0.041207 0.048943
1 0.551876 0.649611 0.039735 0.048943
1 0.555188 0.669633 0.040471 0.046719
1 0.558867 0.689099 0.038999 0.047831
1 0.564018 0.708009 0.038999 0.050056
1 0.576527 0.476085 0.041943 0.024472
1 0.576895 0.496663 0.042678 0.025584
1 0.580206 0.805339 0.040471 0.048943
1 0.588300 0.536707 0.043414 0.030033
1 0.588300 0.555061 0.043414 0.026696
1 0.590508 0.574527 0.041943 0.027809
1 0.596394 0.595106 0.041943 0.028921
1 0.601545 0.612903 0.044886 0.028921
1 0.604121 0.631813 0.042678 0.028921
1 0.606696 0.651279 0.044886 0.027809
1 0.614054 0.688543 0.043414 0.026696
1 0.618837 0.709677 0.042678 0.028921
1 0.621413 0.728031 0.043414 0.030033
1 0.621781 0.745273 0.036792 0.026696
1 0.626564 0.785873 0.034584 0.027809
1 0.633554 0.768076 0.033848 0.025584
1 0.690581 0.487208 0.038999 0.051168
1 0.693893 0.506674 0.038263 0.050056
1 0.696836 0.523915 0.038263 0.051168
1 0.699043 0.543938 0.038263 0.048943
1 0.699779 0.566185 0.038263 0.048943
1 0.701987 0.585651 0.038263 0.050056
1 0.704562 0.604561 0.037528 0.050056
1 0.706402 0.624583 0.035320 0.050056
1 0.708977 0.644605 0.036056 0.047831
1 0.710817 0.666296 0.035320 0.048943
1 0.714128 0.726919 0.036056 0.050056
1 0.735099 0.475528 0.033848 0.030033
1 0.737307 0.494994 0.035320 0.033370
1 0.737307 0.512792 0.033848 0.031146
1 0.739514 0.532258 0.033848 0.034483
1 0.741722 0.554505 0.035320 0.032258
1 0.743194 0.575083 0.033848 0.033370
1 0.745033 0.593993 0.030169 0.031146
1 0.749816 0.654616 0.033848 0.036707
1 0.750920 0.633482 0.030169 0.034483
1 0.752024 0.675751 0.032377 0.034483
1 0.756071 0.696329 0.033113 0.035595
1 0.756806 0.715795 0.031641 0.036707
1 0.758646 0.737486 0.033848 0.042269
1 0.819352 0.531702 0.030169 0.042269
1 0.825607 0.548387 0.036792 0.048943
1 0.831862 0.565072 0.036056 0.048943
1 0.831862 0.585651 0.037528 0.050056
1 0.836645 0.624583 0.036792 0.050056
1 0.841428 0.642380 0.034584 0.047831
1 0.848050 0.800890 0.031641 0.022247
