4 0.784149 0.767043 0.023196 0.017940
4 0.449742 0.600461 0.011598 0.016914
4 0.116624 0.757817 0.064433 0.026140
4 0.133054 0.795489 0.059923 0.027678
4 0.136276 0.812404 0.061211 0.025628
4 0.140786 0.827524 0.061211 0.026140
4 0.152706 0.843926 0.045103 0.019990
4 0.155928 0.856996 0.055412 0.024603
4 0.162371 0.871861 0.043814 0.014352
4 0.162049 0.885700 0.050902 0.025628
4 0.182023 0.931317 0.052191 0.022553
4 0.185889 0.950794 0.050902 0.022553
4 0.257410 0.966427 0.044459 0.013839
4 0.321843 0.925167 0.022552 0.026653
4 0.238402 0.900820 0.045103 0.023065
4 0.237436 0.882368 0.065077 0.023065
4 0.218428 0.852383 0.042526 0.015377
4 0.211985 0.816504 0.054124 0.021527
4 0.202320 0.778831 0.059278 0.021015
4 0.686211 0.515633 0.018041 0.030753
4 0.585052 0.453614 0.041237 0.015377
4 0.746456 0.400308 0.040593 0.013326
