4 0.141955 0.047376 0.054724 0.093294
4 0.168148 0.085641 0.020112 0.038630
4 0.185220 0.071793 0.026193 0.061953
4 0.217259 0.083819 0.052853 0.110787
4 0.260056 0.141764 0.040225 0.085277
4 0.285547 0.139577 0.021048 0.040087
4 0.309401 0.187318 0.018241 0.039359
4 0.319925 0.209548 0.016838 0.032799
4 0.342376 0.196429 0.014967 0.031341
4 0.384238 0.290087 0.017306 0.034985
4 0.399673 0.272595 0.016370 0.033528
4 0.420720 0.279883 0.042563 0.087464
4 0.474743 0.333455 0.038354 0.080904
4 0.498129 0.335641 0.017774 0.038630
4 0.568756 0.426385 0.039289 0.080175
4 0.585594 0.428207 0.014032 0.026968
4 0.602666 0.471939 0.016370 0.032799
4 0.619504 0.479227 0.036015 0.072157
4 0.713751 0.546647 0.018709 0.034985
4 0.727315 0.555394 0.021515 0.046647
4 0.751637 0.581268 0.016838 0.034257
4 0.851964 0.691691 0.038821 0.077259
4 0.886109 0.706633 0.021048 0.041545
4 0.909729 0.731050 0.017774 0.036443
4 0.923293 0.742711 0.025257 0.053936
4 0.938026 0.757653 0.017306 0.032799
4 0.970767 0.793003 0.019177 0.039359
