4 0.300122 0.888280 0.055012 0.016429
4 0.490220 0.354600 0.058680 0.013691
4 0.261002 0.018346 0.172372 0.034502
4 0.407702 0.212212 0.059902 0.021358
4 0.429095 0.238773 0.058680 0.017525
4 0.519560 0.329135 0.114914 0.023001
4 0.492054 0.310515 0.059902 0.013143
4 0.548900 0.401150 0.158924 0.029025
4 0.548900 0.955641 0.041565 0.026287
4 0.523839 0.450438 0.047677 0.008215
4 0.550733 0.522180 0.057457 0.072837
4 0.545232 0.582694 0.058680 0.013143
4 0.493888 0.623768 0.083130 0.020811
4 0.458435 0.652245 0.061125 0.014239
4 0.285452 0.908269 0.130807 0.037788
4 0.246944 0.923877 0.070905 0.020811
4 0.233496 0.947426 0.066015 0.019715
4 0.630196 0.854874 0.050122 0.036145
4 0.672372 0.804217 0.039120 0.025739
4 0.331907 0.809419 0.059902 0.017525
4 0.325795 0.862815 0.062347 0.018072
4 0.385697 0.749726 0.069682 0.024096
4 0.693765 0.777930 0.040342 0.026835
4 0.377139 0.175794 0.086797 0.015334
4 0.390587 0.192771 0.059902 0.012048
4 0.824572 0.418401 0.033007 0.028478
4 0.870416 0.435378 0.044010 0.009858
4 0.500000 0.511774 0.024450 0.022453
4 0.752445 0.700712 0.033007 0.023549
4 0.819071 0.661281 0.078240 0.024644
4 0.807457 0.593921 0.047677 0.053122
4 0.863692 0.598028 0.033007 0.027382
4 0.870416 0.460843 0.114914 0.042169
4 0.814792 0.387185 0.035452 0.030668
4 0.841687 0.358708 0.050122 0.012048
4 0.845355 0.337623 0.033007 0.025739
4 0.788509 0.331599 0.058680 0.053122
4 0.746333 0.272727 0.081907 0.066813
4 0.795844 0.267525 0.031785 0.019168
4 0.685208 0.202355 0.047677 0.039978
4 0.625917 0.133625 0.085575 0.054765
