4 0.105481 0.383375 0.020962 0.027250
4 0.126346 0.703625 0.011923 0.012750
4 0.136923 0.711625 0.012692 0.011750
4 0.138750 0.707875 0.012115 0.011250
4 0.319615 0.073000 0.035000 0.039000
4 0.410000 0.166500 0.032308 0.036000
4 0.415769 0.017750 0.015769 0.018500
4 0.475865 0.039750 0.028654 0.028500
4 0.504519 0.149500 0.022500 0.025000
4 0.557115 0.453500 0.011154 0.019000
4 0.562885 0.582625 0.006923 0.015750
4 0.571923 0.265750 0.014615 0.017500
4 0.608365 0.176625 0.017885 0.017250
4 0.651731 0.294750 0.021923 0.026000
4 0.657692 0.363500 0.015385 0.017500
4 0.707788 0.363875 0.014808 0.018250
4 0.716154 0.357750 0.014615 0.018500
4 0.723654 0.402750 0.022308 0.026000
4 0.733173 0.279750 0.015577 0.014000
4 0.735385 0.388250 0.018077 0.021000
4 0.745673 0.381625 0.017500 0.021250
4 0.760962 0.214250 0.014615 0.024000
4 0.792981 0.702125 0.006346 0.017750
4 0.795096 0.404625 0.021346 0.022750
4 0.798942 0.460875 0.016731 0.019250
4 0.803173 0.390875 0.022115 0.024750
4 0.809808 0.381750 0.017692 0.020000
4 0.819231 0.297250 0.019615 0.015000
4 0.859038 0.832875 0.011538 0.029250
4 0.861154 0.495625 0.024231 0.046250
4 0.883269 0.481000 0.014231 0.017000
4 0.884423 0.575750 0.022308 0.026000
4 0.936154 0.833500 0.016923 0.019500
4 0.960192 0.689875 0.025769 0.029750
4 0.971827 0.313750 0.016731 0.023500
