4 0.328817 0.417555 0.012558 0.006270
4 0.392928 0.315361 0.005948 0.012539
4 0.388632 0.334483 0.011897 0.005643
4 0.379048 0.351411 0.008592 0.008150
4 0.221745 0.441693 0.012558 0.011912
4 0.235955 0.443574 0.005288 0.013166
4 0.271646 0.439812 0.006609 0.010658
4 0.278255 0.439185 0.006609 0.009404
4 0.289822 0.433856 0.011236 0.012539
4 0.296761 0.433542 0.010575 0.010658
4 0.311302 0.426332 0.010575 0.013793
4 0.325182 0.425078 0.011897 0.007524
4 0.332452 0.410345 0.014541 0.010658
4 0.393589 0.131034 0.008592 0.012539
4 0.338401 0.404702 0.011897 0.010658
4 0.350958 0.391223 0.009253 0.006270
4 0.353933 0.382759 0.013880 0.008150
4 0.394911 0.295298 0.004627 0.008777
4 0.394250 0.146708 0.005948 0.015047
4 0.306675 0.166458 0.011897 0.008150
4 0.313946 0.162382 0.013219 0.010031
4 0.320886 0.151724 0.007270 0.007524
4 0.325512 0.148276 0.009914 0.008150
4 0.307667 0.176176 0.007270 0.003762
4 0.393919 0.167712 0.005288 0.010658
4 0.311302 0.184326 0.014541 0.005016
4 0.313285 0.192163 0.014541 0.004389
4 0.318242 0.203135 0.017845 0.005016
4 0.318242 0.212226 0.015202 0.006897
4 0.320225 0.222884 0.013880 0.004389
4 0.324190 0.227586 0.009914 0.003762
4 0.324190 0.230721 0.013880 0.003762
4 0.342697 0.227900 0.013880 0.008150
4 0.395572 0.224765 0.004627 0.009404
4 0.394580 0.208150 0.003966 0.011285
4 0.393919 0.186520 0.005288 0.014420
