4 0.767129 0.469704 0.004337 0.001125
4 0.749783 0.475972 0.003469 0.000804
4 0.753036 0.467213 0.003903 0.001607
4 0.763010 0.451945 0.003903 0.000964
4 0.761492 0.453552 0.003469 0.000964
4 0.761058 0.455722 0.004337 0.001125
4 0.759974 0.457088 0.004770 0.000964
4 0.759757 0.458052 0.004337 0.001286
4 0.759540 0.460383 0.004770 0.001125
4 0.759540 0.461186 0.006505 0.001446
4 0.758890 0.462552 0.004337 0.001286
4 0.768213 0.468660 0.003903 0.000643
4 0.748049 0.481115 0.002602 0.000804
4 0.767997 0.467936 0.004337 0.000804
4 0.768647 0.466972 0.003903 0.000804
4 0.769081 0.466249 0.003903 0.000643
4 0.769514 0.463999 0.004770 0.000964
4 0.777754 0.459659 0.003903 0.000964
4 0.788378 0.453954 0.004337 0.001125
4 0.779055 0.448730 0.003903 0.001607
4 0.774718 0.447525 0.004770 0.002089
4 0.780789 0.441739 0.004770 0.001768
4 0.779705 0.349405 0.004337 0.000964
4 0.748699 0.477981 0.003903 0.000964
4 0.734172 0.477258 0.004337 0.000804
4 0.879662 0.364834 0.005637 0.001607
4 0.706418 0.496545 0.005204 0.000804
4 0.700997 0.508116 0.004770 0.001446
4 0.701648 0.507232 0.004337 0.000964
4 0.701431 0.506348 0.003903 0.001125
4 0.715742 0.496786 0.003903 0.000964
4 0.715525 0.497509 0.004337 0.000804
4 0.715742 0.498393 0.004770 0.000964
4 0.715308 0.499116 0.004770 0.000804
4 0.705551 0.498634 0.004337 0.000804
4 0.705984 0.497911 0.004337 0.000643
4 0.705984 0.497268 0.004337 0.000964
4 0.696444 0.495500 0.006071 0.000964
4 0.734172 0.478142 0.005204 0.000643
4 0.695794 0.496223 0.005637 0.001125
4 0.696661 0.497348 0.007372 0.001125
4 0.697095 0.500080 0.004770 0.000804
4 0.696444 0.498393 0.007806 0.000964
4 0.722680 0.487785 0.004770 0.000964
4 0.731787 0.488107 0.004770 0.000964
4 0.730486 0.483526 0.003903 0.001125
4 0.725499 0.466410 0.004337 0.000964
4 0.733521 0.481196 0.004770 0.001286
4 0.734389 0.479749 0.003903 0.000964
4 0.780572 0.350289 0.003469 0.000804
4 0.868170 0.356156 0.002602 0.001607
4 0.882697 0.358566 0.003903 0.000964
4 0.831310 0.350852 0.004337 0.001286
4 0.769081 0.334298 0.005637 0.000964
4 0.770815 0.326824 0.003903 0.000804
4 0.761925 0.325538 0.003469 0.000804
4 0.761275 0.326422 0.003903 0.000964
4 0.701214 0.508840 0.004337 0.001286
4 0.705768 0.508599 0.002168 0.001446
4 0.713356 0.508679 0.002602 0.001929
4 0.715958 0.507473 0.002602 0.001768
4 0.786860 0.508277 0.003903 0.000804
4 0.667606 0.749759 0.006505 0.000964
4 0.823721 0.518563 0.005637 0.000804
4 0.892238 0.511652 0.003903 0.000804
4 0.854510 0.514786 0.004770 0.000964
4 0.834779 0.508759 0.004337 0.000804
4 0.737424 0.553922 0.003036 0.001768
4 0.736123 0.548939 0.002168 0.001768
4 0.749566 0.543073 0.003036 0.002572
4 0.752819 0.532305 0.003469 0.002572
4 0.753469 0.529090 0.003036 0.002893
4 0.784909 0.516474 0.004337 0.000804
4 0.772767 0.518724 0.004337 0.000804
4 0.771683 0.522340 0.003903 0.000643
4 0.773851 0.517920 0.003903 0.000482
4 0.743495 0.520251 0.001301 0.001607
4 0.744363 0.523867 0.002168 0.001446
4 0.690590 0.521135 0.007372 0.001125
4 0.690373 0.520010 0.006938 0.001446
4 0.691023 0.518885 0.007372 0.001125
4 0.746314 0.511250 0.002602 0.001929
4 0.728101 0.509482 0.002602 0.001286
4 0.665655 0.748473 0.004337 0.000964
4 0.669558 0.746946 0.005204 0.001125
4 0.667823 0.746062 0.004337 0.000964
4 0.671509 0.745339 0.003903 0.000804
4 0.700781 0.728946 0.004337 0.000804
4 0.700781 0.729910 0.005204 0.000804
4 0.700347 0.730714 0.005204 0.001125
4 0.700130 0.731437 0.004770 0.000964
4 0.717476 0.731356 0.002168 0.001768
4 0.715525 0.731276 0.001735 0.001929
4 0.713573 0.731598 0.002168 0.001607
4 0.667389 0.739473 0.005204 0.000964
4 0.668257 0.735776 0.005204 0.000964
4 0.692324 0.732160 0.002168 0.001768
4 0.691891 0.733928 0.002168 0.001446
4 0.691457 0.735616 0.002168 0.001607
4 0.668474 0.741000 0.004770 0.001125
4 0.689939 0.741321 0.001735 0.001768
4 0.689722 0.743410 0.003036 0.001768
4 0.687988 0.749116 0.002168 0.001607
4 0.688422 0.747348 0.002168 0.001607
4 0.688855 0.745419 0.002168 0.001607
4 0.673027 0.744053 0.003469 0.000804
4 0.668907 0.743330 0.004770 0.000964
4 0.667606 0.744616 0.003903 0.000643
