4 0.817435 0.374668 0.004691 0.005309
4 0.814113 0.369549 0.006646 0.004171
4 0.770133 0.428328 0.005473 0.006447
4 0.838350 0.353053 0.003518 0.006068
4 0.841478 0.351536 0.003518 0.006826
4 0.844605 0.347933 0.002737 0.004930
4 0.847537 0.346227 0.003127 0.006068
4 0.850665 0.344141 0.004691 0.005688
4 0.853792 0.342435 0.003127 0.006068
4 0.856919 0.339970 0.003909 0.007205
4 0.862979 0.337694 0.004300 0.007205
4 0.869234 0.334850 0.005082 0.006068
4 0.872557 0.333144 0.004691 0.007205
4 0.876466 0.331437 0.004691 0.006068
4 0.883894 0.335798 0.005473 0.006447
4 0.886630 0.338642 0.006255 0.006826
4 0.888585 0.341866 0.006255 0.006447
4 0.894840 0.349450 0.007819 0.006447
4 0.897381 0.352105 0.008210 0.007205
4 0.764269 0.432120 0.006255 0.007205
4 0.762510 0.390216 0.006646 0.006826
4 0.797498 0.363292 0.007819 0.006068
4 0.834441 0.339401 0.005864 0.005309
4 0.814699 0.372393 0.008600 0.006068
4 0.374902 0.783466 0.010946 0.012135
4 0.469507 0.397421 0.089132 0.127418
4 0.747068 0.070724 0.046912 0.127797
4 0.783620 0.312476 0.010555 0.008343
4 0.641321 0.509860 0.007428 0.007964
4 0.620407 0.507016 0.009382 0.009860
4 0.632134 0.501517 0.007037 0.006447
4 0.656763 0.484831 0.006255 0.007205
4 0.662236 0.474213 0.007819 0.008722
4 0.659304 0.488813 0.008991 0.009101
4 0.661845 0.492605 0.010164 0.011377
4 0.666341 0.494312 0.007428 0.007205
4 0.665364 0.476868 0.008600 0.009480
4 0.671423 0.482556 0.008991 0.009480
4 0.681001 0.441600 0.012510 0.012514
4 0.695074 0.441790 0.011728 0.012135
4 0.683933 0.453166 0.011337 0.011377
4 0.698788 0.445392 0.010555 0.010997
4 0.701329 0.449943 0.009382 0.009480
4 0.695074 0.462837 0.007819 0.007964
4 0.730258 0.404058 0.014073 0.014790
4 0.738468 0.412400 0.012510 0.012514
4 0.741204 0.417899 0.007819 0.008343
4 0.723808 0.420933 0.012119 0.012893
4 0.728108 0.423019 0.008991 0.008722
4 0.730649 0.426621 0.007819 0.006826
4 0.646403 0.515927 0.006646 0.006447
4 0.634676 0.503792 0.007428 0.007205
4 0.638780 0.524839 0.006255 0.006826
4 0.604183 0.532044 0.007428 0.006826
4 0.558444 0.561813 0.007428 0.007205
4 0.586787 0.570724 0.010164 0.009860
4 0.593237 0.537353 0.008210 0.008343
4 0.564699 0.568449 0.008210 0.009101
4 0.608874 0.535836 0.008210 0.007584
4 0.574472 0.577171 0.006646 0.006826
4 0.582682 0.569018 0.008210 0.007964
4 0.905590 0.335988 0.007428 0.003792
4 0.892690 0.361206 0.008210 0.007964
4 0.884285 0.342814 0.005473 0.006068
4 0.819781 0.366325 0.006255 0.004551
4 0.826622 0.368980 0.005864 0.005309
4 0.577404 0.579067 0.004691 0.006068
4 0.597537 0.525597 0.006646 0.006826
4 0.601837 0.542662 0.005864 0.005309
4 0.623729 0.509101 0.007428 0.006447
4 0.627052 0.513083 0.010164 0.009101
4 0.654222 0.482177 0.006646 0.007205
4 0.562940 0.565036 0.008600 0.008343
