4 0.810655 0.570276 0.052565 0.064013
4 0.268508 0.439466 0.007893 0.037295
4 0.325967 0.429864 0.007893 0.034233
4 0.317443 0.431812 0.006946 0.031450
4 0.309155 0.431534 0.008998 0.038686
4 0.300316 0.435152 0.007419 0.034233
4 0.294159 0.440857 0.007103 0.026162
4 0.285083 0.438770 0.007261 0.033120
4 0.276006 0.442388 0.005841 0.029223
4 0.286819 0.479961 0.011681 0.039243
4 0.341121 0.426941 0.007261 0.034512
4 0.273875 0.483997 0.007893 0.036738
4 0.264878 0.486362 0.009155 0.043139
4 0.252644 0.484692 0.006472 0.034233
4 0.219968 0.491372 0.012155 0.038686
4 0.231413 0.491929 0.009471 0.039800
4 0.260300 0.446284 0.006946 0.028667
4 0.251776 0.446563 0.007261 0.032007
4 0.333465 0.427776 0.007735 0.035068
4 0.349171 0.425132 0.009155 0.034233
4 0.236069 0.451016 0.005841 0.024214
4 0.376875 0.457974 0.006472 0.025327
4 0.353354 0.571389 0.010260 0.038965
4 0.374507 0.562065 0.010260 0.049262
4 0.383110 0.557890 0.008208 0.047593
4 0.381847 0.413582 0.006314 0.028945
4 0.374191 0.418592 0.005841 0.028389
4 0.365509 0.420957 0.008682 0.035903
4 0.383425 0.462009 0.007893 0.028945
4 0.369061 0.461314 0.008524 0.034790
4 0.303236 0.477317 0.008524 0.038408
4 0.361957 0.463401 0.007893 0.036738
4 0.352881 0.467715 0.006472 0.039243
4 0.344672 0.467019 0.009313 0.036181
4 0.336543 0.467854 0.006946 0.030615
4 0.328256 0.471194 0.008366 0.035625
4 0.319653 0.470777 0.008208 0.033120
4 0.312391 0.472864 0.007577 0.033398
4 0.244515 0.448094 0.007261 0.030615
4 0.206235 0.326051 0.006156 0.028667
4 0.325651 0.301002 0.006946 0.031450
4 0.312391 0.340662 0.007577 0.031728
4 0.304183 0.340523 0.006630 0.029780
4 0.302210 0.307264 0.006788 0.026719
4 0.310418 0.306429 0.004893 0.025049
4 0.320600 0.338436 0.006946 0.033398
4 0.327861 0.337044 0.007261 0.033398
4 0.317916 0.302115 0.006946 0.030337
4 0.333938 0.300445 0.006472 0.026997
4 0.286030 0.308795 0.006946 0.032563
4 0.342147 0.298219 0.006788 0.027554
4 0.349566 0.299471 0.005209 0.020596
4 0.357222 0.295296 0.006946 0.027832
4 0.335833 0.335513 0.005209 0.027554
4 0.344672 0.332730 0.006472 0.026440
4 0.367640 0.329669 0.005683 0.026440
4 0.352013 0.330643 0.005998 0.030058
4 0.294712 0.308517 0.005998 0.026440
4 0.278374 0.311856 0.006156 0.024770
4 0.215154 0.321180 0.006314 0.035068
4 0.256748 0.350264 0.005525 0.029780
4 0.209866 0.362093 0.006788 0.030615
4 0.217522 0.360562 0.007893 0.030893
4 0.225414 0.357083 0.007577 0.029502
4 0.232676 0.354718 0.007577 0.028667
4 0.223520 0.325633 0.006314 0.023379
4 0.230781 0.322711 0.007261 0.028110
4 0.248856 0.353604 0.008366 0.034233
4 0.239069 0.321041 0.007103 0.027554
4 0.269850 0.310743 0.007103 0.034790
4 0.246014 0.315335 0.007419 0.035068
4 0.253986 0.317284 0.006314 0.028945
4 0.262826 0.316309 0.005683 0.024214
4 0.264720 0.348177 0.006630 0.027275
4 0.273481 0.348316 0.006472 0.033120
4 0.280900 0.346229 0.007103 0.031728
4 0.296054 0.342750 0.007735 0.031450
4 0.342068 0.572085 0.009155 0.039800
4 0.331650 0.574589 0.007577 0.042026
4 0.320837 0.574868 0.011208 0.046479
4 0.799369 0.783468 0.009471 0.025049
4 0.794002 0.791400 0.008524 0.019761
4 0.788871 0.796827 0.007735 0.021152
4 0.764167 0.748400 0.008524 0.022266
4 0.752723 0.810604 0.003946 0.020874
4 0.734649 0.808934 0.007893 0.022544
4 0.724309 0.813248 0.004578 0.023379
4 0.311287 0.582243 0.006314 0.031728
4 0.915785 0.474395 0.003946 0.009185
4 0.355328 0.136098 0.004104 0.011689
4 0.704262 0.817284 0.004893 0.025884
4 0.695738 0.819788 0.006156 0.021987
4 0.683189 0.822711 0.006314 0.023379
4 0.506709 0.867938 0.005683 0.014751
4 0.554380 0.695658 0.009471 0.032563
4 0.542936 0.706095 0.007735 0.032842
4 0.527703 0.712357 0.004736 0.035347
4 0.517601 0.697746 0.004104 0.014473
4 0.497316 0.715697 0.004262 0.023100
4 0.478690 0.724047 0.011523 0.034790
4 0.536622 0.895213 0.010576 0.008628
4 0.476953 0.863067 0.004893 0.023935
4 0.725809 0.756471 0.005051 0.025605
4 0.537017 0.802533 0.004420 0.024214
4 0.521626 0.806429 0.007103 0.026440
4 0.500079 0.807542 0.006314 0.019761
4 0.484925 0.815475 0.005998 0.025605
4 0.472849 0.798915 0.007103 0.024214
4 0.565588 0.690648 0.008840 0.032563
4 0.276480 0.585861 0.008366 0.038965
4 0.596133 0.672836 0.006472 0.037016
4 0.547593 0.795575 0.008524 0.023100
4 0.560379 0.790008 0.005051 0.024770
4 0.572534 0.785416 0.005051 0.024492
4 0.715943 0.754105 0.007419 0.025884
4 0.685004 0.763151 0.008998 0.026719
4 0.730229 0.652797 0.008840 0.030893
4 0.674270 0.820623 0.003631 0.015308
4 0.638437 0.839271 0.004578 0.016421
4 0.630939 0.831895 0.005051 0.022266
4 0.620442 0.834818 0.006156 0.022544
4 0.627782 0.770665 0.005367 0.026162
4 0.611839 0.779711 0.005998 0.029223
4 0.627230 0.663930 0.006472 0.031450
4 0.592107 0.838297 0.004736 0.018926
4 0.576638 0.843724 0.004420 0.018647
4 0.569061 0.843306 0.006314 0.025605
4 0.547119 0.851795 0.005998 0.022544
4 0.583346 0.785694 0.007735 0.025605
4 0.360537 0.331060 0.008208 0.033120
4 0.374112 0.328138 0.007577 0.026719
4 0.365430 0.292374 0.005683 0.022544
4 0.372376 0.290426 0.005683 0.023657
4 0.260458 0.203173 0.006630 0.026162
4 0.290608 0.230031 0.005367 0.017534
4 0.283741 0.230031 0.004893 0.020874
4 0.276164 0.231561 0.005841 0.024492
4 0.269771 0.234762 0.006946 0.029223
4 0.262273 0.235597 0.006156 0.026440
4 0.274112 0.200946 0.005841 0.026719
4 0.267956 0.202477 0.006472 0.024770
4 0.255959 0.237128 0.005209 0.021709
4 0.304420 0.225856 0.005209 0.025884
4 0.248382 0.238380 0.004262 0.021431
4 0.252249 0.204982 0.005683 0.026440
4 0.222415 0.205399 0.008524 0.038408
4 0.241436 0.239215 0.005525 0.026440
4 0.234964 0.240328 0.005209 0.025884
4 0.233938 0.205539 0.007261 0.030893
4 0.213496 0.211105 0.009313 0.032007
4 0.296922 0.228361 0.006314 0.021987
4 0.311760 0.223490 0.005683 0.024492
4 0.337332 0.187865 0.005683 0.023379
4 0.345777 0.216254 0.006156 0.023379
4 0.352644 0.213610 0.005998 0.023100
4 0.366930 0.213192 0.004893 0.021709
4 0.359905 0.215976 0.005051 0.020039
4 0.357301 0.179933 0.004262 0.022544
4 0.351144 0.186891 0.004578 0.016977
4 0.343094 0.187726 0.004893 0.022544
4 0.338595 0.219315 0.006314 0.027275
4 0.281215 0.199137 0.006156 0.026997
4 0.332360 0.220011 0.005525 0.021987
4 0.330466 0.191623 0.004262 0.020317
4 0.323283 0.191066 0.005683 0.025327
4 0.318074 0.221124 0.006314 0.022544
4 0.308998 0.195102 0.005841 0.023935
4 0.295264 0.197746 0.006472 0.024214
4 0.289029 0.197606 0.006314 0.027275
4 0.227940 0.244086 0.007261 0.030058
4 0.220916 0.243668 0.004893 0.025884
4 0.213339 0.245338 0.005525 0.022544
4 0.267877 0.139994 0.005051 0.022266
4 0.314522 0.129279 0.005525 0.024214
4 0.307419 0.129279 0.005209 0.021987
4 0.301263 0.131088 0.004578 0.023935
4 0.294791 0.132897 0.005209 0.022544
4 0.288398 0.133593 0.005367 0.022266
4 0.281531 0.136237 0.005525 0.021431
4 0.274980 0.136237 0.005051 0.024214
4 0.261878 0.139159 0.004104 0.021152
4 0.207024 0.246312 0.004893 0.020596
4 0.256038 0.139577 0.004104 0.014751
4 0.320679 0.128027 0.006156 0.024492
4 0.327624 0.123991 0.004578 0.018647
4 0.333228 0.124687 0.005998 0.022266
4 0.340016 0.120930 0.004736 0.019761
4 0.200158 0.246730 0.005683 0.023100
4 0.193923 0.249513 0.006472 0.028110
4 0.179400 0.252714 0.005525 0.024492
4 0.165983 0.255079 0.005209 0.021431
4 0.148856 0.269274 0.010103 0.047036
4 0.157459 0.265238 0.008998 0.036181
4 0.136543 0.260507 0.011365 0.050097
4 0.194633 0.213331 0.005998 0.033120
4 0.174428 0.216393 0.006630 0.034790
4 0.164246 0.217367 0.006472 0.036181
4 0.154775 0.217924 0.009313 0.041191
4 0.145304 0.220846 0.008366 0.034790
4 0.324783 0.222238 0.006472 0.022544
4 0.316575 0.190648 0.008366 0.030615
4 0.346567 0.122182 0.004578 0.016142
