1 0.172847 0.563453 0.074577 0.055922
1 0.276981 0.606836 0.071692 0.061274
1 0.489669 0.709867 0.053220 0.065350
1 0.314310 0.631778 0.053331 0.058331
1 0.290135 0.623879 0.067303 0.061499
1 0.394911 0.670383 0.065090 0.077892
1 0.194846 0.398202 0.071223 0.044542
1 0.389595 0.497066 0.068975 0.053570
1 0.376204 0.660041 0.080329 0.084458
1 0.468174 0.706660 0.054376 0.066591
1 0.339589 0.637351 0.069921 0.079212
1 0.232153 0.369497 0.092251 0.052495
1 0.458360 0.464420 0.073580 0.059838
1 0.236101 0.567856 0.088855 0.067951
1 0.609902 0.840070 0.087483 0.039440
1 0.216513 0.555168 0.093503 0.078720
1 0.459556 0.215963 0.070791 0.085928
1 0.449090 0.699643 0.051374 0.065620
0 0.582964 0.458278 0.038336 0.023528
1 0.430387 0.688817 0.060357 0.070761
1 0.523639 0.721904 0.057808 0.077828
1 0.507397 0.715445 0.045908 0.061833
1 0.757851 0.782521 0.115883 0.040623
1 0.694944 0.647771 0.086851 0.037004
1 0.895122 0.049106 0.085079 0.069935
1 0.160470 0.540060 0.096530 0.063799
1 0.764597 0.836586 0.111480 0.043309
1 0.687734 0.671029 0.112742 0.046118
0 0.930514 0.177560 0.029938 0.020943
0 0.884540 0.107530 0.029098 0.018170
1 0.671227 0.820311 0.102724 0.035104
1 0.688438 0.669655 0.105726 0.046747
1 0.133335 0.653287 0.101797 0.060959
1 0.758726 0.800751 0.104414 0.036584
1 0.958761 0.052739 0.082478 0.067523
0 0.387187 0.801075 0.030477 0.027549
1 0.380009 0.166319 0.065702 0.055688
1 0.131300 0.650374 0.096663 0.052072
1 0.678048 0.827816 0.114560 0.054148
0 0.939541 0.186860 0.032087 0.019908
0 0.923739 0.167009 0.029359 0.018693
0 0.208346 0.734177 0.033566 0.029095
0 0.616767 0.587705 0.029494 0.018572
1 0.407334 0.468565 0.062566 0.055078
1 0.770507 0.821437 0.112811 0.041928
1 0.472418 0.451509 0.044916 0.035449
0 0.590068 0.562466 0.031773 0.019101
1 0.233585 0.699960 0.085852 0.040022
0 0.607053 0.577281 0.027355 0.019619
1 0.398442 0.192875 0.072891 0.066080
1 0.685608 0.710181 0.090113 0.044882
1 0.443019 0.202525 0.052215 0.057174
0 0.872050 0.087309 0.032977 0.019713
1 0.349607 0.648948 0.062706 0.062068
