0 0.098869 0.572890 0.021758 0.022298
0 0.105774 0.500214 0.022424 0.024217
0 0.574849 0.147359 0.015405 0.023786
0 0.501774 0.125378 0.021143 0.025482
0 0.652145 0.191715 0.015962 0.022599
0 0.127015 0.581614 0.021367 0.025449
0 0.624269 0.173734 0.013841 0.022779
0 0.161464 0.531567 0.021076 0.022501
0 0.522463 0.127835 0.019218 0.022029
0 0.149505 0.525619 0.021800 0.022250
0 0.070574 0.479595 0.022827 0.023262
0 0.046930 0.467004 0.021227 0.021808
0 0.127870 0.513517 0.021776 0.022850
0 0.376270 0.716352 0.026663 0.020580
0 0.160644 0.603468 0.022388 0.024244
0 0.608220 0.164039 0.013138 0.021581
0 0.011143 0.448672 0.022286 0.024402
