1 0.660447 0.848381 0.248430 0.036832
1 0.692554 0.756309 0.247970 0.033794
1 0.664825 0.800020 0.251655 0.035943
1 0.703995 0.708758 0.217423 0.035116
1 0.761611 0.525129 0.252494 0.039055
1 0.719577 0.662724 0.223724 0.032251
0 0.108659 0.332729 0.068157 0.035440
1 0.696192 0.731482 0.247148 0.030742
1 0.759563 0.456770 0.231442 0.035297
0 0.612112 0.285326 0.066348 0.019221
1 0.759936 0.456385 0.241887 0.037875
1 0.263960 0.473054 0.117370 0.025642
1 0.807953 0.363531 0.248814 0.041391
1 0.741374 0.639515 0.222268 0.035914
