1 0.702934 0.429626 0.051696 0.069679
1 0.744102 0.718887 0.057075 0.084157
1 0.688417 0.588237 0.047198 0.064367
1 0.912317 0.248459 0.047025 0.015428
1 0.737803 0.488669 0.044450 0.058092
1 0.533113 0.367965 0.038002 0.048066
1 0.515426 0.374320 0.037970 0.048321
1 0.900794 0.229450 0.054556 0.018197
1 0.746266 0.552580 0.048489 0.074095
1 0.600788 0.571590 0.047034 0.068423
1 0.713415 0.588199 0.043424 0.059088
0 0.929185 0.583298 0.025057 0.031628
1 0.708871 0.486771 0.048697 0.069262
1 0.667518 0.598087 0.047828 0.068392
1 0.752011 0.418773 0.056906 0.081855
1 0.603227 0.330656 0.036722 0.043251
1 0.785992 0.473361 0.049703 0.066710
1 0.921309 0.269045 0.047419 0.015471
1 0.732123 0.567057 0.045716 0.054975
1 0.698086 0.512886 0.051004 0.065655
0 0.923061 0.154785 0.029713 0.035263
1 0.135355 0.418046 0.073340 0.110848
1 0.817500 0.525126 0.036361 0.041733
1 0.547490 0.355543 0.034613 0.044096
1 0.832647 0.550012 0.040239 0.041890
0 0.948945 0.315397 0.040843 0.014661
0 0.534374 0.221905 0.028370 0.036534
1 0.755042 0.478666 0.046329 0.063805
1 0.596709 0.201944 0.029396 0.039548
1 0.770188 0.550837 0.043141 0.053984
0 0.521985 0.482672 0.035172 0.024812
1 0.565175 0.347651 0.035289 0.044761
1 0.663619 0.458159 0.050290 0.071445
0 0.781590 0.310183 0.031343 0.023770
1 0.554252 0.305920 0.052221 0.035064
0 0.829794 0.418931 0.035436 0.015721
1 0.646597 0.471778 0.050999 0.078557
0 0.967624 0.352607 0.036469 0.016323
1 0.554596 0.306465 0.050128 0.034642
0 0.962142 0.532820 0.021935 0.031860
1 0.347770 0.432131 0.045282 0.031022
0 0.808761 0.378712 0.037176 0.017834
0 0.980359 0.523918 0.021429 0.032388
1 0.975496 0.370073 0.040447 0.016043
