1 0.633944 0.134792 0.037263 0.056055
1 0.741849 0.132458 0.038565 0.056453
1 0.242391 0.611973 0.029565 0.052854
1 0.377000 0.600827 0.029827 0.053105
1 0.072944 0.549438 0.047955 0.013514
1 0.117450 0.652564 0.050687 0.014762
1 0.122264 0.768875 0.050830 0.015531
1 0.274748 0.725698 0.050961 0.070132
1 0.072592 0.569361 0.053535 0.015485
1 0.277492 0.531197 0.028874 0.054512
1 0.703835 0.133520 0.039366 0.058271
1 0.669042 0.132933 0.037523 0.055611
1 0.226980 0.613745 0.029283 0.053105
1 0.272656 0.609752 0.029914 0.051650
1 0.071289 0.527580 0.053234 0.013783
1 0.130398 0.394981 0.047656 0.013525
1 0.071472 0.508786 0.052575 0.014824
1 0.065940 0.474732 0.049588 0.016313
1 0.129191 0.448056 0.049506 0.016020
1 0.317401 0.604881 0.030931 0.051168
1 0.478658 0.141998 0.035699 0.057724
1 0.546283 0.136741 0.035915 0.054189
1 0.256757 0.611035 0.029713 0.052584
1 0.760520 0.130933 0.040435 0.056948
1 0.347886 0.602524 0.030259 0.054021
1 0.287934 0.607091 0.032728 0.053694
1 0.497990 0.511895 0.029331 0.056818
1 0.307993 0.725316 0.049992 0.070725
1 0.597231 0.136899 0.039142 0.057228
1 0.556977 0.511332 0.028996 0.056074
0 0.327394 0.199939 0.019876 0.011665
1 0.799038 0.130647 0.042389 0.057262
1 0.400171 0.714059 0.052070 0.071018
1 0.481569 0.513313 0.031244 0.058383
1 0.529885 0.138643 0.039503 0.056419
1 0.513958 0.512419 0.027870 0.056083
1 0.089674 0.606462 0.015016 0.033380
0 0.353201 0.207521 0.017291 0.009849
1 0.380300 0.521459 0.031737 0.061181
1 0.616688 0.135857 0.040433 0.058252
1 0.573558 0.509907 0.030042 0.056402
1 0.434801 0.712965 0.049413 0.070846
1 0.462437 0.144527 0.037850 0.056297
1 0.510810 0.139168 0.037939 0.054970
1 0.219245 0.536527 0.030508 0.055529
0 0.215239 0.140091 0.019504 0.024575
1 0.332886 0.604012 0.029989 0.053236
0 0.328735 0.234311 0.019144 0.011254
1 0.293127 0.529621 0.030467 0.056631
0 0.282337 0.236983 0.019565 0.016828
1 0.320025 0.526283 0.032289 0.060087
1 0.724500 0.134045 0.039825 0.057012
1 0.394619 0.599792 0.031121 0.053811
0 0.189707 0.138880 0.016468 0.020950
0 0.355621 0.229154 0.021304 0.012674
1 0.107256 0.685584 0.076765 0.016443
1 0.419236 0.712893 0.051531 0.072025
0 0.356278 0.264297 0.018015 0.011527
1 0.107292 0.668595 0.073829 0.017017
0 0.177308 0.140034 0.017356 0.019621
0 0.356315 0.253150 0.018684 0.010594
0 0.418784 0.180592 0.020481 0.013224
1 0.492874 0.707552 0.052688 0.072742
0 0.304540 0.136565 0.010212 0.021750
0 0.294651 0.137011 0.009985 0.021120
0 0.327668 0.187357 0.017961 0.009498
0 0.421139 0.226281 0.016629 0.010709
0 0.394248 0.160186 0.018349 0.011880
0 0.328372 0.222316 0.016221 0.010211
1 0.530962 0.701723 0.052221 0.075896
0 0.259701 0.271221 0.008834 0.019889
0 0.419853 0.248002 0.019271 0.011545
