1 0.170895 0.402397 0.073426 0.054840
1 0.163889 0.372892 0.074263 0.053670
1 0.212277 0.610785 0.073196 0.054858
1 0.207042 0.581016 0.071937 0.053231
1 0.780761 0.267279 0.072627 0.052733
1 0.801793 0.315193 0.072611 0.051755
1 0.159608 0.340647 0.078298 0.058850
1 0.763125 0.163979 0.074000 0.055815
1 0.216977 0.643369 0.073486 0.053585
1 0.786294 0.292146 0.073069 0.052383
1 0.770473 0.195038 0.075454 0.058156
1 0.808838 0.386327 0.073962 0.048599
1 0.152985 0.311625 0.076189 0.057348
1 0.594802 0.376699 0.100458 0.065925
0 0.415523 0.806903 0.021203 0.039313
1 0.574032 0.288153 0.103797 0.072989
1 0.369378 0.414652 0.102084 0.066018
0 0.396788 0.800962 0.023222 0.045993
1 0.174507 0.434511 0.074447 0.052679
1 0.383160 0.472200 0.101168 0.067056
1 0.560043 0.226305 0.102933 0.069055
1 0.549396 0.170127 0.102492 0.062708
1 0.350967 0.321807 0.103840 0.067488
