1 0.643776 0.205969 0.095018 0.016793
1 0.246170 0.538624 0.111090 0.017998
1 0.620465 0.280806 0.132604 0.018333
1 0.755423 0.277575 0.123655 0.019637
1 0.248926 0.492909 0.112127 0.016619
1 0.232810 0.720982 0.118306 0.018295
1 0.237170 0.705886 0.107859 0.016164
1 0.364979 0.202623 0.124410 0.017590
1 0.250549 0.660324 0.094278 0.019554
1 0.617338 0.245922 0.121488 0.016520
0 0.441307 0.870978 0.016611 0.028710
1 0.783840 0.208393 0.098412 0.019690
1 0.754537 0.296473 0.121358 0.017774
0 0.527992 0.874925 0.017822 0.028330
1 0.257447 0.397234 0.081435 0.020047
1 0.359109 0.275462 0.123056 0.017191
1 0.769278 0.344823 0.102335 0.017438
0 0.480964 0.944324 0.018298 0.028193
0 0.477008 0.872919 0.015292 0.024468
1 0.370050 0.182724 0.130139 0.016767
0 0.494667 0.871880 0.016331 0.024176
1 0.773470 0.329532 0.100153 0.017871
1 0.765445 0.360921 0.103111 0.016637
1 0.765020 0.258958 0.118032 0.021411
0 0.457496 0.872927 0.014741 0.025144
0 0.397970 0.942804 0.016499 0.026336
