1 0.366744 0.796238 0.033144 0.044044
1 0.417888 0.218681 0.067527 0.018936
1 0.583998 0.225676 0.067607 0.019643
1 0.411936 0.193294 0.070496 0.018062
1 0.414274 0.206980 0.068703 0.017481
1 0.424949 0.254874 0.066544 0.017270
1 0.760288 0.776972 0.069844 0.016077
1 0.397195 0.130455 0.066324 0.017892
1 0.220886 0.763707 0.072668 0.018727
1 0.600271 0.415464 0.030272 0.068161
1 0.393618 0.108716 0.071352 0.016710
1 0.537950 0.114153 0.025185 0.044769
1 0.394703 0.118878 0.069522 0.015858
1 0.481071 0.428512 0.028737 0.068701
1 0.296959 0.786481 0.064049 0.027864
1 0.421074 0.346136 0.025925 0.035923
1 0.461222 0.588772 0.027170 0.046280
1 0.405753 0.803923 0.030794 0.043399
1 0.672263 0.749906 0.026592 0.044264
1 0.760628 0.875332 0.031758 0.042647
1 0.556306 0.834893 0.030528 0.045628
1 0.692830 0.748160 0.026467 0.046505
1 0.579639 0.214264 0.068176 0.020901
1 0.272655 0.780240 0.067403 0.029876
1 0.779283 0.879249 0.034027 0.044922
1 0.650363 0.853434 0.033661 0.043587
1 0.620538 0.342132 0.030882 0.070469
1 0.540545 0.420455 0.029355 0.069720
1 0.612136 0.845625 0.031886 0.045160
1 0.658803 0.516470 0.024501 0.044329
1 0.773420 0.741533 0.026898 0.044442
1 0.422468 0.435610 0.034136 0.064945
1 0.406174 0.168482 0.071010 0.018145
1 0.556448 0.578631 0.026946 0.047871
1 0.686502 0.564874 0.026476 0.046614
1 0.385312 0.799784 0.033479 0.044260
1 0.574928 0.839160 0.031623 0.044106
1 0.440375 0.345282 0.025957 0.037324
1 0.562245 0.529697 0.027680 0.044624
1 0.502064 0.425995 0.029162 0.068428
1 0.461977 0.815264 0.031252 0.044577
1 0.575424 0.576963 0.025445 0.047980
1 0.424319 0.807645 0.031625 0.043290
1 0.518323 0.826877 0.032380 0.044875
1 0.538143 0.581791 0.027389 0.046533
1 0.632503 0.571406 0.025934 0.044649
0 0.811513 0.316021 0.018803 0.020062
1 0.425283 0.272948 0.057059 0.015400
1 0.538188 0.831315 0.031459 0.043321
1 0.299783 0.785458 0.065515 0.028906
0 0.766050 0.314947 0.014848 0.018537
0 0.832414 0.307269 0.018946 0.019096
1 0.242930 0.774623 0.064369 0.028095
1 0.706000 0.865195 0.030953 0.044206
1 0.419484 0.230484 0.065494 0.018116
1 0.479374 0.267133 0.041877 0.015614
1 0.650692 0.657953 0.025708 0.044703
0 0.746537 0.314597 0.016138 0.018940
1 0.650377 0.568689 0.026147 0.045097
1 0.614353 0.252032 0.111021 0.024618
1 0.245872 0.774325 0.065712 0.027926
1 0.517709 0.335486 0.025382 0.037112
