0 0.381827 0.319716 0.031431 0.026495
0 0.365118 0.844128 0.020869 0.025285
0 0.618207 0.686589 0.029638 0.024300
1 0.456636 0.808239 0.049290 0.038951
1 0.855001 0.833171 0.037952 0.027789
0 0.480315 0.254807 0.029724 0.015125
0 0.441173 0.763125 0.029970 0.029967
0 0.565590 0.683586 0.030606 0.021716
0 0.297021 0.373642 0.023340 0.028939
0 0.725739 0.576659 0.021010 0.026720
0 0.404857 0.859989 0.025600 0.028965
0 0.084973 0.059572 0.020824 0.034241
0 0.036048 0.779807 0.019039 0.031998
0 0.061459 0.270105 0.020702 0.034257
0 0.629761 0.305368 0.028085 0.030157
0 0.248983 0.783193 0.015832 0.025880
0 0.294055 0.454748 0.015184 0.025241
0 0.216490 0.454385 0.026615 0.027363
