1 0.693569 0.601346 0.022389 0.092562
1 0.715426 0.610770 0.021135 0.090489
1 0.669718 0.596613 0.020038 0.094596
1 0.735805 0.612050 0.019005 0.077283
1 0.297194 0.239848 0.021474 0.097919
1 0.456953 0.357837 0.028244 0.098464
1 0.410654 0.340063 0.025366 0.093135
1 0.647802 0.601803 0.020703 0.090742
1 0.619177 0.597294 0.022529 0.094220
1 0.433963 0.356384 0.026160 0.098930
1 0.275485 0.236222 0.021744 0.094934
1 0.309048 0.323433 0.022761 0.080613
0 0.583340 0.725132 0.017225 0.060173
1 0.732522 0.429613 0.028343 0.099940
1 0.705587 0.428273 0.027800 0.097139
1 0.499972 0.371725 0.021830 0.097587
0 0.606684 0.408343 0.017000 0.079195
0 0.522040 0.567018 0.018311 0.076814
1 0.348871 0.321390 0.021569 0.079670
1 0.202615 0.170580 0.027813 0.099165
1 0.252198 0.295187 0.021728 0.081734
1 0.755873 0.450726 0.027382 0.098492
1 0.329282 0.317133 0.023358 0.081353
1 0.367289 0.329556 0.019453 0.080895
0 0.562636 0.718482 0.021251 0.071820
1 0.382815 0.531732 0.020495 0.083499
