0 0.885036 0.456033 0.017101 0.043141
0 0.089849 0.809259 0.020611 0.045290
0 0.095259 0.856727 0.019512 0.043767
0 0.050950 0.220957 0.015198 0.039906
0 0.809696 0.031742 0.022128 0.046387
0 0.608605 0.026065 0.037277 0.022678
0 0.083982 0.684734 0.017773 0.042695
0 0.103466 0.961656 0.021342 0.054123
0 0.085518 0.748055 0.017637 0.046015
0 0.127343 0.073969 0.035820 0.021561
0 0.065240 0.428339 0.019641 0.046104
0 0.873737 0.254017 0.017582 0.043244
0 0.069565 0.473986 0.018884 0.041848
0 0.289632 0.058468 0.035661 0.021589
0 0.570604 0.028435 0.035397 0.024919
0 0.856918 0.075307 0.019722 0.046902
0 0.060716 0.362142 0.017918 0.045602
0 0.081161 0.632473 0.019334 0.048820
0 0.966907 0.377445 0.036744 0.025957
0 0.055070 0.260992 0.016917 0.039362
0 0.497594 0.038039 0.036686 0.021777
0 0.890000 0.561658 0.019878 0.043956
