0 0.212695 0.415559 0.040023 0.054987
0 0.362931 0.274525 0.041635 0.054621
0 0.652741 0.059195 0.030112 0.046556
0 0.602965 0.100311 0.039358 0.053689
0 0.620413 0.086734 0.032474 0.047212
0 0.157499 0.329985 0.030570 0.044175
0 0.231878 0.246703 0.029818 0.042688
0 0.570144 0.125755 0.030763 0.045609
0 0.667570 0.042954 0.031326 0.046130
0 0.320637 0.313760 0.042537 0.053326
0 0.252345 0.373487 0.043710 0.058067
0 0.537194 0.156680 0.029868 0.043854
1 0.075345 0.399744 0.076778 0.086494
0 0.283513 0.199819 0.032930 0.044968
0 0.701865 0.020884 0.035436 0.041767
0 0.340256 0.293536 0.042035 0.055430
0 0.193405 0.294716 0.029306 0.045479
0 0.311536 0.170365 0.032158 0.046541
0 0.266156 0.214568 0.034481 0.045125
0 0.464779 0.179519 0.034755 0.048607
0 0.297278 0.183616 0.033701 0.046022
0 0.553571 0.139887 0.032396 0.050371
0 0.206428 0.278919 0.029790 0.043415
0 0.174560 0.452962 0.033316 0.048520
0 0.220054 0.264194 0.031669 0.043670
0 0.251027 0.231679 0.032363 0.044020
0 0.385243 0.257070 0.040885 0.055209
0 0.236142 0.393957 0.043155 0.057201
0 0.195637 0.437939 0.039668 0.055170
0 0.421097 0.218888 0.042277 0.056420
0 0.403681 0.234761 0.039433 0.053937
