1 0.422786 0.740568 0.131787 0.075929
1 0.335129 0.463514 0.129103 0.071553
1 0.356835 0.543893 0.133488 0.079111
1 0.408708 0.663841 0.132710 0.076584
1 0.277047 0.269381 0.132929 0.073351
1 0.400188 0.235977 0.131911 0.064683
1 0.372334 0.125845 0.134119 0.072201
1 0.544594 0.699880 0.129007 0.081759
1 0.378017 0.599290 0.131949 0.081255
1 0.221607 0.074030 0.131605 0.068717
1 0.517388 0.642595 0.137366 0.078956
1 0.451065 0.399972 0.131208 0.064452
1 0.272012 0.239071 0.136652 0.083152
1 0.650834 0.652505 0.055329 0.116902
1 0.421786 0.286947 0.136954 0.071485
1 0.595825 0.820303 0.070484 0.042299
1 0.329120 0.051377 0.109446 0.061899
1 0.229947 0.152021 0.136420 0.071986
1 0.621879 0.079203 0.106285 0.110267
1 0.839323 0.865177 0.097301 0.110626
1 0.649925 0.167347 0.092595 0.130770
1 0.733867 0.525700 0.096608 0.111858
1 0.684224 0.310006 0.096717 0.114929
1 0.408308 0.278541 0.110057 0.063020
1 0.388975 0.179582 0.131670 0.066544
1 0.758184 0.558127 0.078491 0.088981
1 0.355102 0.087797 0.132198 0.073701
1 0.562600 0.778267 0.134212 0.080807
1 0.569426 0.829492 0.129467 0.079441
1 0.490903 0.963519 0.123559 0.067534
1 0.391842 0.245415 0.115428 0.063013
1 0.488396 0.939248 0.107727 0.062329
1 0.486392 0.554040 0.115421 0.062649
1 0.494667 0.602030 0.109035 0.062706
1 0.473307 0.500395 0.128237 0.072422
1 0.198314 0.933608 0.141358 0.052991
1 0.448083 0.461610 0.109846 0.060861
1 0.663312 0.274944 0.097278 0.108654
1 0.422967 0.310107 0.135012 0.076525
1 0.659051 0.190998 0.089886 0.142210
1 0.360025 0.134229 0.116276 0.063818
1 0.358202 0.025542 0.106648 0.050132
1 0.511961 0.611121 0.131622 0.083581
1 0.595653 0.935197 0.115346 0.064967
1 0.563707 0.781646 0.126569 0.072021
1 0.784495 0.670996 0.096001 0.105704
1 0.310211 0.426203 0.074098 0.045452
1 0.808481 0.789284 0.097446 0.115766
1 0.459225 0.492611 0.105001 0.059782
1 0.228616 0.108434 0.121174 0.065196
1 0.700993 0.414297 0.100047 0.115960
1 0.632123 0.124968 0.095062 0.114379
1 0.495186 0.561779 0.128556 0.070907
1 0.149468 0.758051 0.146855 0.045434
1 0.304191 0.446081 0.074389 0.043026
1 0.553702 0.822722 0.103728 0.063952
1 0.433632 0.364284 0.126926 0.074944
