1 0.299933 0.429314 0.069621 0.083893
1 0.445906 0.247567 0.071290 0.085578
1 0.355631 0.416985 0.061441 0.074055
1 0.260463 0.465784 0.066516 0.074303
1 0.372230 0.397143 0.063773 0.073247
1 0.223804 0.507316 0.077323 0.085228
1 0.323327 0.416647 0.071495 0.085094
1 0.244905 0.488172 0.072714 0.080879
1 0.280530 0.445721 0.071647 0.081441
1 0.543250 0.566524 0.078203 0.086651
1 0.561270 0.401356 0.084431 0.075294
1 0.430938 0.275020 0.072040 0.086195
1 0.414563 0.301990 0.075440 0.086812
1 0.595162 0.439768 0.081775 0.077274
1 0.566300 0.548546 0.077065 0.086018
1 0.494907 0.329997 0.078910 0.082395
1 0.518658 0.362083 0.085617 0.078680
1 0.579841 0.419463 0.085620 0.076530
1 0.624054 0.485117 0.087461 0.076506
1 0.188687 0.528092 0.078614 0.082937
1 0.470268 0.233454 0.069070 0.086831
1 0.543757 0.381296 0.083529 0.075956
1 0.442510 0.510829 0.084950 0.057533
1 0.638827 0.509711 0.087652 0.077252
1 0.657545 0.531676 0.093286 0.074979
