1 0.576057 0.241062 0.054840 0.026989
1 0.572955 0.197009 0.051809 0.028246
1 0.580331 0.263796 0.052021 0.027407
1 0.141029 0.507715 0.053783 0.032569
1 0.518047 0.230937 0.053250 0.027799
1 0.457889 0.242982 0.061482 0.027738
1 0.148690 0.549542 0.059248 0.031578
1 0.574671 0.221659 0.054414 0.023860
1 0.144853 0.528820 0.053995 0.031486
1 0.154106 0.589796 0.056895 0.031495
0 0.052233 0.443236 0.018208 0.033772
0 0.045787 0.508325 0.018614 0.033613
1 0.228658 0.188818 0.042107 0.022552
1 0.524362 0.295301 0.060134 0.025530
0 0.338589 0.361060 0.024015 0.017353
0 0.837320 0.362941 0.020118 0.034000
0 0.364214 0.190741 0.016478 0.033576
0 0.346445 0.320652 0.025739 0.019243
0 0.045719 0.382685 0.016848 0.034456
0 0.631282 0.637159 0.026058 0.016953
0 0.649934 0.339741 0.020166 0.036372
0 0.731793 0.801228 0.017683 0.034996
1 0.322164 0.097730 0.018818 0.050551
1 0.354101 0.086397 0.016841 0.050347
1 0.369262 0.085552 0.016411 0.050453
0 0.377532 0.190089 0.015492 0.033160
0 0.983619 0.784251 0.021350 0.036403
0 0.059374 0.501003 0.016874 0.031371
0 0.985419 0.867590 0.019608 0.034480
0 0.706745 0.817294 0.019950 0.033763
0 0.759094 0.070888 0.026404 0.023211
0 0.476873 0.543381 0.026988 0.019481
0 0.779554 0.209581 0.020586 0.033708
0 0.089707 0.761304 0.014733 0.040285
