1 0.675985 0.368031 0.069032 0.073520
1 0.569149 0.132428 0.068659 0.074903
1 0.540567 0.090845 0.068676 0.086072
1 0.376533 0.492815 0.069349 0.089129
1 0.444001 0.556188 0.060864 0.075707
1 0.435306 0.416677 0.062317 0.080094
1 0.754768 0.285872 0.061819 0.074364
1 0.463758 0.565285 0.049550 0.063707
1 0.411121 0.448243 0.061986 0.081525
1 0.734181 0.267097 0.062844 0.072350
1 0.525339 0.325846 0.071203 0.100473
1 0.534304 0.308166 0.064506 0.085869
1 0.477290 0.605749 0.049865 0.060519
0 0.817987 0.890003 0.032967 0.039500
1 0.555576 0.107524 0.065715 0.078153
1 0.548993 0.293513 0.063011 0.082650
0 0.986485 0.148640 0.027029 0.041485
0 0.270080 0.390481 0.026892 0.036911
1 0.496284 0.617996 0.048225 0.055820
1 0.468145 0.586397 0.050655 0.059337
1 0.494448 0.359735 0.071857 0.094735
1 0.722904 0.243203 0.067485 0.083189
1 0.562132 0.281675 0.065393 0.089134
0 0.432242 0.105811 0.026959 0.038554
0 0.843136 0.844992 0.049719 0.050194
0 0.304558 0.356564 0.027886 0.037639
1 0.704774 0.395729 0.079005 0.081642
0 0.792506 0.755571 0.027577 0.038374
0 0.351369 0.948340 0.033627 0.041447
1 0.631558 0.265234 0.047562 0.051735
1 0.724719 0.407100 0.073721 0.075408
0 0.391366 0.895494 0.029195 0.036505
0 0.161934 0.399792 0.028237 0.038426
0 0.882504 0.168849 0.030543 0.038418
0 0.291655 0.369510 0.026580 0.038542
0 0.500169 0.749352 0.026188 0.036731
0 0.795300 0.702196 0.029902 0.040432
0 0.410176 0.134960 0.029001 0.042430
0 0.226283 0.118080 0.026438 0.037515
0 0.935593 0.616381 0.045380 0.058365
1 0.469344 0.390425 0.069816 0.092441
0 0.200616 0.145149 0.025636 0.037495
0 0.626698 0.906330 0.028413 0.038378
0 0.975032 0.753197 0.041605 0.050103
0 0.482044 0.052086 0.030385 0.041480
0 0.819171 0.486173 0.029117 0.040608
0 0.902312 0.572999 0.033029 0.043827
0 0.661847 0.946366 0.031179 0.041992
1 0.691635 0.384248 0.074084 0.078043
0 0.213205 0.129794 0.031411 0.042114
1 0.516268 0.350473 0.057103 0.080889
0 0.436804 0.827356 0.026242 0.034124
0 0.348051 0.198040 0.033537 0.050606
0 0.029716 0.187386 0.029600 0.038804
0 0.528702 0.793699 0.028105 0.036229
0 0.971860 0.474315 0.025458 0.035790
1 0.459530 0.408573 0.071807 0.093951
0 0.580205 0.862457 0.029555 0.037131
0 0.947169 0.523620 0.029516 0.040708
0 0.442036 0.086298 0.029220 0.038872
1 0.240894 0.460664 0.043338 0.053626
0 0.277966 0.859843 0.027049 0.035563
0 0.671844 0.961688 0.026277 0.035422
0 0.495488 0.846645 0.025697 0.036287
0 0.869702 0.963246 0.031721 0.039914
0 0.470415 0.877017 0.026067 0.036987
0 0.594365 0.978618 0.031385 0.042764
0 0.719976 0.925549 0.025687 0.039607
0 0.452813 0.069249 0.036097 0.046514
0 0.955907 0.508716 0.035944 0.046591
0 0.251493 0.089076 0.027416 0.039885
0 0.594106 0.780138 0.032812 0.043426
0 0.682986 0.972424 0.025849 0.035229
0 0.199430 0.334055 0.023194 0.033296
0 0.237276 0.102477 0.031436 0.043994
0 0.648933 0.935061 0.025846 0.034503
1 0.347877 0.391025 0.067349 0.072237
0 0.153038 0.417738 0.026968 0.035716
0 0.799511 0.512444 0.025806 0.036163
0 0.909208 0.748012 0.028546 0.042162
0 0.379401 0.907718 0.028110 0.035194
0 0.637212 0.922814 0.028355 0.040361
0 0.420769 0.118411 0.033311 0.047365
1 0.425050 0.439037 0.066953 0.087976
0 0.189323 0.158660 0.027713 0.036962
0 0.367431 0.089898 0.031270 0.039077
0 0.702773 0.798282 0.033225 0.047053
0 0.843153 0.713548 0.041020 0.053104
0 0.519444 0.015494 0.027147 0.030988
0 0.962242 0.195459 0.047813 0.058135
0 0.505180 0.027924 0.026708 0.039494
0 0.560496 0.835775 0.027875 0.035903
0 0.794365 0.795838 0.034674 0.051524
1 0.592370 0.149328 0.081543 0.079253
