1 0.549719 0.765894 0.053569 0.046513
1 0.312727 0.579471 0.054123 0.047019
1 0.649601 0.485598 0.032032 0.068644
1 0.393197 0.600000 0.053994 0.048310
1 0.323224 0.552917 0.055481 0.049638
1 0.401051 0.688569 0.052520 0.043858
1 0.851773 0.910291 0.053506 0.049223
1 0.788112 0.837248 0.053861 0.043528
1 0.782375 0.863204 0.052978 0.049468
1 0.405997 0.668721 0.053446 0.043595
1 0.536343 0.579609 0.034352 0.069729
1 0.520720 0.822214 0.050098 0.046202
1 0.472029 0.148589 0.033935 0.064713
1 0.448159 0.638435 0.050085 0.047445
1 0.728224 0.824239 0.050518 0.046635
1 0.333252 0.757273 0.053482 0.045072
1 0.152295 0.439833 0.049992 0.046158
1 0.380465 0.810921 0.053572 0.043486
1 0.592604 0.628975 0.033161 0.069964
1 0.302843 0.596747 0.051694 0.045380
1 0.318963 0.771873 0.054131 0.047824
1 0.253704 0.364048 0.035632 0.070027
1 0.529285 0.804867 0.052382 0.045164
1 0.362394 0.822523 0.055024 0.047871
1 0.500341 0.672217 0.054749 0.047765
1 0.420016 0.487014 0.035120 0.067066
1 0.251019 0.504176 0.055287 0.047837
1 0.571597 0.535071 0.030737 0.067528
1 0.661194 0.352023 0.031834 0.067538
1 0.521997 0.517146 0.030982 0.069104
1 0.094157 0.599172 0.047928 0.041825
1 0.311940 0.226112 0.031045 0.070122
1 0.617395 0.169664 0.033368 0.068594
1 0.081470 0.630244 0.049513 0.045625
1 0.223181 0.243025 0.031510 0.067336
1 0.361094 0.243338 0.035682 0.073707
1 0.540555 0.786960 0.055279 0.046838
1 0.666204 0.382410 0.036296 0.073826
1 0.512458 0.481961 0.033247 0.069122
1 0.760408 0.187099 0.034152 0.071167
1 0.411938 0.459975 0.032859 0.069521
1 0.405392 0.428084 0.033846 0.066997
1 0.347066 0.377716 0.034125 0.067047
1 0.310162 0.787362 0.051798 0.047095
1 0.583842 0.594718 0.031092 0.066764
1 0.346488 0.185329 0.033664 0.066199
1 0.453541 0.244219 0.033947 0.067431
1 0.539356 0.411622 0.035005 0.068721
1 0.640602 0.451549 0.032971 0.069921
1 0.201206 0.472318 0.050515 0.045029
1 0.546558 0.445212 0.031886 0.068321
1 0.494601 0.232595 0.035286 0.071048
1 0.619387 0.363508 0.032487 0.067649
1 0.488063 0.204381 0.034696 0.069345
1 0.675915 0.410657 0.032091 0.068621
1 0.597312 0.266733 0.029052 0.067429
1 0.693395 0.108839 0.034705 0.066557
1 0.428229 0.519824 0.031963 0.066585
1 0.632292 0.228366 0.030554 0.066690
1 0.371983 0.470633 0.031413 0.067206
1 0.381682 0.337719 0.033482 0.067631
1 0.557874 0.745751 0.053747 0.048035
1 0.327445 0.284148 0.030606 0.066841
1 0.244522 0.330697 0.032470 0.070023
1 0.462020 0.276017 0.031334 0.069023
1 0.518290 0.321197 0.032656 0.069203
1 0.303426 0.189677 0.034493 0.068303
1 0.483428 0.365066 0.032197 0.073903
1 0.437495 0.183665 0.029551 0.066222
1 0.704088 0.138940 0.035993 0.076737
1 0.510446 0.295555 0.033511 0.069445
1 0.709188 0.169716 0.033440 0.066862
1 0.475857 0.334492 0.031313 0.070143
1 0.743541 0.128432 0.035388 0.071336
1 0.562712 0.507304 0.032776 0.069568
1 0.356857 0.405506 0.032160 0.068237
1 0.388591 0.366858 0.034497 0.072210
1 0.609617 0.138320 0.031579 0.066353
1 0.341859 0.348182 0.034841 0.073058
1 0.749390 0.160604 0.033439 0.071738
1 0.574809 0.177062 0.032870 0.069037
1 0.531074 0.386924 0.034180 0.070212
1 0.654124 0.321487 0.033964 0.067341
1 0.611446 0.330973 0.030987 0.067948
1 0.445582 0.214662 0.031371 0.071231
1 0.317887 0.255832 0.032346 0.063373
1 0.562244 0.116784 0.032168 0.069013
1 0.396783 0.397670 0.032175 0.071025
1 0.373895 0.308452 0.030778 0.069336
1 0.352078 0.215351 0.033820 0.071757
1 0.368097 0.276750 0.034603 0.067239
1 0.204136 0.338468 0.031727 0.065021
1 0.331320 0.318538 0.035175 0.067940
0 0.063615 0.915496 0.021983 0.026823
1 0.577796 0.566361 0.034188 0.071039
1 0.293989 0.616870 0.053557 0.046706
1 0.626866 0.391953 0.031090 0.068124
1 0.717948 0.197509 0.031770 0.072006
1 0.735914 0.098762 0.032490 0.069328
1 0.182453 0.243187 0.033595 0.066631
1 0.555569 0.471485 0.033944 0.071694
1 0.363123 0.440058 0.031250 0.068775
0 0.115515 0.879345 0.017569 0.031147
0 0.129641 0.889360 0.019724 0.037095
