1 0.277376 0.413567 0.066843 0.050898
1 0.459839 0.216442 0.083513 0.032574
1 0.444055 0.243447 0.078500 0.033591
1 0.357266 0.371576 0.083301 0.032243
1 0.357122 0.570513 0.057299 0.066014
1 0.311819 0.637873 0.051861 0.054043
1 0.335479 0.639994 0.050848 0.059905
1 0.481405 0.606124 0.049536 0.059700
1 0.210802 0.508054 0.066722 0.054914
1 0.458616 0.677918 0.055255 0.061393
1 0.178794 0.558032 0.075189 0.061340
1 0.375370 0.652804 0.053658 0.061958
1 0.397116 0.580339 0.047155 0.056399
1 0.481004 0.685032 0.054554 0.063093
1 0.266553 0.429249 0.072920 0.062786
0 0.646448 0.226679 0.026809 0.022452
1 0.243876 0.459900 0.070956 0.060564
1 0.525851 0.619192 0.050295 0.055355
0 0.616899 0.216797 0.023266 0.020857
0 0.966829 0.338792 0.035981 0.016494
1 0.589472 0.636575 0.047685 0.054832
0 0.172385 0.979879 0.031731 0.015755
0 0.863758 0.489103 0.033060 0.016656
1 0.154849 0.588206 0.077383 0.060943
1 0.417484 0.666582 0.054139 0.062071
0 0.890831 0.142273 0.033265 0.015996
0 0.234018 0.759469 0.024885 0.019395
0 0.570441 0.203553 0.027129 0.021147
1 0.340378 0.765312 0.094824 0.036626
0 0.932736 0.387362 0.039020 0.019146
0 0.184282 0.744273 0.027314 0.023625
1 0.286620 0.393471 0.061618 0.052620
0 0.801917 0.484694 0.039908 0.018195
0 0.630641 0.223115 0.023313 0.021471
1 0.377412 0.574602 0.052556 0.063125
0 0.340806 0.296844 0.038005 0.019424
1 0.567794 0.632287 0.049142 0.058084
0 0.579914 0.246025 0.024248 0.020803
0 0.975578 0.450853 0.033590 0.017180
