0 0.324752 0.607246 0.043455 0.027024
0 0.622459 0.388281 0.045639 0.027326
0 0.574116 0.319041 0.047283 0.029224
0 0.093977 0.857070 0.044954 0.029089
0 0.189961 0.812619 0.044528 0.027635
0 0.774610 0.076940 0.043194 0.027595
0 0.773819 0.213154 0.041354 0.027087
0 0.134750 0.877084 0.044579 0.029925
0 0.103655 0.838717 0.044102 0.027661
0 0.575683 0.387336 0.041343 0.026877
0 0.716356 0.093605 0.040759 0.027136
0 0.332124 0.543758 0.044645 0.028118
0 0.710702 0.226614 0.047116 0.029569
0 0.452075 0.603068 0.046417 0.029887
0 0.643752 0.238968 0.043607 0.028283
0 0.158117 0.730660 0.046701 0.028782
0 0.275942 0.720035 0.046945 0.029258
0 0.259292 0.802461 0.048719 0.029986
0 0.476681 0.544179 0.042258 0.027154
0 0.594572 0.351307 0.048329 0.029645
0 0.018505 0.820240 0.037010 0.025679
0 0.401619 0.506927 0.039936 0.025038
0 0.769664 0.096902 0.048751 0.031710
0 0.643333 0.306855 0.048412 0.030048
0 0.143765 0.859059 0.044757 0.028033
0 0.284893 0.587913 0.046842 0.029002
0 0.534648 0.368748 0.044747 0.029348
0 0.685648 0.305776 0.047109 0.028625
0 0.373651 0.562841 0.046369 0.029481
0 0.228235 0.832039 0.047071 0.030160
0 0.228468 0.719189 0.044241 0.027265
0 0.560531 0.401544 0.039412 0.025423
0 0.074559 0.757462 0.047644 0.028563
0 0.382214 0.680898 0.046108 0.027936
0 0.536129 0.233030 0.045093 0.028851
0 0.659726 0.270763 0.039781 0.025940
0 0.266003 0.738209 0.042350 0.027615
0 0.220126 0.782494 0.044700 0.027268
0 0.618317 0.203910 0.050207 0.031382
0 0.145195 0.745547 0.045297 0.028576
0 0.198189 0.750653 0.044121 0.028181
0 0.161827 0.663067 0.044221 0.027819
0 0.582453 0.368417 0.044255 0.028655
0 0.806355 0.205985 0.045314 0.029289
0 0.502215 0.464315 0.041775 0.028671
0 0.537157 0.483224 0.042987 0.026257
0 0.601497 0.151025 0.038734 0.025306
0 0.410493 0.375546 0.044786 0.028704
0 0.785365 0.059069 0.043880 0.027935
0 0.828377 0.079164 0.048059 0.030012
0 0.668700 0.205882 0.047623 0.028518
0 0.476429 0.430379 0.045384 0.028013
0 0.045964 0.981474 0.044354 0.027289
0 0.412109 0.582591 0.043671 0.027409
0 0.774538 0.010133 0.041928 0.020265
0 0.399181 0.599205 0.047885 0.028675
0 0.220448 0.601736 0.049727 0.032124
0 0.659584 0.087679 0.048147 0.030251
0 0.510880 0.515428 0.043826 0.027333
0 0.734049 0.193194 0.042939 0.027579
0 0.568720 0.453358 0.045792 0.029236
0 0.132587 0.695255 0.046439 0.029162
0 0.200197 0.796562 0.045481 0.027943
0 0.054894 0.837824 0.044068 0.027932
0 0.419603 0.631934 0.045646 0.028308
0 0.234524 0.768212 0.043083 0.027034
0 0.029468 0.928459 0.047743 0.028412
0 0.277770 0.606072 0.049860 0.031432
0 0.288919 0.521676 0.049397 0.031364
0 0.370301 0.425225 0.045711 0.029752
0 0.092223 0.980525 0.042463 0.026872
0 0.469751 0.587897 0.049086 0.030449
0 0.326473 0.721451 0.040900 0.026404
0 0.278196 0.787796 0.047160 0.029798
0 0.344253 0.456578 0.041199 0.027618
0 0.542522 0.349512 0.044454 0.028430
0 0.854111 0.113812 0.042613 0.027233
0 0.136300 0.809942 0.043087 0.027384
0 0.213594 0.733242 0.044750 0.026822
0 0.451767 0.329256 0.048598 0.030307
0 0.725542 0.010614 0.043753 0.021228
0 0.127457 0.760104 0.044568 0.027232
0 0.171410 0.896005 0.041891 0.026920
0 0.588231 0.302902 0.046302 0.030102
0 0.342663 0.661936 0.044449 0.027902
0 0.521485 0.383909 0.041937 0.029433
0 0.235790 0.701071 0.043149 0.026266
0 0.728516 0.143580 0.048174 0.029412
0 0.494707 0.280903 0.041976 0.027174
0 0.030972 0.801776 0.041160 0.026907
0 0.219775 0.669212 0.042227 0.027006
0 0.746583 0.039703 0.040142 0.025909
0 0.530418 0.434994 0.045526 0.029552
0 0.115454 0.776108 0.044568 0.026401
0 0.709136 0.022273 0.042185 0.025453
0 0.764269 0.027559 0.044003 0.028543
0 0.272825 0.537505 0.046083 0.029662
0 0.804945 0.046291 0.047770 0.030021
0 0.449771 0.395658 0.046144 0.028748
0 0.701157 0.041324 0.046429 0.029909
0 0.055411 0.962919 0.045017 0.028026
0 0.655446 0.154171 0.041725 0.026467
0 0.153006 0.794471 0.038755 0.025150
0 0.045331 0.788369 0.038362 0.025559
0 0.635844 0.372540 0.042157 0.026488
0 0.627006 0.118100 0.041755 0.027377
0 0.598582 0.420873 0.043820 0.028573
0 0.612826 0.406403 0.043088 0.027315
0 0.154292 0.841029 0.040134 0.025504
0 0.114284 0.821736 0.041767 0.025812
0 0.079626 0.804388 0.038199 0.025271
0 0.364863 0.490397 0.040309 0.026271
0 0.365038 0.627190 0.046581 0.029451
0 0.145543 0.679192 0.045723 0.028639
0 0.636262 0.168386 0.041605 0.027549
0 0.487541 0.527848 0.039614 0.025642
0 0.051723 0.915694 0.042732 0.027195
0 0.625599 0.185535 0.048388 0.029120
0 0.813389 0.095224 0.043613 0.026176
0 0.289716 0.704478 0.046256 0.028799
0 0.164741 0.777795 0.039393 0.024799
0 0.425802 0.567224 0.049047 0.029527
0 0.694485 0.286751 0.042438 0.026378
0 0.317155 0.559498 0.046632 0.028884
0 0.173960 0.714830 0.047548 0.029708
0 0.241982 0.815865 0.045151 0.027850
0 0.473467 0.497265 0.043168 0.027371
0 0.661499 0.135399 0.039589 0.025645
0 0.788887 0.150319 0.047993 0.030353
0 0.199850 0.684705 0.046587 0.027710
0 0.581059 0.436806 0.045723 0.028769
0 0.587836 0.166518 0.042722 0.025513
0 0.414816 0.445204 0.046391 0.027714
0 0.015075 0.965457 0.030151 0.024724
0 0.316673 0.740275 0.041181 0.027380
0 0.627122 0.324227 0.043662 0.028954
0 0.615314 0.135480 0.041059 0.026219
0 0.437905 0.344081 0.043387 0.028314
0 0.091460 0.742305 0.045042 0.028564
0 0.626061 0.253403 0.040820 0.026191
0 0.463372 0.310422 0.040369 0.025971
0 0.346762 0.874528 0.038548 0.032636
0 0.289656 0.770572 0.046017 0.029595
0 0.085361 0.932146 0.036257 0.024168
0 0.502922 0.330036 0.042938 0.028358
0 0.554282 0.468621 0.042207 0.027694
0 0.671071 0.184514 0.036993 0.024180
0 0.291755 0.937416 0.037526 0.031638
0 0.017495 0.944235 0.034990 0.026010
0 0.679136 0.256528 0.036446 0.025196
0 0.437740 0.549300 0.044288 0.028494
0 0.066556 0.821378 0.041298 0.026532
0 0.358249 0.579540 0.047874 0.029579
0 0.830279 0.149043 0.042764 0.026976
0 0.018546 0.897291 0.037093 0.027197
0 0.183469 0.764727 0.041684 0.026519
0 0.590007 0.235629 0.041209 0.025451
0 0.119964 0.711014 0.045962 0.029277
0 0.482734 0.365199 0.044848 0.029435
0 0.703893 0.201699 0.037214 0.024113
0 0.454765 0.511188 0.039542 0.025300
0 0.675057 0.072993 0.049825 0.031316
0 0.657364 0.223220 0.040780 0.025631
0 0.520343 0.542888 0.043945 0.027106
0 0.790358 0.129028 0.043812 0.027592
