0 0.507793 0.419735 0.031119 0.037079
0 0.627413 0.445723 0.032056 0.038893
0 0.555050 0.357467 0.033183 0.039530
0 0.928085 0.112419 0.034900 0.027900
0 0.757872 0.270887 0.030411 0.035744
0 0.968467 0.114555 0.035629 0.029215
0 0.159714 0.325608 0.037334 0.031379
0 0.415224 0.363129 0.029879 0.035822
0 0.824739 0.058813 0.037621 0.030130
0 0.378289 0.408431 0.028450 0.035083
0 0.715152 0.208285 0.038910 0.017062
0 0.507252 0.497412 0.037608 0.016718
0 0.500778 0.043710 0.032087 0.036401
0 0.963161 0.063905 0.036133 0.030729
0 0.982457 0.032923 0.035087 0.029758
0 0.489475 0.059919 0.031855 0.036777
0 0.784047 0.240990 0.032219 0.036911
0 0.516856 0.216041 0.031097 0.036078
0 0.409327 0.172195 0.028553 0.035917
0 0.643033 0.620664 0.031236 0.036744
0 0.632257 0.320686 0.035477 0.016731
0 0.019635 0.277104 0.037098 0.032178
0 0.677449 0.384030 0.029188 0.036281
0 0.482701 0.264593 0.030384 0.036610
0 0.364485 0.238092 0.030110 0.036341
0 0.782623 0.422921 0.028974 0.034815
0 0.984930 0.159866 0.030140 0.029201
0 0.743872 0.363597 0.034379 0.014921
0 0.441425 0.199574 0.035663 0.016980
0 0.918437 0.128238 0.031530 0.025785
0 0.473898 0.151059 0.036146 0.017181
0 0.860377 0.013437 0.036708 0.026875
0 0.480779 0.341098 0.038826 0.018062
0 0.571095 0.715207 0.028694 0.032436
0 0.530980 0.465153 0.039405 0.016819
0 0.470719 0.279293 0.030815 0.034993
0 0.239340 0.219244 0.034136 0.028852
0 0.356577 0.125301 0.035484 0.016815
0 0.713927 0.523532 0.029826 0.035978
0 0.179819 0.114254 0.033061 0.027241
0 0.684514 0.181887 0.031461 0.035839
0 0.401988 0.060402 0.035806 0.016258
0 0.287665 0.541451 0.032335 0.037315
0 0.837767 0.042957 0.035759 0.027235
0 0.816459 0.074195 0.034064 0.027684
0 0.277702 0.239770 0.037423 0.016924
0 0.769469 0.254573 0.031942 0.039303
0 0.485028 0.453963 0.028327 0.033632
0 0.958385 0.131324 0.035949 0.028275
0 0.598664 0.369328 0.035579 0.016179
0 0.582319 0.698287 0.031259 0.037268
0 0.688347 0.367235 0.030563 0.035685
0 0.672635 0.197472 0.029943 0.034754
0 0.761926 0.459139 0.030483 0.037115
0 0.935464 0.093756 0.039329 0.029559
0 0.518821 0.403091 0.029637 0.034514
0 0.558689 0.542792 0.030479 0.035001
0 0.980865 0.098771 0.035616 0.027899
0 0.426593 0.026683 0.035382 0.016595
0 0.244786 0.288835 0.036600 0.016785
0 0.817987 0.010960 0.034443 0.021920
0 0.558377 0.729847 0.029959 0.033987
0 0.164590 0.404462 0.036525 0.019016
0 0.232037 0.305226 0.036023 0.016603
0 0.854292 0.329318 0.030215 0.034348
0 0.948765 0.148008 0.036703 0.028106
0 0.867038 0.313595 0.034110 0.040454
0 0.322471 0.173763 0.036168 0.016988
0 0.082132 0.252298 0.032691 0.027065
0 0.784660 0.054872 0.034095 0.025727
0 0.485195 0.134587 0.035862 0.018659
0 0.656558 0.288793 0.037832 0.016973
0 0.710886 0.412649 0.035575 0.015743
0 0.936059 0.416686 0.032845 0.033371
0 0.936337 0.094227 0.039479 0.030694
0 0.890588 0.477587 0.031803 0.033707
0 0.796140 0.409852 0.032637 0.039621
0 0.978583 0.174812 0.035011 0.029069
0 0.912394 0.447514 0.031573 0.032830
0 0.041082 0.246128 0.031329 0.026725
0 0.778837 0.315724 0.035525 0.015729
0 0.409450 0.438429 0.034879 0.014639
0 0.397342 0.265002 0.039723 0.017611
0 0.204814 0.466291 0.028598 0.036002
0 0.328681 0.363867 0.035855 0.017718
0 0.808686 0.091170 0.035514 0.028280
0 0.526074 0.195883 0.030666 0.035805
0 0.514801 0.293126 0.036288 0.016556
0 0.214262 0.337991 0.041222 0.019165
0 0.381625 0.091817 0.038153 0.017696
0 0.374548 0.299188 0.037315 0.017842
0 0.846955 0.026623 0.036962 0.027409
0 0.097846 0.501116 0.034970 0.015692
0 0.439246 0.701516 0.025447 0.029574
0 0.988373 0.083073 0.023254 0.025078
0 0.595695 0.180414 0.036949 0.017038
0 0.610199 0.353292 0.037041 0.017678
0 0.775881 0.071753 0.034815 0.027795
0 0.390767 0.075937 0.034761 0.015603
0 0.584686 0.196408 0.034936 0.018014
0 0.453285 0.183479 0.034573 0.017864
0 0.960890 0.384652 0.032810 0.033845
0 0.299049 0.524669 0.033098 0.040542
0 0.831605 0.361733 0.031493 0.036892
0 0.753471 0.347273 0.032988 0.015394
0 0.187624 0.370296 0.035760 0.017417
0 0.659496 0.211863 0.031414 0.035610
0 0.217351 0.449227 0.029918 0.036189
0 0.693961 0.240748 0.037626 0.017910
0 0.341613 0.270056 0.029935 0.035741
0 0.380377 0.599442 0.033409 0.041057
0 0.751050 0.478256 0.030545 0.035897
0 0.436375 0.406368 0.035093 0.016436
0 0.353279 0.520013 0.037838 0.018303
0 0.990286 0.018193 0.019428 0.024126
0 0.286015 0.616461 0.040999 0.017006
0 0.299934 0.206559 0.037011 0.017950
