2 0.773053 0.412229 0.047437 0.030933
2 0.758259 0.758924 0.049405 0.032206
2 0.848928 0.318254 0.046160 0.029975
2 0.183729 0.800346 0.044393 0.030376
2 0.226152 0.726488 0.046975 0.032134
2 0.519951 0.222200 0.047154 0.030572
2 0.763968 0.153681 0.040975 0.029573
2 0.835180 0.342311 0.047283 0.031927
2 0.728419 0.443346 0.047049 0.031202
2 0.736363 0.204016 0.043420 0.028913
2 0.259206 0.697808 0.051256 0.034871
2 0.912452 0.503728 0.042651 0.028534
2 0.582301 0.613624 0.044192 0.030364
2 0.818067 0.690322 0.031837 0.020645
2 0.700295 0.698421 0.042432 0.028404
2 0.404279 0.738906 0.037405 0.029961
2 0.196517 0.774559 0.048701 0.032769
2 0.847398 0.642732 0.034041 0.022598
2 0.874838 0.594378 0.032327 0.024283
2 0.597845 0.529304 0.045670 0.034400
2 0.557191 0.689188 0.062348 0.041221
