0 0.811760 0.954531 0.022599 0.023525
0 0.916597 0.957065 0.021233 0.024442
0 0.130180 0.149666 0.019368 0.010474
0 0.744392 0.952848 0.020409 0.026003
0 0.126219 0.291307 0.025136 0.013435
0 0.100876 0.224695 0.021751 0.012069
0 0.132196 0.061898 0.022434 0.011948
0 0.102055 0.156674 0.023413 0.011587
0 0.129554 0.114534 0.020930 0.010616
0 0.131313 0.038839 0.022276 0.011775
0 0.099832 0.254899 0.026810 0.012645
0 0.127563 0.237031 0.021883 0.011432
0 0.989488 0.162787 0.018025 0.012512
0 0.127563 0.224498 0.020453 0.010115
0 0.126752 0.212869 0.021472 0.011159
0 0.103505 0.058083 0.021970 0.011797
0 0.134592 0.015029 0.022323 0.011824
0 0.100817 0.199712 0.020867 0.010773
0 0.104776 0.072424 0.021820 0.012494
0 0.107023 0.045291 0.021260 0.012339
0 0.101897 0.240073 0.022494 0.012038
0 0.105020 0.030765 0.023044 0.011271
0 0.101013 0.184097 0.021858 0.012019
0 0.106352 0.017922 0.022548 0.011846
0 0.910233 0.103577 0.016877 0.010562
0 0.117483 0.308966 0.025400 0.013086
0 0.101294 0.169428 0.022810 0.012098
0 0.987312 0.180371 0.021038 0.012432
0 0.104796 0.114098 0.022534 0.011403
0 0.131958 0.100914 0.022673 0.011888
0 0.098302 0.284437 0.025496 0.013468
0 0.126138 0.199773 0.021138 0.010831
0 0.907201 0.118219 0.017649 0.010949
0 0.127659 0.248765 0.023186 0.011835
0 0.102939 0.101646 0.024437 0.012016
0 0.908496 0.032174 0.022197 0.012091
0 0.907196 0.061817 0.024969 0.012673
0 0.677158 0.946863 0.025034 0.013493
0 0.906897 0.189240 0.017093 0.010766
0 0.126681 0.173253 0.022026 0.011324
0 0.131394 0.050514 0.021130 0.011129
0 0.132509 0.027057 0.021679 0.012032
0 0.131116 0.138169 0.020950 0.011624
