2 0.603520 0.392628 0.051408 0.043848
2 0.847828 0.610912 0.074354 0.063861
2 0.790441 0.649236 0.072455 0.064064
2 0.523376 0.445131 0.051226 0.039313
2 0.441785 0.746753 0.059176 0.049537
2 0.704091 0.482971 0.062704 0.047985
2 0.571912 0.663851 0.050234 0.040789
2 0.571494 0.356198 0.051365 0.045733
2 0.730037 0.256214 0.053557 0.044977
2 0.702477 0.582483 0.048759 0.039639
2 0.491740 0.834328 0.057892 0.051380
2 0.614287 0.638775 0.049959 0.042652
2 0.460172 0.798461 0.053364 0.049823
2 0.329652 0.569611 0.054747 0.044409
2 0.477604 0.472344 0.058718 0.048340
2 0.629421 0.271103 0.047165 0.039528
2 0.503085 0.606522 0.054607 0.043632
2 0.387799 0.531951 0.051798 0.041851
2 0.422064 0.655486 0.041497 0.035303
2 0.120704 0.689428 0.048513 0.043190
2 0.357945 0.797544 0.052464 0.043142
2 0.300076 0.732196 0.054559 0.046894
2 0.397744 0.771439 0.050828 0.041628
2 0.605226 0.146836 0.045611 0.043248
2 0.761400 0.287494 0.058778 0.052877
2 0.343650 0.706903 0.051952 0.043936
2 0.634516 0.176708 0.047539 0.042630
2 0.685342 0.238447 0.037404 0.032794
0 0.318099 0.354547 0.017016 0.017026
2 0.151638 0.670535 0.041639 0.041531
2 0.383255 0.849747 0.053475 0.044151
2 0.117700 0.664643 0.092375 0.084944
0 0.182302 0.433743 0.018610 0.014136
1 0.729173 0.176731 0.035438 0.012848
0 0.289501 0.319628 0.015607 0.017442
