0 0.276519 0.233640 0.024409 0.023768
0 0.342831 0.556784 0.029813 0.025619
0 0.064625 0.162632 0.019086 0.022643
0 0.218717 0.328526 0.022019 0.020985
0 0.532547 0.687335 0.032893 0.021368
0 0.265065 0.258869 0.021359 0.022035
0 0.250698 0.278381 0.022266 0.022850
0 0.792344 0.044553 0.026300 0.010693
0 0.679632 0.323054 0.028108 0.020249
0 0.328954 0.431308 0.018543 0.022526
0 0.101412 0.389770 0.025764 0.012910
0 0.927936 0.069838 0.023939 0.010279
0 0.222879 0.514579 0.033797 0.018677
0 0.919820 0.082559 0.022603 0.010245
0 0.689440 0.272529 0.035372 0.023751
0 0.493701 0.812263 0.017404 0.020597
0 0.291353 0.120529 0.016598 0.021037
0 0.807817 0.424888 0.030520 0.017185
0 0.915248 0.990644 0.031844 0.018713
0 0.943710 0.495587 0.026239 0.011460
0 0.316950 0.572954 0.028136 0.022734
0 0.798753 0.032517 0.024203 0.010857
0 0.813549 0.253060 0.018588 0.025614
0 0.772841 0.483790 0.013531 0.023877
0 0.908954 0.109353 0.028135 0.010928
0 0.217437 0.237700 0.021957 0.019681
0 0.406978 0.625366 0.035022 0.024774
0 0.830115 0.453781 0.030087 0.014635
0 0.932721 0.058130 0.026309 0.010864
0 0.775971 0.085294 0.024602 0.010068
0 0.911950 0.096919 0.024647 0.010885
0 0.095040 0.121114 0.025536 0.028792
0 0.631133 0.623368 0.032676 0.021564
