0 0.646857 0.807030 0.028933 0.028057
0 0.920730 0.125836 0.027202 0.029747
0 0.712865 0.286160 0.033015 0.025298
0 0.747060 0.207482 0.025660 0.027224
0 0.117563 0.442608 0.019281 0.028572
0 0.769203 0.723005 0.036434 0.017734
0 0.677970 0.741291 0.036378 0.025685
0 0.169840 0.321160 0.016593 0.026760
0 0.338813 0.854923 0.028437 0.028283
0 0.779571 0.149558 0.026083 0.028039
0 0.215662 0.335429 0.017392 0.027529
0 0.723736 0.729435 0.037409 0.017113
0 0.106603 0.300057 0.016584 0.023115
0 0.170498 0.457945 0.020887 0.028394
0 0.767613 0.779699 0.035626 0.014111
0 0.625638 0.787265 0.039096 0.022481
0 0.294637 0.916319 0.028687 0.027210
0 0.196369 0.328843 0.018854 0.025954
0 0.779788 0.149132 0.025422 0.027994
0 0.068770 0.425985 0.019835 0.023543
0 0.818341 0.078903 0.024354 0.026675
0 0.315660 0.888454 0.033114 0.032971
0 0.138299 0.449339 0.017744 0.029204
0 0.749281 0.613707 0.033524 0.030736
0 0.691144 0.322771 0.036159 0.025765
