2 0.189666 0.533170 0.035539 0.110055
2 0.026404 0.602318 0.042782 0.119287
2 0.205089 0.230838 0.025709 0.077198
2 0.427881 0.681750 0.024260 0.078321
2 0.088644 0.513051 0.045080 0.125566
2 0.299177 0.302921 0.039823 0.119457
2 0.716371 0.672750 0.025852 0.092735
2 0.177844 0.233710 0.026126 0.076699
2 0.139215 0.516591 0.027795 0.083640
2 0.142648 0.239177 0.033496 0.096220
2 0.450277 0.524559 0.022486 0.064477
2 0.158049 0.531565 0.022796 0.075685
2 0.801040 0.681144 0.023571 0.072152
2 0.662629 0.684061 0.030501 0.094017
2 0.323569 0.247486 0.025395 0.074054
2 0.451816 0.680618 0.019739 0.059510
2 0.492308 0.675705 0.022954 0.070218
2 0.933439 0.698131 0.048424 0.153159
2 0.688390 0.712081 0.018850 0.053129
2 0.404303 0.685794 0.020741 0.060046
2 0.495348 0.510644 0.024163 0.070635
2 0.162739 0.284338 0.030579 0.094839
2 0.279993 0.249849 0.022077 0.061764
2 0.480048 0.544079 0.015082 0.042566
2 0.471672 0.679748 0.018427 0.055605
2 0.079639 0.219358 0.015334 0.043750
2 0.519576 0.500425 0.018898 0.053172
