0 0.435174 0.371150 0.015316 0.026646
0 0.233551 0.415001 0.032781 0.012615
0 0.293786 0.261640 0.015498 0.025812
0 0.529501 0.272261 0.016282 0.026930
0 0.377676 0.471464 0.032593 0.013330
0 0.228392 0.244005 0.031024 0.012631
0 0.231992 0.384158 0.029069 0.013152
0 0.231956 0.369511 0.032222 0.013887
0 0.149739 0.247380 0.031781 0.012291
0 0.378213 0.518553 0.034037 0.013945
0 0.417713 0.371682 0.015852 0.026504
0 0.399608 0.369591 0.014676 0.025130
0 0.349755 0.368933 0.015840 0.028077
0 0.231853 0.117303 0.033478 0.013034
0 0.150649 0.232772 0.032549 0.013437
0 0.234182 0.397914 0.032785 0.013465
0 0.232422 0.166479 0.031949 0.012083
0 0.378412 0.486454 0.033214 0.013140
0 0.461565 0.264714 0.014800 0.024005
0 0.320875 0.861417 0.026200 0.017464
0 0.278208 0.437334 0.017194 0.029517
0 0.381881 0.372190 0.018098 0.027324
0 0.380230 0.502654 0.034995 0.014092
0 0.150049 0.217362 0.029973 0.012950
