0 0.096417 0.355396 0.011849 0.048754
0 0.139572 0.286190 0.011081 0.047400
0 0.120730 0.294618 0.010552 0.047416
0 0.085507 0.476664 0.009743 0.044409
0 0.116653 0.190417 0.009283 0.047867
0 0.087351 0.193806 0.011023 0.045304
0 0.207584 0.411279 0.009944 0.041625
0 0.073470 0.315891 0.009927 0.040481
0 0.122318 0.455671 0.010983 0.046973
0 0.103492 0.461160 0.011046 0.050808
0 0.203731 0.304352 0.008490 0.040803
0 0.067852 0.372692 0.009318 0.045385
0 0.092689 0.304619 0.011838 0.048881
0 0.141534 0.444644 0.010615 0.045958
0 0.188950 0.421098 0.010560 0.045112
0 0.076765 0.361967 0.009464 0.046382
0 0.115541 0.351620 0.009031 0.045804
0 0.066948 0.482904 0.009544 0.048076
0 0.035906 0.338548 0.008591 0.044625
0 0.046855 0.489853 0.008603 0.039873
0 0.151199 0.440733 0.010441 0.048046
0 0.101688 0.301383 0.010156 0.048183
0 0.133046 0.337555 0.008783 0.038646
0 0.057326 0.487664 0.009054 0.043956
0 0.182172 0.316971 0.009072 0.043698
0 0.180559 0.427080 0.011108 0.045751
0 0.106579 0.352333 0.009802 0.044976
0 0.107279 0.190031 0.009064 0.047099
0 0.026964 0.486877 0.008274 0.039136
0 0.132120 0.449914 0.010144 0.045955
