1 0.494126 0.600951 0.057352 0.077439
0 0.452741 0.753393 0.023927 0.042348
0 0.708021 0.893053 0.026291 0.040437
1 0.389376 0.564480 0.054173 0.074648
0 0.764576 0.807026 0.025812 0.039729
0 0.740919 0.836835 0.027115 0.044874
1 0.638302 0.701454 0.043483 0.071743
0 0.171735 0.387014 0.028306 0.045161
1 0.312444 0.422286 0.055554 0.076483
1 0.535469 0.579156 0.039044 0.071123
0 0.439435 0.741998 0.026519 0.047231
1 0.263864 0.315743 0.066618 0.090225
0 0.790287 0.752193 0.034433 0.040373
1 0.235651 0.360428 0.057574 0.083474
0 0.542411 0.662369 0.028276 0.044416
1 0.615231 0.667823 0.043347 0.075217
1 0.868582 0.771999 0.049430 0.084326
1 0.371530 0.355043 0.018174 0.084834
0 0.055271 0.387364 0.027483 0.044471
1 0.478157 0.480641 0.037734 0.065212
0 0.720680 0.878180 0.027455 0.043568
1 0.815423 0.909614 0.042846 0.060659
1 0.255100 0.345617 0.059029 0.083894
0 0.861576 0.628060 0.029708 0.037485
1 0.334001 0.317017 0.016862 0.091401
0 0.812415 0.723986 0.026094 0.037997
0 0.922951 0.488550 0.030847 0.042182
0 0.756562 0.824131 0.029606 0.044264
1 0.412840 0.510309 0.054698 0.074234
1 0.390021 0.378638 0.017470 0.093641
1 0.594060 0.831712 0.063866 0.088321
1 0.438182 0.626421 0.042043 0.061376
0 0.729320 0.857055 0.031532 0.047020
1 0.598267 0.642997 0.038672 0.066477
0 0.414639 0.708384 0.026873 0.044869
0 0.638197 0.265942 0.015345 0.046325
1 0.578334 0.642559 0.035576 0.068459
0 0.155808 0.364390 0.024826 0.041671
0 0.702163 0.790490 0.034231 0.057851
0 0.376412 0.801574 0.028741 0.047993
0 0.724502 0.335941 0.028476 0.044191
1 0.451496 0.455079 0.017178 0.054792
1 0.852655 0.857416 0.042749 0.073709
0 0.565576 0.161923 0.015362 0.044239
0 0.775235 0.792677 0.026069 0.037521
0 0.799522 0.737422 0.027500 0.038169
0 0.818439 0.702558 0.025033 0.037116
1 0.319790 0.388603 0.043854 0.060455
