1 0.815442 0.614559 0.070859 0.049413
1 0.761224 0.300618 0.060116 0.045071
1 0.777475 0.241934 0.062177 0.047859
1 0.747131 0.339977 0.062811 0.047595
1 0.785596 0.198626 0.060401 0.047773
1 0.784077 0.221664 0.060641 0.048019
1 0.754337 0.319528 0.060083 0.045651
1 0.375546 0.452722 0.028494 0.069341
1 0.829619 0.589968 0.052602 0.039233
1 0.313586 0.435348 0.032196 0.073017
1 0.415753 0.459382 0.025865 0.072515
1 0.796995 0.182224 0.060939 0.047102
0 0.725790 0.865083 0.020926 0.034519
1 0.779001 0.287876 0.062023 0.045080
1 0.697710 0.498630 0.030025 0.056033
1 0.543358 0.479405 0.028709 0.070705
0 0.655079 0.913874 0.037087 0.025025
0 0.689736 0.924571 0.037429 0.027786
0 0.664200 0.878444 0.038220 0.026559
1 0.436988 0.464671 0.028710 0.070065
1 0.459549 0.466201 0.031401 0.070310
0 0.706899 0.861464 0.022079 0.033389
0 0.734765 0.803676 0.033538 0.036016
0 0.650257 0.931349 0.037864 0.024778
0 0.963298 0.798755 0.029762 0.037385
1 0.911853 0.300820 0.075390 0.020352
0 0.707235 0.781716 0.024050 0.034692
1 0.894209 0.521537 0.076198 0.020350
1 0.626852 0.475747 0.030556 0.057729
1 0.585728 0.476289 0.026284 0.057237
1 0.648697 0.482725 0.028703 0.057225
1 0.898999 0.398439 0.073990 0.018061
1 0.932207 0.181953 0.078515 0.022534
0 0.837044 0.902543 0.021807 0.033738
1 0.332076 0.444469 0.028295 0.070305
1 0.749349 0.421626 0.055141 0.026492
1 0.521132 0.475789 0.031946 0.069286
0 0.687385 0.769112 0.024958 0.040027
1 0.927353 0.221723 0.075826 0.024591
1 0.894917 0.498204 0.076356 0.019465
1 0.900616 0.419072 0.073105 0.017784
1 0.905730 0.359224 0.074500 0.019006
0 0.696125 0.906349 0.036962 0.025535
0 0.637620 0.965838 0.036269 0.027329
0 0.748264 0.874262 0.022887 0.041207
1 0.269699 0.630355 0.028530 0.060818
1 0.937084 0.158209 0.079777 0.022739
0 0.682990 0.960494 0.035944 0.024157
0 0.853783 0.812212 0.020084 0.034905
1 0.256542 0.432852 0.044311 0.066471
1 0.805543 0.163883 0.062438 0.046225
0 0.702345 0.888904 0.036739 0.024149
1 0.478872 0.468171 0.033758 0.070850
1 0.691993 0.589034 0.022788 0.044889
1 0.354988 0.639087 0.032179 0.070772
0 0.874943 0.810648 0.016754 0.027310
1 0.395852 0.455875 0.028241 0.069890
1 0.929406 0.201645 0.077793 0.023628
0 0.675381 0.976710 0.038618 0.025626
0 0.828117 0.706987 0.036571 0.022574
1 0.564256 0.479094 0.029529 0.067174
0 0.665947 0.846848 0.020830 0.038231
1 0.903875 0.438529 0.072932 0.016887
0 0.811446 0.891229 0.025340 0.034167
1 0.314358 0.636811 0.028485 0.063341
1 0.291704 0.631764 0.026135 0.066572
0 0.642496 0.947966 0.033730 0.027082
1 0.904626 0.378629 0.073908 0.016912
0 0.686739 0.853570 0.022621 0.037028
1 0.377346 0.643948 0.032922 0.068927
1 0.500266 0.664048 0.032633 0.063297
1 0.839218 0.560147 0.058164 0.030917
1 0.629993 0.600179 0.078567 0.029737
1 0.893630 0.545052 0.074490 0.023968
1 0.659645 0.417718 0.067364 0.024526
1 0.225636 0.629879 0.030202 0.067489
1 0.920738 0.261519 0.078054 0.023602
1 0.458246 0.656282 0.030934 0.067044
1 0.244053 0.506664 0.052502 0.023815
1 0.479705 0.658768 0.031051 0.062658
