1 0.451137 0.356910 0.074228 0.032315
0 0.646989 0.109981 0.030363 0.034918
1 0.446679 0.333541 0.075768 0.034976
1 0.439552 0.311772 0.068534 0.032911
0 0.684667 0.094261 0.028079 0.036665
1 0.233550 0.739628 0.065664 0.068914
0 0.442694 0.141180 0.030829 0.038524
0 0.666847 0.103147 0.028686 0.035051
0 0.630717 0.122159 0.030865 0.034017
0 0.418697 0.144163 0.032726 0.037251
1 0.253496 0.677424 0.133853 0.087419
1 0.436873 0.288133 0.071043 0.035903
1 0.435414 0.262254 0.073721 0.037684
0 0.328852 0.720930 0.033414 0.032472
0 0.612903 0.577847 0.034976 0.031892
1 0.514556 0.706987 0.081126 0.127906
1 0.670986 0.571248 0.073286 0.040585
0 0.711088 0.172359 0.034094 0.020839
0 0.203390 0.460745 0.032789 0.021665
0 0.193209 0.409101 0.034164 0.016594
1 0.453437 0.397447 0.058483 0.030422
1 0.224532 0.280515 0.149293 0.052740
1 0.498151 0.295393 0.026448 0.040987
