0 0.051923 0.797682 0.036044 0.053987
0 0.147745 0.698802 0.030129 0.050165
0 0.339166 0.698928 0.027703 0.047293
0 0.015747 0.693548 0.029775 0.052703
0 0.125028 0.692634 0.028850 0.054161
0 0.039574 0.696778 0.029582 0.049088
0 0.108459 0.796500 0.040289 0.051403
0 0.423153 0.698154 0.029644 0.050829
0 0.177485 0.696291 0.029632 0.057462
0 0.064375 0.696003 0.028232 0.051715
0 0.553234 0.950786 0.038986 0.023047
0 0.492593 0.783777 0.035600 0.051634
0 0.142812 0.633327 0.034325 0.065568
0 0.313143 0.699142 0.029247 0.048280
0 0.388322 0.793195 0.047745 0.070575
0 0.077149 0.784558 0.035833 0.047861
0 0.093189 0.696122 0.027275 0.048700
0 0.576604 0.642135 0.033504 0.066047
