0 0.117477 0.293128 0.041336 0.044902
0 0.952570 0.829570 0.038998 0.043026
0 0.932065 0.845048 0.039176 0.043097
0 0.976246 0.790105 0.047509 0.049050
0 0.514520 0.870704 0.052482 0.044302
0 0.142692 0.378583 0.039180 0.044848
0 0.020406 0.212357 0.040792 0.042944
0 0.579889 0.897499 0.051750 0.036152
0 0.088212 0.305713 0.042253 0.044376
0 0.876134 0.883640 0.049889 0.055733
0 0.807527 0.916675 0.049325 0.059031
0 0.844045 0.758326 0.050739 0.046304
0 0.802112 0.788830 0.045529 0.038489
0 0.852819 0.892060 0.047950 0.052980
0 0.885487 0.725579 0.047564 0.043578
0 0.912567 0.857833 0.039490 0.045474
0 0.832862 0.906883 0.047621 0.056051
