0 0.959901 0.829328 0.040844 0.045829
0 0.834019 0.667820 0.040257 0.044568
0 0.896901 0.828886 0.037609 0.048687
0 0.929214 0.830552 0.040746 0.046386
0 0.904995 0.674794 0.042706 0.046728
0 0.694590 0.652060 0.039898 0.047830
0 0.883350 0.913461 0.044179 0.042853
0 0.947745 0.929828 0.046875 0.047187
0 0.850601 0.910735 0.045490 0.045802
0 0.743873 0.894838 0.051045 0.048297
0 0.748290 0.805044 0.041223 0.046517
0 0.891085 0.782924 0.045813 0.043100
0 0.915412 0.920131 0.047450 0.047565
0 0.661416 0.886678 0.046787 0.045494
0 0.766411 0.949495 0.043627 0.043879
0 0.792549 0.658418 0.042138 0.049086
0 0.920631 0.981857 0.039821 0.036285
0 0.857052 0.818922 0.036793 0.043051
0 0.954773 0.977152 0.045858 0.044708
0 0.824282 0.819134 0.042341 0.051241
0 0.835785 0.758228 0.056684 0.052951
0 0.824246 0.818760 0.041590 0.049238
0 0.870157 0.961366 0.042321 0.044151
