1 0.523330 0.590292 0.085539 0.047852
1 0.489391 0.782677 0.085158 0.046390
1 0.439236 0.633919 0.087688 0.047614
1 0.477802 0.751903 0.084459 0.045713
1 0.414050 0.545294 0.086507 0.049744
1 0.360611 0.387832 0.094843 0.047035
1 0.463970 0.403513 0.086876 0.045658
1 0.450996 0.664580 0.083981 0.045288
0 0.913218 0.966387 0.029629 0.033234
1 0.585385 0.771814 0.088039 0.047907
1 0.476178 0.434973 0.089848 0.049386
1 0.380406 0.445024 0.084662 0.048280
1 0.365195 0.414168 0.089013 0.045312
1 0.496140 0.137060 0.048230 0.069351
1 0.458236 0.693768 0.085649 0.044487
1 0.685491 0.525901 0.086512 0.028226
1 0.320253 0.166050 0.042322 0.061059
1 0.444538 0.345210 0.091817 0.048798
1 0.513411 0.870749 0.085988 0.048909
1 0.117299 0.202193 0.042459 0.063394
0 0.883016 0.304803 0.063014 0.035547
1 0.591190 0.799912 0.085544 0.045806
1 0.457320 0.717353 0.090606 0.045877
1 0.496592 0.811739 0.083129 0.045986
1 0.649311 0.444020 0.081909 0.030139
1 0.540787 0.626027 0.082502 0.047776
0 0.927800 0.459853 0.054847 0.032477
1 0.636911 0.111320 0.045269 0.070739
1 0.568146 0.714207 0.088583 0.047934
1 0.870528 0.072908 0.038733 0.071003
1 0.606986 0.116617 0.041706 0.067239
1 0.507749 0.840717 0.085222 0.046113
1 0.753415 0.090094 0.043765 0.073129
1 0.955878 0.061843 0.038453 0.053181
1 0.693031 0.549853 0.091455 0.037148
1 0.177605 0.193728 0.045977 0.065814
1 0.699108 0.102514 0.046909 0.071876
0 0.902351 0.382117 0.059181 0.032867
1 0.814775 0.083048 0.044366 0.072391
1 0.497352 0.519317 0.076164 0.043118
1 0.727281 0.096490 0.045982 0.069948
1 0.238326 0.182815 0.047234 0.067894
1 0.387975 0.475003 0.083961 0.045133
1 0.552736 0.656632 0.081225 0.044185
0 0.896748 0.356892 0.056223 0.029082
1 0.347949 0.329497 0.082099 0.044831
1 0.089095 0.214641 0.045510 0.071248
1 0.599653 0.830243 0.084085 0.045817
1 0.637375 0.408446 0.090973 0.041600
1 0.466235 0.140484 0.047674 0.071096
1 0.739859 0.684977 0.088677 0.037002
0 0.858965 0.418873 0.046911 0.042255
1 0.351886 0.157525 0.046061 0.067343
1 0.505912 0.894542 0.069260 0.041337
1 0.549667 0.124815 0.037621 0.063675
1 0.418024 0.573854 0.082863 0.048108
0 0.841065 0.967813 0.040565 0.045818
1 0.494738 0.492773 0.087390 0.046779
1 0.291705 0.177617 0.041793 0.062642
0 0.864568 0.253242 0.061945 0.035075
0 0.919905 0.584067 0.055582 0.039882
0 0.885184 0.592921 0.055051 0.038076
1 0.429810 0.605011 0.082998 0.046653
1 0.438239 0.151372 0.047377 0.064021
0 0.830089 0.344752 0.047726 0.041558
1 0.612938 0.655869 0.042303 0.055261
1 0.748210 0.739278 0.082330 0.044816
1 0.671509 0.493831 0.092504 0.040352
1 0.757241 0.763473 0.086809 0.052730
1 0.355943 0.361019 0.083919 0.045234
1 0.781948 0.087948 0.046777 0.070184
0 0.861435 0.454349 0.048463 0.043296
0 0.113234 0.904738 0.051383 0.025476
1 0.599280 0.700892 0.086717 0.045533
1 0.410104 0.155184 0.041846 0.063483
1 0.901031 0.069647 0.043950 0.068274
1 0.766824 0.979320 0.036061 0.037388
1 0.772244 0.812868 0.082129 0.052144
1 0.511693 0.554103 0.087268 0.048972
0 0.349232 0.835597 0.033039 0.035846
0 0.840354 0.368157 0.046106 0.044894
0 0.804715 0.270713 0.048338 0.047031
1 0.763425 0.787916 0.082334 0.053251
0 0.100765 0.887634 0.054611 0.028888
1 0.985346 0.057958 0.028840 0.042866
1 0.724568 0.664468 0.088123 0.035033
