1 0.811764 0.471992 0.055863 0.047061
1 0.296425 0.696456 0.052796 0.049144
1 0.262577 0.734022 0.058822 0.038561
1 0.580140 0.658475 0.053797 0.054341
1 0.365378 0.488231 0.051774 0.058409
1 0.378509 0.641375 0.044917 0.037367
1 0.397701 0.513421 0.051236 0.054647
1 0.505143 0.406047 0.057501 0.051393
1 0.551154 0.631599 0.053753 0.057373
1 0.570691 0.234554 0.040048 0.069771
1 0.818848 0.452816 0.056108 0.044873
1 0.232977 0.522699 0.046702 0.041131
1 0.634653 0.533412 0.044602 0.044887
0 0.835889 0.601542 0.029004 0.027203
1 0.767081 0.349192 0.041070 0.068174
1 0.532780 0.435037 0.055568 0.053328
1 0.531110 0.615601 0.052991 0.055129
1 0.368485 0.297199 0.053225 0.049454
1 0.430871 0.539266 0.052253 0.055453
1 0.197053 0.498770 0.047958 0.036147
1 0.601003 0.485525 0.055916 0.052871
0 0.329250 0.320021 0.029973 0.032243
1 0.463043 0.568087 0.055510 0.054663
1 0.767801 0.547210 0.051540 0.053624
1 0.414313 0.526663 0.053486 0.056969
1 0.252200 0.833186 0.058099 0.027401
1 0.566069 0.463246 0.058493 0.053757
1 0.754253 0.564260 0.050169 0.052699
1 0.250994 0.808131 0.058854 0.029858
1 0.472244 0.378555 0.056108 0.047953
1 0.497655 0.592895 0.052241 0.054976
1 0.435186 0.353817 0.048357 0.048152
1 0.789269 0.507669 0.052816 0.049793
1 0.422161 0.162226 0.039360 0.070811
1 0.777920 0.525727 0.055520 0.054768
1 0.252293 0.878699 0.053065 0.051862
1 0.625458 0.515075 0.053365 0.057561
1 0.600976 0.262678 0.042126 0.070854
1 0.094665 0.641182 0.031545 0.071486
1 0.623419 0.265969 0.038552 0.070492
1 0.416599 0.671847 0.046129 0.039499
1 0.485814 0.394039 0.055813 0.048016
1 0.447392 0.551653 0.051451 0.055188
0 0.208483 0.703274 0.030309 0.024092
1 0.463146 0.358781 0.057658 0.051338
0 0.431389 0.784075 0.028340 0.031060
1 0.337072 0.610715 0.044072 0.039147
1 0.732282 0.327782 0.040756 0.068039
0 0.376202 0.707089 0.026950 0.034862
1 0.149209 0.649546 0.028919 0.070860
0 0.828198 0.380498 0.024260 0.034470
1 0.784146 0.362467 0.042946 0.067873
1 0.714209 0.314918 0.040623 0.067805
0 0.851382 0.568428 0.029186 0.029303
0 0.409737 0.749478 0.026952 0.032157
0 0.359608 0.344281 0.030248 0.028943
0 0.880841 0.417045 0.022021 0.035618
1 0.373272 0.065748 0.041266 0.060672
0 0.303890 0.293492 0.026676 0.033190
0 0.477399 0.112378 0.022518 0.040034
1 0.513314 0.209415 0.043201 0.066227
0 0.609964 0.906465 0.029611 0.019860
1 0.107256 0.741401 0.048364 0.030627
0 0.955261 0.920671 0.020965 0.037511
1 0.059711 0.625677 0.031130 0.069613
0 0.861891 0.406323 0.023629 0.036299
1 0.075166 0.644880 0.027617 0.061378
0 0.350423 0.443473 0.028362 0.031657
1 0.110875 0.644717 0.033787 0.076784
0 0.646381 0.549007 0.029211 0.032924
1 0.532989 0.214129 0.041377 0.070930
1 0.349983 0.281347 0.051301 0.048783
1 0.529118 0.145042 0.063014 0.052160
0 0.202388 0.724059 0.031271 0.026269
1 0.550472 0.448388 0.057111 0.052682
0 0.448968 0.838804 0.029052 0.025846
0 0.446126 0.819403 0.030270 0.030834
1 0.588724 0.244713 0.039405 0.069035
0 0.215616 0.665588 0.027342 0.023623
0 0.857909 0.551796 0.027671 0.029186
0 0.394273 0.374102 0.027569 0.028803
0 0.733186 0.651227 0.035482 0.020185
0 0.344754 0.427577 0.024235 0.029198
0 0.605075 0.859849 0.029900 0.019670
0 0.087039 0.784678 0.027835 0.024554
0 0.354606 0.678438 0.027362 0.032912
1 0.276125 0.901770 0.040920 0.064136
1 0.799941 0.490750 0.056014 0.048747
0 0.843233 0.584950 0.029973 0.029284
0 0.936600 0.633521 0.030319 0.026179
0 0.260880 0.126932 0.027213 0.027353
1 0.183321 0.813202 0.038391 0.025448
0 0.071828 0.484271 0.034708 0.032115
1 0.127811 0.651270 0.033091 0.071190
1 0.106791 0.700639 0.045953 0.029192
1 0.349914 0.281208 0.051616 0.048623
0 0.321866 0.394721 0.028240 0.031587
1 0.589218 0.178732 0.062618 0.047718
0 0.178085 0.831086 0.029616 0.023756
0 0.118432 0.896026 0.017737 0.036172
1 0.750173 0.335719 0.039917 0.069138
0 0.438041 0.802022 0.030581 0.033316
0 0.645957 0.914056 0.025728 0.017458
0 0.955441 0.595654 0.029478 0.030335
1 0.432916 0.188635 0.031051 0.060325
0 0.907305 0.532521 0.025073 0.029624
1 0.421171 0.338810 0.049149 0.046865
0 0.730025 0.613883 0.030382 0.018219
1 0.473049 0.201791 0.039266 0.069247
1 0.697864 0.304491 0.037629 0.069710
0 0.926751 0.669703 0.030322 0.025833
1 0.356589 0.626784 0.045544 0.038490
0 0.021043 0.532395 0.030291 0.033643
1 0.550093 0.447990 0.055951 0.053714
0 0.234611 0.249955 0.033104 0.052411
