1 0.552503 0.604471 0.103651 0.053045
1 0.681706 0.690896 0.105047 0.055340
1 0.615076 0.640164 0.084357 0.041526
1 0.373346 0.520913 0.131716 0.031627
1 0.589852 0.626396 0.109330 0.054074
1 0.494193 0.816130 0.082193 0.025194
0 0.847700 0.647499 0.063082 0.034198
1 0.783981 0.772527 0.108022 0.052034
1 0.352062 0.495266 0.140352 0.029678
1 0.706993 0.705632 0.105562 0.057949
1 0.306468 0.413566 0.134048 0.029562
1 0.316657 0.454833 0.133154 0.033826
1 0.648670 0.675089 0.108306 0.046476
1 0.788170 0.745960 0.083788 0.039263
0 0.821650 0.636754 0.056088 0.030424
1 0.264684 0.332195 0.135662 0.028432
1 0.315591 0.433488 0.106433 0.024471
1 0.470814 0.764049 0.068256 0.022801
1 0.254528 0.397001 0.087722 0.025504
1 0.515885 0.869716 0.083763 0.028021
1 0.647639 0.674971 0.108370 0.050022
1 0.448849 0.713611 0.072846 0.023117
0 0.842675 0.774350 0.058581 0.029907
0 0.845335 0.302956 0.067318 0.039092
0 0.418617 0.649286 0.061230 0.021629
1 0.272143 0.355600 0.133196 0.026574
1 0.500387 0.833883 0.078286 0.024465
0 0.174929 0.541560 0.052776 0.017015
0 0.821329 0.321568 0.071290 0.039253
1 0.454029 0.731970 0.070864 0.021116
1 0.489862 0.797179 0.068965 0.024665
1 0.282372 0.374343 0.128297 0.025816
0 0.853516 0.522820 0.035746 0.025736
