1 0.437382 0.453857 0.082951 0.068589
1 0.232989 0.647764 0.063399 0.093686
1 0.580398 0.786017 0.056913 0.088709
1 0.580402 0.741851 0.056915 0.086123
1 0.467304 0.404217 0.074028 0.066580
1 0.529698 0.567379 0.063657 0.092016
1 0.293372 0.540466 0.051361 0.087701
1 0.445559 0.426356 0.074832 0.059852
1 0.148173 0.548738 0.070133 0.106164
1 0.197421 0.610867 0.070079 0.102804
1 0.212972 0.634921 0.068967 0.099008
1 0.361523 0.552640 0.080823 0.051490
1 0.650504 0.666910 0.057633 0.084742
1 0.418095 0.497098 0.083140 0.059389
0 0.270199 0.931194 0.034754 0.027320
0 0.251407 0.257677 0.027209 0.040807
1 0.347219 0.581539 0.076661 0.045616
1 0.178826 0.593035 0.063821 0.098771
1 0.645626 0.718994 0.055519 0.082475
0 0.243803 0.084940 0.041231 0.045243
1 0.619215 0.631231 0.060142 0.084625
0 0.340406 0.289741 0.036748 0.058454
1 0.453675 0.644491 0.061186 0.092603
1 0.438607 0.624509 0.066215 0.098035
1 0.385294 0.522311 0.081541 0.054612
1 0.502312 0.745383 0.079922 0.031721
1 0.364881 0.701239 0.062913 0.104122
0 0.583838 0.399869 0.029317 0.049067
1 0.594565 0.627511 0.058280 0.081853
1 0.424356 0.592553 0.068351 0.105028
1 0.591520 0.813244 0.048919 0.075646
1 0.239200 0.688612 0.057308 0.079997
0 0.564099 0.968604 0.034413 0.023111
0 0.840451 0.398292 0.039778 0.056833
1 0.471452 0.814803 0.072852 0.028929
0 0.092426 0.882107 0.034271 0.032228
1 0.160743 0.578401 0.068808 0.101384
1 0.270922 0.519817 0.072898 0.105894
1 0.688345 0.651897 0.050251 0.075807
0 0.554600 0.431980 0.023944 0.038294
1 0.637349 0.643626 0.056042 0.080356
1 0.612273 0.548516 0.056058 0.065909
1 0.636598 0.644642 0.054972 0.083907
0 0.668391 0.981753 0.038679 0.021935
0 0.963663 0.735531 0.039788 0.056863
