0 0.480341 0.820833 0.012274 0.012380
0 0.270612 0.961609 0.013014 0.012868
0 0.792864 0.923777 0.012156 0.012092
0 0.899652 0.679500 0.011913 0.012606
0 0.949638 0.663995 0.010876 0.010875
0 0.827693 0.702393 0.011829 0.012549
0 0.933355 0.426810 0.011920 0.011026
0 0.615782 0.702971 0.011643 0.011999
0 0.543366 0.978752 0.011126 0.011202
0 0.595400 0.704309 0.014281 0.010637
0 0.985483 0.659232 0.012501 0.012203
0 0.565957 0.919013 0.013388 0.013255
0 0.967783 0.742073 0.013143 0.013201
0 0.660970 0.644183 0.010827 0.010798
0 0.665999 0.709434 0.011591 0.011948
0 0.419554 0.986446 0.010599 0.009951
0 0.979392 0.693606 0.011381 0.011653
0 0.855067 0.527138 0.011189 0.010448
0 0.607209 0.787353 0.013308 0.012204
1 0.362646 0.983365 0.031012 0.030672
0 0.767083 0.994249 0.010567 0.011233
0 0.867136 0.515912 0.011686 0.010641
1 0.890483 0.538540 0.019290 0.020295
0 0.807643 0.920837 0.010668 0.012064
0 0.832108 0.513078 0.009543 0.010000
0 0.673346 0.839202 0.011459 0.012417
0 0.925678 0.655514 0.010369 0.011060
0 0.812083 0.996432 0.012591 0.007137
0 0.496557 0.883693 0.017837 0.015367
0 0.462545 0.832469 0.013036 0.013595
0 0.802574 0.961146 0.010814 0.011838
0 0.831748 0.900824 0.010543 0.011265
0 0.988471 0.615538 0.009482 0.010601
0 0.658594 0.715036 0.010776 0.012089
