0 0.039086 0.397927 0.022355 0.023049
0 0.509316 0.089425 0.020840 0.025504
0 0.709952 0.897444 0.021390 0.023842
0 0.647269 0.642846 0.022168 0.025138
1 0.428716 0.649801 0.058907 0.025257
0 0.498810 0.264388 0.022293 0.026680
0 0.656441 0.677551 0.021331 0.022230
0 0.615346 0.510478 0.022832 0.024867
0 0.044336 0.409976 0.023113 0.025720
0 0.663091 0.938883 0.021078 0.025553
0 0.659888 0.921514 0.019975 0.024869
0 0.658785 0.693725 0.021285 0.022540
0 0.638326 0.838132 0.019029 0.022614
0 0.420381 0.612417 0.018222 0.024126
0 0.606235 0.695850 0.020750 0.024225
0 0.638999 0.613292 0.022312 0.025157
0 0.595892 0.664963 0.020161 0.023197
0 0.627463 0.559527 0.024394 0.027071
0 0.532270 0.172333 0.021920 0.024724
0 0.460813 0.113119 0.022313 0.024391
0 0.747062 0.171648 0.021902 0.018736
0 0.515547 0.103413 0.019533 0.020788
0 0.652709 0.884924 0.023142 0.026447
0 0.634599 0.596333 0.022515 0.024645
0 0.448214 0.579919 0.021416 0.027357
0 0.908810 0.954116 0.020375 0.020697
0 0.609604 0.710350 0.021779 0.025469
0 0.619568 0.527566 0.024017 0.027115
0 0.645793 0.871424 0.019345 0.022786
0 0.652419 0.194832 0.021603 0.018326
0 0.795858 0.984091 0.020586 0.019297
0 0.511367 0.328384 0.019798 0.023488
0 0.827831 0.973263 0.019922 0.020730
0 0.400786 0.592597 0.019478 0.028135
0 0.959945 0.942070 0.019824 0.021558
0 0.466561 0.600922 0.018724 0.023398
0 0.477090 0.576479 0.020113 0.026559
0 0.603225 0.206581 0.024660 0.017962
0 0.048522 0.430934 0.022009 0.023022
0 0.530791 0.393267 0.021751 0.026145
0 0.927557 0.950534 0.019746 0.019058
0 0.545141 0.439783 0.019517 0.021008
0 0.976870 0.938347 0.020583 0.021538
0 0.537500 0.425934 0.020280 0.024784
0 0.622446 0.202776 0.020101 0.018181
0 0.619242 0.753175 0.020058 0.022469
0 0.828860 0.479349 0.018033 0.018649
0 0.711055 0.920128 0.020814 0.024923
0 0.527026 0.156075 0.023645 0.025091
0 0.048644 0.430784 0.022328 0.023021
0 0.453935 0.600842 0.019069 0.025833
0 0.537898 0.424340 0.021845 0.026544
0 0.624546 0.787815 0.016249 0.020820
0 0.600641 0.680596 0.020183 0.025243
0 0.032545 0.384684 0.025834 0.028175
0 0.652452 0.886380 0.020836 0.026037
0 0.958440 0.120979 0.020384 0.018312
0 0.812277 0.976835 0.017689 0.019557
0 0.860046 0.146317 0.021639 0.018912
0 0.653852 0.905596 0.020779 0.027868
0 0.545064 0.460899 0.020442 0.024444
0 0.941397 0.125781 0.018401 0.017627
