1 0.356380 0.417516 0.059842 0.072733
1 0.372755 0.398522 0.062728 0.072840
1 0.576494 0.420762 0.087445 0.073242
1 0.493936 0.333088 0.078701 0.084584
1 0.261546 0.467270 0.065203 0.072620
1 0.282534 0.449434 0.073592 0.085034
1 0.446164 0.249029 0.072119 0.085937
1 0.189642 0.531318 0.078689 0.083022
1 0.517475 0.361784 0.086846 0.078100
1 0.655051 0.533062 0.092596 0.073614
1 0.541232 0.381409 0.089804 0.074182
1 0.300398 0.430248 0.073010 0.084226
1 0.592941 0.439940 0.083388 0.076531
1 0.559660 0.401147 0.086893 0.072839
1 0.246824 0.491553 0.073038 0.081996
1 0.623588 0.484063 0.088864 0.075619
1 0.323455 0.417471 0.073901 0.086369
1 0.441210 0.512505 0.085996 0.057770
1 0.637617 0.509283 0.090498 0.077203
0 0.422893 0.619164 0.036201 0.040782
1 0.216823 0.110870 0.101065 0.058529
1 0.225573 0.510959 0.080276 0.085148
0 0.246335 0.640733 0.041194 0.044233
