0 0.923576 0.470538 0.011288 0.011909
0 0.390544 0.551996 0.013317 0.008180
0 0.554894 0.986613 0.013217 0.009127
0 0.990324 0.477039 0.013593 0.010303
0 0.958658 0.419090 0.013073 0.010055
0 0.416795 0.589546 0.013127 0.008363
0 0.027756 0.044831 0.013645 0.013541
0 0.773338 0.924404 0.013480 0.008637
0 0.076750 0.072289 0.007965 0.012797
0 0.103414 0.091846 0.008814 0.013200
0 0.403099 0.596787 0.012630 0.008514
0 0.884245 0.648246 0.012290 0.008184
0 0.032261 0.110176 0.007988 0.013849
0 0.963201 0.428460 0.013498 0.010735
0 0.918654 0.520951 0.009691 0.011965
0 0.928781 0.423726 0.011952 0.010350
0 0.123287 0.047066 0.008604 0.011966
0 0.831631 0.169346 0.011983 0.011012
0 0.429206 0.633532 0.014023 0.008045
0 0.102528 0.028866 0.013586 0.011340
0 0.356355 0.572167 0.012233 0.008283
0 0.909099 0.524493 0.009803 0.011522
