0 0.435105 0.511645 0.053645 0.070514
0 0.945779 0.062142 0.048970 0.078673
0 0.255265 0.409152 0.059320 0.085815
0 0.190448 0.383226 0.052457 0.078763
0 0.172085 0.564809 0.073530 0.076398
0 0.471146 0.890091 0.055810 0.068064
1 0.427116 0.340825 0.124419 0.091923
1 0.551872 0.429456 0.122877 0.101461
1 0.679935 0.477459 0.126342 0.084343
0 0.613230 0.747957 0.054528 0.064545
0 0.091095 0.197775 0.049272 0.073209
0 0.286001 0.289469 0.062229 0.055909
0 0.118282 0.212494 0.048716 0.070269
0 0.380829 0.489343 0.039170 0.058196
0 0.281461 0.431391 0.066144 0.095608
0 0.673162 0.796194 0.054375 0.074917
0 0.587355 0.597898 0.069489 0.087106
1 0.727603 0.505163 0.123841 0.084891
1 0.612155 0.453930 0.131715 0.087818
0 0.632765 0.859278 0.052940 0.068324
0 0.037126 0.478128 0.057157 0.049662
0 0.161748 0.369224 0.059389 0.085037
0 0.346321 0.466237 0.058745 0.105511
