2 0.572799 0.719335 0.067817 0.085657
2 0.816241 0.540416 0.055843 0.074295
2 0.649011 0.760260 0.054664 0.074995
2 0.408345 0.831729 0.055145 0.080320
2 0.614507 0.692977 0.046942 0.069421
2 0.759294 0.586336 0.065993 0.083987
2 0.850629 0.611341 0.029986 0.040722
2 0.462893 0.773329 0.072336 0.095804
2 0.699723 0.628384 0.069265 0.086670
2 0.361071 0.539755 0.026439 0.039633
2 0.788266 0.314316 0.054772 0.072618
2 0.505328 0.733149 0.036299 0.050140
2 0.462491 0.272826 0.032569 0.040994
2 0.649458 0.657992 0.050991 0.066177
2 0.195522 0.652402 0.078609 0.102312
2 0.317226 0.371817 0.025924 0.031514
