2 0.366321 0.583003 0.014337 0.011180
2 0.402356 0.673739 0.019188 0.013097
2 0.351189 0.678293 0.021905 0.015708
2 0.764553 0.463417 0.016134 0.012044
2 0.461124 0.656723 0.021159 0.015695
2 0.722237 0.581521 0.022626 0.014848
2 0.718345 0.597031 0.023646 0.014669
2 0.391725 0.702859 0.017621 0.014224
2 0.365050 0.495141 0.018704 0.012608
2 0.785755 0.401215 0.020121 0.014913
2 0.462297 0.701652 0.018819 0.012758
2 0.411773 0.643896 0.017356 0.013166
2 0.472060 0.672418 0.013907 0.009773
2 0.357706 0.664651 0.014998 0.009748
2 0.660546 0.600480 0.021252 0.012859
