2 0.102166 0.095433 0.037180 0.036129
2 0.634167 0.545029 0.040798 0.039891
2 0.418606 0.285659 0.037252 0.034845
2 0.704292 0.671113 0.019404 0.019096
2 0.466147 0.308636 0.052759 0.051656
2 0.467336 0.360836 0.028178 0.028821
2 0.683617 0.446095 0.017781 0.016235
2 0.558633 0.482047 0.021667 0.021886
2 0.657133 0.619983 0.025042 0.025863
2 0.828511 0.750117 0.015997 0.016172
2 0.777005 0.725363 0.017328 0.015708
2 0.648697 0.653366 0.017614 0.018079
2 0.799931 0.835228 0.017059 0.016303
2 0.685044 0.614187 0.021740 0.021982
2 0.679965 0.641835 0.023652 0.023871
2 0.475417 0.481085 0.031547 0.029805
2 0.541743 0.488531 0.016428 0.016903
2 0.708738 0.600736 0.041277 0.042544
2 0.716463 0.716126 0.022695 0.021809
2 0.610424 0.466283 0.017440 0.015946
2 0.602625 0.648236 0.017377 0.018211
2 0.800523 0.717920 0.019067 0.016803
2 0.446082 0.374501 0.023573 0.024576
2 0.542078 0.421990 0.014640 0.015680
2 0.577892 0.477029 0.014441 0.012892
2 0.181243 0.101792 0.026101 0.028960
2 0.877589 0.807020 0.021280 0.020244
2 0.645997 0.699893 0.016669 0.016673
2 0.834503 0.784759 0.017610 0.016968
2 0.843664 0.744715 0.016529 0.015727
2 0.647579 0.445788 0.019538 0.019522
2 0.598274 0.372523 0.019456 0.019097
2 0.852285 0.699948 0.017743 0.017845
2 0.692189 0.726223 0.015119 0.015584
2 0.622226 0.666558 0.017862 0.016776
2 0.819685 0.791492 0.020000 0.018632
2 0.857918 0.739128 0.017814 0.017761
2 0.863212 0.775682 0.016778 0.016834
2 0.802746 0.402827 0.022146 0.021498
2 0.576800 0.447197 0.015203 0.016697
2 0.654169 0.708235 0.017100 0.016769
2 0.858658 0.814916 0.016575 0.015289
2 0.548217 0.367702 0.018447 0.018276
2 0.848437 0.781404 0.017336 0.016747
2 0.753970 0.851235 0.017244 0.017288
2 0.796045 0.562878 0.016543 0.015615
2 0.583962 0.385750 0.014853 0.016355
2 0.759812 0.730361 0.015076 0.014742
2 0.816502 0.828863 0.017570 0.015486
2 0.631672 0.453878 0.018591 0.018684
2 0.677654 0.729446 0.018521 0.018940
2 0.623451 0.647350 0.029281 0.031806
2 0.769199 0.554627 0.012818 0.014779
2 0.841210 0.818498 0.020439 0.018647
2 0.823224 0.538212 0.013509 0.014175
2 0.816935 0.552957 0.016489 0.016601
2 0.716217 0.429683 0.017940 0.015579
2 0.822559 0.712348 0.015103 0.013384
2 0.662500 0.695979 0.021021 0.019882
2 0.567704 0.393176 0.017994 0.017966
2 0.567276 0.391949 0.016357 0.016667
2 0.701429 0.701178 0.018756 0.020477
2 0.793997 0.799066 0.018071 0.016110
2 0.571766 0.405353 0.016705 0.013560
2 0.530378 0.440335 0.027696 0.029349
2 0.563167 0.377211 0.014231 0.013243
2 0.469265 0.432380 0.025671 0.026249
2 0.812288 0.565819 0.012532 0.011624
2 0.593873 0.470057 0.019629 0.020035
