1 0.320071 0.569124 0.034641 0.028175
1 0.384574 0.552500 0.037542 0.029506
1 0.622154 0.707493 0.021529 0.042776
1 0.285480 0.549276 0.034792 0.026722
1 0.370919 0.486471 0.034918 0.027443
1 0.308926 0.511920 0.038082 0.029060
1 0.301329 0.449263 0.034159 0.025985
1 0.461298 0.608633 0.019967 0.044606
1 0.170517 0.463466 0.033800 0.025296
1 0.294575 0.471872 0.033668 0.025326
1 0.294985 0.350758 0.033473 0.026763
1 0.308654 0.537141 0.035864 0.027306
1 0.197569 0.391528 0.035101 0.026267
1 0.353722 0.322418 0.035709 0.024744
1 0.769636 0.779966 0.021520 0.043071
1 0.233122 0.291226 0.035077 0.027572
1 0.479553 0.620596 0.023488 0.044889
1 0.304796 0.330789 0.035767 0.027443
1 0.034300 0.178036 0.020883 0.017252
1 0.233549 0.470869 0.035369 0.027043
1 0.315217 0.301198 0.035145 0.027559
1 0.363859 0.509245 0.033641 0.024860
1 0.167286 0.255773 0.036013 0.025693
1 0.232189 0.410801 0.034451 0.027161
1 0.655115 0.720328 0.023848 0.042771
1 0.266609 0.429940 0.034049 0.024568
1 0.396066 0.417287 0.035693 0.026923
1 0.344178 0.556638 0.035580 0.026244
1 0.337026 0.467569 0.035013 0.025347
1 0.283017 0.370762 0.034881 0.025222
1 0.357889 0.395857 0.035126 0.026513
1 0.243914 0.539000 0.034001 0.026004
1 0.176636 0.311735 0.034605 0.026130
1 0.722616 0.753727 0.024309 0.043860
1 0.318059 0.389005 0.034997 0.026577
1 0.641217 0.713130 0.022132 0.042144
1 0.423177 0.359415 0.031200 0.024755
1 0.225864 0.433818 0.034666 0.025505
1 0.241994 0.488629 0.035312 0.026517
1 0.261675 0.331199 0.034972 0.026207
1 0.727231 0.524889 0.054632 0.036050
1 0.554973 0.665609 0.023530 0.042439
1 0.354194 0.587747 0.035663 0.025954
1 0.398133 0.526572 0.034946 0.027879
1 0.430302 0.435525 0.034340 0.026570
1 0.246683 0.348871 0.034077 0.024801
1 0.654409 0.641623 0.041612 0.031978
1 0.264166 0.441674 0.032980 0.026006
1 0.195983 0.449042 0.037723 0.027907
1 0.592169 0.685593 0.020946 0.037981
1 0.157154 0.491616 0.036892 0.026969
1 0.044977 0.368879 0.021565 0.041489
1 0.388511 0.340361 0.033941 0.025204
1 0.235789 0.458456 0.026472 0.022714
1 0.209394 0.471259 0.034789 0.026590
1 0.223208 0.541866 0.035715 0.028013
1 0.361035 0.424353 0.031786 0.023633
1 0.048958 0.306597 0.023972 0.059052
1 0.228379 0.421650 0.034815 0.024328
1 0.451552 0.375233 0.026801 0.021347
1 0.323586 0.378476 0.034792 0.025416
1 0.332661 0.478887 0.033933 0.026284
1 0.366995 0.497070 0.034890 0.026299
1 0.106153 0.533210 0.028762 0.026173
1 0.214587 0.191430 0.017298 0.027311
0 0.267014 0.790079 0.016128 0.015569
1 0.196243 0.176194 0.017347 0.025887
1 0.047821 0.433480 0.036313 0.025727
1 0.379153 0.349545 0.034037 0.025211
1 0.495618 0.460401 0.018194 0.031655
1 0.194021 0.294108 0.034884 0.025510
1 0.330546 0.600869 0.034365 0.027374
1 0.212244 0.330011 0.033904 0.026387
1 0.511333 0.632426 0.018073 0.032189
1 0.111669 0.454640 0.031278 0.022728
1 0.062465 0.323179 0.022737 0.045081
0 0.185422 0.693917 0.012660 0.022154
1 0.730745 0.512279 0.053417 0.034208
1 0.289102 0.485972 0.028185 0.021948
1 0.231822 0.409865 0.034316 0.025206
1 0.407137 0.491888 0.034632 0.024510
0 0.964541 0.750446 0.012229 0.020932
1 0.270421 0.488870 0.038071 0.024805
0 0.040207 0.572956 0.014781 0.012910
1 0.162060 0.509714 0.036241 0.026529
0 0.245767 0.606525 0.010992 0.017956
1 0.402282 0.516287 0.034815 0.025448
1 0.405462 0.505083 0.033657 0.024306
1 0.044052 0.417414 0.037748 0.028071
1 0.273753 0.518363 0.035091 0.027032
1 0.447205 0.386778 0.033561 0.025427
1 0.193295 0.511562 0.034835 0.026534
0 0.448179 0.080694 0.008832 0.018423
0 0.966781 0.865988 0.011612 0.019893
0 0.262445 0.667557 0.011408 0.020304
0 0.228580 0.667579 0.011403 0.018821
1 0.009787 0.117206 0.019573 0.019297
0 0.234532 0.719930 0.012276 0.019859
0 0.952971 0.857687 0.011173 0.019684
0 0.128330 0.592751 0.010823 0.017298
0 0.216944 0.591677 0.010564 0.018031
0 0.291399 0.721808 0.014937 0.013255
1 0.544208 0.655867 0.023877 0.046875
0 0.980972 0.874169 0.012606 0.019894
0 0.973280 0.824247 0.011239 0.018686
1 0.648284 0.659996 0.042362 0.035334
0 0.489446 0.159717 0.018280 0.017929
0 0.009310 0.267430 0.011042 0.019460
1 0.353479 0.599825 0.033484 0.023931
0 0.194813 0.699307 0.011720 0.019656
1 0.174704 0.451769 0.035457 0.025470
1 0.061804 0.224267 0.022440 0.018771
0 0.223112 0.639700 0.012666 0.022575
1 0.413767 0.368232 0.035506 0.025780
0 0.946890 0.809790 0.011758 0.019098
1 0.407568 0.493332 0.034641 0.027469
1 0.288979 0.359717 0.033298 0.024734
0 0.106815 0.653896 0.010717 0.020888
0 0.121211 0.589029 0.011033 0.019211
0 0.247924 0.840868 0.016235 0.015227
1 0.347115 0.532193 0.037657 0.028435
1 0.029755 0.207667 0.023455 0.019999
0 0.240452 0.857337 0.017745 0.016247
0 0.285705 0.738920 0.016561 0.015507
1 0.700463 0.919132 0.029864 0.015699
1 0.156986 0.491107 0.036961 0.025257
0 0.957091 0.932213 0.012529 0.020838
0 0.254335 0.664657 0.011180 0.018959
0 0.076394 0.889081 0.015210 0.016372
1 0.055701 0.450356 0.034919 0.026081
0 0.995208 0.769436 0.009584 0.020181
0 0.213846 0.658818 0.011487 0.019592
0 0.608362 0.854053 0.015093 0.017927
1 0.210243 0.443168 0.025592 0.022401
1 0.176122 0.165237 0.014955 0.026277
0 0.965478 0.798544 0.011435 0.019538
0 0.044320 0.938906 0.014925 0.011237
0 0.032880 0.980653 0.016452 0.010187
0 0.953658 0.878692 0.012472 0.019103
0 0.170928 0.637402 0.011413 0.019019
0 0.976597 0.690835 0.010711 0.017976
0 0.379825 0.093833 0.009975 0.017293
0 0.209597 0.586225 0.011085 0.017808
1 0.261675 0.564086 0.035000 0.026466
0 0.185048 0.644880 0.011747 0.019130
0 0.934142 0.866709 0.011426 0.019206
1 0.069433 0.233269 0.021711 0.018031
0 0.903850 0.751078 0.014411 0.009096
0 0.965624 0.818542 0.011994 0.019448
0 0.902337 0.765312 0.016449 0.009549
0 0.108194 0.604054 0.011608 0.018792
1 0.378682 0.574215 0.035004 0.026184
0 0.620634 0.829288 0.013945 0.016347
0 0.219888 0.713087 0.011927 0.020259
0 0.982023 0.894003 0.011828 0.019009
1 0.277389 0.509307 0.037052 0.028364
0 0.996050 0.319191 0.007812 0.020606
0 0.600353 0.870601 0.014037 0.017780
0 0.192048 0.628085 0.012988 0.019720
0 0.174353 0.568529 0.010600 0.017247
0 0.071514 0.583872 0.011978 0.021562
1 0.062568 0.207071 0.021003 0.019237
0 0.952830 0.790998 0.010414 0.018722
0 0.994513 0.834897 0.010301 0.018135
0 0.234792 0.018564 0.012954 0.019032
0 0.834721 0.141280 0.018362 0.012823
0 0.982988 0.739668 0.012000 0.019156
0 0.970382 0.668297 0.011319 0.017897
0 0.904894 0.716635 0.015464 0.009605
0 0.017378 0.630933 0.013487 0.011668
0 0.959139 0.815351 0.012489 0.020463
0 0.511394 0.350024 0.011437 0.017797
0 0.906311 0.698509 0.014094 0.009318
0 0.115198 0.607072 0.011323 0.018597
0 0.034647 0.970340 0.017172 0.010561
1 0.193067 0.403073 0.033843 0.025312
1 0.054019 0.410889 0.034178 0.028231
0 0.871814 0.147680 0.008564 0.018481
0 0.983512 0.674023 0.010528 0.017151
0 0.907073 0.687292 0.014196 0.010158
1 0.180007 0.299980 0.034511 0.027338
0 0.945987 0.875044 0.012230 0.018450
0 0.573937 0.915573 0.013235 0.020871
1 0.262625 0.471616 0.025659 0.019789
0 0.226644 0.716912 0.011563 0.019787
0 0.614190 0.904065 0.012330 0.020806
1 0.053667 0.377912 0.018691 0.038285
0 0.020609 0.272607 0.011246 0.018380
0 0.027184 0.276468 0.011543 0.019166
0 0.456495 0.125006 0.010052 0.019682
0 0.441789 0.151577 0.009612 0.018138
0 0.470312 0.145828 0.010417 0.022094
1 0.117111 0.471002 0.034123 0.024109
0 0.518731 0.353493 0.012338 0.019679
1 0.328771 0.489980 0.034296 0.027603
1 0.010186 0.176290 0.020371 0.018602
0 0.168780 0.687242 0.011850 0.019809
1 0.145439 0.162618 0.014389 0.026861
0 0.092794 0.645641 0.010784 0.018851
0 0.932902 0.030052 0.013233 0.008676
0 0.162008 0.683750 0.012717 0.019497
