2 0.136523 0.167380 0.027476 0.047302
2 0.239067 0.170441 0.026601 0.044416
2 0.110538 0.161651 0.024716 0.036543
2 0.084178 0.162500 0.025443 0.043335
2 0.161881 0.167495 0.025541 0.043635
2 0.231317 0.262131 0.025976 0.047220
2 0.186744 0.168236 0.022803 0.040903
2 0.817183 0.317637 0.024108 0.034879
2 0.180390 0.259603 0.026847 0.044358
2 0.128636 0.494916 0.024904 0.042284
2 0.367979 0.316812 0.020326 0.035249
2 0.840123 0.524201 0.024802 0.035331
2 0.751895 0.234940 0.026033 0.037071
2 0.840611 0.421083 0.025685 0.035242
2 0.102487 0.256112 0.026400 0.044100
2 0.165297 0.286953 0.026304 0.044825
2 0.153775 0.256915 0.025381 0.044157
2 0.102059 0.495011 0.027135 0.044931
2 0.346091 0.206446 0.018621 0.034905
2 0.490529 0.318852 0.020751 0.035796
2 0.895226 0.221008 0.024959 0.033963
2 0.077191 0.253354 0.027429 0.047150
2 0.871636 0.091981 0.023988 0.034865
2 0.348053 0.317620 0.019655 0.030508
2 0.876980 0.648658 0.024259 0.034204
2 0.204230 0.052005 0.018008 0.024667
2 0.422180 0.422022 0.019504 0.034568
2 0.140111 0.287126 0.025204 0.042609
2 0.455827 0.244453 0.019570 0.034286
2 0.851839 0.839403 0.025930 0.038340
2 0.492051 0.449617 0.019838 0.031693
2 0.089232 0.283846 0.027129 0.045465
2 0.230927 0.765679 0.027359 0.043555
2 0.153972 0.495622 0.025868 0.042439
2 0.179757 0.496524 0.025476 0.042507
2 0.792778 0.213633 0.023308 0.034412
2 0.402276 0.421907 0.020794 0.035156
2 0.869355 0.219057 0.025732 0.035230
2 0.867043 0.524887 0.023468 0.034172
2 0.469832 0.318680 0.019268 0.035933
2 0.482266 0.423983 0.020289 0.036131
2 0.342758 0.419628 0.018930 0.034769
2 0.752906 0.109539 0.023939 0.033535
2 0.766984 0.085627 0.024356 0.034011
2 0.445903 0.209501 0.018095 0.037429
2 0.476210 0.243093 0.022318 0.038356
2 0.802367 0.442193 0.024654 0.034806
2 0.842068 0.318211 0.024423 0.034387
2 0.365109 0.206618 0.017375 0.033723
2 0.501176 0.424398 0.020292 0.033756
2 0.464420 0.209718 0.018344 0.036610
2 0.815301 0.418479 0.024021 0.033936
2 0.472490 0.449104 0.019189 0.032376
2 0.778200 0.235611 0.025486 0.034825
2 0.778068 0.338063 0.024646 0.035816
2 0.817598 0.216231 0.023761 0.033304
2 0.371335 0.589698 0.018341 0.022636
2 0.894805 0.318279 0.025572 0.034419
2 0.776105 0.441597 0.024175 0.031774
2 0.353689 0.588864 0.014067 0.021957
2 0.358126 0.346356 0.020341 0.034864
2 0.128346 0.256916 0.027449 0.044425
2 0.854255 0.443338 0.025702 0.032051
2 0.791040 0.315192 0.023138 0.036328
2 0.804179 0.339330 0.026608 0.034269
2 0.855118 0.341342 0.024161 0.034725
2 0.409618 0.317547 0.018582 0.035423
2 0.893399 0.422666 0.024463 0.035619
2 0.459304 0.348194 0.019456 0.036115
2 0.438724 0.128058 0.018193 0.038673
2 0.458222 0.129011 0.018694 0.037861
2 0.205200 0.260626 0.024781 0.042927
2 0.378305 0.347182 0.020043 0.032223
2 0.788808 0.520507 0.024870 0.035802
2 0.506288 0.212705 0.021492 0.036741
2 0.880605 0.445146 0.023535 0.034740
2 0.827384 0.546328 0.024831 0.033501
2 0.081054 0.609217 0.026513 0.040829
2 0.419742 0.125442 0.017730 0.033044
2 0.750949 0.338017 0.026081 0.033599
2 0.429708 0.317935 0.018887 0.034215
2 0.853302 0.547850 0.025020 0.035012
2 0.185713 0.051699 0.014737 0.024704
2 0.793461 0.085634 0.024570 0.035037
2 0.419198 0.349160 0.021174 0.032749
2 0.364226 0.420133 0.016165 0.032093
2 0.477751 0.128323 0.017901 0.037765
2 0.775359 0.543696 0.023899 0.032815
2 0.749072 0.542458 0.024427 0.031970
2 0.388867 0.318030 0.020369 0.034472
2 0.205689 0.499983 0.025364 0.042174
2 0.805029 0.238479 0.022938 0.034127
2 0.432590 0.061934 0.012416 0.020032
2 0.897789 0.093403 0.025277 0.031434
2 0.403564 0.058320 0.009610 0.018065
2 0.496889 0.128505 0.015816 0.034206
2 0.358837 0.053685 0.014074 0.023732
2 0.779682 0.109826 0.024947 0.034411
2 0.485730 0.063067 0.009109 0.019283
2 0.805713 0.111527 0.025063 0.032682
2 0.814220 0.521777 0.023798 0.036320
2 0.501622 0.348311 0.018856 0.033984
2 0.450133 0.318537 0.018487 0.034623
2 0.473537 0.062550 0.009316 0.016675
2 0.801741 0.545082 0.024731 0.032653
2 0.828180 0.443084 0.025856 0.033279
2 0.213391 0.168353 0.024930 0.043154
2 0.881731 0.342398 0.026305 0.033756
2 0.422527 0.590781 0.014499 0.023549
2 0.259387 0.053254 0.010517 0.018898
2 0.183463 0.615725 0.027453 0.043760
2 0.383056 0.420170 0.020104 0.034496
2 0.698769 0.659787 0.007588 0.017700
2 0.399797 0.126426 0.016884 0.033947
2 0.764108 0.315501 0.025526 0.034505
2 0.494835 0.060382 0.007846 0.016330
2 0.591445 0.064493 0.010671 0.017391
2 0.789177 0.417159 0.025717 0.035916
2 0.386582 0.207179 0.016844 0.037594
2 0.615744 0.693740 0.007761 0.015503
2 0.503975 0.062741 0.007989 0.019538
2 0.882536 0.244559 0.022973 0.030049
2 0.830625 0.340454 0.023543 0.033512
2 0.444230 0.060910 0.008237 0.013348
2 0.750103 0.439977 0.023528 0.030972
2 0.115029 0.285901 0.025900 0.045360
2 0.462541 0.058831 0.012486 0.020191
2 0.697840 0.702899 0.008211 0.018778
2 0.677912 0.695477 0.006856 0.016820
2 0.485341 0.207900 0.021364 0.038303
2 0.869234 0.318388 0.024885 0.036663
2 0.384227 0.056674 0.009409 0.017427
2 0.453271 0.064303 0.009165 0.015223
2 0.425587 0.209456 0.018431 0.035553
2 0.843411 0.216677 0.024230 0.033977
2 0.635119 0.700420 0.007502 0.017688
2 0.480127 0.348878 0.019315 0.033099
2 0.603827 0.064771 0.007369 0.013325
2 0.867805 0.420718 0.024712 0.036412
2 0.690418 0.701780 0.008998 0.019463
2 0.516469 0.543363 0.013331 0.020889
2 0.671478 0.652781 0.007777 0.019077
2 0.441769 0.422185 0.018158 0.035050
2 0.679105 0.608205 0.006752 0.016486
2 0.658808 0.656501 0.007092 0.017094
2 0.828825 0.238503 0.023570 0.033427
2 0.831234 0.111842 0.023918 0.031060
2 0.683460 0.660387 0.007200 0.015393
2 0.337134 0.346530 0.019411 0.034534
2 0.857190 0.113731 0.024707 0.033104
2 0.373380 0.055851 0.010676 0.017563
2 0.652056 0.700101 0.007086 0.017464
2 0.363399 0.574783 0.015486 0.023743
2 0.682987 0.700587 0.008138 0.018024
2 0.224232 0.056101 0.016706 0.030904
2 0.340363 0.051353 0.009552 0.018581
2 0.462774 0.423591 0.018434 0.033686
2 0.616629 0.775637 0.009454 0.013980
2 0.855293 0.241291 0.025390 0.031526
2 0.695057 0.650762 0.007277 0.014703
2 0.769162 0.705363 0.008602 0.016642
2 0.628156 0.658366 0.007513 0.013579
2 0.679766 0.650064 0.006758 0.015046
2 0.764364 0.212426 0.022740 0.032982
2 0.633716 0.650061 0.007243 0.015281
2 0.879321 0.549818 0.025639 0.034250
2 0.762362 0.519755 0.025440 0.033424
2 0.844281 0.091048 0.024899 0.032885
2 0.626906 0.701135 0.007651 0.018187
2 0.449408 0.319914 0.018435 0.030508
2 0.373089 0.055971 0.012031 0.018582
2 0.452167 0.890720 0.006573 0.014326
2 0.053642 0.701842 0.008006 0.015642
2 0.640686 0.650324 0.007581 0.015217
2 0.809278 0.974479 0.010767 0.015566
2 0.635782 0.657940 0.006683 0.013694
2 0.695788 0.609935 0.008512 0.021072
2 0.816536 0.975774 0.010405 0.018847
