1 0.603761 0.250070 0.032572 0.020666
1 0.857964 0.800514 0.015909 0.029310
1 0.177886 0.406910 0.031072 0.021905
1 0.656876 0.245192 0.030168 0.022003
1 0.496522 0.439855 0.017935 0.025005
1 0.611265 0.835152 0.039497 0.009491
1 0.465214 0.434531 0.018174 0.024658
1 0.373197 0.370442 0.031477 0.009073
1 0.770240 0.234259 0.029496 0.021723
1 0.391032 0.320189 0.043494 0.012101
1 0.609770 0.816143 0.038972 0.009444
1 0.483863 0.437174 0.019486 0.025032
1 0.490663 0.346852 0.012160 0.024528
1 0.187850 0.415741 0.029260 0.025038
1 0.377519 0.340970 0.048739 0.013168
1 0.318054 0.239524 0.023813 0.023360
1 0.807747 0.238889 0.030404 0.018941
1 0.863323 0.533115 0.031125 0.007739
1 0.842710 0.446087 0.032868 0.007192
1 0.842204 0.438992 0.032856 0.007185
1 0.363889 0.616490 0.016360 0.021587
1 0.375600 0.659383 0.041215 0.008452
1 0.749552 0.235865 0.029100 0.022159
1 0.815723 0.333273 0.032167 0.006844
1 0.395251 0.310132 0.047311 0.015558
1 0.474606 0.435635 0.016628 0.024827
1 0.377759 0.352249 0.044987 0.010978
1 0.454081 0.431974 0.018457 0.025454
1 0.533362 0.850896 0.024977 0.009622
1 0.623300 0.456729 0.031620 0.007538
1 0.318720 0.389082 0.030817 0.009765
1 0.354372 0.380229 0.032430 0.011429
1 0.673873 0.245887 0.029430 0.022071
1 0.711428 0.240769 0.034727 0.023985
1 0.864714 0.540541 0.029170 0.007730
1 0.176655 0.394442 0.030662 0.021407
1 0.679051 0.857848 0.028544 0.006589
1 0.389120 0.333639 0.038846 0.010473
1 0.383400 0.614661 0.022408 0.032926
1 0.531098 0.338732 0.012296 0.023837
1 0.382672 0.641408 0.037613 0.007537
