1 0.840030 0.589204 0.025297 0.031180
1 0.840349 0.561414 0.029487 0.026180
1 0.322535 0.057318 0.022560 0.079545
1 0.742218 0.688867 0.024832 0.036741
1 0.842299 0.614511 0.025715 0.032531
1 0.851306 0.496401 0.026343 0.020800
1 0.842342 0.640560 0.022551 0.038372
1 0.767412 0.672207 0.024198 0.029260
1 0.783247 0.644866 0.029595 0.030974
1 0.848170 0.527414 0.030258 0.019443
1 0.160917 0.327627 0.052998 0.025706
1 0.820388 0.394975 0.024412 0.035962
1 0.467183 0.046238 0.014656 0.039991
1 0.695752 0.613075 0.013306 0.037405
1 0.774572 0.617671 0.026258 0.030871
1 0.378601 0.598524 0.017015 0.053300
1 0.628038 0.660206 0.026652 0.044688
1 0.779985 0.629773 0.025898 0.027696
1 0.772960 0.599365 0.021955 0.026576
1 0.348580 0.598830 0.016090 0.042963
1 0.871064 0.253458 0.015571 0.041577
1 0.333519 0.603724 0.015467 0.038413
1 0.155759 0.308439 0.054634 0.028730
0 0.967016 0.493746 0.017283 0.015116
1 0.544749 0.645286 0.027439 0.034401
0 0.974296 0.902566 0.011801 0.022265
1 0.141137 0.268730 0.050805 0.026191
1 0.844135 0.545024 0.026640 0.021329
0 0.976894 0.750530 0.019500 0.022650
1 0.303879 0.196385 0.049277 0.022450
0 0.972177 0.518775 0.019309 0.014615
0 0.966737 0.829559 0.010115 0.023956
1 0.466533 0.480922 0.014043 0.035607
1 0.663258 0.668420 0.032111 0.017894
0 0.969393 0.506582 0.018533 0.015740
1 0.694379 0.703403 0.022696 0.031310
0 0.969536 0.155599 0.018480 0.013588
0 0.676395 0.862698 0.011074 0.023255
0 0.912819 0.109483 0.017766 0.012673
0 0.958180 0.420732 0.020917 0.014916
1 0.768251 0.584299 0.020333 0.027761
0 0.742396 0.852457 0.011447 0.023659
1 0.662492 0.710969 0.020914 0.030082
0 0.892332 0.840050 0.015359 0.020503
0 0.724410 0.853975 0.010555 0.023556
0 0.978306 0.541845 0.015251 0.013304
1 0.297483 0.307339 0.048875 0.028959
1 0.832072 0.649466 0.019420 0.037199
0 0.714711 0.856453 0.011232 0.023219
0 0.799046 0.839178 0.011275 0.025642
1 0.149242 0.289889 0.055140 0.030273
0 0.844777 0.753510 0.015582 0.012583
1 0.864163 0.726637 0.022675 0.021241
0 0.694709 0.861507 0.011026 0.023590
0 0.981857 0.565176 0.018322 0.013532
0 0.498620 0.910319 0.013633 0.025963
1 0.600833 0.513056 0.029051 0.016568
0 0.902836 0.896448 0.018858 0.014327
1 0.542191 0.606954 0.024396 0.031898
0 0.492953 0.033985 0.012783 0.027480
1 0.844982 0.059697 0.014563 0.034737
0 0.461737 0.918951 0.011194 0.024547
0 0.355772 0.943714 0.011553 0.022858
0 0.965372 0.481163 0.018163 0.016674
1 0.297297 0.336526 0.048703 0.029085
0 0.966729 0.130454 0.017045 0.013102
0 0.913655 0.962786 0.018503 0.013029
0 0.945511 0.318820 0.015108 0.011348
0 0.732996 0.852695 0.009923 0.022896
