1 0.259451 0.215838 0.019682 0.016004
1 0.578747 0.183064 0.015547 0.028899
1 0.277218 0.701628 0.010769 0.028079
1 0.785003 0.582185 0.016906 0.025104
1 0.049119 0.298543 0.012162 0.025391
1 0.325534 0.254462 0.009344 0.031046
1 0.246422 0.156265 0.008952 0.031237
1 0.785552 0.645144 0.021002 0.011349
1 0.310818 0.248333 0.009330 0.030210
1 0.613354 0.193308 0.016871 0.034088
1 0.095086 0.833713 0.007954 0.029399
1 0.798741 0.596152 0.018502 0.025786
1 0.588524 0.599128 0.015881 0.010479
1 0.069804 0.806742 0.007824 0.027808
1 0.696754 0.607875 0.024878 0.010732
1 0.511919 0.174405 0.024750 0.012592
1 0.567599 0.181675 0.014728 0.029974
1 0.605216 0.511408 0.019552 0.011381
1 0.319642 0.251476 0.009562 0.029290
1 0.952757 0.573122 0.012974 0.021630
1 0.442099 0.244308 0.010275 0.029416
1 0.762075 0.548402 0.006264 0.027361
1 0.791131 0.589624 0.017491 0.024485
1 0.261443 0.199333 0.020718 0.015086
