1 0.712036 0.715154 0.043335 0.092790
1 0.784087 0.329751 0.047630 0.096067
1 0.377364 0.523211 0.112737 0.093379
1 0.479628 0.512482 0.110868 0.090578
1 0.229692 0.550704 0.036895 0.054596
0 0.712694 0.204846 0.057247 0.029943
1 0.849987 0.310460 0.049721 0.099929
1 0.986580 0.690802 0.026840 0.097327
1 0.773116 0.678402 0.042820 0.111258
1 0.847816 0.443526 0.051740 0.104328
1 0.499354 0.754231 0.047109 0.118508
1 0.281113 0.535776 0.114106 0.094783
1 0.465055 0.745797 0.042057 0.083561
1 0.114240 0.890951 0.041239 0.129560
1 0.920703 0.278717 0.050323 0.102864
1 0.428891 0.739829 0.044416 0.093085
1 0.885664 0.289090 0.046909 0.107896
1 0.329402 0.530596 0.113321 0.094860
1 0.557068 0.752033 0.046412 0.112524
1 0.495844 0.744911 0.045933 0.100622
1 0.869839 0.697676 0.048356 0.095239
1 0.555275 0.748929 0.049083 0.102280
1 0.933554 0.700147 0.042731 0.115677
