1 0.776073 0.699655 0.033904 0.041391
1 0.293609 0.368613 0.071978 0.027176
1 0.708372 0.714225 0.033394 0.038649
1 0.291242 0.350204 0.058622 0.023700
1 0.295435 0.390525 0.065011 0.026523
1 0.752932 0.705351 0.032293 0.041923
1 0.451565 0.412989 0.056176 0.024872
1 0.584322 0.641114 0.061240 0.027392
1 0.513769 0.594094 0.055267 0.023307
1 0.532764 0.475286 0.058197 0.027583
1 0.503812 0.575892 0.053335 0.023898
1 0.471407 0.466936 0.054833 0.023565
1 0.529128 0.648422 0.055599 0.024422
1 0.518206 0.610460 0.053455 0.024242
1 0.536457 0.495233 0.055007 0.027213
1 0.487988 0.345248 0.054326 0.024168
1 0.445939 0.394139 0.055618 0.025649
1 0.574730 0.622333 0.066910 0.028037
1 0.476220 0.486133 0.056060 0.024293
1 0.561877 0.566656 0.060915 0.026509
1 0.298369 0.408819 0.065020 0.026530
1 0.495294 0.364580 0.060048 0.027460
1 0.571298 0.601849 0.057595 0.024927
1 0.493600 0.539010 0.055765 0.023171
1 0.430302 0.355782 0.056948 0.025810
1 0.525731 0.456972 0.055799 0.025363
1 0.521480 0.753013 0.043077 0.049052
1 0.259241 0.282804 0.054719 0.021673
1 0.553380 0.548865 0.056985 0.026662
1 0.425276 0.770491 0.037839 0.042680
1 0.398522 0.775205 0.034478 0.044333
1 0.482864 0.503705 0.054685 0.022847
1 0.449080 0.767599 0.038944 0.044444
