1 0.557435 0.128196 0.070293 0.077155
1 0.527633 0.143851 0.071177 0.075912
0 0.178509 0.046432 0.053763 0.036580
0 0.100798 0.108368 0.053033 0.034848
0 0.067705 0.147302 0.050707 0.035716
0 0.121416 0.048116 0.056401 0.036163
0 0.983025 0.100351 0.033950 0.039855
0 0.896694 0.055270 0.051027 0.045399
1 0.753397 0.318707 0.088385 0.054663
1 0.246819 0.240213 0.062596 0.067260
0 0.129142 0.359965 0.045949 0.019882
1 0.744256 0.727603 0.090023 0.024790
1 0.721407 0.530368 0.068083 0.073121
1 0.320355 0.225282 0.095618 0.113125
1 0.564601 0.458321 0.089847 0.026750
0 0.157779 0.104575 0.052584 0.033597
0 0.242675 0.040865 0.055843 0.037997
0 0.862953 0.069086 0.037907 0.034679
0 0.916118 0.169748 0.049022 0.043391
0 0.182559 0.184403 0.041177 0.038696
0 0.303885 0.098262 0.047215 0.044614
0 0.971791 0.454775 0.045745 0.044635
0 0.163315 0.029019 0.046699 0.033286
0 0.130857 0.316929 0.054375 0.027750
0 0.226604 0.022802 0.045140 0.032573
1 0.466106 0.162925 0.077128 0.081696
0 0.108482 0.028558 0.049400 0.034648
0 0.918501 0.032637 0.039672 0.035120
0 0.081194 0.426342 0.027833 0.040896
1 0.619032 0.389338 0.082038 0.079658
0 0.111462 0.125741 0.051030 0.034789
1 0.688718 0.640219 0.094972 0.027554
0 0.132961 0.293340 0.050554 0.027646
0 0.248067 0.152492 0.045625 0.044325
1 0.961853 0.809942 0.076293 0.033250
1 0.582929 0.487686 0.087051 0.027106
1 0.311357 0.333811 0.113765 0.037585
0 0.095479 0.015873 0.057912 0.031746
0 0.017890 0.418467 0.025425 0.041163
0 0.010530 0.236578 0.021060 0.041933
1 0.612440 0.138030 0.074391 0.095440
0 0.040898 0.263022 0.028565 0.049074
0 0.269036 0.139893 0.046974 0.047884
0 0.087101 0.086771 0.053591 0.034745
1 0.673104 0.612913 0.090474 0.028027
0 0.292248 0.128688 0.044363 0.046165
1 0.606854 0.518845 0.091583 0.029857
0 0.058695 0.055986 0.065535 0.043988
1 0.409909 0.324974 0.087508 0.055753
1 0.641676 0.302628 0.109249 0.070921
0 0.946196 0.959505 0.031656 0.041194
0 0.136444 0.247470 0.049313 0.021662
1 0.596147 0.116586 0.111075 0.136223
1 0.769149 0.344372 0.085463 0.058224
0 0.887456 0.010841 0.045670 0.021682
1 0.732185 0.697535 0.083471 0.026515
