1 0.298826 0.235921 0.070433 0.050038
1 0.313361 0.171569 0.069151 0.052137
1 0.593907 0.135725 0.056518 0.040603
1 0.298220 0.269897 0.068942 0.046988
1 0.321668 0.140491 0.072216 0.050470
1 0.305413 0.203393 0.069016 0.050478
1 0.713362 0.186856 0.051140 0.037795
1 0.469173 0.302763 0.051605 0.037393
1 0.440886 0.978755 0.053490 0.037924
1 0.293068 0.298125 0.067980 0.048668
1 0.446316 0.203028 0.050554 0.053219
1 0.859074 0.359328 0.033723 0.078154
1 0.368099 0.154139 0.041703 0.097973
1 0.857246 0.623780 0.043056 0.089985
1 0.332594 0.113558 0.064770 0.046632
1 0.094582 0.830709 0.040507 0.033151
1 0.043788 0.812833 0.051736 0.035476
0 0.663776 0.165618 0.036452 0.032461
1 0.838482 0.353272 0.034093 0.079128
1 0.835337 0.614427 0.040137 0.094410
0 0.233182 0.396331 0.029246 0.050225
1 0.354857 0.433745 0.043945 0.077197
0 0.136290 0.842684 0.035085 0.031220
