0 0.814693 0.117711 0.021410 0.018148
0 0.051191 0.019495 0.021665 0.017969
0 0.801320 0.097615 0.019847 0.016208
0 0.407194 0.565654 0.018530 0.016254
0 0.688854 0.951846 0.017402 0.015329
0 0.924400 0.282944 0.020883 0.016098
0 0.635809 0.837565 0.025190 0.012000
0 0.231339 0.563579 0.017341 0.016680
0 0.904566 0.762313 0.028404 0.013853
0 0.491183 0.820265 0.024842 0.009904
0 0.090727 0.080706 0.021280 0.017230
0 0.908504 0.748919 0.026260 0.014403
0 0.445684 0.522267 0.015806 0.014939
0 0.954901 0.330960 0.019324 0.014676
0 0.870174 0.201674 0.019398 0.016312
0 0.802769 0.314992 0.026201 0.012636
0 0.454516 0.755919 0.023852 0.009571
0 0.862177 0.440486 0.023940 0.014626
0 0.275404 0.557582 0.016305 0.017985
0 0.320502 0.676250 0.027959 0.013475
0 0.257683 0.038081 0.027822 0.012825
0 0.464263 0.772274 0.025839 0.010850
0 0.656829 0.907354 0.020667 0.016621
0 0.668942 0.820391 0.028551 0.011302
0 0.978043 0.364932 0.017474 0.015454
0 0.852906 0.128883 0.019225 0.015623
0 0.885574 0.072135 0.028008 0.012405
0 0.450768 0.747599 0.025115 0.009856
0 0.311816 0.586431 0.019842 0.018303
0 0.755787 0.029524 0.020126 0.016302
0 0.965406 0.347544 0.018184 0.015782
0 0.585013 0.496029 0.015445 0.013297
0 0.836211 0.148951 0.021253 0.016924
0 0.378311 0.534481 0.015975 0.015447
0 0.064599 0.039911 0.017950 0.016342
0 0.715061 0.989687 0.021681 0.018154
0 0.417453 0.528412 0.016041 0.015773
0 0.447788 0.739074 0.025939 0.009465
0 0.764792 0.259406 0.022683 0.014043
0 0.520896 0.750712 0.025999 0.010413
0 0.787999 0.289929 0.026125 0.010837
0 0.100129 0.041503 0.021523 0.017037
0 0.284357 0.591570 0.020336 0.016270
0 0.341744 0.581170 0.020929 0.017019
0 0.109326 0.107022 0.018792 0.013550
0 0.374275 0.031919 0.023743 0.009897
0 0.163838 0.141388 0.023331 0.018839
0 0.667471 0.927050 0.022236 0.018117
0 0.888363 0.803691 0.025806 0.008464
0 0.084840 0.018080 0.016098 0.015773
0 0.392451 0.568152 0.019696 0.016935
0 0.788877 0.054078 0.022454 0.017857
0 0.856770 0.396025 0.023400 0.009339
0 0.837627 0.365280 0.026337 0.010738
0 0.478131 0.876645 0.026709 0.009930
0 0.362395 0.992313 0.019747 0.014276
0 0.316633 0.550698 0.014582 0.015900
0 0.544603 0.505050 0.016091 0.015518
0 0.431616 0.525853 0.016762 0.016651
0 0.290572 0.556610 0.016883 0.017314
0 0.446586 0.884225 0.026510 0.009219
0 0.476898 0.516821 0.016152 0.014810
0 0.558514 0.819676 0.027578 0.010217
0 0.152890 0.125518 0.019801 0.016006
0 0.012225 0.943398 0.021616 0.008771
0 0.882512 0.220341 0.020153 0.016505
0 0.657431 0.482136 0.021093 0.006914
0 0.517628 0.507161 0.014581 0.013846
0 0.682974 0.477012 0.023673 0.010069
0 0.484175 0.802401 0.024274 0.010747
0 0.465450 0.552524 0.018456 0.016928
0 0.986937 0.379412 0.019881 0.014206
0 0.444800 0.730532 0.024596 0.010813
0 0.864262 0.411069 0.019667 0.008279
0 0.181895 0.058624 0.022380 0.012644
0 0.220922 0.047558 0.022263 0.012469
0 0.784058 0.281574 0.025192 0.011038
0 0.151845 0.065895 0.026423 0.011828
0 0.468640 0.780196 0.024394 0.010484
0 0.502546 0.511534 0.016683 0.013866
0 0.680579 0.989605 0.019212 0.016837
0 0.949376 0.214051 0.025170 0.010259
0 0.441716 0.558027 0.017442 0.017235
0 0.404110 0.529433 0.015301 0.016123
0 0.333058 0.543713 0.013950 0.013504
0 0.960421 0.052188 0.028468 0.012134
0 0.526967 0.846274 0.027354 0.012052
0 0.552374 0.839584 0.022466 0.011258
0 0.146146 0.942578 0.025863 0.010188
0 0.743908 0.816370 0.022677 0.008914
0 0.643279 0.935081 0.018643 0.014014
0 0.560463 0.503032 0.016484 0.014892
