1 0.348477 0.419327 0.045820 0.020693
1 0.510667 0.353511 0.044903 0.018826
1 0.164076 0.500204 0.043710 0.021902
1 0.515116 0.402795 0.046757 0.015931
0 0.349587 0.902816 0.018222 0.025061
0 0.299155 0.985077 0.017089 0.026003
1 0.843542 0.438053 0.014639 0.050391
0 0.374459 0.956693 0.017270 0.026313
0 0.262816 0.909575 0.016604 0.026592
1 0.841249 0.504126 0.013833 0.049330
0 0.362774 0.932188 0.017059 0.023480
1 0.468127 0.518397 0.020521 0.040195
1 0.517363 0.471654 0.047477 0.016656
0 0.180615 0.818486 0.021743 0.016283
0 0.939248 0.228490 0.018071 0.027641
0 0.230145 0.820581 0.021139 0.026297
1 0.177948 0.363842 0.041014 0.019736
0 0.221896 0.844946 0.017955 0.025567
1 0.364917 0.525513 0.049412 0.015003
1 0.365615 0.561968 0.051571 0.012466
0 0.325936 0.866285 0.012733 0.024501
1 0.196750 0.460814 0.035617 0.013345
0 0.858459 0.643545 0.012172 0.022861
0 0.251857 0.878622 0.016006 0.026766
1 0.035151 0.387289 0.060517 0.024668
1 0.440785 0.391678 0.035119 0.012969
1 0.047916 0.496756 0.062126 0.026966
1 0.158283 0.481040 0.035951 0.017217
1 0.908731 0.839009 0.014176 0.053067
0 0.860650 0.890061 0.011215 0.024910
1 0.520429 0.427920 0.032029 0.012441
0 0.393134 0.983977 0.019934 0.028009
0 0.289436 0.960171 0.016882 0.026621
0 0.321607 0.942772 0.022387 0.019278
1 0.361577 0.581112 0.057123 0.016257
1 0.150521 0.386643 0.019736 0.045787
0 0.861586 0.810226 0.009828 0.024416
0 0.317807 0.930098 0.019741 0.017906
0 0.009986 0.853437 0.019827 0.013408
0 0.008473 0.867480 0.016911 0.012413
0 0.053086 0.833209 0.012196 0.026549
1 0.191399 0.403967 0.055653 0.025220
1 0.353979 0.504720 0.042279 0.012809
0 0.342358 0.971732 0.013496 0.028126
0 0.069727 0.873924 0.020516 0.012067
1 0.416795 0.627448 0.028923 0.012759
0 0.007352 0.881050 0.014704 0.011980
1 0.194005 0.385780 0.034893 0.016342
1 0.136026 0.533547 0.042483 0.021005
0 0.197130 0.947991 0.020995 0.012896
1 0.277646 0.427544 0.009283 0.041343
1 0.458128 0.450427 0.014157 0.061975
0 0.393204 0.984516 0.020201 0.027532
0 0.065987 0.902516 0.018267 0.014922
1 0.213810 0.533318 0.057450 0.024932
0 0.010747 0.838920 0.021089 0.013721
1 0.181519 0.441220 0.032427 0.017644
1 0.011217 0.587281 0.022435 0.020242
1 0.725033 0.229343 0.041514 0.023925
1 0.107214 0.406818 0.021774 0.070429
1 0.203642 0.471648 0.032057 0.010591
1 0.599356 0.684363 0.016759 0.034121
