0 0.852801 0.546692 0.025760 0.016126
1 0.489342 0.829553 0.024162 0.026633
0 0.896655 0.576855 0.020819 0.018129
0 0.512530 0.901362 0.020363 0.019290
0 0.127305 0.289754 0.024228 0.017485
0 0.494054 0.184437 0.015665 0.017380
0 0.543395 0.914647 0.022040 0.017779
0 0.830808 0.808130 0.027765 0.018150
0 0.592964 0.966787 0.022061 0.016825
0 0.538535 0.594455 0.021231 0.008487
0 0.269080 0.273136 0.013649 0.015517
0 0.426189 0.501276 0.013103 0.017016
0 0.514793 0.954718 0.017814 0.019131
0 0.859925 0.764466 0.027384 0.016539
0 0.590947 0.281650 0.024718 0.009901
0 0.581738 0.456412 0.015052 0.018731
0 0.845419 0.879215 0.023031 0.020853
0 0.485851 0.245789 0.014271 0.017539
0 0.144882 0.319786 0.014967 0.019663
0 0.399666 0.578734 0.020728 0.008830
0 0.533001 0.146092 0.013075 0.016506
0 0.794675 0.707896 0.025696 0.009801
0 0.499527 0.919561 0.024708 0.022016
0 0.709136 0.689001 0.023796 0.009356
0 0.182112 0.158447 0.014247 0.017049
1 0.250581 0.842186 0.050651 0.019694
0 0.231371 0.140318 0.014144 0.018191
0 0.399238 0.501783 0.012423 0.017313
0 0.391235 0.246097 0.014189 0.018497
0 0.810881 0.536151 0.020152 0.008981
0 0.612680 0.258672 0.013409 0.017436
0 0.880257 0.608859 0.022051 0.011236
0 0.462680 0.303293 0.012920 0.016499
0 0.410790 0.325870 0.013300 0.016970
0 0.058169 0.458118 0.023857 0.018589
0 0.200175 0.335159 0.014968 0.019506
0 0.226565 0.370713 0.014044 0.018709
0 0.505983 0.322525 0.013439 0.017223
0 0.506168 0.400739 0.025222 0.009141
0 0.042501 0.276045 0.022757 0.008587
0 0.546510 0.669697 0.022908 0.008353
0 0.507363 0.498480 0.013838 0.017487
0 0.416590 0.246251 0.016077 0.019839
0 0.971637 0.516369 0.011856 0.015689
0 0.374294 0.423816 0.014550 0.019249
0 0.400979 0.588543 0.022550 0.009001
0 0.584403 0.416607 0.016004 0.020185
0 0.836285 0.571807 0.021483 0.016244
0 0.521279 0.184388 0.014181 0.016904
0 0.234940 0.198331 0.014271 0.017428
0 0.459556 0.596127 0.021891 0.008524
0 0.576545 0.184600 0.014190 0.017769
0 0.263428 0.370128 0.014838 0.019649
0 0.515140 0.263528 0.012381 0.016910
0 0.979241 0.582309 0.023750 0.011879
0 0.560689 0.145734 0.014507 0.016673
0 0.357662 0.327192 0.014360 0.018264
0 0.260192 0.509728 0.013957 0.016736
0 0.713061 0.938706 0.022104 0.014884
0 0.644396 0.580635 0.025413 0.008721
0 0.729009 0.594705 0.022910 0.008318
0 0.525201 0.458263 0.015780 0.018884
0 0.617579 0.550928 0.024307 0.008804
0 0.656298 0.182805 0.014976 0.020693
0 0.846862 0.578734 0.022111 0.017072
0 0.240921 0.391460 0.014389 0.017846
0 0.533798 0.497197 0.015654 0.016771
0 0.487158 0.359861 0.013564 0.017381
0 0.043056 0.294941 0.022462 0.008369
0 0.558881 0.319870 0.011475 0.016025
0 0.705816 0.615921 0.023268 0.008251
0 0.424323 0.326886 0.011506 0.016987
0 0.626388 0.656816 0.024530 0.009908
0 0.526170 0.079609 0.014315 0.016825
0 0.346424 0.194062 0.013237 0.018783
0 0.564859 0.215792 0.013661 0.016056
0 0.496151 0.204787 0.013176 0.016565
0 0.204930 0.275136 0.016182 0.019342
0 0.563748 0.514682 0.012550 0.016146
0 0.469369 0.707860 0.024419 0.016010
0 0.386202 0.191409 0.013910 0.017745
0 0.563034 0.495628 0.013791 0.016990
0 0.721197 0.963540 0.022595 0.014675
0 0.487864 0.264951 0.012970 0.017160
0 0.583221 0.258915 0.013046 0.016758
0 0.654723 0.138780 0.021539 0.008301
0 0.391222 0.266025 0.012263 0.016855
0 0.437024 0.148736 0.014556 0.017193
0 0.451521 0.323762 0.013951 0.017879
0 0.340700 0.308261 0.014875 0.018210
0 0.574062 0.319803 0.011473 0.015484
0 0.705831 0.635786 0.025274 0.009111
0 0.406962 0.128553 0.015788 0.019700
0 0.478737 0.323382 0.012978 0.016753
0 0.439989 0.189896 0.012904 0.018190
0 0.512320 0.242528 0.013893 0.018044
0 0.108338 0.304875 0.026592 0.009437
0 0.733949 0.670192 0.021834 0.008721
0 0.388500 0.522024 0.012551 0.016801
0 0.377926 0.247642 0.015320 0.017392
0 0.732706 0.660672 0.023697 0.008942
0 0.140552 0.277630 0.015063 0.018216
0 0.508295 0.459233 0.015975 0.019126
0 0.418349 0.363449 0.012297 0.017222
0 0.417532 0.667648 0.019541 0.015972
0 0.569886 0.259659 0.012984 0.015506
0 0.653945 0.665657 0.026489 0.010834
0 0.564479 0.379010 0.015223 0.018326
0 0.549878 0.185408 0.013659 0.018062
0 0.584336 0.377256 0.013588 0.016763
0 0.567032 0.241788 0.013936 0.018121
0 0.643860 0.570439 0.025142 0.008439
0 0.944126 0.518682 0.013658 0.019711
0 0.419218 0.266971 0.013997 0.018561
0 0.266176 0.253589 0.012811 0.015515
0 0.341061 0.634131 0.017877 0.017113
0 0.498191 0.643803 0.023922 0.010474
0 0.505896 0.359545 0.014983 0.018230
0 0.456024 0.459563 0.013277 0.018209
1 0.235193 0.819789 0.068371 0.023726
0 0.795624 0.751836 0.025423 0.009068
0 0.288676 0.289648 0.022232 0.009834
0 0.292112 0.253068 0.012230 0.016696
0 0.144022 0.141747 0.013923 0.016872
0 0.423441 0.085782 0.014255 0.016821
0 0.598086 0.121707 0.014497 0.017888
0 0.523120 0.203288 0.012712 0.017307
0 0.809031 0.564117 0.015885 0.016821
0 0.791082 0.654445 0.027487 0.009924
0 0.455800 0.206537 0.013134 0.017093
0 0.569122 0.641933 0.023160 0.009473
0 0.444620 0.248506 0.013758 0.017071
0 0.285661 0.507707 0.014907 0.017520
0 0.478054 0.145779 0.014019 0.016020
0 0.642993 0.558377 0.024666 0.008808
0 0.574726 0.145790 0.011787 0.016106
0 0.536639 0.517148 0.013234 0.016753
0 0.312938 0.525093 0.014616 0.017543
0 0.169096 0.277490 0.012412 0.016198
0 0.434803 0.304327 0.016798 0.020455
0 0.558559 0.300510 0.013163 0.018714
0 0.730226 0.623704 0.021942 0.008919
0 0.860308 0.582535 0.022968 0.016733
0 0.653834 0.110793 0.019873 0.007726
0 0.162876 0.375515 0.015519 0.019764
0 0.574542 0.669289 0.020691 0.009038
0 0.259369 0.392571 0.013099 0.017645
0 0.785919 0.637290 0.021918 0.009312
0 0.413042 0.383796 0.013035 0.017141
0 0.155401 0.114577 0.026731 0.011167
0 0.504165 0.128816 0.012987 0.017349
0 0.984424 0.517316 0.011767 0.015532
0 0.794306 0.726776 0.025448 0.008555
0 0.301840 0.370647 0.010969 0.016112
0 0.586034 0.123490 0.014232 0.018888
0 0.311049 0.276889 0.013407 0.016456
0 0.599882 0.316965 0.011997 0.015787
0 0.604294 0.142866 0.014855 0.019115
0 0.095144 0.033589 0.026286 0.010446
0 0.314293 0.563899 0.028025 0.010704
0 0.042562 0.133991 0.023441 0.008624
0 0.574646 0.493510 0.015781 0.019133
0 0.589758 0.492519 0.014801 0.016879
0 0.375098 0.561609 0.027532 0.009920
0 0.462594 0.083548 0.014165 0.017748
0 0.355277 0.388040 0.013907 0.017501
0 0.574557 0.952144 0.022318 0.016494
0 0.633010 0.720466 0.024330 0.008046
0 0.784139 0.610521 0.021234 0.008837
0 0.414743 0.519681 0.012780 0.016001
0 0.599614 0.298567 0.012253 0.015713
0 0.556336 0.930583 0.022323 0.017910
0 0.727450 0.576123 0.023333 0.008514
0 0.520293 0.321426 0.012817 0.016172
0 0.108871 0.970219 0.020456 0.011294
0 0.481205 0.501227 0.015361 0.019629
0 0.386191 0.502617 0.011347 0.017024
0 0.441428 0.519452 0.012864 0.016610
0 0.540591 0.622914 0.026928 0.010921
0 0.463059 0.127605 0.015900 0.020093
0 0.473315 0.458591 0.014392 0.017516
0 0.478876 0.607739 0.022869 0.009859
0 0.724215 0.546388 0.023760 0.008059
0 0.288452 0.216772 0.015725 0.016540
0 0.650119 0.650224 0.023874 0.008403
0 0.546058 0.418178 0.013597 0.016983
0 0.109113 0.046725 0.022437 0.007559
0 0.883759 0.629289 0.028698 0.010301
0 0.363669 0.640873 0.021392 0.019100
0 0.528476 0.262665 0.011455 0.015662
0 0.368744 0.134688 0.012724 0.016230
0 0.505779 0.561296 0.013845 0.017715
0 0.494611 0.501559 0.012587 0.016337
0 0.656186 0.710408 0.023203 0.008742
0 0.826554 0.564675 0.019698 0.018009
0 0.728759 0.584861 0.024428 0.008774
0 0.867860 0.853539 0.021227 0.019277
0 0.476711 0.303437 0.013578 0.017279
0 0.618837 0.571072 0.023461 0.008786
0 0.543651 0.126089 0.014293 0.017673
0 0.581818 0.357610 0.017077 0.019316
0 0.435645 0.461005 0.013324 0.016791
0 0.440738 0.502211 0.013739 0.017885
0 0.413507 0.189831 0.012871 0.017526
0 0.331768 0.755835 0.027105 0.020255
0 0.624195 0.629216 0.025891 0.010256
0 0.453342 0.558242 0.026644 0.009158
0 0.483014 0.557715 0.024733 0.008896
0 0.537571 0.204396 0.012925 0.015194
0 0.135976 0.201740 0.012281 0.015424
0 0.540066 0.242670 0.012715 0.016882
0 0.374247 0.522730 0.012926 0.017072
0 0.407782 0.305998 0.013268 0.017065
0 0.379870 0.365762 0.013863 0.019162
0 0.184117 0.335010 0.016475 0.020209
0 0.399740 0.210579 0.016043 0.018862
0 0.556821 0.260951 0.014301 0.017606
0 0.029715 0.230196 0.024853 0.012022
0 0.432644 0.266664 0.011929 0.016401
0 0.428922 0.519550 0.012227 0.017034
0 0.370712 0.088336 0.013573 0.016995
0 0.487896 0.633915 0.026056 0.012543
0 0.549185 0.496709 0.013923 0.016275
0 0.762739 0.962852 0.016035 0.015824
0 0.538452 0.079706 0.012734 0.016819
0 0.520132 0.302316 0.012963 0.017659
0 0.048538 0.178119 0.025623 0.009393
0 0.567251 0.609308 0.025919 0.010175
0 0.517218 0.127959 0.012776 0.016522
0 0.591883 0.513226 0.012484 0.016109
0 0.394256 0.386144 0.016694 0.017449
0 0.486251 0.654497 0.026245 0.011047
0 0.286264 0.332826 0.012599 0.014534
0 0.572123 0.298766 0.013041 0.017584
0 0.458669 0.586959 0.022587 0.008386
0 0.672425 0.972666 0.021237 0.018174
0 0.491665 0.304070 0.014271 0.019290
0 0.534243 0.184402 0.015182 0.018003
0 0.362263 0.366387 0.015422 0.018999
0 0.400852 0.365222 0.011764 0.016817
0 0.165580 0.993714 0.024148 0.012572
0 0.558700 0.276142 0.022372 0.012477
0 0.468609 0.517888 0.014277 0.017874
0 0.731665 0.633906 0.026120 0.010442
0 0.429560 0.383484 0.013654 0.017846
0 0.505085 0.301367 0.013535 0.018521
0 0.743102 0.743101 0.023645 0.008600
0 0.838642 0.924255 0.020890 0.007874
