1 0.248813 0.302338 0.037202 0.106638
1 0.456971 0.269663 0.044984 0.122267
0 0.876319 0.461577 0.025338 0.052648
1 0.590480 0.262390 0.041920 0.103856
1 0.788025 0.214482 0.042748 0.107451
0 0.946404 0.456315 0.039500 0.068835
0 0.409674 0.934718 0.055840 0.035106
1 0.352244 0.285280 0.038293 0.113551
1 0.388714 0.283471 0.052051 0.157001
0 0.931257 0.575322 0.065470 0.043776
1 0.558889 0.265708 0.042275 0.141782
1 0.215837 0.300962 0.036643 0.089099
0 0.297103 0.933787 0.022457 0.062122
1 0.853018 0.203035 0.050828 0.120245
1 0.757431 0.219874 0.034858 0.086121
0 0.903703 0.460706 0.029076 0.060589
1 0.265278 0.456338 0.128810 0.064327
1 0.819471 0.203157 0.045133 0.117547
0 0.745731 0.606813 0.050411 0.034128
1 0.412205 0.653135 0.081148 0.045989
0 0.844581 0.469648 0.032537 0.071512
0 0.822269 0.480640 0.024156 0.057378
1 0.434368 0.474192 0.165162 0.065463
1 0.459113 0.554690 0.138436 0.060664
1 0.491615 0.265984 0.039625 0.130192
1 0.659132 0.246722 0.036003 0.134070
1 0.883401 0.191052 0.043851 0.092377
1 0.689689 0.222307 0.038371 0.129483
1 0.686316 0.517081 0.040175 0.138871
