2 0.482884 0.295756 0.011323 0.030416
2 0.598556 0.716906 0.022116 0.064045
2 0.134668 0.525330 0.014144 0.036861
2 0.137483 0.218888 0.012076 0.034641
2 0.952979 0.200003 0.017405 0.047622
2 0.302178 0.576730 0.012571 0.033052
2 0.838992 0.172758 0.014887 0.048177
2 0.070360 0.340561 0.010206 0.034768
2 0.477874 0.827634 0.012803 0.034871
2 0.388897 0.455888 0.010259 0.030446
2 0.135900 0.378503 0.014396 0.032461
2 0.045494 0.730999 0.011072 0.034904
2 0.306478 0.409812 0.011458 0.031665
2 0.136665 0.331454 0.013994 0.036935
2 0.303328 0.539728 0.014203 0.038546
2 0.636825 0.705823 0.023643 0.064122
2 0.950392 0.310506 0.009698 0.031493
2 0.171112 0.585776 0.009609 0.036954
2 0.482010 0.391715 0.010403 0.028004
2 0.387993 0.638143 0.012812 0.032720
2 0.277382 0.238850 0.011482 0.030106
2 0.302353 0.609022 0.010392 0.030760
2 0.188378 0.700610 0.016190 0.043173
2 0.326595 0.235636 0.009997 0.029306
2 0.422683 0.693621 0.009040 0.039104
2 0.051772 0.604842 0.009775 0.028093
2 0.050807 0.565559 0.012055 0.031344
2 0.903727 0.187282 0.008801 0.032611
2 0.629601 0.831095 0.011221 0.032646
2 0.137936 0.184551 0.013458 0.032909
2 0.800695 0.179401 0.010039 0.038753
2 0.388961 0.568665 0.009864 0.025235
2 0.479765 0.681861 0.010554 0.028196
2 0.107174 0.383455 0.014044 0.039088
2 0.101582 0.727842 0.014660 0.040363
2 0.137510 0.257571 0.016654 0.040845
2 0.385075 0.702045 0.010571 0.029311
2 0.066963 0.588096 0.009089 0.036514
2 0.320746 0.128052 0.012641 0.025960
2 0.087044 0.481999 0.012202 0.037036
2 0.917408 0.185345 0.012318 0.047473
2 0.297079 0.238779 0.007011 0.022859
2 0.307108 0.439307 0.010302 0.029171
2 0.053392 0.392103 0.010293 0.031454
2 0.357285 0.587386 0.012147 0.032532
2 0.051300 0.425888 0.008647 0.024366
2 0.184573 0.627347 0.013236 0.037635
2 0.357786 0.619446 0.010040 0.025518
2 0.303393 0.645775 0.010344 0.030092
2 0.480493 0.634686 0.013518 0.034352
2 0.053073 0.203660 0.009470 0.022537
2 0.386531 0.674519 0.008877 0.024126
2 0.189191 0.299888 0.011913 0.033317
2 0.135565 0.488886 0.014801 0.033891
2 0.356994 0.763106 0.015143 0.042472
2 0.223271 0.387444 0.009791 0.030244
2 0.223862 0.342734 0.010006 0.027886
2 0.491191 0.321416 0.011138 0.023690
2 0.569032 0.112749 0.011522 0.028043
2 0.390234 0.358214 0.010707 0.028353
2 0.222543 0.305766 0.012983 0.027525
2 0.105558 0.539227 0.013800 0.042122
2 0.220193 0.510593 0.010368 0.031475
2 0.388007 0.504887 0.009640 0.027954
2 0.518661 0.139207 0.011845 0.029679
2 0.276943 0.271994 0.010797 0.024579
2 0.482783 0.345796 0.010868 0.030254
2 0.301069 0.316732 0.009407 0.026250
2 0.132640 0.689534 0.016266 0.044394
2 0.360159 0.317153 0.009892 0.023385
2 0.288499 0.220362 0.010529 0.029782
2 0.101742 0.767487 0.012814 0.035514
2 0.102152 0.230053 0.011156 0.033464
2 0.170733 0.513771 0.008262 0.038964
2 0.273799 0.714653 0.010413 0.025664
2 0.222145 0.423385 0.012496 0.030197
2 0.446620 0.822674 0.012728 0.028513
2 0.051055 0.355125 0.010839 0.027633
2 0.150941 0.745439 0.012860 0.046509
2 0.048349 0.778828 0.008008 0.028627
2 0.050885 0.285390 0.009919 0.025668
2 0.373152 0.811879 0.011296 0.028266
2 0.356698 0.653778 0.011383 0.026994
2 0.302418 0.681598 0.010585 0.026928
2 0.123105 0.853972 0.015471 0.028713
2 0.877988 0.188364 0.010686 0.045726
2 0.600900 0.838957 0.020970 0.053430
2 0.453049 0.293018 0.012950 0.038604
2 0.221805 0.231598 0.014363 0.033292
2 0.359530 0.392742 0.010165 0.023377
2 0.864535 0.181704 0.013405 0.050481
2 0.253230 0.726794 0.011155 0.039004
2 0.102315 0.231799 0.011409 0.035106
2 0.105602 0.303437 0.011609 0.030887
2 0.646360 0.615202 0.013839 0.037667
2 0.677997 0.919587 0.012325 0.030991
2 0.310238 0.272168 0.008738 0.029075
2 0.216100 0.589537 0.012153 0.032939
2 0.279595 0.124849 0.010997 0.026071
2 0.103998 0.587846 0.015618 0.036296
2 0.302545 0.719082 0.010584 0.026918
2 0.217066 0.551848 0.013433 0.033567
2 0.420951 0.137074 0.011526 0.029457
2 0.214826 0.493756 0.011950 0.027049
2 0.272291 0.643212 0.012104 0.029137
2 0.040492 0.789039 0.007592 0.024425
2 0.389291 0.284758 0.009443 0.028789
2 0.218874 0.667519 0.010721 0.033892
2 0.190038 0.380841 0.017170 0.035733
2 0.070329 0.420483 0.011403 0.037773
2 0.301757 0.262462 0.008354 0.028908
