2 0.546182 0.557235 0.007689 0.026557
2 0.044836 0.654917 0.016573 0.043704
2 0.438804 0.608488 0.013851 0.035507
2 0.190497 0.672134 0.015919 0.043374
2 0.084656 0.600080 0.010898 0.035513
2 0.438962 0.572203 0.012479 0.033420
2 0.831367 0.934349 0.013721 0.031554
2 0.433700 0.302413 0.014616 0.035391
2 0.578530 0.596069 0.009916 0.027693
2 0.433733 0.195764 0.011614 0.040509
2 0.603536 0.591366 0.008589 0.029667
2 0.517119 0.605055 0.010189 0.027389
2 0.103208 0.346939 0.007608 0.019640
2 0.439532 0.534741 0.013538 0.033780
2 0.109345 0.596846 0.014558 0.038347
2 0.288246 0.692337 0.021417 0.052234
2 0.601597 0.560997 0.011082 0.029122
2 0.485060 0.615796 0.011472 0.032198
2 0.609560 0.524531 0.010784 0.024995
2 0.409073 0.471569 0.014827 0.037796
2 0.619232 0.544761 0.011556 0.029311
2 0.414659 0.613781 0.015065 0.042628
2 0.521443 0.232998 0.010967 0.031763
2 0.390936 0.719783 0.018030 0.036673
2 0.411411 0.569001 0.014904 0.035721
2 0.495043 0.211636 0.009433 0.026151
