2 0.447002 0.546665 0.016593 0.035111
2 0.466317 0.639203 0.012652 0.033213
2 0.632616 0.354837 0.016143 0.036405
2 0.297411 0.678138 0.013602 0.034288
2 0.266708 0.667940 0.017618 0.040464
2 0.552866 0.340444 0.018054 0.038705
2 0.893386 0.950671 0.014904 0.033219
2 0.556149 0.291196 0.014505 0.036155
2 0.035784 0.830304 0.016413 0.040765
2 0.565809 0.499439 0.017197 0.036238
2 0.891104 0.129297 0.015394 0.038474
2 0.364445 0.430243 0.011688 0.030606
2 0.331334 0.650814 0.014657 0.035230
2 0.844403 0.272286 0.014426 0.038600
2 0.836041 0.232712 0.020645 0.048259
2 0.885098 0.987271 0.016574 0.025458
2 0.143566 0.933552 0.017257 0.041323
2 0.938134 0.096010 0.014464 0.038239
2 0.347872 0.736124 0.018125 0.043067
2 0.432106 0.287587 0.014921 0.035999
2 0.539922 0.305435 0.016216 0.040258
2 0.776395 0.266737 0.019214 0.046393
2 0.939591 0.191035 0.011630 0.033158
2 0.363225 0.589526 0.015884 0.032161
2 0.807371 0.200871 0.016900 0.037597
2 0.920166 0.096529 0.013206 0.033735
2 0.426095 0.620601 0.011276 0.025558
2 0.303481 0.775696 0.015387 0.040367
2 0.741917 0.214632 0.015112 0.039866
2 0.885697 0.231355 0.013049 0.034314
2 0.447783 0.602707 0.012618 0.027359
2 0.875879 0.147763 0.012847 0.034448
2 0.385568 0.658576 0.015381 0.034734
2 0.276242 0.846484 0.016008 0.036369
2 0.968732 0.212519 0.011420 0.029554
2 0.015612 0.845872 0.018909 0.043077
2 0.232740 0.710579 0.011278 0.025462
2 0.122872 0.805022 0.015099 0.033414
2 0.485412 0.570558 0.014733 0.030372
2 0.763248 0.155341 0.013027 0.033357
2 0.254622 0.636847 0.015034 0.033028
2 0.553768 0.575961 0.013809 0.032157
2 0.431583 0.725118 0.015979 0.035289
2 0.670440 0.327875 0.016154 0.035362
2 0.708229 0.297925 0.018484 0.041253
2 0.406152 0.639454 0.011837 0.025616
2 0.364628 0.623484 0.012474 0.030346
2 0.522196 0.320321 0.019352 0.046925
2 0.608082 0.569980 0.014789 0.035126
2 0.828738 0.287882 0.014290 0.039966
2 0.756645 0.192063 0.013838 0.028751
2 0.318652 0.761349 0.015979 0.039156
2 0.855034 0.164941 0.020107 0.047145
2 0.565523 0.263346 0.013780 0.031914
2 0.454604 0.652672 0.012287 0.027381
2 0.685445 0.236804 0.014039 0.033426
2 0.765219 0.279346 0.012209 0.026348
2 0.703619 0.334286 0.016260 0.038044
2 0.175773 0.901781 0.015529 0.037395
2 0.865464 0.254830 0.017834 0.039986
2 0.412618 0.304647 0.015931 0.036403
2 0.345381 0.445046 0.015398 0.037163
2 0.064714 0.853278 0.019107 0.049753
2 0.753080 0.142652 0.010776 0.025301
2 0.318989 0.713710 0.010880 0.023286
2 0.479632 0.514033 0.014944 0.031300
2 0.413500 0.595465 0.015809 0.032278
2 0.668689 0.360212 0.014970 0.037341
2 0.774712 0.153778 0.012981 0.030093
2 0.821378 0.306043 0.012835 0.030611
2 0.679651 0.267542 0.014476 0.034827
2 0.380707 0.708440 0.014595 0.036157
2 0.930998 0.944435 0.013126 0.027476
2 0.682153 0.273370 0.015281 0.036161
2 0.346578 0.504429 0.011496 0.027340
2 0.675602 0.444904 0.012208 0.030773
2 0.603319 0.363870 0.015543 0.035777
2 0.730332 0.275151 0.016154 0.038927
2 0.683515 0.469791 0.011408 0.028467
2 0.578030 0.430684 0.010218 0.024440
2 0.401544 0.707531 0.009877 0.022357
2 0.593948 0.416683 0.011525 0.026294
2 0.388835 0.594035 0.014385 0.029066
2 0.828813 0.286131 0.014451 0.038763
2 0.669787 0.359325 0.014149 0.033292
2 0.667230 0.475284 0.010842 0.024876
2 0.966960 0.207378 0.009040 0.022376
2 0.618902 0.367362 0.012841 0.032871
2 0.657874 0.501893 0.016056 0.032322
2 0.401500 0.707403 0.008523 0.018303
2 0.395024 0.498178 0.018559 0.042903
2 0.563633 0.367720 0.014683 0.032576
2 0.909058 0.413139 0.018254 0.046264
2 0.957279 0.991004 0.009178 0.017643
