1 0.119422 0.645022 0.036218 0.047991
1 0.256918 0.385606 0.041242 0.051614
1 0.701166 0.785161 0.041558 0.051928
1 0.876216 0.363671 0.035534 0.045014
1 0.857244 0.363630 0.035324 0.045270
1 0.831956 0.357637 0.033668 0.045251
1 0.314651 0.309068 0.040465 0.050956
1 0.263355 0.823487 0.034454 0.047241
1 0.652033 0.430804 0.040287 0.050077
1 0.572769 0.502626 0.036210 0.047951
1 0.522849 0.854841 0.038235 0.050622
1 0.363068 0.401899 0.037678 0.048502
1 0.697561 0.516906 0.035407 0.049105
1 0.095240 0.638804 0.034947 0.045137
1 0.355089 0.842259 0.031015 0.043237
1 0.404218 0.403254 0.037935 0.047521
1 0.438119 0.319738 0.036767 0.045779
1 0.895305 0.357850 0.039230 0.052716
1 0.712592 0.614754 0.039787 0.049679
1 0.389214 0.486583 0.040103 0.050952
1 0.374847 0.839979 0.031192 0.044634
1 0.221943 0.657481 0.036810 0.046299
1 0.316897 0.390165 0.035800 0.049049
1 0.068453 0.736426 0.034978 0.046599
1 0.183216 0.818264 0.033893 0.046878
1 0.744835 0.448963 0.040801 0.050734
1 0.237367 0.652044 0.040975 0.049593
1 0.178734 0.648161 0.035342 0.046888
1 0.163938 0.817934 0.034029 0.046633
1 0.676579 0.861043 0.039539 0.049650
1 0.384778 0.668922 0.039889 0.050693
1 0.749776 0.716455 0.041749 0.050940
1 0.487667 0.412555 0.040237 0.049600
1 0.280447 0.735957 0.033225 0.046666
1 0.841150 0.710956 0.039720 0.051774
1 0.338381 0.846494 0.031151 0.042667
1 0.460414 0.323979 0.036054 0.047174
1 0.319605 0.575729 0.040548 0.051359
1 0.302779 0.825641 0.032722 0.047571
1 0.850428 0.545259 0.040742 0.049314
1 0.802048 0.449521 0.039610 0.049731
1 0.243088 0.823278 0.034099 0.046374
1 0.093049 0.826335 0.035697 0.046613
1 0.549022 0.682225 0.038644 0.050453
1 0.752542 0.355115 0.035465 0.045794
1 0.562565 0.330371 0.032199 0.045111
1 0.460663 0.852639 0.035921 0.046456
1 0.811977 0.357177 0.035520 0.044782
1 0.825967 0.538106 0.041114 0.049403
1 0.467839 0.411696 0.039633 0.049249
1 0.357717 0.493484 0.038726 0.049550
1 0.418408 0.846494 0.031617 0.043487
1 0.383641 0.402530 0.037324 0.047086
1 0.866446 0.459783 0.042607 0.050109
1 0.159055 0.461043 0.041820 0.053607
1 0.459093 0.584746 0.039410 0.050127
1 0.554215 0.423958 0.040209 0.049875
1 0.694145 0.433408 0.039873 0.049551
1 0.598192 0.328319 0.033374 0.046522
1 0.730660 0.613892 0.040709 0.048724
1 0.253122 0.479448 0.040628 0.049702
1 0.664058 0.520878 0.035760 0.047617
1 0.178974 0.459129 0.040558 0.051381
1 0.433698 0.496838 0.040851 0.053101
1 0.333397 0.216273 0.036832 0.039728
1 0.745304 0.534849 0.036822 0.046293
1 0.447208 0.409830 0.037115 0.048303
1 0.768360 0.536688 0.040840 0.049773
1 0.265366 0.741210 0.035710 0.048722
1 0.416596 0.317894 0.036653 0.046182
1 0.144495 0.817168 0.033440 0.045818
1 0.517503 0.324054 0.036452 0.048818
1 0.531353 0.763865 0.039137 0.050165
1 0.642249 0.862808 0.039930 0.050641
1 0.429534 0.410627 0.035783 0.047299
1 0.837607 0.631047 0.039941 0.050329
1 0.161854 0.731997 0.035058 0.046487
1 0.453853 0.495963 0.039308 0.051685
1 0.361046 0.740578 0.038574 0.051611
1 0.359383 0.575359 0.039057 0.051872
1 0.103933 0.732379 0.034328 0.043757
1 0.229980 0.476341 0.042081 0.051182
1 0.518621 0.589658 0.039911 0.051226
1 0.222698 0.820674 0.034112 0.046765
1 0.187786 0.550730 0.040257 0.051366
1 0.674093 0.354905 0.034776 0.046714
1 0.724470 0.343988 0.034937 0.047630
1 0.284910 0.825512 0.033104 0.047789
1 0.484034 0.855116 0.039361 0.051254
1 0.170138 0.553912 0.040597 0.052250
1 0.623203 0.865511 0.041243 0.051223
1 0.419353 0.581725 0.042376 0.050532
1 0.224190 0.737468 0.034325 0.047489
1 0.892757 0.626969 0.038500 0.051067
1 0.140211 0.648030 0.035422 0.045753
1 0.337916 0.574056 0.041398 0.051930
1 0.928503 0.461519 0.038626 0.050461
1 0.675133 0.698351 0.039398 0.050675
1 0.708097 0.345337 0.037189 0.048000
1 0.611241 0.691613 0.040369 0.051180
1 0.583885 0.412295 0.038404 0.050880
1 0.502367 0.592772 0.038091 0.050347
1 0.668226 0.607853 0.042052 0.050846
1 0.202142 0.734430 0.034822 0.048160
1 0.448133 0.674516 0.038963 0.052083
1 0.086060 0.734720 0.034828 0.047024
1 0.691327 0.349920 0.035481 0.045824
1 0.236483 0.383583 0.037741 0.052123
1 0.882854 0.456719 0.041931 0.050778
1 0.197902 0.383841 0.038130 0.051544
1 0.407385 0.671710 0.032182 0.045345
1 0.243083 0.736797 0.035782 0.047866
1 0.790471 0.539261 0.039898 0.050891
1 0.718549 0.440139 0.040820 0.049334
1 0.681014 0.519130 0.036894 0.047984
1 0.300239 0.392945 0.037219 0.048126
1 0.496158 0.319012 0.036487 0.046559
1 0.374664 0.312808 0.033158 0.047347
1 0.110615 0.825307 0.035747 0.046222
1 0.495029 0.501532 0.040256 0.050476
1 0.792090 0.357532 0.035347 0.045572
1 0.499829 0.852349 0.034202 0.046413
1 0.782531 0.711964 0.040074 0.050192
1 0.772177 0.355743 0.036949 0.045650
1 0.571439 0.422488 0.039122 0.049095
1 0.472932 0.314717 0.036941 0.044876
1 0.233430 0.563763 0.039326 0.049800
1 0.649699 0.609589 0.042487 0.049670
1 0.553941 0.503514 0.039012 0.050407
1 0.578348 0.326151 0.036284 0.048124
1 0.613605 0.773197 0.039556 0.051653
1 0.799217 0.706282 0.040899 0.049914
1 0.129221 0.824696 0.035238 0.047055
1 0.271556 0.480255 0.040617 0.050278
1 0.371966 0.490262 0.039556 0.052451
1 0.291414 0.484238 0.038750 0.050284
1 0.529155 0.417650 0.040905 0.049500
1 0.308482 0.481387 0.039436 0.051125
1 0.465006 0.672168 0.038144 0.050420
1 0.202657 0.819025 0.034877 0.047986
1 0.964909 0.459582 0.039621 0.050480
1 0.946618 0.460950 0.038808 0.051052
1 0.818440 0.443937 0.041053 0.050146
0 0.949459 0.098440 0.012984 0.026501
1 0.142258 0.732432 0.034890 0.045785
1 0.182063 0.732678 0.033646 0.047010
1 0.700990 0.702795 0.040888 0.051850
1 0.873384 0.627550 0.041098 0.051521
1 0.651402 0.691347 0.039977 0.050746
1 0.537839 0.506884 0.037912 0.049306
1 0.440318 0.583867 0.039312 0.050446
1 0.748323 0.613041 0.040731 0.049194
1 0.352895 0.308792 0.032297 0.043307
1 0.220135 0.387872 0.038542 0.051334
1 0.536259 0.586289 0.039569 0.052740
1 0.671927 0.430323 0.039741 0.049933
1 0.762740 0.448348 0.040399 0.049798
1 0.783718 0.450466 0.039952 0.048172
1 0.152212 0.556837 0.039336 0.050394
1 0.873881 0.627803 0.040970 0.050815
1 0.768811 0.614333 0.040939 0.049338
0 0.790259 0.171710 0.011625 0.023892
1 0.691832 0.613455 0.039586 0.050319
1 0.508376 0.676648 0.039415 0.049163
1 0.613736 0.773319 0.040181 0.051680
