1 0.810388 0.279449 0.035521 0.036183
1 0.949505 0.236410 0.039432 0.033164
1 0.340672 0.503456 0.029469 0.042619
1 0.839293 0.270669 0.038673 0.034091
1 0.317071 0.695030 0.026781 0.043455
1 0.677419 0.632399 0.027374 0.041976
1 0.683217 0.299310 0.043198 0.019576
1 0.486599 0.684674 0.030283 0.043427
1 0.624737 0.314827 0.043235 0.021922
1 0.171052 0.672948 0.028728 0.044125
1 0.476156 0.648262 0.028916 0.042917
1 0.501273 0.743289 0.027326 0.042565
1 0.596727 0.714863 0.029177 0.042657
1 0.932820 0.239844 0.038720 0.033601
1 0.769221 0.289308 0.034150 0.039640
1 0.398695 0.750220 0.028031 0.043347
1 0.451988 0.530423 0.027902 0.041568
1 0.697365 0.571467 0.028094 0.041187
1 0.359653 0.439407 0.026990 0.040257
1 0.529067 0.720824 0.028297 0.040516
1 0.648485 0.365121 0.029618 0.039451
1 0.353092 0.558549 0.028500 0.042776
1 0.552184 0.387703 0.027591 0.041839
1 0.377990 0.515954 0.027720 0.041167
1 0.332693 0.462437 0.028956 0.041440
1 0.682690 0.651364 0.026368 0.042293
1 0.658301 0.399036 0.028219 0.038135
1 0.904626 0.251360 0.035910 0.035878
1 0.551992 0.523825 0.027773 0.040927
1 0.633382 0.439978 0.028242 0.042502
1 0.336136 0.770235 0.027836 0.041491
1 0.188793 0.750232 0.028828 0.041854
1 0.365578 0.458454 0.028615 0.042356
1 0.386905 0.691896 0.029455 0.041646
1 0.163201 0.496683 0.029323 0.041968
1 0.501735 0.603710 0.028008 0.041841
1 0.376127 0.654750 0.029505 0.041532
1 0.386933 0.554625 0.029116 0.044666
1 0.309016 0.655603 0.025988 0.039540
1 0.670991 0.455290 0.025785 0.040346
1 0.481704 0.665144 0.030960 0.044255
1 0.542898 0.486485 0.029021 0.044282
1 0.505381 0.787434 0.040761 0.028592
1 0.528315 0.432769 0.027944 0.042947
1 0.457114 0.414364 0.028097 0.040572
1 0.597849 0.577163 0.026636 0.041107
1 0.695754 0.685230 0.027739 0.044776
1 0.621696 0.672781 0.025827 0.039668
1 0.466479 0.451365 0.028421 0.042787
1 0.564519 0.582608 0.029059 0.045964
1 0.890351 0.254945 0.037514 0.038098
1 0.579691 0.638861 0.029626 0.042362
1 0.482648 0.529523 0.026027 0.039580
1 0.709415 0.627608 0.026568 0.041319
1 0.469063 0.606397 0.028225 0.043206
1 0.471733 0.628521 0.029203 0.041766
1 0.307083 0.793867 0.028790 0.041072
1 0.208465 0.824682 0.026023 0.043239
1 0.614568 0.367496 0.029259 0.041313
1 0.639290 0.457505 0.027111 0.040882
1 0.162988 0.632434 0.029512 0.040965
1 0.515261 0.662625 0.026217 0.041984
1 0.686662 0.670608 0.028005 0.044003
1 0.603129 0.596158 0.025308 0.039099
1 0.490421 0.543129 0.023901 0.035384
1 0.382708 0.534937 0.026848 0.037991
1 0.326966 0.444343 0.029808 0.041420
1 0.461432 0.434091 0.028368 0.039455
1 0.578664 0.501886 0.026171 0.039731
1 0.875888 0.260116 0.038222 0.035580
1 0.641897 0.477670 0.027565 0.042604
1 0.629510 0.421443 0.026574 0.043102
1 0.666398 0.435368 0.025626 0.039313
1 0.675426 0.475290 0.025391 0.039407
1 0.284033 0.697283 0.027644 0.045257
1 0.717163 0.733135 0.033130 0.016257
1 0.368118 0.615274 0.029207 0.041242
1 0.331924 0.751357 0.026588 0.039304
1 0.274877 0.523779 0.029285 0.041222
1 0.616205 0.655264 0.025488 0.040405
0 0.615675 0.934147 0.013484 0.020121
1 0.271171 0.641774 0.030232 0.041963
1 0.358929 0.577120 0.028582 0.043592
1 0.619034 0.385202 0.028974 0.042030
1 0.558140 0.407580 0.027567 0.040040
1 0.757805 0.296892 0.032874 0.041138
1 0.369965 0.475880 0.026940 0.040387
0 0.661528 0.857873 0.011050 0.019165
1 0.157717 0.614551 0.027231 0.041824
1 0.590882 0.696529 0.027324 0.043701
1 0.575079 0.619734 0.027793 0.042052
1 0.474788 0.489887 0.027160 0.039665
1 0.573805 0.484022 0.026203 0.040829
1 0.430426 0.435634 0.025780 0.042777
1 0.593647 0.559188 0.024330 0.037964
1 0.653846 0.381033 0.029406 0.041006
1 0.278346 0.682383 0.028558 0.042406
1 0.699490 0.591326 0.028977 0.039997
1 0.536456 0.339606 0.041799 0.020749
1 0.689317 0.532716 0.028038 0.042418
1 0.648239 0.497292 0.028174 0.041409
1 0.612183 0.635565 0.025451 0.038969
0 0.017452 0.049111 0.011288 0.019515
1 0.587787 0.676451 0.029370 0.041106
0 0.260465 0.964612 0.011852 0.019316
1 0.714624 0.644361 0.023473 0.038386
1 0.424901 0.416731 0.029497 0.041255
0 0.690544 0.871159 0.008924 0.017879
0 0.988016 0.221189 0.013751 0.020437
0 0.332859 0.965127 0.014954 0.025034
1 0.166227 0.654321 0.028539 0.041083
1 0.693721 0.770979 0.042879 0.020765
0 0.206638 0.227867 0.011228 0.018671
0 0.631876 0.825691 0.010990 0.017928
1 0.681387 0.488675 0.022642 0.031490
0 0.209223 0.246794 0.011260 0.019045
1 0.424711 0.416731 0.029939 0.040649
1 0.561136 0.426715 0.028436 0.041010
0 0.651818 0.859088 0.010881 0.018815
0 0.569933 0.840601 0.014008 0.022699
0 0.114816 0.146112 0.013732 0.023551
1 0.706657 0.607377 0.027346 0.039353
1 0.537748 0.466359 0.028467 0.042705
1 0.373727 0.497342 0.027958 0.040095
1 0.656120 0.535201 0.029344 0.044093
0 0.353291 0.031744 0.017224 0.017422
1 0.505178 0.625515 0.025772 0.040257
0 0.741109 0.899474 0.012189 0.019587
1 0.919348 0.245985 0.038509 0.034345
1 0.822454 0.273623 0.036171 0.035489
1 0.498027 0.584557 0.026709 0.043600
0 0.007768 0.050788 0.011944 0.020990
0 0.853831 0.867732 0.012373 0.021632
1 0.524897 0.410993 0.028808 0.040943
0 0.222233 0.956361 0.019844 0.012301
0 0.810836 0.813168 0.011101 0.020096
1 0.583071 0.521253 0.023233 0.036392
1 0.466727 0.588013 0.028191 0.045115
1 0.560514 0.564146 0.031174 0.044487
0 0.755054 0.790724 0.012151 0.021277
0 0.715239 0.864076 0.009505 0.019364
0 0.765885 0.893245 0.010646 0.018958
0 0.800312 0.777373 0.009478 0.019132
1 0.692335 0.552539 0.029406 0.041211
0 0.827735 0.810132 0.010306 0.017601
0 0.735850 0.835884 0.011236 0.020087
0 0.685533 0.852341 0.010235 0.019047
0 0.702171 0.845982 0.010756 0.018378
0 0.772881 0.890562 0.012067 0.020050
0 0.790919 0.886168 0.010978 0.020644
0 0.755097 0.852987 0.010293 0.019073
0 0.858832 0.823053 0.010690 0.018153
0 0.247618 0.926915 0.009360 0.018696
0 0.878375 0.808914 0.009066 0.018215
0 0.777963 0.826553 0.012241 0.021466
0 0.782479 0.888400 0.011341 0.018669
1 0.146521 0.579513 0.029912 0.042672
0 0.662947 0.812246 0.011545 0.018616
1 0.337023 0.480441 0.029794 0.042362
0 0.747653 0.853684 0.010224 0.017505
0 0.067253 0.035371 0.010449 0.019648
0 0.765569 0.851237 0.009255 0.018553
0 0.768518 0.828174 0.012350 0.020762
1 0.480502 0.507734 0.027206 0.040319
0 0.727248 0.838554 0.010847 0.018190
0 0.749351 0.896510 0.012837 0.018901
0 0.688303 0.804811 0.010260 0.018907
0 0.773379 0.850194 0.009127 0.017281
1 0.624399 0.692058 0.025720 0.041739
