1 0.406916 0.466291 0.055609 0.056819
1 0.678407 0.374877 0.055986 0.055339
1 0.786740 0.313968 0.066899 0.056331
1 0.575046 0.293732 0.058282 0.056431
1 0.445461 0.496453 0.055070 0.058899
1 0.297121 0.453972 0.069734 0.058296
1 0.550219 0.274392 0.057904 0.055805
0 0.205696 0.496461 0.021387 0.023674
1 0.284249 0.569794 0.061656 0.062564
0 0.584067 0.063004 0.020860 0.023855
1 0.538948 0.566990 0.055429 0.057516
1 0.497869 0.537227 0.057118 0.056827
1 0.626664 0.334441 0.058043 0.057109
1 0.439082 0.683545 0.062946 0.064647
1 0.368705 0.619518 0.063186 0.067716
1 0.474358 0.517030 0.058607 0.058903
0 0.213340 0.036660 0.018894 0.023725
1 0.392877 0.244075 0.068895 0.058724
0 0.585957 0.034111 0.019485 0.020550
1 0.290011 0.585608 0.055574 0.054417
1 0.385522 0.442152 0.054687 0.051993
0 0.615522 0.047394 0.019087 0.021745
0 0.605368 0.053570 0.018521 0.021968
0 0.284900 0.790823 0.021773 0.022367
0 0.553269 0.048609 0.019025 0.021618
0 0.114183 0.526438 0.017454 0.021104
0 0.653627 0.082319 0.023808 0.011707
0 0.100687 0.471749 0.024859 0.018426
0 0.259324 0.520870 0.017978 0.021482
0 0.305307 0.809670 0.023498 0.021256
0 0.182068 0.549389 0.016930 0.020651
0 0.051996 0.515483 0.023245 0.016400
0 0.195678 0.491622 0.018838 0.023302
1 0.309023 0.437501 0.068372 0.055538
0 0.136387 0.536134 0.017591 0.020911
0 0.147220 0.539414 0.015851 0.020936
1 0.543528 0.253724 0.061974 0.060323
0 0.154014 0.471903 0.020526 0.024231
0 0.052309 0.478795 0.016102 0.020570
0 0.089539 0.490270 0.024931 0.018473
0 0.038734 0.473477 0.016019 0.020769
0 0.247775 0.516015 0.017869 0.022387
0 0.216855 0.501708 0.019650 0.022712
0 0.214835 0.562513 0.016585 0.021204
0 0.028114 0.468052 0.015803 0.020843
1 0.456909 0.506409 0.053809 0.054358
0 0.237424 0.510560 0.019396 0.022369
1 0.594279 0.318433 0.049951 0.049729
1 0.586574 0.306318 0.057739 0.057481
0 0.164670 0.476156 0.018415 0.023484
0 0.654707 0.070403 0.019277 0.011026
0 0.192588 0.026865 0.017289 0.019723
0 0.203720 0.557824 0.015265 0.020549
0 0.227294 0.564894 0.015761 0.021584
0 0.185687 0.487597 0.018432 0.021884
1 0.631775 0.301746 0.052639 0.072922
0 0.016133 0.606782 0.016071 0.023340
0 0.336209 0.354594 0.020822 0.018698
0 0.088669 0.010442 0.013995 0.018659
0 0.077217 0.655048 0.016881 0.022062
0 0.159674 0.540219 0.014692 0.021144
0 0.175277 0.482956 0.017746 0.022424
0 0.215494 0.562176 0.016578 0.021004
