1 0.655165 0.489010 0.048437 0.028442
1 0.396512 0.475585 0.055304 0.034393
1 0.693539 0.145968 0.045787 0.027532
1 0.833391 0.340582 0.052598 0.033542
1 0.511290 0.520165 0.057286 0.033801
1 0.686725 0.133324 0.046544 0.027954
1 0.649243 0.473298 0.056673 0.032322
1 0.630301 0.448457 0.056531 0.032128
1 0.677434 0.121492 0.046079 0.028626
1 0.741142 0.218357 0.048176 0.029695
1 0.529868 0.532811 0.053684 0.033799
1 0.326985 0.510391 0.058378 0.029618
1 0.732487 0.206757 0.052162 0.031706
1 0.169594 0.428483 0.060032 0.037551
1 0.534846 0.548137 0.056250 0.032269
1 0.642958 0.459000 0.049924 0.031559
1 0.380231 0.484975 0.056216 0.035434
1 0.380233 0.665986 0.040249 0.043275
1 0.905588 0.433625 0.044523 0.026744
1 0.547696 0.219389 0.039845 0.042973
1 0.449227 0.452969 0.054921 0.035706
1 0.700359 0.158000 0.045127 0.026921
1 0.621965 0.308732 0.035610 0.038877
1 0.796513 0.292675 0.056691 0.034309
1 0.139132 0.640908 0.034029 0.037327
1 0.612077 0.171380 0.038423 0.040432
1 0.501582 0.426560 0.057644 0.027055
1 0.415345 0.466657 0.054968 0.037310
1 0.614274 0.418416 0.048174 0.029543
1 0.771444 0.457385 0.054906 0.032931
1 0.715914 0.181825 0.053010 0.032642
1 0.703412 0.173076 0.052630 0.032105
1 0.779287 0.472243 0.053842 0.032057
1 0.357129 0.491826 0.051337 0.031141
1 0.910748 0.446467 0.046899 0.027196
1 0.319941 0.697565 0.035589 0.038638
1 0.826449 0.327622 0.048421 0.029642
1 0.335420 0.690787 0.037103 0.039963
1 0.458420 0.391972 0.042497 0.045131
1 0.617441 0.434736 0.055442 0.033152
1 0.573262 0.386671 0.059636 0.023023
0 0.850138 0.510630 0.030894 0.021956
1 0.788106 0.279499 0.055866 0.035124
1 0.317675 0.455024 0.043449 0.044305
1 0.286597 0.390437 0.055340 0.018814
1 0.124970 0.652221 0.035192 0.038423
1 0.723764 0.194467 0.053448 0.032454
1 0.430351 0.458892 0.051514 0.035382
0 0.948375 0.463999 0.027594 0.020842
1 0.558005 0.334977 0.036201 0.038019
1 0.537043 0.408432 0.048314 0.022895
1 0.392598 0.418110 0.039243 0.044419
1 0.858788 0.375890 0.048005 0.029051
1 0.348787 0.680189 0.040762 0.045419
1 0.288541 0.471079 0.042744 0.046556
0 0.921245 0.177555 0.034635 0.023877
1 0.423964 0.403146 0.040431 0.045326
1 0.602940 0.313951 0.038048 0.040001
1 0.851511 0.364206 0.046793 0.029476
1 0.303897 0.701578 0.041735 0.044691
0 0.868892 0.160956 0.029233 0.020220
1 0.509605 0.281595 0.059607 0.016905
1 0.603921 0.564021 0.034671 0.033839
1 0.601177 0.360204 0.055478 0.014962
1 0.250911 0.351849 0.038863 0.042103
1 0.365043 0.431569 0.041369 0.045062
0 0.953521 0.215343 0.031516 0.022432
1 0.661260 0.531914 0.038849 0.040910
1 0.281329 0.340282 0.038240 0.041300
1 0.887642 0.409605 0.047094 0.026781
1 0.519523 0.417506 0.051401 0.025545
1 0.518276 0.416778 0.052953 0.025938
1 0.790664 0.486260 0.058551 0.035981
1 0.462863 0.442475 0.056525 0.034209
1 0.157393 0.636990 0.041397 0.043026
1 0.360118 0.353519 0.046912 0.014129
1 0.441594 0.398027 0.042361 0.045874
1 0.213735 0.604136 0.036951 0.040039
1 0.619055 0.558048 0.037268 0.039562
1 0.582738 0.186889 0.042274 0.045077
1 0.591484 0.570743 0.032270 0.031726
1 0.171379 0.628427 0.043143 0.046029
0 0.889656 0.318139 0.031770 0.021861
1 0.305667 0.378367 0.056474 0.014504
1 0.556510 0.204065 0.040303 0.044278
1 0.596295 0.374220 0.056651 0.016808
1 0.649767 0.544169 0.039494 0.041687
1 0.236625 0.360287 0.042657 0.044529
1 0.634629 0.552392 0.038397 0.041126
1 0.290879 0.570267 0.041967 0.046475
1 0.387167 0.297092 0.038699 0.041406
1 0.196741 0.750425 0.041701 0.045807
1 0.332641 0.365632 0.051743 0.017055
1 0.303509 0.462577 0.041813 0.044610
0 0.056749 0.015894 0.029827 0.029978
0 0.855230 0.270580 0.026716 0.021799
1 0.427805 0.328219 0.055342 0.013056
1 0.488340 0.436614 0.053873 0.028198
1 0.349814 0.439426 0.040159 0.045852
1 0.892851 0.423314 0.051835 0.030015
1 0.233229 0.601517 0.040939 0.044171
1 0.568871 0.193664 0.039621 0.043352
1 0.488282 0.377652 0.038684 0.041747
1 0.310919 0.328072 0.040935 0.045386
1 0.267321 0.347384 0.040351 0.044375
1 0.500443 0.367779 0.039942 0.045902
1 0.531025 0.354468 0.043318 0.046119
0 0.220171 0.485335 0.032789 0.022381
1 0.213963 0.744301 0.041081 0.044533
1 0.772288 0.150899 0.031205 0.030317
1 0.448906 0.313883 0.046028 0.012043
1 0.843602 0.351639 0.047051 0.030111
1 0.598415 0.180467 0.040251 0.044222
1 0.245782 0.591529 0.042540 0.045821
0 0.851202 0.084694 0.036317 0.024804
0 0.832403 0.239046 0.025044 0.021974
1 0.385048 0.644324 0.042240 0.043682
1 0.640568 0.346642 0.052312 0.013205
1 0.445152 0.266322 0.041584 0.046480
1 0.459312 0.258280 0.041485 0.047250
1 0.339543 0.313271 0.040808 0.044488
1 0.400993 0.289646 0.040045 0.043914
0 0.881066 0.121392 0.036610 0.024205
1 0.244456 0.730799 0.039704 0.043234
1 0.334449 0.447718 0.044414 0.046231
1 0.255693 0.398968 0.057835 0.025559
1 0.383736 0.340412 0.056558 0.013596
1 0.201103 0.613782 0.042405 0.045223
1 0.763493 0.139599 0.031261 0.029527
0 0.844587 0.250988 0.030467 0.030538
0 0.937079 0.193088 0.034658 0.027168
1 0.869877 0.386398 0.046846 0.028203
1 0.295302 0.333351 0.041903 0.045038
0 0.901733 0.147306 0.032782 0.023276
1 0.822187 0.455809 0.037551 0.044965
0 0.871793 0.106037 0.038031 0.024278
1 0.274282 0.577245 0.042230 0.046236
1 0.416896 0.282382 0.042135 0.045179
1 0.472841 0.250029 0.042847 0.046189
1 0.397971 0.637442 0.046143 0.050136
1 0.354822 0.306667 0.041866 0.044927
1 0.432351 0.276579 0.039276 0.042359
1 0.679327 0.526731 0.034673 0.033148
1 0.807091 0.195882 0.031548 0.030959
1 0.487633 0.243397 0.041729 0.045291
