1 0.333666 0.329466 0.035421 0.064168
1 0.512750 0.064267 0.035699 0.066396
1 0.209687 0.466832 0.056241 0.062245
1 0.221723 0.327533 0.042031 0.070615
1 0.371381 0.580676 0.032312 0.065281
1 0.287242 0.568709 0.031206 0.063803
1 0.594008 0.612832 0.033908 0.045297
1 0.209335 0.561025 0.030884 0.065459
1 0.528822 0.338471 0.037767 0.063574
1 0.511498 0.439460 0.105937 0.020814
1 0.400898 0.583768 0.032230 0.065492
1 0.423217 0.495990 0.054310 0.057829
1 0.612255 0.341340 0.034238 0.065345
1 0.486490 0.594019 0.031739 0.059000
1 0.443517 0.335069 0.036613 0.064035
1 0.587790 0.512232 0.059689 0.067621
1 0.567501 0.060067 0.032198 0.064294
1 0.236644 0.705070 0.064844 0.064661
1 0.621038 0.059245 0.028490 0.061740
1 0.373311 0.485525 0.056266 0.063245
1 0.345981 0.577573 0.029907 0.062538
1 0.322246 0.789913 0.026689 0.063441
1 0.416416 0.334146 0.038432 0.063122
1 0.269371 0.783359 0.024986 0.061185
1 0.458694 0.588900 0.035462 0.063810
1 0.318954 0.573301 0.028500 0.061434
1 0.428830 0.585666 0.033205 0.064963
0 0.369727 0.791490 0.019873 0.026254
1 0.288357 0.714140 0.060002 0.065006
1 0.709078 0.338506 0.043698 0.067697
1 0.510726 0.596088 0.031919 0.060600
1 0.305435 0.328692 0.038140 0.067172
1 0.359472 0.330102 0.034896 0.064284
1 0.277220 0.324881 0.038130 0.066990
1 0.249245 0.389882 0.096312 0.017263
1 0.264265 0.472535 0.054372 0.063618
1 0.595209 0.059729 0.029146 0.063421
1 0.541768 0.062838 0.034520 0.066262
1 0.321196 0.478526 0.053401 0.064399
1 0.541787 0.890537 0.032663 0.049309
1 0.572247 0.892272 0.041181 0.067406
1 0.290915 0.478258 0.049635 0.060214
1 0.161531 0.901665 0.044111 0.067874
1 0.260045 0.564639 0.031001 0.064542
0 0.261139 0.917164 0.027961 0.026814
1 0.247774 0.320927 0.041230 0.067230
1 0.561470 0.509294 0.059207 0.063502
1 0.346143 0.482797 0.053212 0.062652
1 0.583123 0.339687 0.037939 0.067752
1 0.451238 0.499254 0.053112 0.058022
1 0.499944 0.338039 0.036049 0.063323
1 0.388503 0.333250 0.036722 0.064894
0 0.381982 0.927925 0.027203 0.025566
1 0.506438 0.502088 0.057093 0.065405
0 0.551011 0.285313 0.034649 0.012151
1 0.736203 0.342981 0.041654 0.067008
1 0.295101 0.784397 0.024630 0.062455
1 0.469562 0.335821 0.035413 0.063926
1 0.189462 0.904535 0.041078 0.065944
1 0.247516 0.407889 0.102328 0.014688
1 0.239259 0.469518 0.060497 0.067074
1 0.400034 0.489273 0.054320 0.063814
1 0.480432 0.498902 0.053882 0.064572
1 0.533968 0.506010 0.058121 0.065480
1 0.234274 0.561535 0.034031 0.066074
1 0.455298 0.800814 0.044738 0.068845
1 0.363797 0.399665 0.096899 0.018066
1 0.363040 0.399596 0.096563 0.017718
1 0.368322 0.436384 0.085644 0.019376
