1 0.362167 0.493296 0.104552 0.070216
1 0.421610 0.577612 0.125982 0.023401
1 0.369866 0.652783 0.102721 0.070394
0 0.349935 0.727727 0.044899 0.028028
0 0.494712 0.853175 0.046296 0.031384
1 0.445999 0.353621 0.041467 0.085685
1 0.444932 0.430557 0.097030 0.065259
1 0.535840 0.295935 0.036401 0.082664
1 0.553130 0.359231 0.104846 0.070059
1 0.592191 0.452992 0.124080 0.020847
1 0.157904 0.578234 0.112979 0.065483
1 0.566273 0.267412 0.039910 0.083473
1 0.523841 0.496679 0.137185 0.023854
1 0.516604 0.419550 0.105081 0.068351
1 0.504711 0.305858 0.036544 0.081111
1 0.651058 0.407787 0.133823 0.020307
1 0.250024 0.738992 0.106871 0.071574
0 0.559210 0.899726 0.043872 0.031660
0 0.261342 0.793513 0.042891 0.025591
1 0.498279 0.516630 0.126854 0.022317
1 0.322388 0.440584 0.036823 0.087531
1 0.609973 0.355822 0.108812 0.076079
0 0.412780 0.677161 0.044083 0.026772
1 0.550448 0.476539 0.137205 0.024126
1 0.515626 0.419575 0.103531 0.069009
0 0.305915 0.335096 0.035932 0.022477
1 0.761833 0.321068 0.134965 0.020918
0 0.525315 0.606186 0.049379 0.030313
1 0.467447 0.537765 0.129254 0.025646
1 0.437003 0.557518 0.135223 0.024816
1 0.708284 0.289127 0.105289 0.067275
1 0.707572 0.363667 0.128826 0.019091
1 0.621039 0.431207 0.128256 0.019878
1 0.751341 0.342458 0.127440 0.019736
1 0.632165 0.243666 0.051064 0.053880
0 0.395561 0.697574 0.051435 0.029803
1 0.677097 0.385623 0.135647 0.019458
1 0.683838 0.275595 0.106184 0.069493
