1 0.366951 0.516898 0.087600 0.027453
1 0.798043 0.396933 0.087142 0.029899
1 0.534981 0.530126 0.087046 0.028452
1 0.817380 0.486024 0.084493 0.029272
1 0.821828 0.515913 0.082940 0.029144
1 0.360294 0.491221 0.088701 0.026616
1 0.354850 0.462680 0.087022 0.024366
1 0.286008 0.158865 0.040165 0.040979
1 0.821735 0.543212 0.082773 0.029222
1 0.802285 0.427567 0.079765 0.027442
1 0.798533 0.411624 0.079359 0.028232
1 0.552798 0.592382 0.089043 0.031376
1 0.522296 0.468643 0.081504 0.029012
0 0.033974 0.031517 0.034616 0.011832
1 0.509566 0.430144 0.090098 0.028803
1 0.819267 0.500899 0.083593 0.030022
1 0.630861 0.519044 0.087582 0.025947
1 0.847136 0.768686 0.033732 0.040973
1 0.595641 0.292226 0.022421 0.043547
1 0.639553 0.542028 0.085851 0.027890
1 0.616307 0.468133 0.089520 0.028138
1 0.601801 0.403710 0.086399 0.026010
1 0.692643 0.666262 0.030666 0.042027
1 0.822781 0.531194 0.078603 0.028978
1 0.345695 0.435482 0.090991 0.025877
1 0.628589 0.506186 0.088941 0.027367
1 0.500220 0.404341 0.089309 0.028047
0 0.862331 0.168860 0.031481 0.012914
1 0.413566 0.635416 0.085717 0.015178
1 0.504354 0.688187 0.028490 0.041686
1 0.501952 0.418480 0.086920 0.027468
1 0.606131 0.430882 0.086185 0.028872
1 0.619734 0.481369 0.088509 0.028756
0 0.711623 0.072032 0.031787 0.016277
1 0.426433 0.657305 0.072972 0.013016
0 0.851285 0.316826 0.031313 0.013813
0 0.038546 0.046066 0.036206 0.011480
0 0.885431 0.086492 0.031698 0.018356
1 0.612553 0.455631 0.087615 0.027086
1 0.795534 0.382161 0.078189 0.028442
0 0.476932 0.045774 0.033191 0.018095
1 0.812943 0.470377 0.081167 0.025552
0 0.874776 0.245064 0.032470 0.013094
1 0.593050 0.393384 0.076436 0.025676
1 0.625287 0.492954 0.087330 0.027491
0 0.864439 0.252088 0.030394 0.013778
0 0.845658 0.263934 0.033079 0.014621
0 0.757886 0.229128 0.033272 0.014671
0 0.838346 0.069630 0.028659 0.016954
0 0.849484 0.123414 0.030048 0.016007
0 0.917148 0.097258 0.031753 0.018031
1 0.551766 0.685028 0.031174 0.039504
0 0.524269 0.062927 0.036000 0.018740
0 0.863009 0.311341 0.027359 0.013655
0 0.794875 0.208461 0.034884 0.014433
0 0.934078 0.293466 0.031417 0.013726
0 0.791807 0.265535 0.032866 0.015533
1 0.842994 0.605271 0.083653 0.029007
0 0.314227 0.096960 0.029186 0.014313
1 0.609219 0.443421 0.088714 0.027869
0 0.219314 0.513911 0.020503 0.016397
0 0.462539 0.040657 0.033160 0.018389
0 0.773381 0.272452 0.031622 0.015928
1 0.806010 0.455206 0.081219 0.029025
0 0.897205 0.232037 0.028356 0.012654
0 0.781261 0.047591 0.031498 0.016482
1 0.790992 0.365932 0.083969 0.029109
0 0.748112 0.235613 0.034816 0.014445
0 0.902211 0.312836 0.029780 0.012595
0 0.914831 0.278211 0.032184 0.015443
0 0.136223 0.519005 0.019070 0.016925
1 0.420855 0.646417 0.080323 0.014677
0 0.066083 0.506952 0.019816 0.016870
0 0.044008 0.071741 0.032563 0.008809
0 0.481718 0.367813 0.039880 0.011415
0 0.856759 0.074563 0.030474 0.018219
1 0.634308 0.530151 0.083585 0.026373
1 0.397590 0.366271 0.048110 0.036781
0 0.874047 0.160409 0.032454 0.015787
0 0.820800 0.276818 0.029340 0.012982
0 0.336692 0.084709 0.028782 0.014692
1 0.498156 0.380460 0.084644 0.029479
0 0.986175 0.312591 0.025966 0.015948
0 0.722610 0.024358 0.029407 0.015608
0 0.721821 0.024527 0.029782 0.015328
0 0.818024 0.113358 0.029233 0.016386
0 0.760049 0.279889 0.028878 0.013811
1 0.600190 0.417348 0.075577 0.024717
0 0.230531 0.495780 0.021058 0.015756
0 0.029961 0.023426 0.034915 0.012103
0 0.280580 0.095351 0.032520 0.016053
1 0.375509 0.558262 0.084869 0.025506
0 0.101393 0.521414 0.019619 0.016103
0 0.884266 0.211567 0.032694 0.014263
0 0.383586 0.039089 0.030303 0.013120
0 0.144847 0.502164 0.019369 0.014952
0 0.837040 0.324738 0.034023 0.013085
0 0.738016 0.299470 0.031114 0.012767
0 0.765312 0.041176 0.030439 0.014768
0 0.880279 0.134384 0.029437 0.015878
0 0.739917 0.028662 0.029568 0.015879
0 0.797028 0.291720 0.031694 0.011899
0 0.882886 0.297947 0.031103 0.015281
0 0.912583 0.303322 0.028254 0.012665
0 0.769753 0.221488 0.031510 0.013879
1 0.405088 0.613230 0.084781 0.014772
0 0.640375 0.043319 0.032140 0.016619
1 0.580672 0.369658 0.064711 0.021117
0 0.149434 0.054654 0.034047 0.010852
0 0.492925 0.051256 0.035939 0.019063
0 0.145186 0.045032 0.031096 0.009459
