1 0.637162 0.464611 0.029164 0.050443
1 0.461448 0.431221 0.108308 0.013310
1 0.459828 0.468776 0.112669 0.013320
1 0.463613 0.589978 0.111876 0.013128
0 0.285813 0.929201 0.039808 0.023564
1 0.461701 0.492246 0.112736 0.012843
0 0.925670 0.963125 0.041399 0.010089
0 0.620502 0.894968 0.042302 0.011197
1 0.534566 0.841121 0.097654 0.038965
0 0.871487 0.842547 0.049046 0.011980
1 0.471044 0.675154 0.106233 0.011586
0 0.423615 0.168489 0.025089 0.024610
1 0.469845 0.693697 0.106097 0.011816
1 0.463790 0.529899 0.111972 0.013017
0 0.722206 0.830976 0.041658 0.011258
1 0.464373 0.509794 0.110388 0.012426
0 0.348826 0.165299 0.027748 0.023989
0 0.574691 0.929936 0.046197 0.012194
1 0.453030 0.362931 0.109010 0.012462
0 0.397081 0.228674 0.043523 0.011133
0 0.581021 0.991449 0.050403 0.012417
1 0.465458 0.551822 0.111215 0.011656
0 0.768644 0.855918 0.045190 0.012025
0 0.721321 0.856588 0.042460 0.011673
0 0.264983 0.622568 0.024883 0.023422
0 0.456870 0.943818 0.041836 0.011739
0 0.923193 0.878981 0.045880 0.011044
1 0.449088 0.388227 0.109294 0.011932
0 0.252222 0.326962 0.026833 0.026508
0 0.484589 0.296517 0.046064 0.012071
0 0.451000 0.229345 0.044663 0.011771
0 0.921741 0.865787 0.044064 0.012774
0 0.924137 0.927274 0.046730 0.011640
0 0.628181 0.882006 0.049403 0.013516
0 0.926829 0.940214 0.042352 0.011285
0 0.769309 0.903134 0.049924 0.012484
0 0.593849 0.165862 0.029893 0.025075
0 0.717398 0.868548 0.040428 0.010611
0 0.875033 0.854902 0.046725 0.012645
0 0.263929 0.593671 0.022096 0.023928
0 0.923967 0.914492 0.047524 0.010817
0 0.770538 0.942191 0.043414 0.012778
0 0.926032 0.987067 0.037872 0.009137
0 0.926596 0.891263 0.054254 0.012079
0 0.494615 0.164976 0.025005 0.022719
0 0.517547 0.164668 0.021451 0.022165
1 0.466823 0.610032 0.111044 0.012190
1 0.049207 0.809476 0.086093 0.012808
0 0.928245 0.903390 0.047462 0.010662
0 0.565828 0.163257 0.028937 0.025701
