1 0.404362 0.344043 0.023234 0.052050
1 0.460929 0.262127 0.040913 0.035004
1 0.498200 0.731618 0.023745 0.051794
1 0.348523 0.183388 0.023699 0.052593
1 0.377118 0.621210 0.042238 0.033386
1 0.363880 0.456759 0.066637 0.043713
1 0.880994 0.253058 0.061800 0.040359
1 0.752475 0.026269 0.022885 0.046208
1 0.827425 0.322491 0.024710 0.053227
1 0.459835 0.024472 0.028599 0.048944
1 0.452332 0.232567 0.040303 0.034762
1 0.817447 0.310994 0.022380 0.050508
1 0.175952 0.237875 0.033329 0.079588
1 0.206033 0.287441 0.030543 0.080671
1 0.393190 0.611262 0.039970 0.030271
1 0.498071 0.777624 0.023252 0.054303
1 0.836030 0.131054 0.060495 0.038195
1 0.264786 0.865899 0.025086 0.054001
1 0.329495 0.357234 0.062598 0.042488
1 0.488090 0.110797 0.033218 0.075363
1 0.856976 0.192161 0.060279 0.038306
1 0.440520 0.797649 0.031959 0.078058
1 0.787529 0.240890 0.028437 0.075286
1 0.456990 0.247002 0.039720 0.033725
1 0.411119 0.811494 0.029813 0.081502
1 0.275977 0.478363 0.030045 0.081478
1 0.118786 0.178580 0.042306 0.031793
1 0.590173 0.722456 0.024382 0.054947
0 0.540667 0.475339 0.019627 0.021052
1 0.665559 0.187917 0.024484 0.051382
1 0.344097 0.731490 0.042479 0.031969
1 0.653903 0.405975 0.031700 0.082386
1 0.686833 0.549310 0.025225 0.058895
1 0.390394 0.302555 0.023468 0.051294
1 0.732310 0.364532 0.032180 0.083342
1 0.543599 0.750797 0.023331 0.054367
0 0.584713 0.462036 0.020198 0.025939
1 0.288247 0.259007 0.066368 0.045485
1 0.432332 0.424782 0.023810 0.051336
1 0.598472 0.278299 0.030909 0.082852
1 0.836781 0.116108 0.056058 0.036006
1 0.387425 0.533009 0.065576 0.039407
1 0.613328 0.316427 0.031942 0.079634
1 0.718446 0.319744 0.027870 0.081511
0 0.548350 0.500073 0.019864 0.021135
1 0.396555 0.322893 0.024119 0.052291
1 0.380510 0.511747 0.065921 0.037000
1 0.241394 0.380790 0.030566 0.083033
1 0.225004 0.356983 0.031662 0.084857
1 0.304387 0.295535 0.058283 0.035470
1 0.330559 0.376380 0.063824 0.041587
1 0.570596 0.240102 0.024046 0.053657
1 0.348519 0.849015 0.032599 0.082842
1 0.373829 0.489967 0.058816 0.033016
