1 0.649790 0.361031 0.038606 0.042658
1 0.555245 0.364257 0.055504 0.023600
1 0.650335 0.300935 0.028464 0.047139
1 0.550690 0.314001 0.056596 0.024877
1 0.579362 0.205741 0.026300 0.044390
1 0.740755 0.409934 0.054404 0.032570
1 0.309455 0.201354 0.055766 0.019894
1 0.506074 0.190867 0.027450 0.047546
1 0.826283 0.377126 0.054578 0.026055
1 0.543714 0.440529 0.031840 0.041664
1 0.141975 0.652405 0.018453 0.046818
1 0.264319 0.254790 0.056201 0.020906
1 0.640776 0.217137 0.026354 0.044313
1 0.324590 0.161481 0.025096 0.043846
1 0.633834 0.450402 0.056747 0.031579
1 0.233707 0.151044 0.029045 0.045091
1 0.694965 0.225259 0.027350 0.044655
1 0.670549 0.414942 0.055625 0.026667
1 0.429600 0.177986 0.029061 0.047617
1 0.377853 0.172741 0.025103 0.045518
1 0.147189 0.508227 0.019556 0.046517
1 0.685934 0.389159 0.053244 0.024710
1 0.762131 0.326153 0.050479 0.021925
1 0.327012 0.639470 0.055727 0.014208
1 0.468126 0.183197 0.026655 0.048053
1 0.547781 0.533909 0.040963 0.041024
1 0.621984 0.215313 0.023497 0.044132
1 0.358912 0.168310 0.023138 0.045943
1 0.341683 0.164381 0.024445 0.046584
1 0.738627 0.391607 0.055816 0.029060
1 0.247991 0.608115 0.055397 0.030397
1 0.702109 0.330999 0.053894 0.019769
1 0.616961 0.502874 0.043387 0.040810
1 0.684623 0.374748 0.051094 0.024145
1 0.562555 0.201986 0.027271 0.044068
1 0.710914 0.304997 0.053527 0.020728
1 0.823816 0.391716 0.054161 0.027353
1 0.800915 0.400146 0.047080 0.027714
1 0.869747 0.335118 0.050464 0.020040
1 0.678077 0.220443 0.026600 0.045536
1 0.658724 0.218795 0.027092 0.045766
1 0.917312 0.358052 0.049168 0.021249
1 0.445951 0.182301 0.027118 0.045210
1 0.440976 0.283810 0.054023 0.023483
1 0.486870 0.189294 0.024238 0.045488
1 0.678522 0.468117 0.041150 0.040667
1 0.257547 0.149680 0.024148 0.042780
1 0.709055 0.364121 0.057760 0.023849
1 0.526858 0.437238 0.032179 0.044378
1 0.225372 0.718384 0.035039 0.044287
1 0.172964 0.764498 0.042012 0.040394
1 0.714113 0.228177 0.027252 0.044950
1 0.561383 0.349512 0.056901 0.024155
1 0.814680 0.351840 0.058084 0.024372
1 0.289300 0.153168 0.023256 0.044032
1 0.545192 0.199416 0.026809 0.045592
1 0.162328 0.706730 0.034478 0.042418
1 0.395261 0.171483 0.022989 0.042701
1 0.523988 0.195535 0.025360 0.045467
1 0.163258 0.398942 0.031436 0.044873
1 0.707838 0.454117 0.046130 0.043333
1 0.868016 0.348035 0.051903 0.021184
1 0.922450 0.345464 0.053606 0.020679
1 0.666764 0.316554 0.025620 0.039199
1 0.739420 0.279198 0.056184 0.021099
0 0.254879 0.328198 0.016190 0.019049
1 0.596369 0.507269 0.040930 0.041937
1 0.322338 0.263865 0.054083 0.020518
1 0.843848 0.287892 0.051464 0.018634
1 0.198436 0.674105 0.034496 0.043392
1 0.758582 0.340312 0.057026 0.023285
0 0.153854 0.244704 0.023057 0.010173
1 0.565064 0.526156 0.039481 0.036681
1 0.135073 0.557672 0.017602 0.043820
1 0.681039 0.401503 0.056315 0.028034
1 0.580564 0.516171 0.041330 0.042015
0 0.176969 0.068813 0.026196 0.018411
1 0.648222 0.484353 0.042533 0.040939
1 0.681751 0.272793 0.054557 0.019344
1 0.945719 0.309919 0.054476 0.021377
1 0.564237 0.335967 0.058561 0.025798
1 0.355557 0.029322 0.052330 0.022898
0 0.287086 0.334541 0.018433 0.022011
1 0.204339 0.481325 0.031841 0.043830
1 0.926102 0.333270 0.052004 0.020616
1 0.778132 0.255397 0.052842 0.022702
1 0.464665 0.562561 0.043377 0.043231
1 0.868586 0.363156 0.050969 0.021566
0 0.208045 0.132217 0.012942 0.020786
1 0.814244 0.310285 0.055029 0.022488
1 0.716447 0.348663 0.049901 0.022307
0 0.151910 0.350536 0.025332 0.015729
1 0.748841 0.437983 0.048184 0.035680
1 0.210716 0.733528 0.041465 0.042656
1 0.145657 0.711248 0.035776 0.044319
1 0.213023 0.667251 0.034728 0.043936
1 0.785403 0.410680 0.051128 0.028736
1 0.706533 0.318114 0.054127 0.019956
1 0.756588 0.298421 0.061960 0.022858
1 0.545337 0.199981 0.027042 0.044977
0 0.159795 0.321713 0.028536 0.017827
1 0.691910 0.459568 0.043559 0.039609
0 0.157277 0.278637 0.022249 0.010150
1 0.123731 0.643214 0.017809 0.044222
1 0.843978 0.302560 0.052523 0.019705
1 0.340548 0.095294 0.060753 0.021365
1 0.185184 0.753324 0.041924 0.041192
0 0.158102 0.291794 0.024600 0.010396
0 0.224745 0.076548 0.025040 0.012603
1 0.449871 0.046969 0.051543 0.020958
1 0.739453 0.264163 0.056886 0.021435
1 0.815923 0.338013 0.055112 0.023477
1 0.411419 0.175116 0.024571 0.044002
1 0.833655 0.269039 0.059353 0.022104
1 0.153661 0.446440 0.019880 0.045594
1 0.254171 0.701046 0.032466 0.045258
0 0.159323 0.303089 0.022965 0.009143
0 0.155212 0.267399 0.022219 0.009846
0 0.154275 0.232033 0.024383 0.011463
1 0.241130 0.712704 0.033379 0.042866
1 0.894647 0.299062 0.049311 0.020784
1 0.943128 0.322522 0.053195 0.020729
0 0.521053 0.132657 0.017493 0.021267
0 0.195211 0.311265 0.014694 0.024734
1 0.950321 0.295510 0.055491 0.022461
1 0.619250 0.261773 0.057276 0.022947
1 0.197102 0.744077 0.043154 0.041928
1 0.764268 0.361041 0.058584 0.025784
0 0.346482 0.350822 0.021836 0.025987
1 0.114677 0.730131 0.019111 0.042601
1 0.606393 0.212249 0.023611 0.044549
0 0.504045 0.126880 0.013933 0.016360
0 0.317025 0.346089 0.020547 0.023264
1 0.463846 0.021427 0.059491 0.023290
1 0.663317 0.424984 0.047917 0.024943
0 0.194516 0.261853 0.012297 0.019846
1 0.619365 0.262138 0.058043 0.023590
1 0.765983 0.375036 0.055837 0.024757
1 0.789424 0.273230 0.051084 0.022209
1 0.871700 0.322246 0.053838 0.021696
1 0.448720 0.220492 0.059316 0.020756
1 0.463171 0.008751 0.047420 0.016936
0 0.237097 0.324161 0.015153 0.020464
