1 0.549048 0.443099 0.041751 0.043713
1 0.622030 0.724958 0.041140 0.043448
1 0.493278 0.372685 0.044379 0.047960
1 0.554461 0.643170 0.041750 0.044749
1 0.361499 0.359955 0.049576 0.038670
1 0.648550 0.572350 0.041765 0.042312
1 0.421005 0.231563 0.047254 0.034203
1 0.729346 0.675423 0.041982 0.045915
1 0.747294 0.890877 0.040422 0.046612
1 0.773333 0.921351 0.041540 0.045558
1 0.664255 0.775238 0.040179 0.043266
1 0.539446 0.432012 0.042971 0.044048
1 0.221325 0.358582 0.035471 0.055366
1 0.746868 0.700586 0.040070 0.044025
1 0.640017 0.559601 0.039010 0.040957
1 0.572910 0.665811 0.040840 0.043590
1 0.565706 0.467364 0.040742 0.044306
0 0.927583 0.658710 0.015461 0.022859
1 0.672164 0.795645 0.040349 0.045515
1 0.773894 0.736048 0.041762 0.043564
1 0.691186 0.819783 0.039477 0.045375
0 0.073160 0.254819 0.020470 0.022845
1 0.511324 0.395106 0.042153 0.044987
1 0.537682 0.617875 0.043782 0.046208
1 0.764189 0.725681 0.044799 0.044741
0 0.116667 0.193760 0.017863 0.019236
1 0.788958 0.761589 0.043781 0.048058
1 0.545149 0.631678 0.041269 0.042564
0 0.967083 0.580879 0.015057 0.022200
1 0.738257 0.687879 0.042215 0.042966
1 0.594017 0.501272 0.041656 0.042933
1 0.235138 0.346934 0.030720 0.052752
1 0.585229 0.489027 0.039621 0.042757
0 0.990041 0.684260 0.016459 0.023648
1 0.780744 0.750510 0.041624 0.042262
1 0.756690 0.903334 0.039536 0.044218
1 0.682956 0.807887 0.040944 0.045174
0 0.989311 0.617934 0.015646 0.022966
0 0.306882 0.065701 0.019246 0.017225
0 0.176859 0.271745 0.019416 0.018533
0 0.977315 0.575398 0.014467 0.022441
0 0.147090 0.357201 0.019472 0.021428
0 0.295186 0.400527 0.016502 0.024932
1 0.470804 0.547759 0.046935 0.019232
1 0.620083 0.537337 0.043063 0.045558
0 0.083214 0.277707 0.015508 0.017845
1 0.521765 0.406389 0.039927 0.043198
0 0.039206 0.179986 0.021774 0.021847
1 0.317192 0.512223 0.032747 0.052824
0 0.273246 0.090161 0.018570 0.018628
1 0.527960 0.421457 0.039691 0.044786
1 0.575286 0.478561 0.042357 0.044019
0 0.258550 0.475164 0.016868 0.021657
1 0.583198 0.675679 0.040931 0.040653
0 0.377873 0.065613 0.019296 0.018027
0 0.202642 0.285623 0.017096 0.017687
1 0.656236 0.583310 0.041742 0.044287
0 0.130523 0.337865 0.018084 0.019355
0 0.130951 0.210940 0.018399 0.019670
1 0.371758 0.481191 0.030812 0.053475
0 0.208378 0.296125 0.024311 0.022326
0 0.090772 0.287389 0.016138 0.018020
0 0.954031 0.641140 0.015544 0.022000
0 0.951915 0.711653 0.015171 0.022294
1 0.611664 0.523697 0.041002 0.043024
1 0.629907 0.549457 0.042555 0.046215
1 0.603504 0.513426 0.040552 0.044921
0 0.105741 0.307478 0.024014 0.023947
0 0.980258 0.624779 0.015465 0.022480
1 0.677321 0.506047 0.039745 0.049208
0 0.987088 0.569250 0.014609 0.021527
1 0.755210 0.712676 0.040877 0.043428
1 0.594330 0.686559 0.034092 0.038425
0 0.327682 0.382549 0.020015 0.027852
0 0.962114 0.705188 0.014146 0.020305
0 0.274171 0.102414 0.018327 0.017676
0 0.263262 0.071809 0.018656 0.016264
1 0.611408 0.712014 0.040310 0.043951
1 0.360732 0.486002 0.031287 0.053013
0 0.971570 0.630297 0.013773 0.022871
0 0.945815 0.646052 0.014005 0.022237
1 0.503164 0.384844 0.039722 0.043281
1 0.329756 0.505611 0.032351 0.051965
0 0.202574 0.430495 0.017151 0.021940
0 0.168201 0.391352 0.017961 0.020563
1 0.603854 0.697663 0.036931 0.039735
0 0.994168 0.563683 0.011664 0.021956
0 0.123459 0.328501 0.018146 0.020761
1 0.610599 0.712944 0.039769 0.044104
0 0.585947 0.162823 0.021865 0.018983
0 0.149868 0.236139 0.018370 0.019320
0 0.937075 0.652947 0.014969 0.020038
1 0.656026 0.583802 0.040464 0.044406
0 0.990069 0.769031 0.019863 0.014866
0 0.970860 0.698534 0.014660 0.020320
