1 0.329890 0.606204 0.098664 0.068218
1 0.332325 0.468787 0.096116 0.068401
1 0.516784 0.616147 0.115139 0.063213
1 0.465300 0.499824 0.093589 0.066754
1 0.514780 0.466803 0.097697 0.072125
1 0.622493 0.565476 0.113622 0.060676
1 0.494854 0.486896 0.100387 0.067565
1 0.286687 0.643675 0.107361 0.074213
1 0.421606 0.503623 0.081674 0.060665
1 0.368310 0.564596 0.099042 0.068712
0 0.231516 0.687886 0.056461 0.030798
1 0.352449 0.587992 0.096384 0.067491
1 0.199686 0.579120 0.090765 0.073984
0 0.043504 0.021299 0.067476 0.026819
0 0.246337 0.672337 0.047246 0.030335
1 0.515700 0.432267 0.098749 0.069392
1 0.306643 0.488034 0.103670 0.068644
1 0.425123 0.400352 0.104777 0.072212
1 0.307518 0.488593 0.101492 0.066522
1 0.916049 0.654865 0.167902 0.096437
1 0.405935 0.424309 0.094717 0.067577
