0 0.871856 0.959612 0.030571 0.032079
0 0.923987 0.908683 0.033134 0.032136
0 0.845763 0.933189 0.032432 0.031880
0 0.900157 0.884181 0.031984 0.031345
0 0.740525 0.914137 0.033008 0.032997
0 0.886112 0.945857 0.033530 0.033809
0 0.873190 0.909434 0.032807 0.031996
0 0.231759 0.813453 0.034021 0.029375
0 0.133678 0.664784 0.029092 0.024551
0 0.105636 0.833137 0.033564 0.027969
0 0.792272 0.865956 0.036186 0.037457
0 0.858608 0.921171 0.034990 0.033467
0 0.242015 0.827646 0.031350 0.027143
0 0.150865 0.694409 0.032149 0.026887
0 0.909921 0.867472 0.034932 0.033042
0 0.752740 0.902498 0.036089 0.036129
0 0.143900 0.678685 0.030333 0.026881
0 0.221328 0.799792 0.034201 0.030758
0 0.769233 0.890460 0.031546 0.031044
0 0.829966 0.830304 0.033857 0.031251
0 0.880519 0.779444 0.031417 0.031665
0 0.077212 0.957501 0.034308 0.028076
0 0.834912 0.946505 0.030866 0.034238
0 0.191492 0.903288 0.034126 0.029133
0 0.110475 0.788778 0.035189 0.028648
0 0.192164 0.752710 0.033907 0.028477
0 0.886363 0.895190 0.032417 0.033090
0 0.842612 0.816708 0.033928 0.030796
0 0.933798 0.765797 0.032259 0.034356
0 0.068657 0.731038 0.033074 0.027908
0 0.899972 0.933333 0.033181 0.032717
0 0.910674 0.921228 0.034874 0.032345
0 0.956710 0.987953 0.034321 0.024095
0 0.124666 0.865144 0.030796 0.030076
0 0.140091 0.833870 0.032872 0.031584
0 0.078496 0.808712 0.037315 0.034726
0 0.038881 0.898144 0.034482 0.028387
0 0.854404 0.802237 0.033121 0.030183
0 0.179674 0.891071 0.033122 0.029770
0 0.138985 0.897496 0.033196 0.030539
0 0.163521 0.710117 0.034748 0.028775
0 0.100036 0.773895 0.033995 0.029119
0 0.151254 0.845434 0.033105 0.031300
0 0.947471 0.778067 0.029363 0.027553
0 0.157591 0.861968 0.030057 0.027575
0 0.212993 0.781905 0.028607 0.024909
0 0.166340 0.876959 0.028375 0.027605
0 0.893661 0.768492 0.033402 0.034384
0 0.090268 0.968909 0.033729 0.027964
0 0.018759 0.869057 0.031027 0.027036
0 0.151905 0.907330 0.033389 0.029793
0 0.134022 0.816655 0.033571 0.029219
0 0.031358 0.615490 0.030623 0.034659
0 0.061663 0.714544 0.034993 0.028893
0 0.233260 0.207822 0.026517 0.031833
0 0.118550 0.804682 0.036328 0.031009
0 0.133835 0.880382 0.029376 0.027562
0 0.045223 0.913784 0.030791 0.028174
0 0.737699 0.984848 0.028229 0.025803
0 0.068681 0.942280 0.033185 0.028576
0 0.163172 0.920705 0.031507 0.027437
0 0.254221 0.840452 0.029732 0.024701
0 0.111466 0.849199 0.031705 0.027546
0 0.868301 0.792255 0.032989 0.030647
0 0.816238 0.841178 0.032394 0.029922
0 0.079089 0.743763 0.032273 0.027264
0 0.972314 0.803465 0.027636 0.030029
0 0.752227 0.990301 0.031618 0.018797
0 0.088785 0.757874 0.032117 0.029625
0 0.820563 0.713675 0.025488 0.020062
0 0.944788 0.993248 0.033236 0.013504
0 0.121436 0.651982 0.033252 0.029052
0 0.202998 0.766906 0.030527 0.026713
