1 0.374843 0.441194 0.062276 0.040552
1 0.575360 0.739558 0.053242 0.035380
1 0.897522 0.526556 0.053663 0.035777
1 0.336129 0.676909 0.063863 0.041123
1 0.490854 0.415799 0.063816 0.038304
1 0.203224 0.439750 0.061663 0.042525
1 0.589735 0.726314 0.050725 0.035360
1 0.565800 0.627306 0.056959 0.037562
1 0.530439 0.847042 0.054117 0.034346
1 0.301453 0.276804 0.060756 0.040793
1 0.311163 0.727949 0.061794 0.039354
1 0.477850 0.752927 0.052890 0.036441
1 0.800535 0.688929 0.057443 0.037215
1 0.452642 0.481474 0.064337 0.042316
1 0.242167 0.670507 0.060907 0.039369
1 0.263206 0.638444 0.062456 0.041591
1 0.763209 0.733491 0.054014 0.037706
1 0.394122 0.408517 0.060275 0.039109
1 0.214199 0.778367 0.063812 0.037945
1 0.635509 0.644284 0.052788 0.037096
1 0.758167 0.752600 0.056347 0.037913
1 0.431821 0.513785 0.063552 0.043528
1 0.616240 0.697326 0.053766 0.036303
1 0.506176 0.382246 0.061578 0.040460
1 0.416084 0.377574 0.064173 0.039309
1 0.472230 0.771206 0.054780 0.035857
1 0.757494 0.451410 0.053219 0.034383
1 0.542153 0.658125 0.053951 0.035378
1 0.680473 0.883339 0.054287 0.036723
1 0.352501 0.193159 0.061485 0.043188
1 0.354729 0.645108 0.060548 0.040982
1 0.319464 0.540284 0.064107 0.038972
1 0.289133 0.589238 0.060441 0.039486
1 0.710269 0.532977 0.055292 0.036920
1 0.734560 0.803374 0.055115 0.037095
1 0.519950 0.366390 0.063028 0.040701
1 0.233022 0.391218 0.061449 0.041879
1 0.125678 0.570979 0.059763 0.041221
1 0.280442 0.309171 0.060891 0.042285
1 0.725011 0.820536 0.053631 0.036527
1 0.785721 0.703674 0.053411 0.036698
1 0.340906 0.508581 0.060772 0.041498
1 0.911175 0.510146 0.053519 0.036395
1 0.117179 0.588391 0.060266 0.040958
1 0.306159 0.554993 0.062546 0.039795
1 0.739803 0.484133 0.053775 0.036797
1 0.742880 0.464355 0.052058 0.036120
1 0.384283 0.596902 0.062392 0.042178
1 0.616445 0.504095 0.055217 0.036959
1 0.808249 0.670702 0.055009 0.035218
1 0.329415 0.226310 0.060898 0.043566
1 0.865496 0.572622 0.053701 0.037529
1 0.412559 0.547369 0.061692 0.039538
1 0.566400 0.777333 0.053555 0.036126
1 0.600463 0.540443 0.054863 0.036800
1 0.470546 0.447977 0.063889 0.040678
1 0.661684 0.615164 0.052741 0.036453
1 0.540086 0.828455 0.057719 0.037732
1 0.472790 0.278823 0.062154 0.041737
1 0.183461 0.473198 0.060476 0.042334
1 0.695432 0.547769 0.051897 0.036367
1 0.222979 0.406489 0.061032 0.042554
1 0.623964 0.680005 0.053549 0.035722
1 0.095911 0.622349 0.063275 0.040994
1 0.836264 0.621292 0.057725 0.037733
1 0.692912 0.394073 0.053768 0.037208
1 0.856044 0.588544 0.051741 0.034837
1 0.699825 0.870194 0.055906 0.034409
1 0.595992 0.708647 0.051284 0.037462
1 0.135702 0.555214 0.061744 0.041124
1 0.594107 0.558311 0.055923 0.037337
1 0.329274 0.695446 0.062397 0.040885
1 0.921804 0.490277 0.053817 0.033839
1 0.542422 0.809519 0.052264 0.035420
1 0.496356 0.719333 0.053285 0.035942
1 0.680250 0.580475 0.052625 0.035730
1 0.276638 0.603612 0.061695 0.039009
1 0.888454 0.541672 0.054492 0.035771
1 0.485841 0.262085 0.062374 0.043091
1 0.820290 0.655564 0.056885 0.038126
1 0.374374 0.613042 0.061350 0.041450
1 0.451064 0.310544 0.061770 0.041212
1 0.319390 0.243302 0.062141 0.043298
1 0.432549 0.896575 0.052896 0.035450
1 0.368633 0.460090 0.062079 0.041055
1 0.672217 0.598718 0.052461 0.036948
1 0.304282 0.576051 0.062982 0.041589
1 0.339201 0.210959 0.061369 0.042821
1 0.270805 0.325708 0.061045 0.042422
0 0.951595 0.308094 0.023258 0.028632
1 0.608932 0.523205 0.054902 0.037932
1 0.774299 0.717170 0.054779 0.036616
1 0.347079 0.662333 0.063368 0.043223
1 0.748235 0.767322 0.054446 0.037456
1 0.507649 0.703123 0.053676 0.036707
1 0.310221 0.259972 0.060039 0.041041
1 0.706598 0.379392 0.056146 0.037962
1 0.394565 0.579855 0.062402 0.042650
1 0.261506 0.342521 0.059733 0.042832
1 0.251784 0.359690 0.061746 0.042795
1 0.424266 0.360859 0.061968 0.040532
1 0.686426 0.563413 0.054193 0.036672
1 0.767780 0.435039 0.052739 0.035862
1 0.452547 0.804575 0.054466 0.036930
1 0.638907 0.472178 0.056409 0.036924
1 0.624596 0.487790 0.054245 0.036261
1 0.826555 0.638181 0.055113 0.035409
1 0.124976 0.693068 0.023260 0.061454
1 0.194099 0.457165 0.060009 0.043211
0 0.961042 0.476706 0.024505 0.028885
1 0.432436 0.343677 0.062626 0.042166
1 0.364013 0.857530 0.060429 0.037905
1 0.366201 0.630000 0.064089 0.041915
1 0.726436 0.500239 0.052322 0.035183
1 0.650438 0.629855 0.052727 0.036428
1 0.242420 0.376015 0.060441 0.040227
1 0.876551 0.556918 0.052839 0.036400
1 0.546718 0.944143 0.046002 0.013827
1 0.440568 0.325811 0.062440 0.040806
0 0.933275 0.463236 0.021197 0.026678
1 0.574769 0.609909 0.056059 0.037903
1 0.297485 0.821407 0.052863 0.039827
0 0.700008 0.195313 0.028996 0.023133
1 0.709340 0.832975 0.055586 0.035762
1 0.267769 0.619782 0.062030 0.039552
0 0.976826 0.396428 0.027849 0.033642
0 0.938129 0.302702 0.022473 0.025616
1 0.555683 0.793698 0.055055 0.038059
1 0.717429 0.515500 0.055103 0.037116
1 0.673320 0.900169 0.054435 0.039372
1 0.459887 0.293257 0.061684 0.041354
1 0.494940 0.396482 0.061319 0.038310
0 0.915473 0.155779 0.023753 0.027382
0 0.947308 0.469452 0.021835 0.026106
1 0.252633 0.655780 0.063451 0.040973
1 0.553465 0.641655 0.057519 0.038417
1 0.106066 0.605027 0.061381 0.043098
1 0.672123 0.921960 0.057288 0.037263
1 0.349623 0.492332 0.064950 0.041030
1 0.460841 0.787032 0.055502 0.037349
1 0.776776 0.417254 0.051942 0.035685
1 0.462138 0.466665 0.062957 0.039872
1 0.358113 0.475363 0.065067 0.040773
1 0.421335 0.530702 0.060626 0.042906
1 0.518327 0.687900 0.053807 0.037001
1 0.291464 0.294034 0.059406 0.041777
1 0.319156 0.712725 0.062603 0.042183
1 0.460480 0.787296 0.055232 0.036438
1 0.579882 0.591233 0.056624 0.036968
1 0.585406 0.573502 0.055946 0.037329
1 0.718059 0.515879 0.053773 0.037479
1 0.745333 0.786649 0.056602 0.038728
1 0.669840 0.425727 0.057513 0.037922
0 0.921151 0.458652 0.021320 0.025086
