0 0.569198 0.745979 0.061021 0.023921
0 0.686163 0.427442 0.063640 0.023605
0 0.951624 0.678469 0.062092 0.022144
0 0.805377 0.696005 0.059872 0.022854
0 0.662532 0.561756 0.062282 0.021851
0 0.594710 0.529758 0.061755 0.021947
0 0.427818 0.639410 0.056442 0.022574
0 0.788571 0.817625 0.056987 0.022404
0 0.819715 0.520104 0.063631 0.021983
0 0.028985 0.030503 0.057969 0.025161
0 0.941434 0.777803 0.059218 0.024402
0 0.608709 0.448691 0.054538 0.019574
0 0.193898 0.587756 0.059658 0.021083
0 0.390403 0.439840 0.058287 0.020640
0 0.953719 0.730557 0.060640 0.022654
0 0.448914 0.538987 0.053104 0.021859
0 0.615615 0.417607 0.055305 0.020784
0 0.843277 0.397062 0.054626 0.021056
0 0.659943 0.635391 0.063996 0.023482
0 0.217084 0.414608 0.058806 0.022002
0 0.595490 0.604223 0.063125 0.024308
0 0.454403 0.489400 0.053259 0.021375
0 0.833210 0.495811 0.056846 0.020958
0 0.368922 0.659030 0.057396 0.021305
0 0.391040 0.510733 0.056665 0.021025
0 0.667412 0.485241 0.062500 0.024951
0 0.453914 0.516150 0.054176 0.020374
0 0.816199 0.570455 0.055546 0.022810
0 0.444561 0.563700 0.061039 0.022125
0 0.815223 0.594960 0.057369 0.020698
0 0.835826 0.448883 0.060771 0.023057
0 0.453321 0.466310 0.056987 0.020137
0 0.969194 0.579363 0.059410 0.033879
0 0.660391 0.604797 0.058329 0.021208
0 0.390258 0.463846 0.057891 0.021555
0 0.432021 0.328444 0.058173 0.022713
0 0.640105 0.728582 0.059602 0.023848
0 0.592168 0.552719 0.055393 0.022774
0 0.600704 0.484181 0.063630 0.022468
0 0.826108 0.548466 0.057892 0.020589
0 0.818054 0.621286 0.068411 0.023425
0 0.166836 0.826056 0.060157 0.024013
0 0.382995 0.560049 0.057645 0.022334
0 0.599484 0.507800 0.064347 0.023157
0 0.037990 0.125390 0.053587 0.018891
0 0.462381 0.407704 0.060099 0.019928
0 0.452616 0.440316 0.058924 0.019936
0 0.833214 0.470117 0.057386 0.020612
0 0.820055 0.970209 0.043708 0.047880
0 0.842121 0.373849 0.050884 0.021309
0 0.658903 0.536638 0.058385 0.021140
0 0.623635 0.985965 0.037624 0.028071
0 0.375183 0.585827 0.060715 0.023810
0 0.216468 0.390354 0.054760 0.022293
0 0.552144 0.989341 0.030043 0.021318
0 0.657899 0.583519 0.060383 0.021596
0 0.668406 0.512010 0.068076 0.024583
0 0.206474 0.464444 0.052577 0.019886
0 0.975606 0.456812 0.048788 0.022854
0 0.351065 0.824792 0.058537 0.025166
0 0.841417 0.420299 0.052688 0.019865
0 0.579952 0.676460 0.062638 0.025030
0 0.952835 0.703955 0.077734 0.026595
0 0.427074 0.612247 0.061503 0.026645
0 0.979863 0.429107 0.039008 0.020996
0 0.820783 0.648209 0.062723 0.021900
0 0.175759 0.726414 0.060242 0.023637
0 0.210275 0.437328 0.055025 0.022330
