1 0.832190 0.253383 0.081511 0.042049
1 0.816187 0.237621 0.081121 0.042657
1 0.233932 0.552964 0.072709 0.041945
1 0.671279 0.133999 0.089672 0.037978
1 0.705761 0.353863 0.077983 0.047237
1 0.745865 0.183723 0.089038 0.038340
1 0.250751 0.663427 0.064919 0.039713
1 0.510106 0.201142 0.086777 0.039303
1 0.304236 0.526242 0.082278 0.046039
1 0.510476 0.283278 0.084292 0.038237
1 0.617843 0.509332 0.067208 0.037556
1 0.632801 0.271448 0.088355 0.037493
1 0.495235 0.560973 0.065472 0.037608
1 0.647397 0.371396 0.081366 0.043951
1 0.328289 0.515353 0.082231 0.045581
1 0.709144 0.158510 0.087402 0.038325
1 0.789861 0.435562 0.065638 0.038785
1 0.570411 0.235485 0.090891 0.038460
1 0.285917 0.295191 0.095878 0.023569
1 0.641616 0.497096 0.068921 0.037984
1 0.396967 0.602125 0.070942 0.036437
1 0.593243 0.329451 0.084496 0.038739
1 0.764716 0.445310 0.066932 0.037268
0 0.639566 0.852145 0.044599 0.025250
1 0.803152 0.219214 0.085246 0.038095
1 0.633845 0.109067 0.092292 0.037970
0 0.945404 0.570030 0.045422 0.024805
1 0.470437 0.259207 0.085417 0.037986
1 0.531608 0.295812 0.083900 0.038250
1 0.725977 0.338897 0.077558 0.044671
1 0.150929 0.582353 0.076862 0.043054
1 0.324670 0.632090 0.067572 0.038429
1 0.542512 0.540522 0.065665 0.037354
1 0.765706 0.195817 0.083194 0.037157
1 0.281051 0.313435 0.095785 0.022310
1 0.273764 0.329374 0.089814 0.021757
1 0.727385 0.169660 0.088047 0.038280
1 0.652133 0.122086 0.090516 0.037505
1 0.591555 0.247642 0.090438 0.037657
1 0.446216 0.581855 0.067925 0.037512
1 0.690145 0.146212 0.086837 0.037541
1 0.209517 0.562840 0.073099 0.042706
1 0.421158 0.591754 0.064157 0.036954
1 0.784534 0.207488 0.086086 0.037088
0 0.889375 0.488378 0.043779 0.021948
1 0.470002 0.571254 0.067165 0.038042
1 0.750179 0.326928 0.079299 0.045825
1 0.693478 0.307414 0.087294 0.040323
1 0.611755 0.259412 0.088087 0.038042
1 0.184764 0.572874 0.075668 0.043214
1 0.491279 0.271538 0.083238 0.038418
1 0.520297 0.550787 0.066881 0.036445
0 0.132365 0.878824 0.048343 0.024512
1 0.844192 0.273128 0.077158 0.043427
1 0.274671 0.652528 0.068336 0.039761
1 0.672382 0.294745 0.088365 0.039584
1 0.551067 0.306439 0.084852 0.039364
1 0.263881 0.343996 0.089540 0.022699
0 0.553894 0.827852 0.033725 0.023773
1 0.674120 0.361159 0.078027 0.046321
1 0.300846 0.642549 0.066912 0.039319
0 0.950818 0.924959 0.031295 0.025467
1 0.348640 0.622127 0.067176 0.037103
1 0.550344 0.223511 0.086263 0.037220
1 0.570750 0.318397 0.081878 0.039871
0 0.382468 0.874620 0.048544 0.028601
1 0.650324 0.283231 0.087454 0.037421
1 0.591666 0.519120 0.070525 0.038783
0 0.021087 0.667822 0.042174 0.023152
1 0.565534 0.529742 0.066346 0.039263
1 0.452297 0.246445 0.086330 0.038928
1 0.373503 0.612902 0.068378 0.037246
0 0.942727 0.280469 0.045955 0.024805
0 0.134741 0.844701 0.056890 0.027249
0 0.093583 0.678352 0.048262 0.021355
0 0.815718 0.681743 0.041944 0.024715
0 0.606982 0.772735 0.056661 0.026167
1 0.611932 0.342721 0.082049 0.039254
0 0.852443 0.478666 0.045206 0.024250
0 0.538728 0.612861 0.045817 0.024224
0 0.107493 0.708700 0.037386 0.022447
0 0.082155 0.689028 0.054753 0.020854
0 0.530399 0.837741 0.028451 0.022062
0 0.039805 0.627776 0.044431 0.019084
0 0.732808 0.656671 0.044415 0.025163
0 0.125584 0.720743 0.032124 0.024675
0 0.138593 0.893042 0.041165 0.021232
1 0.532875 0.211603 0.086557 0.036730
1 0.811989 0.423156 0.066010 0.038847
0 0.621704 0.824334 0.040659 0.018689
