0 0.745674 0.951694 0.012541 0.035813
0 0.322388 0.799439 0.011972 0.034413
0 0.252120 0.964644 0.025358 0.025890
0 0.577158 0.812295 0.013606 0.036875
0 0.634245 0.951925 0.011772 0.033579
0 0.618369 0.170504 0.021830 0.016816
0 0.345618 0.802328 0.012618 0.036449
0 0.595396 0.093611 0.023717 0.016905
0 0.416013 0.938957 0.011643 0.033986
0 0.370126 0.804824 0.012435 0.036509
0 0.553756 0.809993 0.013369 0.035503
0 0.431172 0.807688 0.011423 0.036504
0 0.502140 0.936943 0.012613 0.035416
0 0.455402 0.806506 0.012131 0.034227
0 0.308026 0.799259 0.013375 0.035936
0 0.611107 0.946752 0.012839 0.033276
0 0.492472 0.808889 0.012542 0.034321
0 0.614236 0.814471 0.013745 0.036750
0 0.523862 0.166086 0.024114 0.017359
0 0.328984 0.894920 0.012976 0.035516
0 0.654602 0.170418 0.023047 0.016911
0 0.392295 0.934699 0.011445 0.031665
0 0.817996 0.180421 0.022370 0.015756
0 0.392274 0.896478 0.011866 0.035533
0 0.306327 0.925034 0.011825 0.033421
0 0.451839 0.939494 0.011240 0.034448
0 0.382174 0.803621 0.012093 0.037129
0 0.721806 0.947939 0.011920 0.034613
0 0.358035 0.157598 0.024472 0.018821
0 0.492707 0.086859 0.022881 0.016746
0 0.380240 0.933743 0.011457 0.031168
0 0.375380 0.078746 0.022057 0.015391
0 0.355141 0.931615 0.012517 0.034139
0 0.554079 0.167105 0.023011 0.016188
0 0.659039 0.946889 0.011953 0.032657
0 0.528332 0.809854 0.013196 0.034440
0 0.404538 0.934587 0.011169 0.033896
0 0.462581 0.085784 0.023945 0.016085
0 0.489176 0.937107 0.012476 0.034663
0 0.342701 0.930149 0.011207 0.029985
0 0.443081 0.159551 0.022579 0.016010
0 0.489845 0.898347 0.011466 0.032308
0 0.415493 0.158766 0.023194 0.015138
0 0.801971 0.104294 0.023436 0.016683
0 0.563568 0.941243 0.011696 0.032508
0 0.385215 0.157127 0.024845 0.017396
0 0.743290 0.175726 0.024898 0.016849
0 0.503952 0.810165 0.013226 0.034614
0 0.552027 0.898257 0.011173 0.033409
0 0.356717 0.802366 0.010719 0.034556
0 0.366082 0.890063 0.013953 0.033734
0 0.851645 0.181194 0.026736 0.020334
0 0.345118 0.079135 0.022209 0.015856
0 0.477207 0.937624 0.012102 0.037646
0 0.465116 0.899411 0.011672 0.033852
0 0.784799 0.177035 0.027641 0.017732
0 0.440281 0.898875 0.011041 0.034361
0 0.334073 0.801036 0.011142 0.033958
0 0.416434 0.900394 0.011579 0.032864
0 0.343585 0.895126 0.010876 0.033737
0 0.439861 0.937367 0.011760 0.034821
0 0.432998 0.082943 0.021688 0.015844
0 0.560481 0.090852 0.024270 0.016949
0 0.475067 0.162858 0.025457 0.017203
0 0.574869 0.943399 0.010916 0.034920
0 0.328704 0.929762 0.012049 0.032332
0 0.527031 0.089381 0.029465 0.019746
0 0.367966 0.933434 0.011254 0.032428
0 0.317509 0.889637 0.012138 0.033345
0 0.478034 0.899836 0.010841 0.033893
0 0.685761 0.173960 0.022469 0.015559
