1 0.274361 0.953849 0.026689 0.033971
1 0.255702 0.966320 0.026443 0.032002
0 0.049580 0.183950 0.016607 0.019892
0 0.114449 0.275454 0.015564 0.018416
0 0.155058 0.195147 0.014924 0.017881
0 0.218881 0.205986 0.015518 0.017912
0 0.052132 0.236499 0.016269 0.018800
0 0.131132 0.209972 0.017152 0.020379
0 0.304736 0.919368 0.017006 0.015217
0 0.117410 0.219777 0.015806 0.018544
0 0.139373 0.204768 0.015662 0.019686
1 0.236558 0.976132 0.022874 0.022801
0 0.092945 0.290274 0.015746 0.017026
0 0.204121 0.215316 0.014159 0.018774
0 0.104490 0.229865 0.014350 0.016728
0 0.863784 0.964224 0.017585 0.015580
0 0.049795 0.260165 0.016769 0.018228
0 0.033123 0.329178 0.014263 0.017410
0 0.100760 0.284960 0.015037 0.017006
0 0.029094 0.278232 0.016198 0.018378
0 0.085784 0.295168 0.014678 0.015991
0 0.093562 0.214857 0.016618 0.018981
0 0.221801 0.152105 0.015304 0.018846
0 0.193468 0.171175 0.015267 0.018386
0 0.040470 0.324157 0.015302 0.018204
0 0.022479 0.284613 0.015357 0.019092
0 0.079036 0.242972 0.016105 0.018254
0 0.095283 0.234346 0.014891 0.017589
0 0.041085 0.245859 0.014454 0.016765
1 0.286643 0.950232 0.019936 0.027378
0 0.206774 0.160984 0.016712 0.021069
0 0.063564 0.251932 0.014242 0.017298
0 0.077674 0.223934 0.014390 0.016406
