2 0.627923 0.786198 0.018172 0.069393
2 0.708643 0.585133 0.011318 0.039054
2 0.592895 0.759438 0.018554 0.061435
2 0.255085 0.839541 0.019240 0.073431
2 0.070361 0.711608 0.010781 0.035254
2 0.706485 0.697492 0.016387 0.059248
2 0.662518 0.780532 0.011711 0.042713
2 0.237684 0.642787 0.011869 0.045801
2 0.116142 0.856255 0.011684 0.044791
2 0.294183 0.714203 0.009233 0.032292
2 0.771477 0.733012 0.008837 0.032565
2 0.707388 0.633633 0.012964 0.041140
2 0.607942 0.780584 0.023073 0.102567
2 0.349426 0.371250 0.012221 0.050069
2 0.129249 0.857093 0.012177 0.040607
2 0.091853 0.673940 0.009251 0.029464
2 0.660946 0.617927 0.009538 0.036741
2 0.901855 0.685979 0.007975 0.035343
2 0.878921 0.286443 0.009884 0.038190
2 0.498395 0.689357 0.009706 0.033807
2 0.165718 0.654820 0.011157 0.041656
2 0.253495 0.373291 0.009954 0.032956
2 0.551354 0.606967 0.010343 0.039146
2 0.969173 0.495295 0.014033 0.055472
2 0.619447 0.545483 0.024290 0.087320
2 0.156173 0.860205 0.011223 0.033416
2 0.337685 0.740754 0.010473 0.035158
2 0.075420 0.626610 0.010573 0.036691
2 0.589418 0.580441 0.020400 0.063745
2 0.212863 0.353361 0.008639 0.025561
2 0.339545 0.487913 0.008758 0.035778
2 0.294996 0.755010 0.008628 0.035270
2 0.294534 0.672089 0.006847 0.026808
2 0.018047 0.571117 0.012224 0.043017
2 0.096218 0.593763 0.011151 0.038320
2 0.066183 0.507639 0.010885 0.034880
2 0.794419 0.752122 0.008644 0.031748
2 0.549599 0.723201 0.013986 0.039697
2 0.501060 0.756488 0.011050 0.029464
2 0.238503 0.850276 0.013678 0.047318
2 0.748867 0.696359 0.006862 0.031731
2 0.584580 0.798996 0.014080 0.048694
2 0.141942 0.861515 0.012081 0.037841
2 0.481825 0.759269 0.009207 0.022960
2 0.272229 0.306941 0.006152 0.023781
2 0.094304 0.770235 0.010391 0.031678
2 0.335195 0.625741 0.007684 0.028190
2 0.313548 0.645715 0.007931 0.029433
2 0.727651 0.806412 0.009654 0.041493
2 0.345616 0.617074 0.009920 0.040098
2 0.416762 0.764795 0.008347 0.020666
2 0.340132 0.395054 0.010419 0.042003
2 0.225272 0.855741 0.010252 0.034879
2 0.792027 0.656983 0.007113 0.029360
2 0.857091 0.572908 0.006181 0.029982
2 0.406216 0.696828 0.009646 0.024940
2 0.859450 0.337717 0.007287 0.028151
2 0.103226 0.793133 0.010171 0.033173
2 0.267872 0.348984 0.007826 0.026932
2 0.274106 0.675217 0.006993 0.036893
2 0.813710 0.262710 0.010265 0.025628
2 0.856729 0.531881 0.006932 0.032197
2 0.353230 0.413008 0.009913 0.040891
2 0.846139 0.714324 0.007566 0.021235
2 0.856810 0.644506 0.007239 0.027751
2 0.548653 0.723385 0.011645 0.031865
2 0.082486 0.651682 0.008748 0.026847
2 0.457398 0.688814 0.009147 0.022717
2 0.339638 0.243261 0.007075 0.024064
2 0.607508 0.105420 0.009177 0.030333
2 0.835957 0.653335 0.007144 0.030034
2 0.725911 0.662862 0.007609 0.033929
2 0.700948 0.323260 0.008081 0.037146
2 0.498546 0.609111 0.010078 0.027404
2 0.748382 0.659463 0.007392 0.033238
2 0.427624 0.766927 0.008948 0.021478
2 0.661167 0.563526 0.011845 0.040369
2 0.270128 0.554842 0.005937 0.032554
2 0.813996 0.731735 0.007363 0.031971
2 0.550829 0.508759 0.009939 0.032380
2 0.726373 0.624412 0.007024 0.026690
2 0.857236 0.603550 0.005383 0.026231
2 0.857408 0.298211 0.006732 0.033553
2 0.123862 0.653964 0.009197 0.038737
