1 0.536450 0.785677 0.033264 0.039631
1 0.234134 0.221019 0.026671 0.044311
1 0.321060 0.692233 0.024045 0.034676
1 0.428227 0.684567 0.033268 0.043018
1 0.596164 0.899675 0.019652 0.027885
1 0.646582 0.891762 0.021343 0.029636
1 0.573172 0.719008 0.026822 0.029702
1 0.349277 0.384070 0.032513 0.041291
1 0.226868 0.687911 0.021894 0.037018
1 0.367127 0.727072 0.038352 0.037003
1 0.647259 0.701333 0.016893 0.037715
1 0.644903 0.222070 0.021015 0.042009
1 0.294672 0.425958 0.034214 0.043161
1 0.379308 0.491549 0.033932 0.038715
1 0.289762 0.722727 0.034447 0.032138
1 0.378869 0.616909 0.026745 0.034612
1 0.252142 0.487767 0.032691 0.039106
1 0.622158 0.714187 0.013627 0.036912
1 0.207107 0.275151 0.026542 0.043483
1 0.454497 0.623945 0.029238 0.038964
1 0.327811 0.584609 0.034136 0.040268
1 0.456179 0.728697 0.041482 0.038004
1 0.640025 0.835126 0.008223 0.026741
1 0.406121 0.529508 0.018539 0.023577
1 0.297972 0.688271 0.025858 0.036168
1 0.357377 0.326283 0.032691 0.040173
1 0.531861 0.520290 0.025028 0.030557
1 0.415727 0.783024 0.020841 0.023941
1 0.257934 0.722745 0.037015 0.029972
1 0.337118 0.523792 0.030580 0.038946
1 0.265963 0.785842 0.022757 0.029262
1 0.612722 0.942664 0.018170 0.023652
1 0.601273 0.697151 0.014730 0.025269
1 0.567780 0.785879 0.033671 0.038429
1 0.544350 0.327173 0.031814 0.039919
1 0.228363 0.583198 0.025312 0.032756
1 0.450016 0.520827 0.033116 0.041569
1 0.238899 0.688580 0.020924 0.037091
1 0.454130 0.226804 0.029159 0.040743
1 0.339636 0.427424 0.033181 0.039800
1 0.167072 0.366448 0.015941 0.027835
1 0.188464 0.690143 0.022552 0.033614
1 0.482452 0.225002 0.022845 0.031577
1 0.277614 0.323745 0.035047 0.041062
1 0.245959 0.326263 0.029066 0.036411
1 0.413548 0.390296 0.033731 0.039753
1 0.655570 0.704041 0.015889 0.038490
1 0.588257 0.833468 0.008880 0.032526
1 0.668680 0.954644 0.025641 0.029295
1 0.490770 0.787700 0.028228 0.033543
1 0.596940 0.833615 0.008211 0.034206
1 0.500025 0.729748 0.043112 0.040068
1 0.566455 0.689817 0.014597 0.024500
1 0.946234 0.502623 0.007590 0.039447
1 0.578561 0.978144 0.017437 0.022032
1 0.659612 0.938758 0.022007 0.026621
1 0.956908 0.943311 0.025472 0.036044
1 0.655475 0.838047 0.008274 0.027680
1 0.789095 0.630547 0.020912 0.035660
1 0.278735 0.226481 0.032394 0.040457
1 0.814612 0.914186 0.026817 0.019570
1 0.477086 0.848802 0.007556 0.029581
1 0.432863 0.293413 0.028321 0.036106
1 0.404090 0.225494 0.033098 0.041479
1 0.662090 0.419788 0.029031 0.014529
1 0.338493 0.787982 0.029779 0.033831
1 0.528725 0.431707 0.034463 0.039793
1 0.474459 0.327102 0.035092 0.043869
1 0.245755 0.419830 0.036619 0.040493
1 0.553270 0.330701 0.030926 0.041174
1 0.450353 0.690542 0.023385 0.031635
1 0.485308 0.522263 0.027028 0.034563
1 0.307503 0.518993 0.031145 0.038411
1 0.136774 0.766305 0.027351 0.027616
1 0.508261 0.225067 0.025174 0.031516
1 0.496612 0.287996 0.026267 0.030237
1 0.438841 0.490105 0.035954 0.037817
1 0.206544 0.575546 0.023412 0.028934
1 0.145756 0.778829 0.034188 0.037291
1 0.215297 0.519565 0.024976 0.035075
1 0.202241 0.785221 0.031038 0.036181
1 0.565580 0.623102 0.020597 0.026905
1 0.672083 0.450323 0.032130 0.022019
0 0.533111 0.032677 0.013380 0.015299
1 0.882752 0.055301 0.017490 0.017326
1 0.344838 0.689357 0.022758 0.034729
1 0.170828 0.513937 0.026178 0.033473
1 0.373262 0.294477 0.028003 0.032328
1 0.319899 0.726230 0.039172 0.038696
1 0.290666 0.392550 0.025927 0.033595
1 0.179696 0.516558 0.033515 0.038829
1 0.585098 0.532876 0.025143 0.032559
1 0.689504 0.290691 0.011075 0.033807
