2 0.407791 0.772797 0.037746 0.037612
2 0.774912 0.334137 0.037992 0.039539
2 0.803357 0.274065 0.032647 0.032052
2 0.386966 0.708726 0.038446 0.037483
2 0.789046 0.481502 0.030117 0.032014
2 0.835741 0.637490 0.030408 0.032515
2 0.322790 0.785068 0.032259 0.031743
2 0.739538 0.319015 0.033433 0.032191
2 0.290008 0.680418 0.027315 0.027240
2 0.342042 0.842839 0.028704 0.028394
2 0.817378 0.578958 0.031184 0.034630
2 0.154290 0.253666 0.030765 0.029492
2 0.905226 0.729269 0.033369 0.034614
2 0.398730 0.741216 0.038249 0.038417
2 0.371539 0.646135 0.030988 0.031658
2 0.116035 0.128692 0.022186 0.018877
2 0.784203 0.214606 0.033272 0.033108
2 0.419298 0.803169 0.034315 0.035061
2 0.809341 0.547199 0.038285 0.037395
2 0.129020 0.159611 0.021483 0.022007
2 0.234733 0.503411 0.028175 0.029438
2 0.903988 0.310571 0.024865 0.029186
2 0.378165 0.677535 0.036645 0.036511
2 0.934702 0.704032 0.019711 0.018823
2 0.314188 0.454680 0.019873 0.018624
2 0.641763 0.251700 0.019381 0.017497
2 0.658597 0.309143 0.018088 0.015583
2 0.730953 0.290195 0.031120 0.033183
2 0.914133 0.636103 0.019932 0.017435
2 0.799353 0.514767 0.035395 0.036426
2 0.107502 0.098556 0.021420 0.018278
2 0.843937 0.668504 0.031405 0.034512
2 0.347939 0.340619 0.020334 0.019916
2 0.216375 0.445675 0.020800 0.021707
2 0.649234 0.276070 0.019126 0.015827
2 0.164609 0.284277 0.020769 0.019282
2 0.172092 0.312957 0.021735 0.018535
2 0.889054 0.552568 0.017197 0.015204
2 0.220534 0.463281 0.016513 0.018733
2 0.437561 0.868232 0.037336 0.036307
2 0.674708 0.357435 0.019620 0.017238
2 0.664924 0.334475 0.022694 0.022141
2 0.764567 0.409413 0.028066 0.031007
2 0.304461 0.423761 0.021217 0.018788
2 0.897611 0.507470 0.020317 0.016662
2 0.378659 0.436516 0.020875 0.021248
2 0.324749 0.487676 0.021461 0.020139
2 0.484829 0.783231 0.020818 0.019431
2 0.865572 0.725659 0.019917 0.019944
2 0.782333 0.722513 0.020389 0.018674
2 0.680627 0.382984 0.021141 0.018823
2 0.363789 0.388210 0.020057 0.020863
2 0.347141 0.581746 0.041658 0.039147
2 0.852230 0.830124 0.017064 0.018497
2 0.867525 0.823474 0.022231 0.022324
2 0.332472 0.816416 0.030272 0.031202
2 0.825667 0.838635 0.017297 0.021889
2 0.725124 0.032689 0.020332 0.020709
2 0.700216 0.195652 0.018800 0.021669
2 0.371029 0.411200 0.022081 0.021143
2 0.766881 0.781548 0.016445 0.019950
2 0.296254 0.392735 0.023118 0.020359
2 0.845118 0.707744 0.017823 0.019507
2 0.139588 0.191198 0.019067 0.015824
2 0.628883 0.211116 0.024011 0.023057
2 0.882656 0.789086 0.021473 0.019858
2 0.355975 0.364727 0.021876 0.019433
2 0.449302 0.898245 0.029037 0.031490
2 0.747683 0.389572 0.016803 0.018818
2 0.769260 0.672530 0.019056 0.017711
2 0.491022 0.808061 0.019829 0.020399
2 0.926746 0.657428 0.010735 0.009597
2 0.361736 0.615027 0.031357 0.031537
2 0.362203 0.614439 0.030582 0.031253
2 0.897207 0.589108 0.024985 0.027976
2 0.343814 0.550151 0.022038 0.021435
