0 0.751339 0.295098 0.015363 0.012739
0 0.724258 0.276868 0.018373 0.014614
0 0.522280 0.095490 0.016185 0.013142
0 0.471347 0.059261 0.018995 0.015362
0 0.768998 0.308593 0.015858 0.011836
0 0.460500 0.053318 0.018608 0.014115
0 0.513562 0.089937 0.017149 0.013759
0 0.634245 0.165506 0.018884 0.012913
0 0.616207 0.154315 0.018493 0.014140
0 0.401184 0.957622 0.018855 0.008313
0 0.485769 0.074114 0.017726 0.013688
0 0.535413 0.102408 0.014940 0.012306
0 0.603159 0.988224 0.022304 0.009030
0 0.366448 0.732555 0.016341 0.011426
0 0.440437 0.041357 0.017835 0.014792
0 0.499076 0.082836 0.015128 0.012671
0 0.606866 0.149755 0.017150 0.012868
0 0.374508 0.725218 0.015336 0.012454
