1 0.604911 0.687758 0.096117 0.038461
1 0.721900 0.344129 0.049710 0.103314
1 0.588164 0.578550 0.094273 0.039057
1 0.619813 0.768877 0.092508 0.040209
1 0.607379 0.366561 0.048301 0.104083
1 0.817100 0.702988 0.096623 0.039850
1 0.792661 0.539812 0.094811 0.038305
1 0.812519 0.675793 0.097338 0.037726
1 0.788414 0.512004 0.093899 0.039039
1 0.801122 0.593655 0.094896 0.039057
1 0.830765 0.786152 0.097316 0.044230
1 0.598056 0.633492 0.095735 0.040024
1 0.780240 0.457675 0.093265 0.038663
1 0.776112 0.431681 0.093428 0.040292
1 0.821599 0.730473 0.094946 0.038086
1 0.804953 0.620707 0.096708 0.038843
1 0.752192 0.336720 0.050385 0.105488
0 0.352673 0.667305 0.021649 0.036552
1 0.284825 0.429095 0.046064 0.105906
1 0.583564 0.550984 0.097776 0.036520
1 0.826646 0.757921 0.094864 0.037921
1 0.432785 0.400805 0.042290 0.105266
1 0.524813 0.815901 0.092415 0.036266
1 0.797039 0.566285 0.094736 0.037708
1 0.593336 0.607094 0.093456 0.038021
1 0.621894 0.797069 0.101523 0.041848
1 0.609555 0.717361 0.097271 0.042449
1 0.512205 0.733442 0.090850 0.036262
1 0.404535 0.406943 0.046336 0.108162
1 0.603112 0.661664 0.092823 0.032672
1 0.578061 0.373253 0.047660 0.106411
1 0.519441 0.383705 0.044125 0.105052
1 0.529320 0.845042 0.096205 0.040940
1 0.547293 0.377758 0.044837 0.104911
1 0.346355 0.415911 0.047303 0.104811
0 0.334004 0.575278 0.021662 0.038856
1 0.784606 0.484396 0.092431 0.037582
1 0.807611 0.647137 0.097361 0.037565
1 0.516289 0.760910 0.090862 0.036746
0 0.476653 0.658442 0.038123 0.023682
1 0.490273 0.389142 0.046681 0.104189
1 0.770980 0.402250 0.093013 0.041793
1 0.316704 0.422616 0.046159 0.103541
1 0.460917 0.394768 0.044243 0.104233
0 0.305494 0.597833 0.041576 0.022795
1 0.627468 0.828571 0.097900 0.047194
0 0.493842 0.571798 0.036800 0.020982
1 0.521159 0.787748 0.093170 0.035952
1 0.692754 0.352280 0.046635 0.105842
0 0.499652 0.601051 0.038287 0.021830
1 0.575138 0.524406 0.107042 0.038692
0 0.343090 0.618851 0.020919 0.038379
1 0.462739 0.392660 0.044092 0.102834
0 0.465898 0.634824 0.034789 0.022246
1 0.078832 0.476971 0.097694 0.041162
1 0.375306 0.410927 0.045674 0.105938
1 0.403030 0.821308 0.040409 0.106664
0 0.250554 0.773696 0.032217 0.022627
0 0.488562 0.546620 0.031912 0.021777
