1 0.252061 0.345645 0.050875 0.037949
1 0.167154 0.577438 0.049419 0.037011
1 0.156984 0.597407 0.048737 0.036807
1 0.271606 0.281983 0.048580 0.037046
1 0.077514 0.829882 0.050452 0.037022
1 0.132852 0.660429 0.064627 0.042254
1 0.291305 0.586354 0.035675 0.063322
1 0.145866 0.639864 0.051819 0.035445
1 0.245885 0.367444 0.049947 0.039272
1 0.120939 0.851216 0.039615 0.032595
1 0.084647 0.809002 0.052679 0.037479
1 0.222427 0.431028 0.051174 0.037404
1 0.217687 0.453937 0.048815 0.037216
1 0.154428 0.620009 0.049113 0.036051
1 0.124392 0.705154 0.049217 0.036464
1 0.092948 0.788607 0.050015 0.036152
1 0.139176 0.808270 0.039455 0.033899
1 0.229300 0.411163 0.049787 0.037809
1 0.113884 0.724911 0.053280 0.038959
1 0.108789 0.747214 0.049093 0.037196
1 0.100127 0.766526 0.049251 0.036833
1 0.760194 0.432406 0.034028 0.058588
1 0.260771 0.325599 0.049568 0.036637
1 0.237894 0.388729 0.054086 0.038521
1 0.206891 0.474148 0.051889 0.038923
1 0.892023 0.496716 0.035456 0.059848
1 0.835760 0.469279 0.033350 0.059373
1 0.192663 0.516372 0.050504 0.038628
1 0.619562 0.365519 0.031803 0.054189
1 0.176287 0.555707 0.049187 0.036897
1 0.854414 0.478195 0.035490 0.062731
1 0.132128 0.684101 0.049668 0.036081
1 0.205973 0.496898 0.038496 0.030838
1 0.281274 0.261868 0.051193 0.036885
1 0.563219 0.338611 0.033383 0.060422
1 0.376273 0.362540 0.031980 0.054185
1 0.263828 0.665674 0.033178 0.058664
1 0.117648 0.874516 0.039384 0.031454
1 0.911547 0.505876 0.034227 0.061226
1 0.271968 0.305216 0.038535 0.033542
1 0.352386 0.419709 0.037273 0.065694
1 0.068911 0.851283 0.053871 0.036640
1 0.873966 0.485834 0.035788 0.064554
1 0.317593 0.524429 0.033242 0.057007
1 0.929774 0.514697 0.034298 0.059972
1 0.778016 0.442406 0.032807 0.054743
1 0.947130 0.525531 0.030254 0.052560
