1 0.381555 0.717209 0.014907 0.064596
1 0.173958 0.736770 0.042668 0.019049
1 0.627109 0.098539 0.015819 0.087406
1 0.158668 0.180812 0.035477 0.018289
1 0.632030 0.696804 0.014009 0.059650
1 0.590677 0.700527 0.013337 0.060610
1 0.653051 0.707157 0.013180 0.078524
1 0.160597 0.262876 0.035730 0.019434
1 0.988666 0.831108 0.016770 0.072754
1 0.432310 0.849113 0.047254 0.022157
1 0.785159 0.835260 0.040137 0.020293
1 0.122626 0.842063 0.039173 0.020705
1 0.896697 0.562159 0.054514 0.025891
1 0.886020 0.538971 0.040182 0.020925
1 0.348393 0.718089 0.015355 0.063496
1 0.558598 0.698039 0.014288 0.059437
1 0.528151 0.715969 0.013934 0.084972
1 0.356594 0.109194 0.014700 0.091371
1 0.702657 0.710240 0.013364 0.088686
1 0.611804 0.102251 0.015192 0.082745
1 0.445859 0.701279 0.013215 0.054255
1 0.073215 0.843176 0.040368 0.019657
1 0.825515 0.698635 0.013978 0.080199
1 0.173061 0.374978 0.055544 0.022131
1 0.884088 0.481683 0.038624 0.019296
1 0.885469 0.589474 0.036201 0.021929
1 0.604068 0.697312 0.011752 0.059915
1 0.661317 0.840687 0.041126 0.023008
1 0.682563 0.091827 0.015054 0.092752
1 0.917946 0.814855 0.032507 0.029817
1 0.510806 0.698750 0.015007 0.054714
1 0.881120 0.435367 0.034675 0.017865
1 0.495275 0.716971 0.016609 0.088798
1 0.742968 0.710924 0.015713 0.094264
0 0.765753 0.938407 0.023348 0.015742
1 0.984425 0.626307 0.014443 0.047504
1 0.357334 0.850869 0.043845 0.020970
1 0.606875 0.842917 0.044793 0.022458
1 0.169730 0.134217 0.056529 0.020937
1 0.884050 0.613283 0.032782 0.019565
1 0.896078 0.632445 0.052215 0.023581
1 0.882267 0.408204 0.037869 0.021319
1 0.398829 0.710062 0.014486 0.064579
1 0.461745 0.701256 0.015670 0.054310
1 0.525291 0.107779 0.015011 0.078046
1 0.872736 0.368170 0.022588 0.015873
0 0.735585 0.939067 0.022850 0.015897
1 0.158547 0.158531 0.036739 0.019960
1 0.364498 0.714077 0.013992 0.064114
1 0.987133 0.693459 0.019089 0.070924
1 0.615892 0.881072 0.038410 0.021999
1 0.197127 0.531228 0.025747 0.017414
1 0.789620 0.687301 0.014379 0.056100
1 0.702274 0.941948 0.031849 0.018180
1 0.196195 0.483175 0.027443 0.017397
1 0.158207 0.158001 0.035550 0.018816
1 0.989532 0.896571 0.014525 0.062045
