1 0.361850 0.152137 0.026529 0.055873
1 0.171964 0.642071 0.023344 0.054182
1 0.258038 0.681155 0.028168 0.066567
1 0.450780 0.754733 0.036169 0.047196
1 0.440824 0.149018 0.028725 0.055471
1 0.348896 0.755454 0.037857 0.057890
1 0.486630 0.742793 0.037927 0.051475
1 0.146364 0.641840 0.024966 0.052529
1 0.325148 0.760679 0.037164 0.057717
1 0.304783 0.636658 0.025579 0.056132
0 0.097495 0.089671 0.023284 0.021661
1 0.384410 0.632632 0.026669 0.058632
0 0.055230 0.055752 0.025850 0.022947
1 0.124299 0.793966 0.026970 0.054005
1 0.276844 0.783811 0.033765 0.061702
1 0.409120 0.627223 0.024070 0.053090
1 0.491600 0.144892 0.022746 0.042632
0 0.350680 0.289016 0.019577 0.022901
1 0.548292 0.138336 0.024695 0.046303
0 0.256723 0.229411 0.018600 0.023394
1 0.274150 0.329107 0.023573 0.062521
1 0.522766 0.142350 0.028246 0.056936
1 0.372261 0.749651 0.037583 0.057333
0 0.595372 0.353036 0.033737 0.013102
1 0.307613 0.155705 0.024541 0.054655
0 0.316416 0.226049 0.022536 0.026257
1 0.596503 0.134911 0.024654 0.052332
0 0.666185 0.710721 0.024039 0.024162
0 0.200081 0.232980 0.020013 0.022412
0 0.613703 0.502197 0.031176 0.013242
1 0.244066 0.286331 0.023307 0.060379
1 0.225108 0.786359 0.028166 0.053704
0 0.403275 0.326849 0.026607 0.020012
0 0.596995 0.260960 0.032131 0.013516
0 0.179092 0.234747 0.020269 0.024401
1 0.221743 0.642407 0.022601 0.061306
0 0.580004 0.328726 0.032192 0.013217
0 0.643535 0.349440 0.035520 0.032944
0 0.396021 0.220307 0.018818 0.022875
1 0.174242 0.795573 0.023259 0.061748
0 0.599501 0.315040 0.028340 0.013202
0 0.275262 0.229180 0.017569 0.022889
0 0.337599 0.340179 0.016329 0.023599
0 0.588032 0.221825 0.030213 0.012915
0 0.092534 0.140293 0.013135 0.020743
1 0.460303 0.622177 0.022479 0.051375
0 0.800314 0.451478 0.029803 0.013111
0 0.619216 0.541360 0.028776 0.012686
0 0.615017 0.475588 0.027937 0.011837
0 0.415085 0.218327 0.019260 0.021571
0 0.603959 0.365185 0.029446 0.013315
0 0.390662 0.284828 0.017276 0.021637
1 0.150522 0.795322 0.025174 0.060031
0 0.452384 0.265001 0.030948 0.013567
1 0.285074 0.158940 0.025659 0.051875
0 0.677199 0.406664 0.039048 0.016160
0 0.333934 0.287653 0.022589 0.023524
0 0.346613 0.266269 0.017710 0.021196
0 0.804771 0.491146 0.027627 0.013026
1 0.587724 0.025353 0.022242 0.037171
0 0.443443 0.317208 0.033804 0.023202
1 0.036758 0.343559 0.024851 0.064774
1 0.202271 0.050397 0.022646 0.037015
0 0.616007 0.527043 0.032507 0.014202
0 0.796197 0.412798 0.030492 0.013180
0 0.777506 0.527497 0.021922 0.027017
0 0.801046 0.465244 0.030344 0.013061
0 0.795346 0.387900 0.028690 0.012347
0 0.703527 0.426255 0.030124 0.014756
0 0.239340 0.229013 0.018080 0.020960
0 0.596409 0.246864 0.029751 0.013280
1 0.412177 0.146799 0.024214 0.044105
0 0.802606 0.478926 0.028545 0.011569
0 0.584062 0.398059 0.038546 0.015772
0 0.621683 0.579919 0.028803 0.012192
1 0.572000 0.138109 0.023849 0.046016
1 0.281481 0.635689 0.022206 0.054490
1 0.262768 0.047498 0.022665 0.039048
1 0.326254 0.630947 0.020497 0.050970
0 0.304831 0.340640 0.016119 0.022425
0 0.614408 0.488086 0.027040 0.011226
0 0.622329 0.567319 0.027806 0.012949
1 0.273981 0.635390 0.015420 0.053618
0 0.583004 0.769130 0.038062 0.015052
0 0.692668 0.524794 0.037368 0.016314
0 0.152710 0.118340 0.032556 0.014055
0 0.562116 0.275604 0.028977 0.012408
1 0.198368 0.645429 0.023616 0.061844
0 0.148141 0.092225 0.032750 0.013764
0 0.598723 0.287698 0.027404 0.011726
0 0.605768 0.339277 0.027261 0.012864
0 0.567939 0.294610 0.030202 0.012391
1 0.439316 0.624252 0.020483 0.053290
0 0.792161 0.361668 0.031048 0.012934
0 0.671692 0.284912 0.028849 0.012543
