0 0.278006 0.600401 0.016396 0.035399
0 0.258573 0.176333 0.028093 0.017558
0 0.184683 0.174996 0.026555 0.014961
0 0.610258 0.612148 0.013446 0.030797
0 0.181610 0.251761 0.025220 0.014850
0 0.456957 0.691821 0.014078 0.034866
0 0.254355 0.252283 0.025325 0.014986
0 0.563912 0.577530 0.014157 0.032435
0 0.470179 0.603925 0.013133 0.031746
0 0.165583 0.545645 0.026459 0.015765
0 0.470542 0.568284 0.014972 0.034560
0 0.600235 0.698758 0.014762 0.034426
0 0.577983 0.614066 0.013664 0.032103
0 0.579860 0.576320 0.014016 0.032190
0 0.440502 0.691296 0.013831 0.032765
0 0.612091 0.402896 0.025789 0.019462
0 0.513507 0.608073 0.013518 0.030047
0 0.423215 0.599927 0.013627 0.032555
0 0.281385 0.558354 0.014245 0.036193
0 0.263744 0.547740 0.015499 0.038899
0 0.343243 0.597451 0.013392 0.034307
0 0.253639 0.270922 0.025504 0.015276
0 0.182491 0.214079 0.023576 0.013632
0 0.545545 0.614214 0.015024 0.039612
0 0.257153 0.233281 0.025731 0.017858
0 0.500125 0.610106 0.014057 0.033590
0 0.530537 0.609903 0.013690 0.033872
0 0.547412 0.575447 0.014988 0.032824
0 0.533567 0.572302 0.014242 0.031685
0 0.217390 0.682666 0.013725 0.029648
0 0.827160 0.554182 0.013086 0.031680
0 0.377299 0.559849 0.012989 0.037329
0 0.186209 0.137751 0.023246 0.015247
0 0.737600 0.631919 0.014484 0.035655
0 0.484368 0.571967 0.016259 0.038255
0 0.342982 0.562227 0.014531 0.033000
0 0.425924 0.689834 0.014675 0.034469
0 0.563274 0.612764 0.013867 0.033722
0 0.610817 0.577707 0.014377 0.029453
0 0.859416 0.555118 0.011239 0.027414
0 0.551475 0.698202 0.015663 0.036446
0 0.131657 0.277930 0.026693 0.014968
0 0.373043 0.600953 0.015511 0.034895
0 0.172844 0.471482 0.024428 0.015654
0 0.581293 0.700498 0.014668 0.036021
0 0.407052 0.563501 0.013205 0.038216
0 0.359919 0.560520 0.015107 0.040440
0 0.876611 0.644820 0.014435 0.035314
0 0.597117 0.576886 0.014219 0.031940
0 0.861452 0.642947 0.013717 0.029607
0 0.257364 0.213041 0.026100 0.014846
0 0.594060 0.611586 0.014221 0.032186
0 0.165035 0.565595 0.026734 0.014066
1 0.293917 0.605972 0.018206 0.045712
0 0.062129 0.628950 0.014408 0.028888
0 0.777884 0.550044 0.014499 0.028243
0 0.116272 0.532206 0.015143 0.034737
0 0.906383 0.559373 0.014331 0.034262
0 0.175437 0.398444 0.026607 0.014746
0 0.795262 0.554120 0.013574 0.032283
0 0.377467 0.689132 0.014637 0.033140
0 0.405787 0.603307 0.013810 0.033566
0 0.068554 0.592828 0.013448 0.032943
0 0.263923 0.598195 0.016271 0.038710
0 0.705543 0.635826 0.013005 0.032803
