7 0.186914 0.606539 0.042199 0.047351
7 0.203325 0.648816 0.040068 0.048478
7 0.223572 0.677001 0.040494 0.046223
7 0.241049 0.688275 0.044757 0.055242
7 0.267903 0.719278 0.026854 0.045096
7 0.271739 0.726607 0.024297 0.042841
7 0.333333 0.781849 0.026428 0.067644
7 0.373615 0.163472 0.014919 0.028185
7 0.427962 0.809470 0.017903 0.057497
7 0.493393 0.833991 0.013214 0.056933
7 0.501918 0.283258 0.011509 0.038895
7 0.556905 0.858512 0.015772 0.040586
7 0.586104 0.864149 0.010230 0.043968
7 0.621057 0.894870 0.011935 0.046787
7 0.650682 0.923337 0.005541 0.050733
7 0.695226 0.411218 0.013640 0.052424
7 0.720801 0.422492 0.018755 0.051297
7 0.728474 0.920519 0.019608 0.050733
7 0.759804 0.911781 0.015772 0.027621
7 0.761935 0.420519 0.016624 0.054115
7 0.780264 0.880496 0.021739 0.045096
7 0.784314 0.440530 0.020460 0.055806
7 0.815644 0.442221 0.039642 0.060316
7 0.838235 0.472943 0.029412 0.037204
7 0.885976 0.513247 0.027707 0.016347
7 0.904945 0.573563 0.043478 0.034386
7 0.917945 0.650225 0.059250 0.025366
7 0.921355 0.613021 0.042199 0.036640
7 0.932651 0.739572 0.063086 0.063134
7 0.935848 0.704622 0.047315 0.040586
