10 0.011945 0.186510 0.018771 0.023433
10 0.019625 0.896453 0.032423 0.010766
10 0.019625 0.922419 0.032423 0.012033
10 0.020478 0.882204 0.032423 0.010133
10 0.020478 0.908803 0.032423 0.010133
10 0.021331 0.832172 0.032423 0.011400
10 0.021758 0.856871 0.033276 0.012666
10 0.025597 0.556681 0.032423 0.012666
10 0.025597 0.611146 0.030717 0.012666
10 0.026451 0.638695 0.030717 0.012033
10 0.027304 0.478467 0.035836 0.013300
10 0.027730 0.503483 0.029863 0.011400
10 0.029010 0.652312 0.032423 0.011400
10 0.045222 0.062698 0.013652 0.024066
10 0.061433 0.623179 0.030717 0.021533
10 0.065273 0.064281 0.014505 0.020899
10 0.097270 0.316973 0.032423 0.010766
10 0.097270 0.867954 0.035836 0.012033
10 0.099829 0.881887 0.035836 0.010766
10 0.100683 0.855288 0.030717 0.010766
10 0.101109 0.546548 0.031570 0.011400
10 0.101109 0.635529 0.031570 0.010766
10 0.101109 0.909120 0.028157 0.010766
10 0.101536 0.473401 0.032423 0.010766
10 0.101962 0.535465 0.031570 0.012033
10 0.101962 0.610196 0.033276 0.010766
10 0.102389 0.486067 0.034130 0.012033
10 0.102389 0.932869 0.032423 0.012666
10 0.103242 0.561431 0.034130 0.013300
10 0.103669 0.895187 0.028157 0.012033
10 0.104096 0.596897 0.032423 0.012033
10 0.104522 0.623496 0.031570 0.012033
10 0.104949 0.574098 0.032423 0.012033
10 0.106229 0.499367 0.033276 0.012033
10 0.107082 0.649145 0.028157 0.013933
10 0.116041 0.061115 0.018771 0.025966
10 0.154437 0.064281 0.015358 0.022166
10 0.157850 0.941102 0.015358 0.021533
10 0.173635 0.063331 0.014505 0.022799
10 0.176195 0.942369 0.017918 0.022799
10 0.193686 0.942685 0.017065 0.023433
10 0.202218 0.062381 0.015358 0.020899
10 0.210751 0.944269 0.015358 0.021533
10 0.229096 0.941102 0.012799 0.021533
10 0.239334 0.062698 0.017918 0.022799
4 0.176195 0.843255 0.067406 0.105763
4 0.183447 0.599747 0.069966 0.106396
4 0.186860 0.423686 0.068259 0.107663
4 0.281570 0.843255 0.069966 0.107030
4 0.293089 0.600380 0.069113 0.106396
4 0.296075 0.424003 0.068259 0.105763
4 0.299061 0.248258 0.067406 0.106396
4 0.396331 0.843889 0.074232 0.107030
4 0.402730 0.600380 0.069966 0.107663
4 0.405290 0.424953 0.069966 0.107663
4 0.407423 0.248575 0.069113 0.107030
4 0.549061 0.594997 0.069113 0.107030
4 0.550768 0.243192 0.069113 0.106396
4 0.551195 0.419253 0.068259 0.106396
4 0.658276 0.595313 0.069113 0.106396
4 0.659556 0.243825 0.069966 0.107663
4 0.659983 0.420203 0.069113 0.107030
4 0.767065 0.596897 0.069966 0.108296
4 0.769625 0.244775 0.069966 0.107030
4 0.770478 0.420203 0.069966 0.107030
