1 0.308666 0.692527 0.012132 0.041281
1 0.339341 0.691459 0.019411 0.066192
1 0.673657 0.685765 0.017678 0.070463
1 0.817678 0.790036 0.013172 0.048399
10 0.321490 0.066192 0.008666 0.031317
10 0.330329 0.058007 0.007626 0.030605
10 0.848700 0.064057 0.009359 0.031317
14 0.506066 0.166548 0.038128 0.065480
14 0.664645 0.189680 0.028769 0.056228
7 0.046274 0.225979 0.016291 0.131673
7 0.123050 0.351601 0.059619 0.308897
7 0.185615 0.482918 0.070364 0.498932
7 0.336049 0.516726 0.069671 0.421352
7 0.470884 0.413523 0.041941 0.257651
7 0.562738 0.521708 0.036395 0.281851
7 0.668977 0.524555 0.069324 0.382918
7 0.782842 0.585053 0.066205 0.381495
7 0.832409 0.612100 0.067591 0.412811
7 0.908146 0.632028 0.084575 0.375801
