1 0.361758 0.623344 0.035312 0.007948
1 0.400451 0.750662 0.039068 0.007065
1 0.419609 0.660288 0.042825 0.008831
1 0.481217 0.600088 0.041322 0.010303
1 0.838092 0.214307 0.027799 0.017074
1 0.853869 0.197674 0.053343 0.012658
10 0.157025 0.084339 0.022539 0.012069
10 0.170924 0.082426 0.021788 0.011186
10 0.174305 0.421990 0.022539 0.010303
10 0.360631 0.193848 0.034560 0.010892
10 0.389932 0.197969 0.027047 0.008537
10 0.635612 0.062702 0.031555 0.010009
7 0.284748 0.940389 0.213373 0.050339
7 0.303531 0.611863 0.139745 0.013247
7 0.327949 0.792170 0.172051 0.031793
7 0.338467 0.735355 0.176559 0.042979
7 0.350864 0.667206 0.177310 0.017368
7 0.389557 0.592435 0.236664 0.033265
7 0.443651 0.565941 0.235162 0.055637
7 0.676559 0.482779 0.178062 0.046512
7 0.679564 0.413159 0.119459 0.012069
7 0.786251 0.347365 0.205109 0.026494
7 0.830203 0.208125 0.151766 0.032382
7 0.832457 0.270680 0.214876 0.046806
7 0.841473 0.151899 0.211871 0.051222
