1 0.060573 0.495063 0.016887 0.026032
1 0.938693 0.966786 0.024229 0.026930
10 0.765786 0.913375 0.014684 0.022442
10 0.772761 0.920108 0.013950 0.021544
10 0.817181 0.755835 0.016153 0.010772
14 0.159692 0.634201 0.034508 0.045781
14 0.406021 0.398115 0.026432 0.054758
14 0.531571 0.958707 0.024963 0.028725
7 0.091410 0.521993 0.050661 0.051167
7 0.189794 0.411580 0.037445 0.049372
7 0.419236 0.270197 0.030837 0.109515
7 0.594347 0.405296 0.040382 0.065530
7 0.805066 0.588420 0.060940 0.087074
7 0.879589 0.679084 0.064611 0.097846
