1 0.196203 0.730419 0.032349 0.030965
1 0.207454 0.715392 0.039381 0.037341
1 0.212729 0.698087 0.031646 0.033698
1 0.218354 0.674408 0.021800 0.022769
1 0.237342 0.856102 0.030239 0.027322
1 0.242264 0.648452 0.018987 0.021858
1 0.260197 0.803279 0.028129 0.029144
1 0.263361 0.788251 0.020394 0.020947
1 0.283755 0.758652 0.028833 0.027322
1 0.284810 0.545537 0.026723 0.025501
1 0.286920 0.858834 0.032349 0.034608
1 0.297117 0.723588 0.024613 0.028233
1 0.315401 0.692168 0.031646 0.032787
1 0.325598 0.658470 0.019691 0.021858
1 0.330520 0.783698 0.032349 0.033698
1 0.338608 0.640710 0.026020 0.022769
1 0.340014 0.753643 0.028833 0.024590
1 0.355485 0.709016 0.023207 0.024590
1 0.373769 0.380237 0.023207 0.024590
1 0.393460 0.578324 0.066807 0.065574
1 0.407876 0.290984 0.018284 0.019126
1 0.408931 0.492714 0.035865 0.038251
1 0.430731 0.843807 0.049930 0.051913
1 0.433193 0.448087 0.025316 0.025501
1 0.440928 0.556466 0.040788 0.041894
1 0.449719 0.415756 0.027426 0.028233
1 0.463783 0.500911 0.026020 0.023679
1 0.465190 0.383880 0.026020 0.031876
1 0.473629 0.364754 0.026020 0.026412
1 0.474684 0.476776 0.032349 0.039162
1 0.477848 0.778689 0.031646 0.032787
1 0.480309 0.353370 0.021097 0.021858
1 0.488397 0.733151 0.044304 0.041894
1 0.489803 0.469945 0.023207 0.021858
1 0.491913 0.855647 0.033052 0.035519
1 0.498242 0.322404 0.024613 0.023679
1 0.498945 0.421676 0.030239 0.032787
1 0.504219 0.304189 0.030942 0.036430
1 0.505977 0.392077 0.016174 0.019126
1 0.511252 0.699909 0.035162 0.033698
1 0.513010 0.808743 0.021800 0.020036
1 0.513361 0.290984 0.023910 0.024590
1 0.521097 0.254098 0.018284 0.021858
1 0.526371 0.658470 0.037271 0.038251
1 0.526723 0.358379 0.029536 0.028233
1 0.537271 0.637067 0.040788 0.039162
1 0.548172 0.326047 0.042897 0.043716
1 0.576301 0.837432 0.020394 0.020947
1 0.593179 0.806466 0.021800 0.022769
1 0.597750 0.796448 0.019691 0.020947
1 0.606188 0.773679 0.021097 0.020947
1 0.611111 0.477231 0.025316 0.025501
1 0.614627 0.766393 0.019691 0.019126
1 0.629395 0.734062 0.019691 0.020036
1 0.631505 0.404827 0.023910 0.024590
1 0.650844 0.380692 0.037271 0.038251
1 0.664909 0.346539 0.028833 0.030055
1 0.671941 0.333789 0.026020 0.026412
1 0.671941 0.634335 0.037271 0.033698
1 0.678622 0.310109 0.022504 0.024590
1 0.686357 0.301457 0.025316 0.029144
1 0.698664 0.283698 0.026020 0.024590
1 0.709564 0.247268 0.021097 0.020947
1 0.738748 0.313297 0.021800 0.020036
1 0.748242 0.485428 0.016878 0.020036
1 0.755274 0.284153 0.021097 0.020036
1 0.762658 0.452186 0.017581 0.019126
1 0.766878 0.443989 0.017581 0.019126
1 0.777075 0.420765 0.016878 0.018215
1 0.807665 0.326958 0.052743 0.051002
7 0.207103 0.693534 0.194796 0.357923
7 0.294304 0.790984 0.210267 0.343352
7 0.377989 0.349727 0.199015 0.364299
7 0.482419 0.419399 0.227848 0.381603
7 0.507736 0.744536 0.215190 0.352459
7 0.607243 0.788707 0.170886 0.316940
7 0.676160 0.377960 0.197609 0.327869
7 0.764768 0.462204 0.162447 0.303279
