10 0.244941 0.639625 0.038339 0.047461
10 0.399894 0.642936 0.039404 0.047461
10 0.423323 0.620309 0.039404 0.046358
9 0.189563 0.528698 0.080937 0.081678
9 0.215122 0.110375 0.108626 0.059603
9 0.226305 0.508830 0.075612 0.083885
9 0.247604 0.490618 0.075612 0.082781
9 0.261981 0.466887 0.061768 0.070640
9 0.279020 0.448124 0.076677 0.088300
9 0.300852 0.430464 0.071353 0.086093
9 0.323749 0.416115 0.072417 0.086093
9 0.356763 0.417770 0.061768 0.071744
9 0.372204 0.398455 0.062833 0.070640
9 0.416933 0.302428 0.075612 0.083885
9 0.435570 0.277594 0.074547 0.084989
9 0.441960 0.512141 0.080937 0.055188
9 0.447817 0.248896 0.069223 0.084989
9 0.470181 0.233996 0.067093 0.086093
9 0.492545 0.332781 0.082002 0.084989
9 0.518104 0.363687 0.086262 0.078366
9 0.543131 0.381898 0.085197 0.079470
9 0.544728 0.568433 0.075612 0.086093
9 0.559105 0.401766 0.085197 0.077263
9 0.567625 0.550221 0.072417 0.084989
9 0.578275 0.419978 0.085197 0.076159
9 0.593717 0.440397 0.082002 0.079470
9 0.610224 0.460817 0.085197 0.076159
9 0.623536 0.485099 0.086262 0.076159
9 0.638978 0.508830 0.085197 0.075055
9 0.656550 0.533113 0.088392 0.072848
9 0.664004 0.763245 0.056443 0.062914
