7 0.033604 0.185325 0.006140 0.037703
7 0.056339 0.212587 0.007136 0.075986
7 0.078161 0.211717 0.007634 0.074246
7 0.112015 0.223898 0.006970 0.088167
7 0.139728 0.320476 0.017590 0.209397
7 0.162380 0.314385 0.010123 0.154292
7 0.213243 0.364269 0.033521 0.270302
7 0.246017 0.434165 0.032360 0.268561
7 0.322270 0.538573 0.035513 0.343968
7 0.341188 0.512471 0.023233 0.265081
7 0.400017 0.369490 0.006140 0.075406
7 0.419184 0.653132 0.004978 0.139211
7 0.422502 0.555104 0.008629 0.055684
7 0.423664 0.421694 0.005642 0.204176
7 0.438931 0.554814 0.009957 0.349768
7 0.461417 0.587877 0.013110 0.310325
7 0.537670 0.465777 0.021573 0.154292
7 0.603053 0.680974 0.022237 0.356148
7 0.676983 0.652552 0.019084 0.319026
7 0.806007 0.665313 0.018254 0.241299
7 0.854298 0.818735 0.012612 0.108469
7 0.859111 0.730858 0.003319 0.064965
7 0.866163 0.614559 0.013774 0.164153
7 0.945818 0.561775 0.006140 0.057425
7 0.970959 0.574246 0.005974 0.052204
