14 0.619116 0.349718 0.016330 0.017409
14 0.641451 0.119560 0.022574 0.018945
14 0.699328 0.091398 0.023055 0.018945
14 0.750720 0.038402 0.024976 0.022529
7 0.092219 0.827445 0.029779 0.038914
7 0.130644 0.801843 0.028818 0.033794
7 0.195965 0.755504 0.037464 0.044547
7 0.288905 0.706093 0.023535 0.028674
7 0.311479 0.689196 0.031220 0.034818
7 0.340058 0.669739 0.032661 0.032770
7 0.367195 0.653354 0.030259 0.030722
7 0.393612 0.629800 0.017771 0.021505
7 0.414745 0.614695 0.019693 0.024066
7 0.443564 0.592422 0.022574 0.027650
7 0.475264 0.565540 0.024496 0.028162
7 0.505524 0.536098 0.025456 0.029698
7 0.584774 0.471326 0.058117 0.068100
7 0.630884 0.427803 0.036023 0.044547
7 0.664986 0.406298 0.051393 0.054788
7 0.698847 0.358935 0.054755 0.060420
7 0.743756 0.306452 0.055235 0.084485
7 0.809318 0.264465 0.056676 0.091654
7 0.853506 0.210701 0.073007 0.115207
7 0.915226 0.157450 0.106148 0.124424
