7 0.074943 0.793321 0.035469 0.135379
7 0.146453 0.794224 0.017544 0.054152
7 0.166476 0.785499 0.016400 0.052347
7 0.189169 0.788809 0.019832 0.062575
7 0.209573 0.783093 0.017162 0.058363
7 0.229596 0.786402 0.014493 0.046931
7 0.328757 0.753911 0.014493 0.038508
7 0.348970 0.734055 0.014493 0.038508
7 0.368421 0.716005 0.013730 0.034898
7 0.393783 0.709687 0.011060 0.027076
7 0.411518 0.691937 0.018307 0.048135
7 0.433448 0.675692 0.017162 0.051745
7 0.454424 0.654332 0.015637 0.037906
7 0.473303 0.641396 0.015256 0.034898
7 0.496377 0.628761 0.013349 0.036101
7 0.539283 0.609807 0.020595 0.049940
7 0.560831 0.588748 0.017162 0.047533
7 0.583905 0.573706 0.016018 0.048736
7 0.602784 0.538207 0.023265 0.078821
7 0.625477 0.466005 0.023646 0.086041
7 0.644165 0.446450 0.027460 0.102286
7 0.663616 0.420578 0.035088 0.134777
7 0.688024 0.423887 0.039664 0.176294
7 0.708238 0.416968 0.045004 0.200963
7 0.727689 0.402226 0.048818 0.205174
7 0.756865 0.387184 0.048436 0.220818
7 0.778413 0.373947 0.047292 0.226835
7 0.812357 0.339952 0.061785 0.241877
7 0.836194 0.336041 0.059115 0.241276
7 0.858886 0.331227 0.064836 0.260529
7 0.893974 0.302948 0.086194 0.244886
