14 0.584258 0.010607 0.008577 0.021214
14 0.584763 0.092173 0.008577 0.029261
7 0.013118 0.126189 0.008073 0.050475
7 0.027750 0.114484 0.010091 0.051939
7 0.042634 0.102780 0.011100 0.050475
7 0.078835 0.608632 0.013875 0.020483
7 0.081483 0.648866 0.014632 0.023409
7 0.086655 0.681053 0.020434 0.029261
7 0.089934 0.713606 0.020938 0.031456
7 0.098512 0.740673 0.011352 0.049012
7 0.100277 0.044989 0.008325 0.034382
7 0.106710 0.747988 0.006054 0.043160
7 0.115918 0.744696 0.007820 0.046818
7 0.118189 0.031822 0.008325 0.029993
7 0.130045 0.735187 0.009839 0.059985
7 0.130550 0.024140 0.007316 0.032187
7 0.145434 0.015728 0.007316 0.031456
7 0.146065 0.728237 0.010595 0.059254
7 0.161705 0.720556 0.008577 0.058522
7 0.178103 0.703731 0.007568 0.040966
7 0.192482 0.698610 0.008073 0.058522
7 0.206988 0.682882 0.009839 0.051939
7 0.221115 0.668983 0.009839 0.059254
7 0.235747 0.660571 0.009839 0.071690
7 0.249874 0.644111 0.010848 0.084126
7 0.265515 0.645940 0.009839 0.067301
7 0.294652 0.487564 0.009586 0.065106
7 0.296544 0.621068 0.010848 0.059985
7 0.312437 0.482809 0.008829 0.071690
7 0.313446 0.607169 0.009839 0.059985
7 0.328456 0.596928 0.009082 0.067301
7 0.344097 0.600951 0.008073 0.053402
7 0.353305 0.444770 0.015893 0.080468
7 0.358855 0.597293 0.011857 0.066569
7 0.374874 0.585955 0.010595 0.062911
7 0.378153 0.412948 0.010595 0.059254
7 0.386352 0.575713 0.009334 0.062911
7 0.400605 0.560717 0.010595 0.065106
7 0.420409 0.547184 0.008829 0.067301
7 0.425076 0.383687 0.014632 0.076811
7 0.435419 0.538040 0.009586 0.072421
7 0.450303 0.529627 0.010091 0.070227
7 0.457114 0.260424 0.027750 0.045355
7 0.465817 0.521214 0.009839 0.072421
7 0.467079 0.201170 0.030525 0.096562
7 0.478557 0.498171 0.011100 0.084857
7 0.494072 0.497074 0.008829 0.076811
7 0.504919 0.155816 0.009839 0.100951
7 0.520560 0.149963 0.009839 0.102414
7 0.525605 0.491222 0.007820 0.054865
7 0.535192 0.141185 0.010343 0.114119
7 0.543391 0.477688 0.009082 0.067301
7 0.550706 0.134236 0.017154 0.114850
7 0.557265 0.468544 0.009586 0.070958
7 0.573285 0.460863 0.008325 0.061448
7 0.585141 0.165691 0.014379 0.060717
7 0.587790 0.453182 0.010091 0.059254
7 0.602296 0.440015 0.009334 0.066569
7 0.614405 0.418069 0.010848 0.082663
7 0.630424 0.407462 0.011100 0.081931
7 0.644173 0.395391 0.012866 0.094367
7 0.661705 0.388808 0.011100 0.078274
7 0.677472 0.373080 0.011352 0.079005
7 0.708502 0.365399 0.009334 0.057791
7 0.736756 0.333577 0.011857 0.089247
7 0.751514 0.324433 0.011100 0.084126
7 0.767533 0.314923 0.010343 0.089978
7 0.785318 0.305413 0.012614 0.095830
7 0.799950 0.306145 0.009082 0.072421
7 0.812941 0.283102 0.010848 0.083394
7 0.828330 0.270300 0.010848 0.084126
7 0.843340 0.260790 0.010595 0.081200
7 0.857719 0.253109 0.010595 0.083394
7 0.874748 0.248720 0.009334 0.081931
7 0.900353 0.239210 0.010595 0.081931
7 0.926968 0.230066 0.011857 0.081200
7 0.984485 0.231895 0.005298 0.074616
