7 0.047050 0.757117 0.043374 0.120294
7 0.082797 0.679752 0.029958 0.084940
7 0.104025 0.628788 0.034552 0.119835
7 0.133615 0.642332 0.013233 0.029385
7 0.136004 0.611111 0.014703 0.040404
7 0.182319 0.517906 0.019849 0.053260
7 0.201158 0.477961 0.014519 0.039486
7 0.218894 0.441230 0.020217 0.052342
7 0.233137 0.366621 0.006065 0.016070
7 0.250505 0.382002 0.017644 0.060606
7 0.261441 0.371671 0.011211 0.045455
7 0.286712 0.325069 0.012865 0.059688
7 0.326962 0.287879 0.017644 0.061524
7 0.343871 0.268365 0.018379 0.061983
7 0.385131 0.225436 0.014887 0.047750
7 0.438430 0.183884 0.018930 0.056474
7 0.461496 0.167355 0.015806 0.049128
7 0.484286 0.156107 0.012865 0.052342
7 0.503308 0.149449 0.013417 0.045455
7 0.526374 0.145776 0.012498 0.028926
7 0.541812 0.138200 0.009925 0.035813
7 0.566072 0.137282 0.003308 0.029385
7 0.575538 0.145776 0.012681 0.020661
7 0.601360 0.138659 0.007719 0.033058
7 0.631318 0.137511 0.015806 0.034435
7 0.665778 0.144169 0.020401 0.017447
7 0.679746 0.137741 0.009741 0.011019
7 0.696379 0.126492 0.008454 0.031680
7 0.723213 0.165978 0.019482 0.045455
7 0.745911 0.194215 0.017828 0.039486
7 0.768333 0.230257 0.017828 0.039027
7 0.817313 0.265152 0.013233 0.030762
7 0.834957 0.291322 0.014336 0.031680
7 0.850947 0.327135 0.016909 0.036272
7 0.874747 0.358586 0.011211 0.033976
7 0.890645 0.460285 0.009557 0.027089
7 0.891105 0.408632 0.013784 0.033058
7 0.901489 0.535124 0.013233 0.023416
7 0.909943 0.560606 0.006616 0.009183
7 0.934479 0.960973 0.003860 0.065197
7 0.940452 0.811065 0.019114 0.034435
