1 0.156750 0.824000 0.005000 0.003000
1 0.160875 0.816125 0.005750 0.004250
1 0.161875 0.808375 0.004750 0.004250
1 0.162500 0.829750 0.006500 0.003500
13 0.061500 0.451500 0.014000 0.012500
13 0.073250 0.455000 0.014000 0.012500
13 0.089750 0.462250 0.033000 0.040000
4 0.064000 0.444375 0.008500 0.005750
4 0.065625 0.439500 0.008750 0.006000
4 0.075125 0.448000 0.008250 0.005500
4 0.077000 0.443125 0.008500 0.005750
5 0.052500 0.470125 0.007500 0.010250
5 0.055875 0.460375 0.007250 0.010250
5 0.058375 0.471875 0.007250 0.010250
5 0.061375 0.462250 0.007250 0.010000
5 0.064000 0.473500 0.007500 0.011000
5 0.067250 0.463625 0.007500 0.009750
5 0.070000 0.475625 0.007500 0.010750
5 0.073000 0.465375 0.008000 0.010250
7 0.141625 0.852000 0.010250 0.049000
7 0.183875 0.790875 0.017750 0.038750
7 0.259625 0.588625 0.013750 0.010750
8 0.071375 0.194875 0.027750 0.024250
8 0.099375 0.097375 0.012250 0.013250
