8 0.068077 0.823500 0.006154 0.005000
8 0.079327 0.738500 0.005577 0.007000
8 0.086058 0.707500 0.008269 0.035000
8 0.145962 0.973375 0.011154 0.007250
8 0.160288 0.425750 0.014423 0.017500
8 0.165769 0.407125 0.005000 0.005750
8 0.181058 0.068375 0.003654 0.009250
8 0.188846 0.209875 0.006923 0.006250
8 0.248077 0.558000 0.005385 0.007500
8 0.250769 0.610000 0.006154 0.006000
8 0.261250 0.673750 0.006731 0.005500
8 0.264423 0.037000 0.005385 0.010500
8 0.274615 0.755000 0.007692 0.014000
8 0.297885 0.860625 0.005000 0.006750
8 0.322788 0.984750 0.007500 0.015000
8 0.396058 0.509875 0.009038 0.010250
8 0.587500 0.408000 0.006538 0.010000
8 0.660000 0.407625 0.006154 0.010250
8 0.746058 0.439625 0.015192 0.040750
8 0.754615 0.844125 0.018462 0.033750
8 0.761250 0.262750 0.018654 0.018500
8 0.763173 0.928500 0.017885 0.021000
8 0.863173 0.854625 0.017885 0.017250
8 0.892692 0.510875 0.012308 0.012250
8 0.950288 0.234375 0.006346 0.007750
8 0.978365 0.314500 0.008269 0.013500
