1 0.035750 0.460750 0.014500 0.007000
1 0.082375 0.012125 0.013750 0.011250
1 0.093750 0.463375 0.017000 0.006250
1 0.152250 0.070125 0.013000 0.012250
1 0.173500 0.100125 0.014000 0.013750
1 0.225000 0.166750 0.011000 0.010500
1 0.251750 0.183875 0.008500 0.008250
1 0.396500 0.459625 0.011500 0.008750
1 0.470875 0.508875 0.012250 0.009250
1 0.492125 0.528625 0.009750 0.008750
1 0.517375 0.526375 0.011750 0.010750
1 0.562375 0.559750 0.014250 0.006500
1 0.600875 0.561125 0.016250 0.004250
1 0.790125 0.058500 0.007250 0.014500
1 0.806375 0.130875 0.005750 0.011750
1 0.811875 0.274375 0.010250 0.005750
1 0.812750 0.276250 0.010500 0.005500
1 0.813500 0.278375 0.011500 0.006250
1 0.815000 0.280375 0.013000 0.006250
1 0.815500 0.282625 0.012500 0.006250
1 0.816375 0.290125 0.010250 0.005250
1 0.816500 0.284750 0.011000 0.005000
1 0.817375 0.286625 0.011750 0.006250
1 0.817375 0.292000 0.011750 0.006000
1 0.818000 0.294125 0.011500 0.006250
1 0.818500 0.296375 0.011500 0.006250
1 0.819375 0.298500 0.011250 0.006000
1 0.820375 0.300375 0.012250 0.006750
1 0.821250 0.302750 0.013500 0.007000
1 0.822750 0.310250 0.012500 0.004000
1 0.823250 0.305125 0.014500 0.008250
1 0.823375 0.317125 0.010250 0.002750
1 0.823750 0.312750 0.012000 0.003000
1 0.824125 0.315000 0.011750 0.003000
1 0.825500 0.294125 0.007500 0.011250
1 0.825500 0.323125 0.010000 0.005750
1 0.826000 0.320125 0.013500 0.007250
1 0.826625 0.324875 0.012250 0.007750
1 0.827750 0.326875 0.012500 0.007750
1 0.832000 0.335625 0.012500 0.004750
1 0.832125 0.340500 0.014250 0.005000
1 0.832250 0.337875 0.014000 0.005250
1 0.832250 0.510125 0.012500 0.003250
1 0.832500 0.342875 0.012500 0.004750
1 0.833750 0.345000 0.013000 0.005000
1 0.835750 0.347250 0.014000 0.005500
1 0.840625 0.375250 0.011250 0.006500
1 0.842750 0.377375 0.014000 0.008250
1 0.843000 0.258375 0.006500 0.014250
1 0.843750 0.380000 0.015500 0.008500
1 0.846125 0.258000 0.006250 0.014500
1 0.846625 0.273000 0.006250 0.014000
1 0.849750 0.308250 0.005000 0.011500
1 0.849875 0.272375 0.006750 0.014750
1 0.850875 0.407750 0.012750 0.004000
1 0.852000 0.410500 0.014000 0.004000
1 0.853250 0.415625 0.013000 0.003750
1 0.853375 0.412875 0.015250 0.004250
1 0.853750 0.398250 0.014000 0.005000
1 0.854875 0.290750 0.006250 0.014500
1 0.855125 0.430750 0.007250 0.005000
1 0.855375 0.437000 0.009250 0.003500
1 0.855500 0.432375 0.006000 0.003250
1 0.856125 0.434875 0.006750 0.002750
1 0.856125 0.463750 0.013750 0.006000
1 0.856375 0.433625 0.005250 0.002250
1 0.857750 0.324375 0.006500 0.014250
2 0.107750 0.111750 0.007000 0.007500
6 0.893875 0.101750 0.025250 0.038500
8 0.026500 0.156500 0.004000 0.004500
8 0.036250 0.229375 0.003500 0.002250
8 0.043375 0.329250 0.003750 0.003500
8 0.046625 0.383625 0.005750 0.002250
8 0.049000 0.416875 0.005000 0.002250
8 0.106250 0.093250 0.006000 0.008500
8 0.109375 0.091750 0.006250 0.007500
8 0.129625 0.888000 0.003250 0.002000
8 0.130125 0.762375 0.004250 0.002250
8 0.130375 0.611625 0.006250 0.002750
8 0.130500 0.536500 0.006000 0.003000
8 0.130875 0.502500 0.008750 0.003000
8 0.137625 0.347750 0.003750 0.004000
8 0.204875 0.817625 0.002750 0.004250
8 0.211375 0.370125 0.003750 0.002250
8 0.272375 0.820375 0.005250 0.001750
8 0.289375 0.147875 0.004250 0.005750
8 0.332375 0.740750 0.004250 0.002000
8 0.344500 0.651000 0.004500 0.002500
8 0.351000 0.131875 0.005000 0.006250
8 0.362375 0.538500 0.004750 0.003000
8 0.370000 0.482750 0.007000 0.003500
8 0.415625 0.814500 0.002750 0.004500
8 0.417125 0.939000 0.002250 0.003000
8 0.440125 0.593250 0.012250 0.003500
8 0.448250 0.105750 0.003000 0.004500
8 0.460625 0.808500 0.015750 0.003500
8 0.510250 0.929750 0.002500 0.003500
8 0.536875 0.082750 0.013250 0.013000
8 0.564500 0.917875 0.004000 0.004250
8 0.631500 0.057000 0.003000 0.004500
8 0.643750 0.365875 0.005000 0.003750
8 0.658625 0.416125 0.006250 0.004250
8 0.677375 0.894000 0.004750 0.006000
8 0.685750 0.514625 0.005500 0.003750
8 0.715125 0.034875 0.003250 0.004250
8 0.784625 0.513625 0.043750 0.075250
8 0.805125 0.222125 0.018750 0.006750
8 0.806000 0.224375 0.018000 0.006250
8 0.809625 0.865375 0.003250 0.003750
8 0.829500 0.020250 0.005000 0.005500
8 0.871375 0.534250 0.006750 0.004000
8 0.892125 0.621125 0.005250 0.002750
8 0.894000 0.001625 0.005000 0.002750
8 0.898625 0.845875 0.002750 0.004250
8 0.907250 0.684000 0.005000 0.003500
8 0.952000 0.867875 0.004500 0.003250
8 0.956375 0.669500 0.002750 0.003500
8 0.969875 0.008375 0.006750 0.006250
8 0.982375 0.990375 0.005750 0.003250
8 0.984375 0.050625 0.005750 0.004250
8 0.985000 0.305375 0.005500 0.002750
