10 0.010655 0.764350 0.009590 0.019134
10 0.010922 0.710725 0.011188 0.018630
10 0.010922 0.745468 0.010123 0.018630
10 0.011188 0.728097 0.010655 0.018127
10 0.011188 0.784491 0.009590 0.021148
10 0.019712 0.694864 0.010655 0.020141
10 0.020511 0.736908 0.010123 0.015609
10 0.020511 0.754280 0.009057 0.018127
10 0.020511 0.771148 0.010123 0.016616
10 0.023442 0.262588 0.014917 0.008560
10 0.023974 0.271148 0.018114 0.008560
10 0.024241 0.476334 0.017581 0.009063
10 0.024507 0.217774 0.017048 0.008560
10 0.024774 0.538016 0.016516 0.007553
10 0.025040 0.377392 0.021311 0.009567
10 0.025040 0.386707 0.015983 0.008056
10 0.025040 0.422457 0.014917 0.008056
10 0.025306 0.280211 0.020778 0.009567
10 0.025306 0.297583 0.020778 0.008056
10 0.025306 0.432528 0.014385 0.007049
10 0.025306 0.502518 0.018647 0.009063
10 0.025306 0.529204 0.016516 0.008056
10 0.025573 0.351460 0.020245 0.009063
10 0.025839 0.520393 0.020778 0.009567
10 0.026105 0.360020 0.020245 0.010070
10 0.027171 0.572004 0.020245 0.010070
10 0.028503 0.563696 0.015450 0.007553
10 0.029302 0.669436 0.010655 0.017623
10 0.029568 0.686304 0.011188 0.016113
10 0.029835 0.705438 0.009590 0.019134
10 0.030101 0.746727 0.011188 0.020141
10 0.030101 0.766868 0.010123 0.018127
10 0.030900 0.088872 0.010655 0.017623
10 0.030900 0.126888 0.009590 0.017120
10 0.040490 0.127392 0.011721 0.018127
10 0.040757 0.088369 0.009057 0.017623
10 0.049547 0.700403 0.010655 0.018127
10 0.049814 0.786002 0.011188 0.021148
10 0.050080 0.088872 0.009590 0.018630
10 0.050080 0.742951 0.010655 0.019637
10 0.050346 0.765861 0.011188 0.020141
10 0.051945 0.192598 0.009057 0.024673
10 0.058871 0.228852 0.007991 0.013595
10 0.059137 0.089627 0.009590 0.016113
10 0.059137 0.126888 0.009590 0.019134
10 0.059936 0.765861 0.010123 0.019134
10 0.059936 0.786002 0.010123 0.021148
10 0.060202 0.515358 0.015983 0.009567
10 0.061268 0.328550 0.017048 0.010574
10 0.061268 0.496475 0.017048 0.009063
10 0.061801 0.319738 0.017048 0.009063
10 0.062067 0.310171 0.017581 0.009063
10 0.063133 0.338369 0.018647 0.009063
10 0.063133 0.506294 0.016516 0.007553
10 0.063399 0.301360 0.017048 0.007553
10 0.063665 0.385196 0.021843 0.009063
10 0.064731 0.450151 0.016516 0.008056
10 0.064731 0.469033 0.020778 0.009567
10 0.064731 0.533988 0.020778 0.009567
10 0.064997 0.375629 0.015983 0.008056
10 0.064997 0.403323 0.019180 0.009063
10 0.066063 0.431772 0.015983 0.008560
10 0.066862 0.422457 0.018647 0.009063
10 0.066862 0.440836 0.016516 0.007553
10 0.067395 0.228600 0.006926 0.014099
10 0.067395 0.525176 0.016516 0.009063
10 0.068727 0.129909 0.010655 0.023162
10 0.068727 0.543051 0.015983 0.007553
10 0.068727 0.710977 0.009590 0.016113
10 0.069259 0.478348 0.019180 0.009063
10 0.071391 0.347684 0.017048 0.008560
10 0.072722 0.366818 0.025040 0.009567
10 0.073255 0.292296 0.020778 0.009567
10 0.075120 0.515609 0.015983 0.009063
10 0.075919 0.247734 0.007991 0.017120
10 0.076185 0.228097 0.007459 0.014099
10 0.076185 0.497231 0.014917 0.009567
10 0.078849 0.089376 0.010655 0.017623
10 0.079116 0.393505 0.021843 0.008560
10 0.079382 0.319486 0.019180 0.008560
10 0.079382 0.328046 0.019180 0.009567
10 0.079382 0.767372 0.010655 0.018127
10 0.080181 0.129154 0.009057 0.020645
10 0.080448 0.309919 0.019180 0.008560
10 0.082579 0.301108 0.017048 0.007049
10 0.082579 0.384441 0.015983 0.008560
10 0.083378 0.337865 0.019712 0.008056
10 0.083378 0.449899 0.017581 0.007553
10 0.083644 0.403575 0.017048 0.008560
10 0.083910 0.413142 0.019712 0.008560
10 0.083910 0.533988 0.016516 0.006546
10 0.084177 0.228852 0.007459 0.014602
10 0.084443 0.468781 0.019712 0.009063
10 0.084976 0.432276 0.020778 0.008560
10 0.085509 0.506294 0.018647 0.008560
10 0.085775 0.543051 0.017048 0.007553
10 0.086042 0.439829 0.018647 0.007553
10 0.086574 0.422961 0.019712 0.009063
10 0.086574 0.524421 0.014385 0.007553
10 0.086574 0.553877 0.022909 0.010070
10 0.087373 0.478600 0.015983 0.008560
10 0.088439 0.767372 0.010655 0.020141
10 0.088705 0.746979 0.011188 0.016616
10 0.089771 0.515609 0.015450 0.008056
10 0.091103 0.375629 0.017048 0.009063
10 0.092701 0.204683 0.007459 0.016616
10 0.093234 0.228852 0.007459 0.014602
10 0.095365 0.347684 0.030900 0.010574
10 0.095898 0.291037 0.020245 0.008056
10 0.097230 0.128399 0.010123 0.020141
10 0.097496 0.496475 0.020245 0.008056
10 0.098562 0.329053 0.019180 0.008560
10 0.098562 0.772407 0.010655 0.020141
10 0.099361 0.319486 0.019712 0.008560
10 0.100426 0.365811 0.026105 0.008560
10 0.100693 0.281722 0.019180 0.008560
10 0.100693 0.309416 0.019180 0.008560
10 0.101225 0.394260 0.015983 0.008056
10 0.101492 0.300101 0.020778 0.009063
10 0.101758 0.403827 0.015983 0.007049
10 0.102291 0.208711 0.007459 0.014602
10 0.102291 0.228097 0.007459 0.015106
10 0.102291 0.385196 0.019180 0.009063
10 0.102824 0.506042 0.017048 0.008056
10 0.103356 0.450151 0.019180 0.009063
10 0.104156 0.431017 0.017581 0.007049
10 0.104156 0.543807 0.018647 0.008056
10 0.104422 0.440332 0.018114 0.007553
10 0.104688 0.533484 0.016516 0.007553
10 0.105221 0.423212 0.015450 0.007553
10 0.105221 0.524673 0.016516 0.008056
10 0.105487 0.477593 0.015983 0.007553
10 0.105754 0.413394 0.019712 0.009063
10 0.105754 0.458459 0.016516 0.007553
10 0.106020 0.469033 0.018114 0.007553
10 0.106553 0.553122 0.017048 0.007553
10 0.106819 0.486908 0.016516 0.008056
10 0.107352 0.516365 0.015450 0.007553
10 0.108151 0.782981 0.010655 0.018127
10 0.109483 0.374874 0.015450 0.007553
10 0.110549 0.208963 0.007991 0.014099
10 0.114012 0.187311 0.008524 0.016113
10 0.116942 0.290785 0.021843 0.009567
10 0.117475 0.764350 0.010123 0.019134
10 0.118007 0.712236 0.011188 0.013595
10 0.119606 0.210473 0.007991 0.018127
10 0.120139 0.281470 0.016516 0.008056
10 0.120405 0.272659 0.020245 0.008560
10 0.120671 0.496727 0.021843 0.008560
10 0.121204 0.329053 0.022909 0.009567
10 0.121204 0.384693 0.016516 0.008056
10 0.121470 0.319486 0.024507 0.010574
10 0.121737 0.394260 0.019712 0.008056
10 0.122003 0.263847 0.018114 0.008056
10 0.122003 0.403072 0.020245 0.008560
10 0.122003 0.431772 0.014917 0.007553
10 0.122536 0.450151 0.015983 0.007049
10 0.122536 0.506042 0.022376 0.008056
10 0.122802 0.365307 0.018647 0.007553
10 0.123069 0.309919 0.020245 0.009567
10 0.123069 0.423212 0.017048 0.008560
10 0.123335 0.338620 0.020778 0.010574
10 0.123335 0.440836 0.016516 0.006546
10 0.123335 0.459970 0.017581 0.009567
10 0.123335 0.524673 0.017581 0.010070
10 0.123868 0.468278 0.016516 0.007049
10 0.124134 0.487160 0.019180 0.006546
10 0.124134 0.534995 0.022376 0.009567
10 0.124401 0.517120 0.016516 0.008056
10 0.124401 0.543807 0.019712 0.009063
10 0.125200 0.092145 0.009590 0.019134
10 0.125466 0.412387 0.016516 0.008056
10 0.125466 0.478600 0.015450 0.007553
10 0.125733 0.188318 0.009590 0.021148
10 0.126265 0.374371 0.014917 0.007553
10 0.127331 0.787261 0.009590 0.018630
10 0.127597 0.746979 0.011188 0.018630
10 0.127597 0.766113 0.010123 0.020645
10 0.127864 0.728600 0.010655 0.018127
10 0.129196 0.207704 0.007991 0.015609
10 0.135589 0.104733 0.011188 0.019134
10 0.137187 0.787009 0.010123 0.020141
10 0.140650 0.063696 0.009590 0.017623
10 0.141982 0.245468 0.021843 0.009567
10 0.142248 0.264602 0.020245 0.009567
10 0.142248 0.283484 0.020245 0.010070
10 0.142515 0.228097 0.019712 0.009063
10 0.142515 0.236908 0.019712 0.008560
10 0.142781 0.255539 0.020245 0.010574
10 0.143047 0.200403 0.020778 0.008056
10 0.143047 0.274169 0.019712 0.009567
10 0.143047 0.292548 0.019712 0.010070
10 0.143047 0.302115 0.019712 0.009063
10 0.143047 0.554381 0.014385 0.008056
10 0.143314 0.190081 0.021311 0.009567
10 0.143314 0.311430 0.019180 0.009567
10 0.143314 0.359013 0.020245 0.010070
10 0.143580 0.330816 0.020778 0.010070
10 0.143580 0.348187 0.020778 0.010574
10 0.143580 0.385700 0.017581 0.009063
10 0.143847 0.395015 0.020245 0.009567
10 0.144113 0.218278 0.016516 0.008560
10 0.144113 0.377140 0.020778 0.009063
10 0.144113 0.432276 0.018647 0.009567
10 0.144113 0.441591 0.019712 0.010070
10 0.144379 0.340383 0.014917 0.007049
10 0.144379 0.368077 0.020245 0.009063
10 0.144379 0.451158 0.020245 0.009063
10 0.144379 0.479859 0.018114 0.010070
10 0.144379 0.497986 0.019180 0.010070
10 0.144912 0.423212 0.018114 0.009567
10 0.144912 0.525680 0.019180 0.011078
10 0.145178 0.208711 0.019712 0.009567
10 0.145178 0.413897 0.017581 0.010070
10 0.145445 0.507805 0.017048 0.008560
10 0.145711 0.132931 0.020778 0.020141
10 0.147842 0.105237 0.010123 0.021148
10 0.150506 0.060926 0.010123 0.019134
10 0.151039 0.039778 0.010123 0.017120
10 0.159563 0.082578 0.010123 0.014099
10 0.180607 0.282729 0.015983 0.008560
10 0.181140 0.225831 0.018114 0.008560
10 0.181140 0.263847 0.019180 0.009063
10 0.181406 0.254783 0.021843 0.009063
10 0.181673 0.319990 0.022376 0.010574
10 0.181939 0.329053 0.020778 0.009567
10 0.181939 0.469537 0.017581 0.008560
10 0.182206 0.311178 0.021311 0.009063
10 0.182472 0.245468 0.020778 0.009567
10 0.182472 0.290785 0.019712 0.008560
10 0.182472 0.300856 0.020778 0.009567
10 0.182472 0.507049 0.020778 0.009063
10 0.182738 0.217271 0.022376 0.010574
10 0.182738 0.235650 0.020245 0.010070
10 0.183005 0.189829 0.019712 0.011078
10 0.183005 0.198892 0.019712 0.010070
10 0.183005 0.337865 0.019712 0.011078
10 0.183005 0.357251 0.019712 0.008560
10 0.183005 0.385196 0.020778 0.009063
10 0.183005 0.460725 0.022909 0.009063
10 0.183005 0.478852 0.019712 0.009063
10 0.183005 0.497482 0.019712 0.009063
10 0.183271 0.272407 0.019180 0.010070
10 0.183271 0.367069 0.020245 0.009063
10 0.183271 0.394008 0.020245 0.009567
10 0.183271 0.402820 0.020245 0.009063
10 0.183271 0.413394 0.020245 0.010070
10 0.183538 0.441843 0.020778 0.008560
10 0.183538 0.488167 0.018647 0.009567
10 0.183538 0.516113 0.022909 0.010070
10 0.183538 0.526183 0.021843 0.009063
10 0.183538 0.534743 0.014385 0.006042
10 0.183804 0.347180 0.018114 0.008560
10 0.183804 0.422709 0.021311 0.009567
10 0.184070 0.431772 0.018647 0.008560
10 0.184603 0.450403 0.019712 0.009567
10 0.191795 0.093152 0.009590 0.019134
10 0.201918 0.283233 0.019180 0.009567
10 0.201918 0.386707 0.014917 0.007049
10 0.202184 0.246224 0.020778 0.009063
10 0.202184 0.301863 0.019712 0.009567
10 0.202451 0.237160 0.020245 0.010070
10 0.202451 0.254783 0.021311 0.009063
10 0.202451 0.274421 0.014917 0.008056
10 0.202451 0.293051 0.015983 0.009063
10 0.202451 0.310675 0.020245 0.009063
10 0.202451 0.321249 0.019180 0.010070
10 0.202451 0.330816 0.019180 0.011078
10 0.202451 0.554632 0.021311 0.010574
10 0.202717 0.189325 0.018647 0.009063
10 0.202717 0.209215 0.019712 0.008560
10 0.202717 0.264854 0.019712 0.010070
10 0.202717 0.358006 0.019712 0.010070
10 0.202717 0.498489 0.019712 0.010070
10 0.202983 0.348943 0.019180 0.011078
10 0.202983 0.479607 0.020245 0.009567
10 0.202983 0.488922 0.020245 0.010070
10 0.202983 0.535247 0.020245 0.009063
10 0.203516 0.200655 0.020245 0.009567
10 0.203516 0.218278 0.013852 0.006546
10 0.203516 0.376385 0.022376 0.010574
10 0.203516 0.395267 0.015983 0.009063
10 0.203516 0.433031 0.019180 0.008056
10 0.203516 0.526435 0.019180 0.009567
10 0.203783 0.227593 0.013319 0.008056
10 0.203783 0.404330 0.020778 0.009063
10 0.203783 0.413897 0.018647 0.009063
10 0.204315 0.093152 0.011188 0.018127
10 0.204315 0.423464 0.019712 0.009063
10 0.204582 0.442598 0.018114 0.009063
10 0.226958 0.095418 0.010655 0.018630
10 0.237080 0.094411 0.008524 0.016616
10 0.240543 0.470040 0.013319 0.009567
10 0.240810 0.245720 0.018114 0.009063
10 0.241343 0.255287 0.018114 0.009063
10 0.241343 0.263847 0.018114 0.010070
10 0.241609 0.237160 0.022909 0.009063
10 0.241609 0.320242 0.020778 0.011078
10 0.241875 0.217271 0.020245 0.010574
10 0.241875 0.273162 0.021311 0.010574
10 0.241875 0.330564 0.020245 0.010574
10 0.242142 0.189325 0.017581 0.008056
10 0.242142 0.207704 0.020778 0.010574
10 0.242142 0.302115 0.020778 0.012085
10 0.242142 0.460473 0.019712 0.009567
10 0.242142 0.516365 0.014385 0.006546
10 0.242408 0.198892 0.015983 0.008056
10 0.242408 0.282729 0.020245 0.009567
10 0.242408 0.356999 0.021311 0.009063
10 0.242408 0.507553 0.021311 0.010070
10 0.242408 0.536254 0.019180 0.010070
10 0.242674 0.347684 0.019712 0.009567
10 0.242674 0.441843 0.020778 0.011581
10 0.242941 0.226334 0.018114 0.007553
10 0.243207 0.311178 0.017581 0.009063
10 0.243474 0.422709 0.020245 0.011581
10 0.248002 0.095921 0.007991 0.016616
10 0.248535 0.073263 0.006926 0.017623
10 0.258657 0.093907 0.007991 0.017623
10 0.259457 0.072256 0.008524 0.017623
10 0.261588 0.451662 0.020245 0.010070
10 0.261854 0.320997 0.020778 0.009567
10 0.262120 0.303122 0.020245 0.010070
10 0.262120 0.367825 0.021311 0.009567
10 0.262120 0.554884 0.020245 0.011078
10 0.262387 0.265358 0.021843 0.011078
10 0.262387 0.283233 0.020778 0.009567
10 0.262387 0.330312 0.018647 0.009063
10 0.262387 0.340131 0.020778 0.009567
10 0.262387 0.349950 0.018647 0.009063
10 0.262387 0.498489 0.021843 0.010070
10 0.262653 0.246224 0.020245 0.010070
10 0.262653 0.273917 0.020245 0.009063
10 0.262653 0.293303 0.021311 0.010574
10 0.262653 0.442346 0.021311 0.009567
10 0.262920 0.190332 0.019712 0.010070
10 0.262920 0.208963 0.020778 0.010070
10 0.262920 0.218278 0.019712 0.009567
10 0.262920 0.227845 0.019712 0.009567
10 0.262920 0.358510 0.014385 0.008056
10 0.262920 0.405589 0.021843 0.009567
10 0.262920 0.413897 0.019712 0.008056
10 0.263186 0.461480 0.017048 0.008560
10 0.263452 0.199396 0.020778 0.010070
10 0.263452 0.376888 0.021843 0.009567
10 0.263452 0.386203 0.021843 0.010070
10 0.263452 0.480111 0.018647 0.009567
10 0.263452 0.536002 0.018647 0.009567
10 0.263719 0.434038 0.017048 0.007049
10 0.263719 0.489426 0.015983 0.007049
10 0.263719 0.526939 0.023442 0.011581
10 0.263985 0.396022 0.021843 0.009567
10 0.264518 0.424220 0.019712 0.009567
10 0.264784 0.311934 0.014917 0.007553
10 0.301012 0.469537 0.010655 0.017623
10 0.301012 0.491944 0.010655 0.018127
10 0.314065 0.237412 0.007991 0.014602
10 0.314331 0.222306 0.008524 0.012588
10 0.318061 0.445871 0.011721 0.018630
10 0.318327 0.464502 0.013319 0.019637
10 0.318860 0.429507 0.009057 0.015106
10 0.342302 0.189829 0.018647 0.009063
10 0.343101 0.421198 0.009590 0.015609
10 0.343633 0.310675 0.018114 0.008056
10 0.344166 0.245468 0.019180 0.010574
10 0.344433 0.208207 0.019712 0.009567
10 0.344433 0.226083 0.021843 0.008056
10 0.344699 0.234391 0.017048 0.008560
10 0.344965 0.291793 0.016516 0.008560
10 0.345232 0.198640 0.019180 0.009567
10 0.345232 0.302115 0.022376 0.010070
10 0.345232 0.379658 0.021311 0.011078
10 0.345232 0.389980 0.021311 0.010574
10 0.345498 0.369839 0.020778 0.010574
10 0.345765 0.349446 0.021311 0.012085
10 0.346031 0.263847 0.019712 0.010070
10 0.346031 0.273917 0.020778 0.011078
10 0.346297 0.217774 0.017048 0.010574
10 0.353490 0.589124 0.009057 0.014099
10 0.354022 0.604733 0.009057 0.017120
10 0.357485 0.179255 0.030900 0.010070
10 0.365477 0.199648 0.019180 0.008560
10 0.365743 0.189829 0.019712 0.008056
10 0.365743 0.255287 0.020778 0.009063
10 0.366010 0.208711 0.020245 0.008560
10 0.366276 0.237160 0.019712 0.011078
10 0.366276 0.264602 0.020778 0.010574
10 0.366276 0.274421 0.020778 0.010070
10 0.366276 0.283484 0.019712 0.009063
10 0.366542 0.246475 0.019180 0.009567
10 0.366542 0.391994 0.020245 0.009567
10 0.366809 0.302618 0.019712 0.009063
10 0.366809 0.311682 0.020778 0.009063
10 0.366809 0.340383 0.020778 0.011078
10 0.367075 0.218026 0.018114 0.010070
10 0.367075 0.370846 0.019180 0.010574
10 0.367342 0.227593 0.017581 0.011078
10 0.367342 0.292800 0.018647 0.010574
10 0.367608 0.382679 0.019180 0.009063
10 0.367874 0.320997 0.018647 0.009567
10 0.368407 0.330312 0.019712 0.009063
10 0.368407 0.360020 0.016516 0.010070
10 0.368673 0.350705 0.015983 0.008560
10 0.377464 0.577039 0.007991 0.016113
10 0.384390 0.625378 0.009057 0.019134
10 0.386787 0.584592 0.009590 0.019134
10 0.387320 0.604733 0.007459 0.019134
10 0.395045 0.625126 0.007991 0.016616
10 0.397176 0.582830 0.007991 0.016616
10 0.397443 0.603726 0.009590 0.021148
10 0.404369 0.197130 0.009590 0.014602
10 0.405434 0.222558 0.020245 0.009063
10 0.405434 0.240937 0.020245 0.009567
10 0.405434 0.250755 0.020245 0.009063
10 0.405701 0.231621 0.020778 0.010070
10 0.405701 0.390483 0.020778 0.010574
10 0.405967 0.260070 0.020245 0.009567
10 0.405967 0.278197 0.021311 0.010574
10 0.405967 0.287764 0.021311 0.010574
10 0.405967 0.306898 0.020245 0.009567
10 0.405967 0.315962 0.020245 0.009567
10 0.405967 0.343907 0.020245 0.009063
10 0.405967 0.352719 0.020245 0.010574
10 0.405967 0.381672 0.021311 0.009063
10 0.405967 0.429003 0.020245 0.009063
10 0.405967 0.447633 0.021311 0.011078
10 0.405967 0.458207 0.021311 0.010070
10 0.406233 0.269134 0.020778 0.009567
10 0.406233 0.297331 0.020778 0.009567
10 0.406233 0.410624 0.020778 0.009567
10 0.406233 0.419436 0.020778 0.009063
10 0.406233 0.477090 0.021843 0.010574
10 0.406500 0.334844 0.020245 0.009063
10 0.406500 0.372356 0.021311 0.010574
10 0.406500 0.400302 0.021311 0.010070
10 0.406500 0.467019 0.021311 0.009567
10 0.406766 0.325277 0.020778 0.011078
10 0.406766 0.363293 0.020778 0.009567
10 0.406766 0.486657 0.021843 0.010574
10 0.406766 0.506798 0.020778 0.009567
10 0.406766 0.535750 0.021843 0.010070
10 0.407032 0.495972 0.022376 0.011078
10 0.407565 0.603474 0.008524 0.020645
10 0.408098 0.436556 0.018114 0.010070
10 0.415290 0.200906 0.009057 0.017120
10 0.425147 0.200906 0.008524 0.016113
10 0.425679 0.240937 0.021311 0.010574
10 0.425946 0.260070 0.020778 0.009567
10 0.426212 0.222558 0.018114 0.008056
10 0.426212 0.250755 0.021311 0.010070
10 0.426212 0.269134 0.021311 0.010574
10 0.426212 0.288520 0.020245 0.009063
10 0.426478 0.231621 0.016516 0.009063
10 0.426478 0.279204 0.020778 0.010574
10 0.426478 0.372105 0.019712 0.010070
10 0.426478 0.526435 0.020778 0.010574
10 0.426745 0.353726 0.020245 0.010574
10 0.426745 0.400806 0.017048 0.008056
10 0.426745 0.448640 0.018114 0.009063
10 0.426745 0.581571 0.008524 0.018127
10 0.427011 0.297331 0.018647 0.009567
10 0.427278 0.325529 0.017048 0.009567
10 0.427278 0.487160 0.019180 0.010574
10 0.427278 0.536254 0.020245 0.009063
10 0.427544 0.391994 0.018647 0.009567
10 0.427810 0.306898 0.017048 0.010574
10 0.427810 0.335096 0.015983 0.008560
10 0.427810 0.420191 0.019180 0.010574
10 0.427810 0.429507 0.015983 0.008056
10 0.428077 0.439325 0.020778 0.009567
10 0.428077 0.458459 0.019712 0.010574
10 0.428609 0.477341 0.015450 0.009063
10 0.428609 0.516868 0.016516 0.009567
10 0.428609 0.602216 0.007991 0.020141
10 0.434204 0.200151 0.007459 0.013595
10 0.438732 0.604985 0.009057 0.018630
10 0.438998 0.584844 0.009590 0.020645
10 0.450186 0.568479 0.008524 0.018127
10 0.450453 0.603726 0.009057 0.017120
10 0.450986 0.586606 0.007991 0.016113
10 0.459776 0.604985 0.008524 0.017623
10 0.460043 0.565962 0.009057 0.017120
10 0.460043 0.585599 0.007991 0.020141
10 0.464038 0.241440 0.020245 0.009567
10 0.464305 0.231873 0.019712 0.009567
10 0.464305 0.250504 0.020778 0.009567
10 0.464305 0.333837 0.016516 0.009063
10 0.464571 0.259819 0.021311 0.011078
10 0.464571 0.287261 0.020245 0.009567
10 0.464571 0.344159 0.020245 0.009567
10 0.464838 0.222810 0.020778 0.010574
10 0.464838 0.269134 0.020778 0.009567
10 0.464838 0.278197 0.019712 0.009567
10 0.464838 0.297583 0.020778 0.010070
10 0.464838 0.353474 0.019712 0.009063
10 0.464838 0.362286 0.020778 0.010574
10 0.465104 0.372356 0.020245 0.009567
10 0.465104 0.418681 0.019180 0.009567
10 0.465104 0.524673 0.021311 0.011078
10 0.465370 0.390483 0.015450 0.008560
10 0.465370 0.409114 0.019712 0.009567
10 0.465370 0.457956 0.019712 0.010574
10 0.465370 0.494965 0.019712 0.009063
10 0.465370 0.505791 0.021843 0.010574
10 0.465637 0.324773 0.019180 0.010070
10 0.465637 0.428751 0.015983 0.008560
10 0.465637 0.485650 0.020245 0.009567
10 0.465903 0.446375 0.017581 0.009567
10 0.465903 0.476334 0.020778 0.010070
10 0.466169 0.437815 0.017048 0.008560
10 0.467235 0.196626 0.009590 0.014602
10 0.469100 0.587613 0.007991 0.015106
10 0.479489 0.604733 0.009590 0.019134
10 0.484550 0.232377 0.019712 0.010574
10 0.484550 0.251762 0.019712 0.009063
10 0.484550 0.260574 0.019712 0.009567
10 0.484816 0.221803 0.020245 0.009567
10 0.484816 0.241692 0.020245 0.010070
10 0.484816 0.297835 0.020245 0.009567
10 0.484816 0.316213 0.020245 0.011078
10 0.485083 0.287513 0.020778 0.010070
10 0.485083 0.306647 0.020778 0.009063
10 0.485615 0.277946 0.020778 0.009063
10 0.485615 0.325780 0.021843 0.010070
10 0.485882 0.448892 0.022376 0.010574
10 0.485882 0.535498 0.020245 0.009567
10 0.486148 0.344159 0.017581 0.010574
10 0.486148 0.439325 0.021843 0.010574
10 0.486148 0.496224 0.021843 0.010574
10 0.486148 0.516365 0.019712 0.009567
10 0.486414 0.269386 0.017048 0.008056
10 0.486414 0.353474 0.017048 0.009063
10 0.486681 0.428499 0.020778 0.009063
10 0.486681 0.467271 0.018647 0.010070
10 0.487214 0.410876 0.018647 0.010070
10 0.487480 0.199144 0.012786 0.019637
10 0.487480 0.486657 0.019180 0.009567
10 0.487746 0.525680 0.016516 0.010070
10 0.488013 0.477090 0.015983 0.008560
10 0.488546 0.400554 0.018114 0.010574
10 0.498668 0.605237 0.009590 0.017120
10 0.499467 0.586103 0.010123 0.020141
10 0.520778 0.199899 0.007991 0.018127
10 0.523974 0.248993 0.020778 0.008560
10 0.524507 0.221803 0.021843 0.010574
10 0.524507 0.277946 0.019712 0.010070
10 0.524507 0.296576 0.020778 0.010070
10 0.524774 0.465005 0.019180 0.009567
10 0.525040 0.259819 0.020778 0.010070
10 0.525040 0.314703 0.015450 0.009063
10 0.525040 0.325025 0.020778 0.009567
10 0.525040 0.334592 0.020778 0.009567
10 0.525040 0.474572 0.018647 0.009567
10 0.525040 0.483887 0.018647 0.010070
10 0.525040 0.493454 0.019712 0.010070
10 0.525040 0.504028 0.020778 0.011078
10 0.525306 0.445368 0.020245 0.008560
10 0.525306 0.455690 0.019180 0.009063
10 0.525839 0.239678 0.014917 0.009063
10 0.525839 0.417925 0.019180 0.009063
10 0.525839 0.427492 0.019180 0.010070
10 0.525839 0.436304 0.020245 0.008560
10 0.526638 0.408107 0.020778 0.008560
10 0.531700 0.204935 0.008524 0.018127
10 0.540490 0.511078 0.009057 0.018127
10 0.541289 0.529960 0.010655 0.019637
10 0.541822 0.790030 0.007459 0.015106
10 0.542088 0.587110 0.010123 0.018127
10 0.542088 0.759567 0.006926 0.015609
10 0.542621 0.491692 0.007991 0.016616
10 0.542888 0.627140 0.011721 0.019637
10 0.542888 0.775176 0.007459 0.014602
10 0.543687 0.150302 0.016516 0.008560
10 0.543953 0.157603 0.015983 0.008056
10 0.543953 0.165156 0.015983 0.009063
10 0.543953 0.172709 0.017048 0.008056
10 0.543953 0.180262 0.018114 0.007049
10 0.543953 0.195116 0.017048 0.007553
10 0.544219 0.187815 0.016516 0.008056
10 0.549014 0.306647 0.011188 0.018127
10 0.549281 0.288268 0.011721 0.016616
10 0.549281 0.380916 0.010655 0.021652
10 0.549814 0.511329 0.010655 0.018630
10 0.550613 0.454179 0.011188 0.021148
10 0.550613 0.531470 0.010123 0.016616
10 0.551412 0.269386 0.009590 0.020141
10 0.551678 0.249496 0.009057 0.019637
10 0.551678 0.361531 0.007991 0.017120
10 0.551945 0.342900 0.008524 0.018127
10 0.552211 0.491440 0.009057 0.018127
10 0.552211 0.587362 0.011188 0.017623
10 0.552477 0.415911 0.008524 0.019134
10 0.552477 0.434794 0.008524 0.017623
10 0.559936 0.306143 0.011721 0.018127
10 0.559936 0.381420 0.010655 0.020645
10 0.560202 0.511078 0.010123 0.018127
10 0.560202 0.789275 0.007991 0.016616
10 0.560469 0.288016 0.010655 0.017120
10 0.560469 0.454683 0.009590 0.021148
10 0.560735 0.530715 0.009057 0.017120
10 0.560735 0.753273 0.007991 0.018127
10 0.560735 0.771400 0.007991 0.018127
10 0.561268 0.680765 0.009057 0.021148
10 0.561534 0.343404 0.008524 0.019134
10 0.561534 0.362034 0.009590 0.017120
10 0.561534 0.698137 0.007459 0.014602
10 0.561534 0.734391 0.008524 0.017623
10 0.561801 0.249748 0.009057 0.019134
10 0.561801 0.269134 0.009057 0.019637
10 0.561801 0.586858 0.010123 0.018630
10 0.561801 0.716012 0.009057 0.019134
10 0.562334 0.490937 0.009057 0.018127
10 0.562600 0.415156 0.009590 0.018630
10 0.562600 0.434542 0.007459 0.018127
10 0.562600 0.565710 0.008524 0.019637
10 0.569526 0.381420 0.010655 0.019637
10 0.569526 0.530211 0.009590 0.019134
10 0.570059 0.306143 0.010655 0.018127
10 0.570059 0.454683 0.010655 0.021148
10 0.570325 0.510826 0.010123 0.018630
10 0.570591 0.288016 0.009590 0.017120
10 0.570591 0.787764 0.007459 0.017623
10 0.571124 0.269134 0.008524 0.019637
10 0.571124 0.737915 0.008524 0.018630
10 0.571391 0.771903 0.006926 0.014099
10 0.571657 0.342900 0.008524 0.019134
10 0.571657 0.361027 0.008524 0.017120
10 0.571657 0.586858 0.011721 0.018630
10 0.571657 0.698892 0.007459 0.019134
10 0.571657 0.756042 0.008524 0.016616
10 0.571923 0.250000 0.009057 0.018630
10 0.571923 0.415408 0.009057 0.019134
10 0.571923 0.434542 0.009057 0.018127
10 0.571923 0.491188 0.010123 0.019637
10 0.571923 0.718278 0.009057 0.019637
10 0.575653 0.156344 0.016516 0.008560
10 0.575653 0.172205 0.017581 0.008056
10 0.575653 0.186556 0.015450 0.008560
10 0.575919 0.139980 0.017048 0.008056
10 0.575919 0.164149 0.018114 0.009063
10 0.575919 0.179003 0.017048 0.008560
10 0.576185 0.148288 0.016516 0.008560
10 0.576985 0.208711 0.017048 0.011581
10 0.579648 0.288520 0.010655 0.016113
10 0.579648 0.381420 0.010655 0.020645
10 0.579648 0.455186 0.010655 0.020141
10 0.579648 0.511078 0.010655 0.018127
10 0.579648 0.529708 0.010655 0.019134
10 0.580181 0.305388 0.010655 0.017623
10 0.581247 0.360524 0.008524 0.018127
10 0.581513 0.269134 0.007991 0.020645
10 0.581513 0.341641 0.009057 0.018630
10 0.581779 0.249748 0.007459 0.019134
10 0.581779 0.414904 0.008524 0.019134
10 0.582046 0.434794 0.009057 0.016616
10 0.582046 0.490181 0.007991 0.017623
10 0.582312 0.587362 0.010655 0.017623
10 0.589771 0.380665 0.010655 0.021148
10 0.590037 0.288016 0.010123 0.016113
10 0.590037 0.306395 0.010123 0.017623
10 0.590304 0.511078 0.010655 0.018127
10 0.590304 0.530715 0.009590 0.018127
10 0.590304 0.789023 0.007459 0.017120
10 0.590570 0.455438 0.011188 0.020645
10 0.591103 0.269134 0.009057 0.019637
10 0.591103 0.434290 0.007991 0.017623
10 0.591369 0.360020 0.007459 0.017120
10 0.591636 0.126636 0.016516 0.008560
10 0.591636 0.156344 0.016516 0.008560
10 0.591636 0.248993 0.007991 0.020645
10 0.591636 0.342145 0.007991 0.016616
10 0.591636 0.414904 0.009057 0.020141
10 0.591636 0.490433 0.009057 0.019134
10 0.591902 0.180010 0.015983 0.007553
10 0.592168 0.164653 0.015450 0.009063
10 0.592701 0.142497 0.015450 0.008056
10 0.593234 0.187059 0.013319 0.007553
10 0.593234 0.194864 0.013319 0.008056
10 0.599893 0.288268 0.009590 0.016616
10 0.599893 0.306395 0.010655 0.016616
10 0.599893 0.380413 0.009590 0.020645
10 0.599893 0.510574 0.011721 0.018127
10 0.600160 0.454935 0.011188 0.021652
10 0.600160 0.529708 0.010123 0.019134
10 0.600426 0.758308 0.007459 0.016113
10 0.600426 0.789275 0.007459 0.015609
10 0.600959 0.360524 0.008524 0.016113
10 0.600959 0.774421 0.007459 0.014099
10 0.601225 0.268882 0.007991 0.019134
10 0.601225 0.342649 0.007991 0.018630
10 0.601492 0.248741 0.007459 0.019134
10 0.601758 0.434038 0.007991 0.018127
10 0.602025 0.078298 0.009590 0.017623
10 0.602025 0.414904 0.008524 0.019134
10 0.602025 0.587362 0.010655 0.020645
10 0.602824 0.490685 0.009057 0.018630
10 0.609483 0.380665 0.011721 0.021148
10 0.609750 0.306647 0.010123 0.016113
10 0.610282 0.287764 0.010123 0.017623
10 0.610282 0.510322 0.010123 0.019637
10 0.610549 0.529708 0.009590 0.019134
10 0.610815 0.454431 0.010123 0.019637
10 0.611082 0.268882 0.009590 0.019134
10 0.611348 0.342145 0.007991 0.018630
10 0.611348 0.414149 0.007991 0.020645
10 0.611614 0.360272 0.008524 0.017623
10 0.611881 0.248489 0.007991 0.019637
10 0.611881 0.434290 0.009057 0.019637
10 0.611881 0.587865 0.010123 0.020645
10 0.612413 0.490433 0.009057 0.019134
10 0.618807 0.770645 0.009057 0.021652
10 0.619606 0.380916 0.010655 0.021652
10 0.619606 0.789778 0.007459 0.016616
10 0.619872 0.288268 0.010123 0.017623
10 0.619872 0.529708 0.010123 0.019134
10 0.619872 0.672709 0.009057 0.020141
10 0.619872 0.691843 0.007991 0.018127
10 0.619872 0.710977 0.009057 0.018127
10 0.620139 0.306647 0.010655 0.016113
10 0.620139 0.510826 0.009590 0.018630
10 0.620671 0.729859 0.009590 0.019637
10 0.620938 0.587613 0.010123 0.019134
10 0.621204 0.248993 0.008524 0.019637
10 0.621204 0.414653 0.008524 0.019637
10 0.621470 0.269386 0.007991 0.020141
10 0.622003 0.343152 0.009057 0.018630
10 0.622003 0.360524 0.007991 0.017120
10 0.622270 0.434542 0.009590 0.019134
10 0.622270 0.489426 0.008524 0.018127
10 0.622536 0.149547 0.016516 0.008056
10 0.622802 0.141239 0.017048 0.008560
10 0.623335 0.156848 0.017048 0.007553
10 0.623335 0.217774 0.015983 0.009567
10 0.623601 0.164401 0.017581 0.008560
10 0.623601 0.201913 0.016516 0.008056
10 0.623868 0.172205 0.018114 0.007049
10 0.623868 0.186304 0.017048 0.008056
10 0.624134 0.179758 0.017581 0.008056
10 0.628130 0.082578 0.009590 0.018127
10 0.629196 0.768379 0.008524 0.019134
10 0.629462 0.380665 0.010123 0.020141
10 0.629462 0.510826 0.010123 0.018630
10 0.629462 0.787764 0.007991 0.019637
10 0.629728 0.529960 0.009590 0.019637
10 0.630261 0.288268 0.009590 0.017623
10 0.630261 0.306647 0.009590 0.017120
10 0.630261 0.587110 0.010655 0.019134
10 0.631327 0.249496 0.007459 0.018630
10 0.631593 0.268630 0.007991 0.018630
10 0.631593 0.342145 0.006926 0.017623
10 0.631593 0.360272 0.007991 0.018630
10 0.631593 0.414149 0.009057 0.019637
10 0.631859 0.434038 0.009590 0.020141
10 0.631859 0.490685 0.009590 0.021652
10 0.632392 0.454935 0.014917 0.019637
10 0.638785 0.510826 0.009590 0.017623
10 0.639052 0.141239 0.015450 0.007553
10 0.639318 0.186808 0.015983 0.009063
10 0.639584 0.172709 0.015450 0.008056
10 0.639584 0.202669 0.016516 0.007553
10 0.639584 0.380916 0.010123 0.019637
10 0.639584 0.529708 0.010123 0.021148
10 0.639851 0.076788 0.009590 0.019637
10 0.640650 0.587110 0.011188 0.019134
10 0.640650 0.625378 0.010123 0.020141
10 0.640916 0.269134 0.008524 0.017623
10 0.640916 0.415911 0.008524 0.019134
10 0.641183 0.249245 0.009057 0.020141
10 0.641183 0.566969 0.009057 0.020141
10 0.641449 0.360775 0.008524 0.017623
10 0.641716 0.342397 0.007991 0.018127
10 0.641716 0.490685 0.009057 0.020645
10 0.642248 0.434542 0.009057 0.018127
10 0.643314 0.454431 0.013319 0.020645
10 0.648908 0.530211 0.010655 0.019134
10 0.648908 0.786002 0.009590 0.021148
10 0.649174 0.510826 0.012254 0.018630
10 0.649441 0.380916 0.010655 0.020645
10 0.649707 0.288016 0.010123 0.019134
10 0.649707 0.306143 0.011188 0.018127
10 0.649707 0.764854 0.009057 0.021148
10 0.650240 0.626888 0.010123 0.018127
10 0.650506 0.269134 0.007459 0.018630
10 0.651039 0.250000 0.008524 0.020645
10 0.651039 0.434542 0.011721 0.018127
10 0.651039 0.587110 0.010655 0.019134
10 0.651305 0.361027 0.007991 0.018127
10 0.651572 0.342145 0.008524 0.017623
10 0.651572 0.414653 0.009590 0.018630
10 0.651838 0.490937 0.009057 0.022155
10 0.651838 0.567221 0.010123 0.019637
10 0.654768 0.453424 0.014917 0.019637
10 0.659030 0.380916 0.010655 0.019637
10 0.659030 0.530211 0.009590 0.019134
10 0.659563 0.510826 0.009590 0.018630
10 0.660096 0.248993 0.008524 0.020645
10 0.660362 0.269386 0.007991 0.020141
10 0.660629 0.587110 0.010655 0.018127
10 0.660895 0.566213 0.007991 0.018630
10 0.661161 0.414149 0.009590 0.018630
10 0.661694 0.342900 0.007459 0.018127
10 0.661694 0.361027 0.009590 0.018127
10 0.661694 0.433535 0.008524 0.017120
10 0.661694 0.491188 0.007459 0.020645
10 0.661694 0.624622 0.008524 0.014602
10 0.666489 0.453424 0.014917 0.019637
10 0.668620 0.288268 0.010655 0.017623
10 0.668620 0.529960 0.011721 0.019637
10 0.669153 0.305136 0.010655 0.018127
10 0.669153 0.380161 0.010655 0.020141
10 0.669153 0.511581 0.011721 0.018127
10 0.669686 0.248993 0.008524 0.020645
10 0.670218 0.171198 0.017048 0.007049
10 0.670218 0.565962 0.008524 0.020141
10 0.670218 0.586858 0.009590 0.018630
10 0.670218 0.790534 0.007459 0.016113
10 0.670485 0.179003 0.016516 0.007553
10 0.670485 0.269134 0.009057 0.018630
10 0.671018 0.343404 0.009057 0.019134
10 0.671018 0.360775 0.009057 0.016616
10 0.671018 0.414149 0.010123 0.019637
10 0.671018 0.434290 0.010123 0.018630
10 0.671284 0.489930 0.008524 0.017120
10 0.671284 0.721047 0.008524 0.015106
10 0.675280 0.627895 0.009057 0.018127
10 0.677411 0.452920 0.014385 0.019637
10 0.678210 0.790534 0.007459 0.016113
10 0.678476 0.510574 0.010123 0.019134
10 0.679009 0.288016 0.010123 0.018127
10 0.679009 0.305136 0.010123 0.017120
10 0.679009 0.380413 0.010123 0.020645
10 0.679009 0.529708 0.010123 0.020141
10 0.679808 0.248741 0.008524 0.021148
10 0.679808 0.565962 0.008524 0.021148
10 0.680075 0.586858 0.010123 0.018630
10 0.680341 0.268882 0.008524 0.018127
10 0.680607 0.434290 0.009057 0.017623
10 0.680874 0.361027 0.008524 0.016113
10 0.680874 0.415660 0.008524 0.018630
10 0.680874 0.490937 0.008524 0.019134
10 0.681140 0.343404 0.009057 0.020141
10 0.683005 0.697130 0.008524 0.014602
10 0.685136 0.126385 0.017048 0.008056
10 0.685402 0.140987 0.016516 0.009063
10 0.686468 0.149043 0.014385 0.008056
10 0.686468 0.156344 0.014385 0.007553
10 0.686734 0.790282 0.007459 0.015609
10 0.688599 0.287764 0.010123 0.017623
10 0.688865 0.305136 0.010655 0.018127
10 0.688865 0.511581 0.010655 0.017120
10 0.688865 0.529708 0.010655 0.020141
10 0.689132 0.380161 0.010123 0.020141
10 0.689931 0.248741 0.008524 0.020141
10 0.689931 0.268630 0.008524 0.019637
10 0.690464 0.361279 0.008524 0.017623
10 0.690730 0.434290 0.009057 0.017623
10 0.690730 0.491440 0.007991 0.019134
10 0.690730 0.565962 0.009057 0.020141
10 0.690996 0.415660 0.007459 0.017623
10 0.691263 0.343152 0.009057 0.018630
10 0.693926 0.681772 0.010123 0.018127
10 0.695791 0.789275 0.008524 0.014602
10 0.698455 0.288016 0.010655 0.018127
10 0.698721 0.511581 0.010123 0.017120
10 0.698988 0.380413 0.010655 0.019637
10 0.698988 0.529960 0.010655 0.019637
10 0.699254 0.305639 0.010123 0.018127
10 0.699787 0.248741 0.007991 0.019134
10 0.700053 0.268630 0.008524 0.018630
10 0.700320 0.435549 0.007991 0.017120
10 0.700320 0.492447 0.009057 0.021148
10 0.700852 0.361027 0.009057 0.018127
10 0.700852 0.416415 0.007991 0.018127
10 0.700852 0.565206 0.007991 0.018630
10 0.701119 0.342397 0.007459 0.017120
10 0.705647 0.790785 0.006926 0.014602
10 0.708844 0.288268 0.010123 0.018630
10 0.708844 0.305639 0.010123 0.017120
10 0.708844 0.380665 0.010123 0.020141
10 0.709110 0.511329 0.010655 0.017623
10 0.709377 0.529960 0.010123 0.019637
10 0.709643 0.268379 0.008524 0.019134
10 0.709909 0.248993 0.007991 0.020645
10 0.710442 0.492195 0.009057 0.020645
10 0.710442 0.564955 0.009057 0.018127
10 0.710709 0.342900 0.008524 0.018127
10 0.710709 0.416415 0.008524 0.018127
10 0.710975 0.361027 0.007991 0.018127
10 0.711241 0.432779 0.009590 0.014602
10 0.714172 0.655086 0.010123 0.018127
10 0.714704 0.629406 0.009057 0.016113
10 0.718434 0.380665 0.010123 0.020141
10 0.718966 0.510826 0.011188 0.017623
10 0.718966 0.529960 0.010123 0.019637
10 0.719233 0.089376 0.009590 0.018630
10 0.719499 0.140232 0.006926 0.017623
10 0.719499 0.156848 0.009057 0.017623
10 0.719766 0.107251 0.008524 0.016113
10 0.719766 0.174471 0.009590 0.017623
10 0.719766 0.248993 0.007459 0.019637
10 0.720032 0.124119 0.006926 0.015609
10 0.720032 0.212739 0.010123 0.018630
10 0.720032 0.268882 0.007991 0.019134
10 0.720298 0.192850 0.008524 0.018127
10 0.720298 0.491692 0.008524 0.019637
10 0.720565 0.044310 0.010123 0.020141
10 0.720565 0.064955 0.011188 0.021148
10 0.720565 0.564703 0.007991 0.016616
10 0.720831 0.342649 0.007459 0.016616
10 0.720831 0.416415 0.008524 0.019134
10 0.720831 0.434038 0.008524 0.017120
10 0.721364 0.359768 0.007459 0.017623
10 0.721630 0.027946 0.009057 0.014602
10 0.722163 0.790030 0.006926 0.013092
10 0.728023 0.287764 0.010123 0.017623
10 0.728290 0.193353 0.008524 0.018127
10 0.728290 0.305136 0.010655 0.018127
10 0.728290 0.380161 0.010655 0.020141
10 0.728290 0.453676 0.010655 0.020141
10 0.728556 0.136203 0.009057 0.018630
10 0.728556 0.173716 0.007991 0.018127
10 0.728556 0.212236 0.010123 0.019637
10 0.728556 0.511329 0.011188 0.017623
10 0.728823 0.099698 0.008524 0.018127
10 0.728823 0.154834 0.009590 0.017623
10 0.728823 0.248238 0.008524 0.020141
10 0.729089 0.117321 0.009057 0.017120
10 0.729089 0.529960 0.010123 0.018630
10 0.729622 0.268379 0.007991 0.020141
10 0.730421 0.360775 0.007459 0.018630
10 0.730421 0.433787 0.009590 0.018630
10 0.730421 0.564955 0.007459 0.018127
10 0.730687 0.343152 0.007991 0.017623
10 0.730687 0.415408 0.009057 0.018127
10 0.730954 0.491944 0.007459 0.019134
10 0.731220 0.790030 0.009057 0.015106
10 0.738146 0.380161 0.010123 0.020141
10 0.738412 0.288268 0.010655 0.017623
10 0.738412 0.305639 0.010655 0.018127
10 0.738412 0.511833 0.010655 0.017623
10 0.738679 0.454179 0.010123 0.021148
10 0.738679 0.530211 0.010123 0.020141
10 0.738945 0.049345 0.008524 0.018127
10 0.738945 0.068228 0.008524 0.019637
10 0.739212 0.268630 0.007991 0.018630
10 0.739478 0.248993 0.007459 0.020645
10 0.739744 0.030463 0.009057 0.019637
10 0.739744 0.360524 0.009057 0.019134
10 0.740277 0.433031 0.009057 0.017120
10 0.740277 0.491440 0.007991 0.019134
10 0.740277 0.565962 0.007991 0.020141
10 0.740543 0.342900 0.007459 0.017120
10 0.740810 0.415156 0.007991 0.019637
10 0.741875 0.789275 0.006926 0.015609
10 0.745072 0.213998 0.009057 0.015106
10 0.745871 0.198389 0.007459 0.012085
10 0.747736 0.030715 0.007991 0.018127
10 0.748002 0.288268 0.009590 0.017623
10 0.748002 0.379909 0.010655 0.019637
10 0.748269 0.305136 0.010123 0.018127
10 0.748269 0.511329 0.010123 0.017623
10 0.748535 0.454179 0.009590 0.020141
10 0.749068 0.529960 0.010655 0.019637
10 0.749334 0.248238 0.007991 0.019134
10 0.749600 0.268882 0.008524 0.019134
10 0.749867 0.565710 0.009057 0.020645
10 0.750133 0.342900 0.008524 0.018127
10 0.750400 0.414653 0.009057 0.019637
10 0.750400 0.491188 0.007991 0.016616
10 0.750666 0.360775 0.009590 0.018630
10 0.751199 0.433031 0.008524 0.020141
10 0.753063 0.788268 0.007991 0.017623
10 0.754129 0.053122 0.011188 0.017623
10 0.754129 0.071752 0.011188 0.019637
10 0.754662 0.198892 0.007991 0.015106
10 0.754662 0.213998 0.009057 0.015106
10 0.755194 0.166163 0.007991 0.013092
10 0.757592 0.288268 0.010655 0.016616
10 0.757592 0.380161 0.010655 0.020141
10 0.757858 0.305388 0.010123 0.017623
10 0.758125 0.453927 0.010655 0.019637
10 0.758125 0.510322 0.010655 0.020645
10 0.758391 0.529708 0.011188 0.019134
10 0.759190 0.268882 0.009590 0.019134
10 0.759457 0.248993 0.007991 0.020645
10 0.760256 0.361027 0.007459 0.017120
10 0.760256 0.434038 0.008524 0.020141
10 0.760256 0.565962 0.008524 0.020141
10 0.760522 0.342397 0.009057 0.019134
10 0.760788 0.414401 0.009590 0.020141
10 0.760788 0.491440 0.008524 0.018127
10 0.763186 0.089124 0.011188 0.019134
10 0.763719 0.051863 0.010123 0.018127
10 0.763985 0.070997 0.010655 0.019134
10 0.763985 0.788016 0.008524 0.019134
10 0.767182 0.288016 0.010655 0.017120
10 0.767714 0.218026 0.015983 0.009063
10 0.767981 0.305639 0.010123 0.018127
10 0.767981 0.380413 0.010123 0.020645
10 0.767981 0.510826 0.010123 0.018630
10 0.767981 0.529960 0.011188 0.018630
10 0.768247 0.454179 0.010655 0.019134
10 0.768514 0.247986 0.006926 0.019637
10 0.769313 0.268379 0.008524 0.019134
10 0.769845 0.565710 0.008524 0.020645
10 0.770112 0.361531 0.009057 0.017120
10 0.770112 0.433535 0.009057 0.020141
10 0.770112 0.491188 0.009057 0.019637
10 0.770378 0.343152 0.008524 0.016616
10 0.770645 0.413897 0.009057 0.019134
10 0.772509 0.157603 0.020245 0.010070
10 0.772776 0.071249 0.010123 0.018630
10 0.775440 0.788268 0.009057 0.018630
10 0.777571 0.288268 0.010123 0.017623
10 0.777571 0.305639 0.010123 0.018127
10 0.777837 0.380413 0.010655 0.019637
10 0.777837 0.511078 0.010655 0.017120
10 0.778103 0.454431 0.010123 0.019637
10 0.778636 0.529456 0.010123 0.018630
10 0.778903 0.247986 0.009590 0.022659
10 0.779169 0.269134 0.007991 0.018630
10 0.779435 0.342900 0.008524 0.017120
10 0.779702 0.361027 0.009057 0.016113
10 0.779702 0.433787 0.009057 0.018630
10 0.779702 0.565962 0.007991 0.020141
10 0.780234 0.412638 0.007991 0.017623
10 0.780767 0.490181 0.009057 0.017623
10 0.782898 0.053877 0.011188 0.019134
10 0.782898 0.071249 0.010123 0.017623
10 0.786894 0.217774 0.018114 0.009567
10 0.787160 0.288016 0.011188 0.017120
10 0.787427 0.788016 0.008524 0.019134
10 0.787693 0.305891 0.011188 0.017623
10 0.787693 0.454179 0.010123 0.019134
10 0.787960 0.380161 0.009590 0.019134
10 0.787960 0.509567 0.010655 0.020141
10 0.788226 0.529708 0.010123 0.019134
10 0.788226 0.722306 0.010123 0.019637
10 0.788492 0.248993 0.007459 0.019637
10 0.788492 0.673968 0.010655 0.018630
10 0.788759 0.268630 0.007991 0.018630
10 0.788759 0.696123 0.010123 0.018630
10 0.789025 0.565458 0.007459 0.020141
10 0.789291 0.343404 0.007991 0.019134
10 0.789824 0.091138 0.010123 0.017120
10 0.789824 0.433787 0.009057 0.018630
10 0.790091 0.361027 0.007459 0.017120
10 0.790091 0.414904 0.008524 0.019134
10 0.790091 0.490433 0.007459 0.017120
10 0.792754 0.049849 0.010655 0.017120
10 0.795951 0.157100 0.017048 0.009063
10 0.797549 0.288016 0.009590 0.018127
10 0.797549 0.305891 0.010655 0.017623
10 0.797549 0.453927 0.009590 0.019637
10 0.797816 0.529708 0.010123 0.019134
10 0.798082 0.380413 0.010655 0.018630
10 0.798082 0.511078 0.009590 0.018127
10 0.798082 0.788520 0.007459 0.015106
10 0.798348 0.248741 0.007991 0.019134
10 0.798881 0.268882 0.007991 0.019134
10 0.799414 0.342649 0.010123 0.017623
10 0.799414 0.361279 0.009057 0.018630
10 0.799414 0.565710 0.009057 0.020645
10 0.799680 0.490181 0.008524 0.017623
10 0.799947 0.432779 0.007991 0.015609
10 0.800479 0.415408 0.007991 0.016113
10 0.807139 0.288016 0.009590 0.018127
10 0.807139 0.306395 0.010655 0.017623
10 0.807139 0.379909 0.010655 0.018630
10 0.807672 0.511078 0.010655 0.018127
10 0.807938 0.452920 0.010123 0.020645
10 0.807938 0.529708 0.011188 0.019134
10 0.808205 0.787261 0.008524 0.015609
10 0.808737 0.248489 0.008524 0.020645
10 0.808737 0.268630 0.008524 0.019637
10 0.809004 0.360020 0.009057 0.018127
10 0.809270 0.217019 0.022376 0.010070
10 0.809270 0.342900 0.009590 0.018127
10 0.809536 0.565710 0.007991 0.019637
10 0.810069 0.414653 0.009057 0.016616
10 0.810069 0.433535 0.010123 0.017120
10 0.810069 0.490433 0.009057 0.020141
10 0.816729 0.288520 0.009590 0.018127
10 0.816995 0.306395 0.010123 0.017623
10 0.816995 0.529960 0.009057 0.018630
10 0.817794 0.380413 0.010655 0.018630
10 0.817794 0.453424 0.011721 0.018630
10 0.817794 0.512085 0.009590 0.017120
10 0.818061 0.248741 0.009057 0.019134
10 0.818327 0.268630 0.008524 0.019637
10 0.818327 0.787261 0.009590 0.019637
10 0.818860 0.342397 0.009590 0.018127
10 0.818860 0.566465 0.009590 0.021148
10 0.819393 0.433787 0.009590 0.018630
10 0.819659 0.360524 0.009057 0.018127
10 0.819659 0.415156 0.009057 0.018630
10 0.819925 0.490433 0.008524 0.019134
10 0.820458 0.669436 0.010655 0.019637
10 0.820725 0.687815 0.010123 0.018127
10 0.821257 0.706697 0.010123 0.018630
10 0.821524 0.742447 0.009590 0.017623
10 0.822056 0.725076 0.008524 0.016113
10 0.826585 0.529960 0.011188 0.018630
10 0.826851 0.287764 0.009590 0.017623
10 0.826851 0.305891 0.010655 0.016616
10 0.827384 0.380161 0.010655 0.019134
10 0.827651 0.268882 0.007991 0.019134
10 0.827651 0.510826 0.010123 0.018630
10 0.827917 0.453676 0.011721 0.020141
10 0.828450 0.249245 0.007459 0.020141
10 0.828716 0.342649 0.009057 0.018630
10 0.828982 0.360272 0.008524 0.017623
10 0.829249 0.217271 0.015450 0.008560
10 0.829249 0.414904 0.009057 0.018127
10 0.829249 0.433787 0.009057 0.019637
10 0.829249 0.651057 0.010123 0.016113
10 0.829515 0.634189 0.009590 0.017623
10 0.829782 0.490433 0.007991 0.018127
10 0.829782 0.565710 0.009057 0.020645
10 0.829782 0.669940 0.009057 0.016616
10 0.830847 0.706697 0.009057 0.017623
10 0.831113 0.687311 0.008524 0.019134
10 0.831646 0.725076 0.008524 0.017120
10 0.831646 0.740937 0.008524 0.014602
10 0.832179 0.787009 0.007459 0.015106
10 0.836175 0.287764 0.011188 0.018630
10 0.836974 0.305388 0.010655 0.017623
10 0.836974 0.380161 0.010655 0.020141
10 0.836974 0.529708 0.010655 0.019134
10 0.837507 0.511581 0.009590 0.018127
10 0.837773 0.454179 0.010123 0.019134
10 0.838306 0.248993 0.007991 0.020645
10 0.838306 0.269134 0.009057 0.018630
10 0.838306 0.360775 0.009057 0.017623
10 0.838839 0.343152 0.009057 0.018630
10 0.838839 0.414401 0.007991 0.018127
10 0.839371 0.491692 0.007991 0.020645
10 0.839638 0.564955 0.009590 0.020141
10 0.839904 0.679758 0.009057 0.017120
10 0.839904 0.697130 0.009057 0.015609
10 0.839904 0.710977 0.007991 0.014099
10 0.839904 0.726586 0.007991 0.014099
10 0.840170 0.199899 0.022376 0.010070
10 0.840170 0.586606 0.009590 0.020141
10 0.840170 0.641742 0.009590 0.018630
10 0.840170 0.661128 0.009590 0.018127
10 0.840170 0.741188 0.008524 0.012085
10 0.840437 0.435549 0.007991 0.015106
10 0.843633 0.787009 0.009057 0.020141
10 0.846297 0.287513 0.010123 0.017120
10 0.846297 0.304884 0.010123 0.017623
10 0.846830 0.511329 0.011188 0.018630
10 0.846830 0.529456 0.010123 0.018630
10 0.847096 0.379658 0.010655 0.020141
10 0.847363 0.453927 0.010123 0.018630
10 0.847896 0.249245 0.010123 0.021148
10 0.847896 0.268882 0.009057 0.019134
10 0.848428 0.360272 0.010123 0.017623
10 0.848428 0.415408 0.009057 0.020141
10 0.848695 0.341641 0.008524 0.016616
10 0.848961 0.434542 0.009057 0.018127
10 0.849227 0.491188 0.009590 0.020645
10 0.850027 0.565206 0.009057 0.020645
10 0.851359 0.585347 0.009590 0.014602
10 0.853223 0.190584 0.015450 0.007553
10 0.854289 0.786757 0.009057 0.017623
10 0.855887 0.287513 0.011188 0.018127
10 0.855887 0.304884 0.011188 0.016616
10 0.855887 0.655841 0.010123 0.016616
10 0.856153 0.674471 0.010655 0.019637
10 0.857219 0.379658 0.010655 0.020141
10 0.857219 0.453676 0.010655 0.018127
10 0.857219 0.529456 0.012786 0.018630
10 0.857219 0.691088 0.008524 0.015609
10 0.857219 0.739678 0.009590 0.014099
10 0.857485 0.511581 0.011188 0.018127
10 0.857485 0.707704 0.009057 0.015609
10 0.857485 0.724320 0.009057 0.014602
10 0.858551 0.361027 0.009057 0.018127
10 0.858817 0.343152 0.009590 0.019637
10 0.859084 0.434542 0.009057 0.020141
10 0.859084 0.493202 0.009057 0.019637
10 0.859350 0.414904 0.008524 0.019134
10 0.859883 0.564703 0.008524 0.019637
10 0.860416 0.265358 0.009590 0.020141
10 0.863879 0.200655 0.020778 0.008560
10 0.867075 0.786757 0.010123 0.020645
10 0.868407 0.586103 0.009590 0.020141
10 0.870005 0.014350 0.023442 0.007553
10 0.870272 0.565962 0.007991 0.020141
10 0.870804 0.244461 0.009057 0.018630
10 0.873468 0.192095 0.023974 0.010574
10 0.875866 0.217019 0.020245 0.009063
10 0.878796 0.226334 0.018647 0.008560
10 0.881193 0.586354 0.008524 0.017623
10 0.881460 0.247734 0.009057 0.016113
10 0.881460 0.304884 0.010123 0.021652
10 0.881460 0.324773 0.010123 0.020141
10 0.881460 0.565710 0.007991 0.018630
10 0.881726 0.388218 0.009590 0.018127
10 0.881993 0.347180 0.011188 0.017623
10 0.881993 0.410121 0.010123 0.020645
10 0.882259 0.280463 0.009590 0.017120
10 0.882259 0.517623 0.009590 0.019134
10 0.882525 0.264350 0.009057 0.015106
10 0.882525 0.364804 0.009057 0.018630
10 0.882525 0.452669 0.010123 0.021148
10 0.882525 0.477341 0.010123 0.018127
10 0.882525 0.494713 0.010123 0.017623
10 0.882792 0.433031 0.009590 0.019134
10 0.883058 0.536757 0.010123 0.019134
10 0.884923 0.746979 0.009590 0.015609
10 0.885189 0.684038 0.009057 0.013595
10 0.885456 0.704179 0.008524 0.014602
10 0.885456 0.787764 0.008524 0.016616
10 0.885988 0.727341 0.007459 0.012588
10 0.926478 0.128399 0.017048 0.008056
10 0.926745 0.136203 0.016516 0.008560
10 0.927544 0.160121 0.018114 0.008056
10 0.928343 0.078298 0.017581 0.007553
10 0.928343 0.086103 0.017581 0.008056
10 0.928343 0.152568 0.017581 0.010070
10 0.928343 0.167674 0.017581 0.008056
10 0.928609 0.027190 0.015983 0.007049
10 0.928609 0.063192 0.018114 0.007553
10 0.928609 0.144008 0.018114 0.007049
10 0.928876 0.094411 0.019712 0.009567
10 0.929142 0.046828 0.014917 0.008056
10 0.929142 0.055136 0.017048 0.008560
10 0.929142 0.070242 0.017048 0.008560
10 0.929675 0.033988 0.015983 0.007553
10 0.930208 0.107251 0.009590 0.017120
10 0.931540 0.182779 0.010123 0.017120
10 0.931540 0.468278 0.011188 0.022155
10 0.931806 0.445368 0.011721 0.020645
10 0.932072 0.231118 0.010123 0.016113
10 0.932339 0.268882 0.009590 0.015106
10 0.932339 0.284995 0.011721 0.016113
10 0.932339 0.328550 0.009590 0.018630
10 0.932605 0.208963 0.011188 0.017120
10 0.932605 0.380665 0.011188 0.019134
10 0.932872 0.356244 0.009590 0.017623
10 0.933138 0.252769 0.009057 0.014099
10 0.933671 0.302367 0.009057 0.015609
10 0.933671 0.402568 0.010123 0.019637
10 0.934204 0.423716 0.010123 0.015609
9 0.008524 0.887714 0.014917 0.049345
9 0.010123 0.832075 0.012786 0.052870
9 0.052477 0.595418 0.030368 0.030715
9 0.059670 0.832075 0.014917 0.053877
9 0.062334 0.679758 0.013852 0.031219
9 0.072989 0.596928 0.041556 0.038771
9 0.072989 0.885196 0.014917 0.050352
9 0.073522 0.832578 0.015983 0.054884
9 0.085242 0.884693 0.013852 0.052367
9 0.087373 0.830312 0.013852 0.051360
9 0.088439 0.707452 0.010655 0.016113
9 0.089238 0.685549 0.011188 0.021652
9 0.091369 0.597432 0.039957 0.039778
9 0.098828 0.885952 0.014385 0.051863
9 0.099094 0.832578 0.013852 0.052870
9 0.111348 0.830816 0.012786 0.051360
9 0.113479 0.597180 0.044752 0.042296
9 0.118007 0.693102 0.011188 0.018630
9 0.131859 0.597684 0.045285 0.041289
9 0.149707 0.694109 0.017048 0.040785
9 0.150506 0.738167 0.018647 0.047331
9 0.151838 0.597936 0.046883 0.041793
9 0.151838 0.780211 0.013852 0.036757
9 0.162760 0.783736 0.013319 0.028701
9 0.164624 0.752518 0.011721 0.031722
9 0.165157 0.724068 0.011721 0.020141
9 0.171550 0.626385 0.033031 0.013092
9 0.172083 0.597684 0.044752 0.040282
9 0.174747 0.787261 0.012786 0.022659
9 0.175280 0.753776 0.013852 0.035247
9 0.176878 0.725076 0.012786 0.024169
9 0.177411 0.694612 0.014917 0.035750
9 0.187800 0.748238 0.013319 0.023162
9 0.187800 0.776183 0.014385 0.032729
9 0.188865 0.674220 0.011188 0.020141
9 0.189664 0.713746 0.013852 0.045821
9 0.193926 0.597432 0.042621 0.041793
9 0.201119 0.769386 0.014385 0.046324
9 0.201385 0.723313 0.013852 0.047835
9 0.202451 0.681017 0.011721 0.037764
9 0.210442 0.600705 0.037294 0.036254
9 0.210709 0.884189 0.015450 0.051360
9 0.210975 0.831319 0.014917 0.049345
9 0.212040 0.785247 0.011721 0.025680
9 0.213106 0.694612 0.009590 0.022659
9 0.213106 0.722810 0.010655 0.033736
9 0.213106 0.755539 0.010655 0.033736
9 0.222962 0.780463 0.014385 0.034240
9 0.224028 0.677996 0.012254 0.027694
9 0.224028 0.746727 0.012254 0.033233
9 0.224560 0.833333 0.013319 0.054381
9 0.225093 0.606244 0.043154 0.041289
9 0.225093 0.713243 0.012254 0.034743
9 0.236015 0.725076 0.013852 0.039275
9 0.236015 0.780967 0.013852 0.035247
9 0.236814 0.686556 0.012254 0.022659
9 0.237080 0.832578 0.012786 0.054884
9 0.277304 0.727593 0.013319 0.034240
9 0.277571 0.689829 0.012786 0.035247
9 0.279435 0.607251 0.019712 0.027190
9 0.292488 0.689829 0.013852 0.046324
9 0.298615 0.425982 0.016516 0.049345
9 0.298881 0.222810 0.014917 0.047835
9 0.299414 0.355237 0.015983 0.049849
9 0.302877 0.064199 0.016516 0.065962
9 0.303410 0.745720 0.012254 0.034240
9 0.304209 0.780715 0.012786 0.035750
9 0.313799 0.330816 0.014917 0.039275
9 0.317794 0.752518 0.011188 0.019637
9 0.318594 0.778701 0.011721 0.025680
9 0.330048 0.774673 0.010123 0.029708
9 0.336974 0.056647 0.015450 0.069990
9 0.342834 0.704179 0.011188 0.035750
9 0.343900 0.734391 0.013319 0.026687
9 0.344166 0.773414 0.014917 0.049345
9 0.351625 0.054632 0.014917 0.065962
9 0.355621 0.712991 0.012254 0.034240
9 0.355887 0.745972 0.011721 0.030715
9 0.356420 0.679255 0.012786 0.034240
9 0.356686 0.779708 0.011188 0.036757
9 0.365743 0.054129 0.014385 0.065962
9 0.368407 0.743202 0.012254 0.033233
9 0.368940 0.706193 0.012254 0.032729
9 0.369206 0.780715 0.012786 0.035750
9 0.371870 0.435549 0.013852 0.037261
9 0.379062 0.054632 0.013319 0.065962
9 0.392381 0.054632 0.015450 0.066969
9 0.405701 0.054884 0.015450 0.065458
9 0.419819 0.054884 0.014917 0.066465
9 0.433404 0.054632 0.016516 0.066969
9 0.447256 0.054381 0.016516 0.065458
9 0.461375 0.054884 0.015983 0.066465
9 0.464838 0.830816 0.015450 0.051360
9 0.465903 0.882175 0.013319 0.053374
9 0.473362 0.055136 0.015450 0.065962
9 0.478956 0.829557 0.013852 0.050856
9 0.479222 0.882175 0.012254 0.053374
9 0.488812 0.061178 0.016516 0.077039
9 0.491476 0.881923 0.013319 0.053877
9 0.492009 0.829809 0.013319 0.052367
9 0.503197 0.057150 0.014385 0.065962
9 0.504529 0.882427 0.013852 0.053877
9 0.505328 0.830060 0.013319 0.051863
9 0.518114 0.882427 0.013319 0.052870
9 0.518380 0.080564 0.011721 0.028197
9 0.518913 0.829809 0.013852 0.052367
9 0.519180 0.042296 0.014385 0.041289
9 0.531700 0.053122 0.012786 0.053877
9 0.532232 0.829809 0.013852 0.052367
9 0.532232 0.881923 0.014917 0.052870
9 0.544486 0.039275 0.013852 0.030211
9 0.544752 0.881923 0.013319 0.052870
9 0.545285 0.826788 0.012254 0.051360
9 0.553809 0.074522 0.010123 0.020141
9 0.559137 0.830060 0.012254 0.049849
9 0.563665 0.077291 0.010655 0.023666
9 0.563932 0.032226 0.011188 0.020141
9 0.563932 0.053374 0.012254 0.021148
9 0.572456 0.828802 0.011188 0.051360
9 0.574054 0.032226 0.010123 0.020141
9 0.574587 0.071249 0.012254 0.032729
9 0.585775 0.827543 0.012254 0.049849
9 0.588439 0.043807 0.012254 0.021148
9 0.589238 0.086858 0.009590 0.020645
9 0.589771 0.065962 0.010655 0.018127
9 0.600959 0.033484 0.010655 0.020645
9 0.601492 0.057402 0.010655 0.020141
9 0.612946 0.080816 0.010123 0.018630
9 0.613213 0.058157 0.012786 0.021652
9 0.626798 0.059668 0.012254 0.022659
9 0.639318 0.046324 0.014917 0.035247
9 0.652904 0.041541 0.009057 0.020645
9 0.652904 0.073766 0.012254 0.025680
9 0.663292 0.880413 0.013852 0.050856
9 0.665157 0.828046 0.014385 0.048842
9 0.665690 0.060675 0.011188 0.028701
9 0.666489 0.087110 0.010655 0.019134
9 0.677677 0.088117 0.009590 0.019134
9 0.677677 0.828298 0.013852 0.051360
9 0.678476 0.058661 0.011188 0.022659
9 0.688599 0.055639 0.009057 0.018630
9 0.689931 0.082578 0.013852 0.026183
9 0.704848 0.827795 0.014917 0.052367
9 0.772509 0.881672 0.014917 0.052367
9 0.773042 0.829809 0.014917 0.052367
9 0.786628 0.829053 0.013319 0.053877
9 0.786894 0.881420 0.013852 0.051863
9 0.797017 0.116566 0.070325 0.015609
9 0.800479 0.830816 0.014385 0.050352
9 0.800479 0.881672 0.014385 0.051360
9 0.814331 0.882175 0.014385 0.051360
9 0.814598 0.830816 0.014917 0.052367
9 0.842302 0.881672 0.015983 0.052367
9 0.842568 0.828802 0.015450 0.053374
9 0.936068 0.805891 0.017048 0.062941
