0 0.393000 0.921875 0.010500 0.009750
0 0.401750 0.929000 0.011500 0.010500
0 0.428500 0.949750 0.010000 0.010000
0 0.441250 0.955750 0.008500 0.008000
0 0.445000 0.931500 0.011500 0.011500
0 0.480125 0.952875 0.017250 0.017750
1 0.850875 0.148875 0.021250 0.028250
1 0.864750 0.177375 0.011500 0.015750
1 0.866000 0.163125 0.013500 0.025750
1 0.871750 0.158750 0.011500 0.024500
1 0.872250 0.117875 0.009500 0.011750
1 0.872750 0.142750 0.018500 0.021000
1 0.875750 0.121625 0.016000 0.016250
1 0.878000 0.125875 0.014500 0.014250
1 0.879250 0.100000 0.017000 0.014000
1 0.888875 0.120000 0.010250 0.012500
1 0.915750 0.017875 0.010000 0.012750
1 0.916125 0.096750 0.012750 0.008500
1 0.916250 0.093250 0.015500 0.008500
1 0.928000 0.267500 0.012000 0.024500
1 0.930125 0.098000 0.013250 0.011500
1 0.932000 0.249500 0.008500 0.014500
1 0.936500 0.234625 0.009000 0.017750
1 0.938250 0.045375 0.010500 0.009250
1 0.938875 0.259750 0.020250 0.042500
1 0.941500 0.106875 0.009000 0.003750
1 0.941750 0.150250 0.014500 0.010500
1 0.942125 0.111000 0.009750 0.005000
1 0.944250 0.104250 0.013500 0.006000
1 0.950625 0.224250 0.012250 0.023500
1 0.956375 0.111125 0.013250 0.006750
1 0.962000 0.075375 0.011000 0.011250
1 0.966625 0.069250 0.010750 0.010500
1 0.969875 0.065125 0.009750 0.009250
1 0.970000 0.103125 0.005500 0.016250
1 0.973875 0.105125 0.004750 0.011750
1 0.974250 0.086500 0.004500 0.009000
12 0.119125 0.397000 0.010250 0.010500
12 0.351375 0.415500 0.019750 0.020500
12 0.471750 0.247875 0.019500 0.020250
12 0.495875 0.635625 0.015750 0.021750
12 0.633750 0.887250 0.009500 0.009500
12 0.786625 0.198875 0.025750 0.029250
12 0.953375 0.767125 0.015750 0.016750
2 0.829625 0.080625 0.013250 0.013250
2 0.940375 0.062625 0.005750 0.005250
6 0.287250 0.615000 0.024500 0.034500
6 0.610875 0.260750 0.135750 0.082000
6 0.798000 0.320375 0.031000 0.060750
