9 0.301700 0.721504 0.189802 0.028202
9 0.313031 0.696240 0.189802 0.029377
9 0.344193 0.669213 0.195467 0.027027
9 0.345609 0.581081 0.198300 0.031727
9 0.362606 0.639248 0.198300 0.030552
9 0.378187 0.548766 0.201133 0.035253
9 0.378187 0.609871 0.206799 0.030552
9 0.392351 0.517039 0.206799 0.032902
9 0.420680 0.485899 0.161473 0.031727
9 0.427762 0.461810 0.147309 0.032902
9 0.453258 0.431845 0.152975 0.031727
9 0.464589 0.406580 0.158640 0.030552
9 0.508499 0.373678 0.195467 0.037603
9 0.542493 0.343126 0.167139 0.023502
9 0.545326 0.315511 0.189802 0.029377
9 0.573654 0.260282 0.172805 0.029377
9 0.576487 0.289072 0.178470 0.028202
9 0.600567 0.233255 0.181303 0.027027
9 0.628895 0.201528 0.186969 0.034078
9 0.650142 0.170975 0.195467 0.034078
9 0.678470 0.136310 0.206799 0.035253
9 0.754958 0.032902 0.138810 0.032902
