9 0.153918 0.309972 0.072761 0.053622
9 0.161381 0.340546 0.072761 0.054563
9 0.165112 0.371590 0.070274 0.050800
9 0.170398 0.401223 0.072139 0.053622
9 0.175684 0.434149 0.070274 0.053622
9 0.208022 0.580433 0.071517 0.052681
9 0.212376 0.610536 0.071517 0.052681
9 0.218284 0.641580 0.070896 0.054563
9 0.335199 0.231891 0.106965 0.068674
9 0.353234 0.320790 0.106965 0.071496
9 0.358209 0.351364 0.104478 0.068674
9 0.364117 0.379116 0.105100 0.069614
9 0.366915 0.412512 0.108209 0.068674
9 0.375622 0.440263 0.105721 0.069614
9 0.379664 0.470837 0.105100 0.072437
9 0.385883 0.501411 0.106343 0.069614
9 0.393657 0.530574 0.106965 0.071496
9 0.544465 0.138758 0.105100 0.070555
9 0.550373 0.168391 0.108209 0.065851
9 0.555348 0.197084 0.105721 0.072437
9 0.561256 0.226246 0.105100 0.072437
9 0.567164 0.257291 0.105721 0.074318
9 0.573383 0.286924 0.105721 0.073377
9 0.579913 0.317968 0.105100 0.071496
9 0.585821 0.346660 0.104478 0.070555
9 0.593905 0.375823 0.106965 0.072437
9 0.597637 0.405927 0.104478 0.074318
9 0.760883 0.165099 0.070274 0.053622
9 0.768657 0.193321 0.070896 0.057385
9 0.780473 0.265757 0.070896 0.053622
9 0.785448 0.291157 0.069652 0.051740
9 0.801928 0.315146 0.070274 0.052681
9 0.810012 0.383349 0.069030 0.047977
