9 0.141224 0.921934 0.102219 0.038559
9 0.156355 0.132743 0.098857 0.058154
9 0.178884 0.146018 0.096839 0.059418
9 0.197714 0.224716 0.094149 0.066372
9 0.200403 0.159608 0.096839 0.056258
9 0.265972 0.200063 0.096167 0.058786
9 0.288500 0.213654 0.095494 0.058154
9 0.340282 0.487358 0.060525 0.051833
9 0.375252 0.267067 0.094149 0.056258
9 0.377606 0.865676 0.050437 0.054994
9 0.380632 0.807838 0.083389 0.073325
9 0.391728 0.854614 0.054472 0.055626
9 0.395091 0.281606 0.096167 0.060051
9 0.404842 0.842604 0.055145 0.055626
9 0.420309 0.292668 0.096839 0.056890
9 0.421991 0.832174 0.057162 0.057522
9 0.436785 0.818900 0.053127 0.053729
9 0.441493 0.306574 0.097512 0.059418
9 0.446873 0.376106 0.090787 0.064475
9 0.452253 0.804362 0.053127 0.051201
9 0.466375 0.792035 0.053127 0.054362
9 0.478816 0.779077 0.056490 0.056258
9 0.484196 0.334071 0.098184 0.058786
9 0.493275 0.763590 0.055817 0.055626
9 0.509079 0.751264 0.057835 0.054994
9 0.523874 0.738622 0.055145 0.056258
9 0.549765 0.373578 0.097512 0.061947
9 0.570612 0.385588 0.097512 0.058154
9 0.574647 0.534134 0.093477 0.067004
9 0.593477 0.401075 0.097512 0.056258
9 0.615333 0.413401 0.098184 0.059418
9 0.660054 0.440265 0.096167 0.061315
9 0.680901 0.453856 0.097512 0.063211
9 0.724277 0.481353 0.096839 0.058786
9 0.766308 0.505689 0.096167 0.060683
9 0.788837 0.520860 0.095494 0.061947
