7 0.075133 0.868361 0.103716 0.129369
7 0.156390 0.885951 0.096366 0.110985
7 0.228461 0.901384 0.097591 0.128688
7 0.242548 0.681911 0.045733 0.046527
7 0.262760 0.730822 0.020008 0.049478
7 0.272560 0.610191 0.119641 0.078756
7 0.298489 0.899228 0.071866 0.101226
7 0.315435 0.750567 0.085341 0.012256
7 0.324010 0.680436 0.093508 0.044485
7 0.327072 0.717998 0.066966 0.033818
7 0.354839 0.643668 0.133932 0.063096
7 0.408534 0.619723 0.117191 0.049705
7 0.439771 0.545733 0.249081 0.041988
7 0.440792 0.483091 0.143324 0.033818
7 0.463046 0.450635 0.131482 0.046981
7 0.467742 0.584884 0.164557 0.048570
7 0.498367 0.413300 0.099224 0.039038
7 0.563904 0.344871 0.131482 0.086019
7 0.595141 0.803677 0.036341 0.014072
7 0.612087 0.784725 0.035116 0.012483
7 0.626174 0.769519 0.037975 0.009759
7 0.629032 0.756468 0.052675 0.017703
7 0.632503 0.358034 0.074316 0.047435
7 0.634341 0.743985 0.042058 0.009079
7 0.635770 0.725148 0.046550 0.008625
7 0.660269 0.402746 0.049816 0.033818
7 0.669049 0.302202 0.118007 0.060145
7 0.688036 0.443373 0.053083 0.018384
7 0.696203 0.355992 0.054716 0.023377
7 0.705390 0.270654 0.116374 0.055606
7 0.708861 0.378461 0.049000 0.018838
7 0.715802 0.399909 0.048183 0.018157
7 0.732544 0.420109 0.031033 0.018157
7 0.733769 0.238765 0.097183 0.048570
7 0.756227 0.086927 0.045733 0.026782
7 0.756635 0.457785 0.040833 0.064004
7 0.760310 0.189401 0.066149 0.042896
7 0.771131 0.055266 0.050225 0.024285
7 0.782564 0.028030 0.054308 0.025193
7 0.818497 0.178620 0.053491 0.023150
7 0.879339 0.155810 0.149857 0.037449
7 0.882605 0.192692 0.060024 0.019065
7 0.896693 0.135837 0.142915 0.032910
7 0.903022 0.179641 0.075541 0.015207
7 0.913026 0.112687 0.126582 0.033818
7 0.927113 0.084657 0.126991 0.030413
