13 0.341860 0.526619 0.220930 0.370009
3 0.283140 0.902396 0.154651 0.120674
4 0.649419 0.643744 0.052326 0.080745
4 0.650581 0.521295 0.052326 0.080745
4 0.652907 0.399290 0.052326 0.079858
4 0.656395 0.276398 0.052326 0.080745
4 0.712791 0.644632 0.051163 0.080745
4 0.715116 0.522183 0.051163 0.080745
4 0.716860 0.399734 0.052326 0.080745
4 0.719767 0.277728 0.051163 0.081633
4 0.776163 0.645075 0.052326 0.079858
4 0.778488 0.522626 0.052326 0.079858
4 0.781395 0.400621 0.053488 0.080745
4 0.783140 0.278172 0.052326 0.080745
6 0.341860 0.533718 0.358140 0.598935
