0 0.071244 0.104949 0.013593 0.023868
0 0.077572 0.083187 0.014999 0.024570
0 0.097610 0.133029 0.017108 0.028080
0 0.131474 0.153738 0.020623 0.030888
0 0.139559 0.128466 0.016639 0.026676
0 0.204476 0.894700 0.011483 0.016848
0 0.213616 0.886451 0.009140 0.012987
0 0.221936 0.878729 0.010780 0.013689
0 0.231544 0.870832 0.009374 0.012636
0 0.254043 0.786592 0.008437 0.015444
0 0.255332 0.408213 0.010546 0.017550
0 0.258027 0.772025 0.009843 0.016497
0 0.258964 0.843103 0.012655 0.019656
0 0.261073 0.390312 0.010780 0.017550
0 0.264003 0.756757 0.010077 0.016848
0 0.266932 0.742541 0.010780 0.017199
0 0.278650 0.804493 0.012655 0.019656
0 0.279939 0.352229 0.012890 0.019305
0 0.289079 0.776413 0.012421 0.019656
0 0.290251 0.251141 0.008671 0.015093
0 0.292243 0.598631 0.009374 0.016497
0 0.293532 0.296244 0.011952 0.020358
0 0.294938 0.763952 0.010546 0.016497
0 0.295055 0.617585 0.035154 0.050895
0 0.308531 0.612145 0.011015 0.017550
0 0.312046 0.884696 0.011483 0.016497
0 0.313686 0.595999 0.010546 0.017550
0 0.325639 0.393998 0.017108 0.026325
0 0.336771 0.488066 0.013593 0.018603
0 0.337122 0.433661 0.015702 0.024219
0 0.343333 0.634960 0.010780 0.018954
0 0.348020 0.618638 0.011249 0.019305
0 0.353410 0.603896 0.009843 0.017901
0 0.358449 0.451035 0.017108 0.025974
0 0.368643 0.279572 0.017811 0.027729
0 0.369112 0.557740 0.011249 0.018954
0 0.374150 0.543173 0.011015 0.018603
0 0.379658 0.528431 0.011718 0.019305
0 0.380009 0.294840 0.020858 0.030888
0 0.384462 0.512285 0.009609 0.017199
0 0.390087 0.496841 0.011483 0.019305
0 0.393016 0.310986 0.018749 0.028080
0 0.399930 0.465602 0.011015 0.018603
0 0.404734 0.450158 0.011249 0.018603
0 0.434029 0.651983 0.012187 0.015795
0 0.443403 0.660758 0.012187 0.017901
0 0.444809 0.414005 0.011718 0.015093
0 0.454652 0.420323 0.010780 0.015093
0 0.455355 0.379782 0.010780 0.014040
0 0.475158 0.431555 0.012421 0.016497
0 0.475978 0.392594 0.011249 0.015795
0 0.487228 0.398385 0.013593 0.017550
0 0.489923 0.639523 0.015233 0.023166
0 0.503633 0.646192 0.010312 0.016146
0 0.510898 0.639172 0.008437 0.011934
0 0.517577 0.648122 0.015233 0.023517
0 0.518514 0.625483 0.013827 0.020358
0 0.526717 0.643384 0.018983 0.029484
0 0.556363 0.574588 0.022967 0.036504
0 0.573354 0.442436 0.018514 0.029835
0 0.599250 0.209547 0.010780 0.018252
0 0.616007 0.506143 0.017577 0.024570
0 0.627021 0.466479 0.010546 0.014040
0 0.628076 0.703054 0.011718 0.016146
0 0.637450 0.472622 0.011718 0.015093
0 0.647176 0.584416 0.017577 0.028080
0 0.655964 0.564935 0.018749 0.025623
0 0.657371 0.577571 0.011718 0.019305
0 0.657605 0.484380 0.011249 0.016146
0 0.668620 0.493857 0.019217 0.027378
0 0.680806 0.504037 0.017811 0.030186
0 0.682330 0.598807 0.011015 0.016848
0 0.687837 0.616532 0.016405 0.026325
0 0.691118 0.576343 0.016874 0.025272
0 0.693696 0.596174 0.019217 0.029133
0 0.698852 0.835381 0.010780 0.017550
0 0.717483 0.621797 0.011483 0.019305
0 0.725685 0.608284 0.015702 0.024570
0 0.729084 0.816427 0.011249 0.015444
0 0.735411 0.801334 0.010780 0.014742
0 0.735528 0.285012 0.010546 0.017550
0 0.737989 0.813092 0.011249 0.017199
0 0.773026 0.560723 0.028357 0.043875
0 0.792594 0.650228 0.013593 0.017901
0 0.792712 0.573886 0.028357 0.044928
0 0.828451 0.675851 0.031404 0.042471
0 0.835833 0.646894 0.018983 0.028782
0 0.855753 0.733240 0.011952 0.016146
0 0.898992 0.760091 0.009843 0.011583
0 0.909773 0.754124 0.010312 0.018603
0 0.915397 0.739207 0.009843 0.018252
0 0.920084 0.724114 0.011718 0.018954
0 0.924654 0.710600 0.009140 0.015795
0 0.929224 0.696736 0.010780 0.018252
0 0.933560 0.682520 0.011015 0.018603
0 0.938130 0.667603 0.012187 0.019656
0 0.942817 0.654089 0.011249 0.018603
12 0.239161 0.297122 0.010546 0.015795
9 0.316030 0.507196 0.006796 0.014742
9 0.320483 0.511583 0.005390 0.011583
9 0.324936 0.516497 0.005390 0.012285
9 0.713616 0.534925 0.006562 0.013338
9 0.717131 0.536855 0.005625 0.011583
9 0.721350 0.538610 0.006093 0.012285
9 0.724748 0.542120 0.006328 0.012285
