10 0.135190 0.126866 0.033967 0.016791
10 0.718071 0.723414 0.025815 0.012127
10 0.720788 0.351679 0.031250 0.011194
10 0.868207 0.774254 0.016304 0.018657
10 0.898098 0.666045 0.027174 0.011194
10 0.954484 0.698694 0.028533 0.020522
10 0.972147 0.439366 0.020380 0.016791
14 0.949049 0.574627 0.044837 0.014925
3 0.236413 0.227146 0.130435 0.088619
3 0.298913 0.516325 0.201087 0.135261
3 0.609375 0.321362 0.112772 0.073694
4 0.180027 0.834422 0.052989 0.077425
4 0.249321 0.833955 0.052989 0.076493
4 0.335598 0.833022 0.054348 0.076493
4 0.406929 0.833489 0.055707 0.077425
4 0.462636 0.731343 0.039402 0.046642
4 0.521060 0.833022 0.052989 0.076493
4 0.541440 0.730877 0.039402 0.045709
4 0.591712 0.831623 0.052989 0.077425
4 0.659647 0.832090 0.052989 0.078358
4 0.728940 0.831623 0.052989 0.077425
9 0.053668 0.199160 0.020380 0.023321
9 0.097147 0.543843 0.023098 0.029851
9 0.203804 0.077892 0.046196 0.028918
