2 0.241657 0.641488 0.021713 0.025103
3 0.172296 0.795299 0.026940 0.035144
4 0.213711 0.828161 0.007640 0.019626
4 0.224367 0.828845 0.008042 0.019169
4 0.236429 0.829758 0.008042 0.019169
5 0.213711 0.793245 0.010856 0.020082
5 0.229795 0.793017 0.012465 0.020539
5 0.244471 0.794386 0.012063 0.020539
5 0.678930 0.179142 0.025332 0.026928
5 0.700040 0.195116 0.024930 0.027841
6 0.336751 0.748745 0.034178 0.057964
6 0.631886 0.849156 0.034982 0.066180
6 0.782268 0.586718 0.063932 0.051575
6 0.871532 0.668188 0.070366 0.059334
6 0.909731 0.888179 0.048653 0.066636
8 0.976679 0.502054 0.037797 0.136011
