10 0.035219 0.072674 0.010756 0.023256
10 0.043893 0.078246 0.010756 0.021802
10 0.051874 0.084302 0.008675 0.019380
10 0.060375 0.084060 0.008328 0.017926
10 0.068182 0.090843 0.007981 0.018895
10 0.075295 0.090843 0.009715 0.019864
10 0.102706 0.117490 0.015267 0.015988
10 0.126301 0.017926 0.016655 0.014535
4 0.835184 0.438953 0.078418 0.112403
4 0.873699 0.487645 0.079112 0.114826
4 0.913255 0.538275 0.079112 0.114341
5 0.349237 0.328246 0.121096 0.145833
6 0.243928 0.366764 0.368494 0.191860
