13 0.424425 0.247264 0.410734 0.240229
13 0.569551 0.475248 0.497262 0.189682
4 0.176342 0.362689 0.081051 0.055237
4 0.230011 0.432256 0.083242 0.053674
4 0.296276 0.420792 0.084337 0.054716
4 0.417306 0.695154 0.065717 0.052110
4 0.443045 0.767587 0.066813 0.052110
4 0.472070 0.839760 0.067908 0.052632
4 0.492881 0.688119 0.067908 0.051589
4 0.520811 0.760552 0.069003 0.051589
4 0.548193 0.833246 0.066813 0.053153
4 0.573932 0.598749 0.067908 0.052110
4 0.650602 0.591193 0.065717 0.049505
6 0.409091 0.243877 0.588171 0.382491
