13 0.270934 0.027778 0.007272 0.016340
13 0.281732 0.016340 0.003305 0.006536
13 0.297157 0.302083 0.005068 0.015931
13 0.399736 0.339052 0.011018 0.022059
13 0.478845 0.203636 0.011459 0.018382
13 0.806743 0.088031 0.006611 0.019199
2 0.365029 0.994485 0.002424 0.005310
2 0.367342 0.994894 0.002204 0.005310
2 0.369766 0.994690 0.002204 0.005719
2 0.372301 0.994894 0.002424 0.005310
2 0.374725 0.994894 0.002424 0.005310
6 0.270824 0.027778 0.011459 0.026144
6 0.281732 0.016136 0.007272 0.015931
6 0.297047 0.302083 0.007933 0.025735
6 0.400066 0.338440 0.016968 0.034722
6 0.478955 0.203636 0.017409 0.029820
6 0.806633 0.087418 0.009476 0.031863
8 0.803658 0.513889 0.004848 0.009804
