12 0.433245 0.481044 0.003745 0.007338
13 0.005398 0.878108 0.006830 0.019568
13 0.025666 0.720342 0.006389 0.017937
13 0.083058 0.398288 0.006169 0.019568
13 0.114122 0.709539 0.006609 0.018345
13 0.138136 0.223604 0.003084 0.010192
13 0.160167 0.879331 0.004406 0.009784
13 0.165896 0.882797 0.002644 0.006930
13 0.208967 0.913983 0.004186 0.013045
13 0.211831 0.532409 0.011236 0.022829
13 0.514871 0.604974 0.006609 0.014676
13 0.589777 0.298410 0.002644 0.008153
13 0.597488 0.698125 0.008813 0.015899
13 0.603217 0.497758 0.011897 0.022829
13 0.745098 0.824501 0.006169 0.006115
13 0.833223 0.559723 0.003084 0.009784
13 0.954726 0.857725 0.009473 0.020383
6 0.005288 0.877293 0.009253 0.030982
6 0.025997 0.719731 0.009253 0.029759
6 0.083278 0.396861 0.009694 0.032205
6 0.114012 0.710558 0.009914 0.031798
6 0.138136 0.223808 0.005288 0.017937
6 0.160057 0.878924 0.006389 0.018753
6 0.166006 0.883000 0.004627 0.014676
6 0.209187 0.913983 0.007270 0.022829
6 0.211831 0.532817 0.017405 0.036690
6 0.396673 0.692010 0.008152 0.015084
6 0.515202 0.604974 0.012558 0.025275
6 0.589557 0.296983 0.004847 0.016714
6 0.597599 0.697921 0.014761 0.026091
6 0.603437 0.497758 0.018947 0.035874
6 0.745429 0.824704 0.011677 0.012230
6 0.833003 0.559723 0.006169 0.018753
6 0.955056 0.858541 0.016744 0.036690
8 0.444151 0.575418 0.007931 0.011822
8 0.642873 0.452915 0.007050 0.021199
8 0.686054 0.484916 0.005728 0.019160
8 0.843468 0.083367 0.009033 0.011822
8 0.893148 0.073991 0.004847 0.011822
