0 0.051749 0.781034 0.065598 0.037931
0 0.064869 0.808046 0.065598 0.039080
0 0.086735 0.827011 0.068513 0.040230
0 0.119534 0.872989 0.067055 0.037931
0 0.159621 0.958621 0.065598 0.043678
0 0.443149 0.029885 0.046647 0.025287
0 0.448980 0.055172 0.052478 0.025287
0 0.451895 0.083333 0.052478 0.024138
0 0.489067 0.197701 0.053936 0.022989
0 0.502915 0.245977 0.052478 0.025287
0 0.527697 0.306322 0.055394 0.031034
0 0.653790 0.843103 0.048105 0.049425
0 0.841108 0.654598 0.040816 0.060920
1 0.302478 0.171264 0.097668 0.039080
1 0.321429 0.220690 0.129738 0.039080
1 0.386297 0.421264 0.116618 0.088506
1 0.387026 0.464943 0.112245 0.088506
1 0.411808 0.502874 0.112245 0.088506
1 0.453353 0.640805 0.113703 0.086207
1 0.473032 0.745977 0.106414 0.087356
1 0.537172 0.779885 0.100583 0.093103
1 0.728863 0.867816 0.049563 0.094253
1 0.850583 0.837931 0.059767 0.098851
