9 0.684211 0.614726 0.092105 0.020548
9 0.684211 0.497432 0.096491 0.022260
9 0.592105 0.496575 0.052632 0.013699
9 0.578947 0.542808 0.083333 0.020548
9 0.577851 0.569349 0.089912 0.018836
9 0.585526 0.592466 0.078947 0.020548
9 0.578947 0.613870 0.087719 0.022260
9 0.580044 0.637842 0.085526 0.018836
9 0.575658 0.658390 0.089912 0.022260
9 0.575658 0.710616 0.085526 0.023973
9 0.696272 0.448630 0.089912 0.020548
9 0.686404 0.522260 0.092105 0.023973
9 0.682018 0.638699 0.092105 0.020548
9 0.687500 0.663527 0.094298 0.018836
9 0.739035 0.733733 0.087719 0.022260
9 0.200658 0.582192 0.085526 0.027397
9 0.211623 0.690068 0.085526 0.030822
9 0.214912 0.851027 0.026316 0.061644
9 0.256579 0.845034 0.039474 0.059932
9 0.298246 0.842466 0.030702 0.061644
9 0.332237 0.842466 0.028509 0.058219
9 0.581140 0.446062 0.087719 0.018836
9 0.209430 0.713185 0.094298 0.035959
9 0.201754 0.604452 0.087719 0.027397
9 0.202851 0.622432 0.081140 0.025685
9 0.366228 0.838185 0.026316 0.059932
9 0.401316 0.879281 0.021930 0.090753
9 0.577851 0.684932 0.089912 0.020548
9 0.688596 0.546233 0.092105 0.020548
9 0.581140 0.474315 0.078947 0.017123