10 0.118128 0.331742 0.003268 0.005224
10 0.114931 0.319042 0.003125 0.005404
10 0.105129 0.323185 0.003694 0.005765
10 0.131979 0.316159 0.003125 0.005044
10 0.109533 0.325887 0.003410 0.005044
10 0.104844 0.328049 0.003125 0.005044
10 0.122816 0.329490 0.002983 0.004684
10 0.117630 0.336696 0.002841 0.004684
10 0.102003 0.338678 0.002557 0.004684
10 0.110385 0.335075 0.002841 0.005044
10 0.121182 0.335345 0.003125 0.005224
10 0.112445 0.378580 0.002415 0.004504
10 0.110811 0.805891 0.004262 0.006665
10 0.073590 0.194650 0.003125 0.005224
9 0.097954 0.397856 0.004688 0.012790
9 0.114931 0.605026 0.006251 0.014952
10 0.119903 0.331202 0.002841 0.004504
10 0.120756 0.321293 0.003694 0.004864
9 0.032675 0.645649 0.005967 0.014052
10 0.127717 0.328229 0.003125 0.006125
10 0.116707 0.346874 0.003268 0.004864
10 0.126225 0.342461 0.002983 0.005044
10 0.108325 0.341110 0.002983 0.004864
10 0.119619 0.316880 0.003410 0.005044
10 0.135531 0.309584 0.003125 0.004864
10 0.101719 0.309854 0.003125 0.005404
10 0.114292 0.324086 0.003268 0.005404
10 0.127078 0.318501 0.002983 0.005044
10 0.107757 0.326788 0.002699 0.005404
10 0.110882 0.310575 0.003552 0.005404
10 0.105910 0.313187 0.003268 0.005585
10 0.103495 0.309043 0.002983 0.005585
10 0.106549 0.307242 0.003410 0.005585
10 0.146967 0.333814 0.003268 0.005765
10 0.114789 0.333093 0.003125 0.005044
10 0.113297 0.334174 0.003268 0.005765
10 0.107260 0.337146 0.002841 0.004504
10 0.130913 0.312286 0.003268 0.004504
10 0.135886 0.323996 0.002699 0.004143
10 0.129990 0.316970 0.002841 0.005224
10 0.102998 0.314268 0.003410 0.005224
10 0.109959 0.320933 0.002841 0.005224
9 0.111308 0.602774 0.006109 0.012250
10 0.141142 0.920645 0.002983 0.005585
10 0.106194 0.382634 0.002699 0.005765
10 0.217431 0.837146 0.004688 0.004684
10 0.220912 0.832282 0.004830 0.004324
10 0.220415 0.829850 0.004404 0.003783
10 0.219776 0.827869 0.004546 0.003783
10 0.218923 0.825977 0.004262 0.003963
10 0.217716 0.821474 0.004688 0.003603
10 0.217431 0.819492 0.004688 0.003603
10 0.217005 0.817510 0.004972 0.003603
10 0.216437 0.814988 0.004972 0.004324
10 0.215372 0.813007 0.004830 0.003963
10 0.227589 0.822014 0.003978 0.003603
10 0.227234 0.819582 0.004688 0.004143
10 0.226524 0.818141 0.004688 0.004143
10 0.226097 0.815889 0.004688 0.004324
10 0.225174 0.813817 0.004262 0.004504
10 0.224890 0.811475 0.004262 0.003423
10 0.224322 0.809404 0.004546 0.004324
10 0.223824 0.807422 0.004688 0.004324
10 0.202301 0.814088 0.004262 0.003963
10 0.201236 0.809854 0.004404 0.004143
10 0.203793 0.803549 0.004972 0.004504
10 0.202870 0.799406 0.004546 0.003783
10 0.200455 0.804720 0.004262 0.004324
10 0.199531 0.800576 0.004120 0.004684
10 0.221622 0.835165 0.004262 0.004684
10 0.217858 0.850387 0.004404 0.003783
10 0.148174 0.918213 0.003410 0.005765
9 0.217431 0.722302 0.014917 0.009188
10 0.160676 0.991623 0.003694 0.006305
10 0.156272 0.986939 0.003694 0.004864
10 0.121750 0.846604 0.003410 0.005585
10 0.095255 0.874437 0.003268 0.005765
10 0.086376 0.840389 0.004546 0.007206
10 0.071175 0.785264 0.004262 0.007566
10 0.030047 0.520537 0.003268 0.006305
10 0.030757 0.511079 0.003268 0.006485
10 0.026779 0.507566 0.002699 0.005224
10 0.020386 0.468114 0.003552 0.007026
10 0.014775 0.457305 0.003125 0.007026
10 0.014846 0.442623 0.003268 0.006485
10 0.006322 0.393353 0.002983 0.005945
10 0.131198 0.326338 0.003268 0.005224
10 0.099020 0.354621 0.003125 0.005945
10 0.104063 0.352819 0.002699 0.005585
10 0.107189 0.350658 0.003268 0.005945
9 0.227163 0.697892 0.004546 0.015132
9 0.230004 0.722663 0.007103 0.006305
9 0.206137 0.727346 0.008524 0.006665
10 0.121892 0.345073 0.003125 0.005224
10 0.104560 0.383174 0.002841 0.005765
10 0.103637 0.390921 0.002983 0.005404
10 0.020102 0.041434 0.002415 0.005404
10 0.012431 0.034588 0.002415 0.004684
10 0.010868 0.042875 0.003268 0.005044
10 0.009305 0.049901 0.002699 0.004324
9 0.005754 0.066835 0.006109 0.018375
10 0.002983 0.085390 0.002557 0.006125
10 0.005470 0.084579 0.002699 0.004504
9 0.007529 0.336696 0.004262 0.014052
9 0.010939 0.437579 0.004830 0.012971
9 0.020528 0.482255 0.006109 0.016213
9 0.117417 0.960998 0.005825 0.016033
9 0.103779 0.904432 0.004972 0.009908
9 0.132476 0.897316 0.006961 0.015132
9 0.133258 0.889479 0.006819 0.014592
9 0.120188 0.852999 0.006535 0.014772
9 0.108183 0.807512 0.006393 0.015313
9 0.075224 0.686633 0.008382 0.022518
9 0.083250 0.671050 0.007387 0.015853
9 0.064072 0.645920 0.007956 0.021077
9 0.057537 0.621149 0.005114 0.010449
9 0.048444 0.588543 0.006535 0.015132
9 0.063148 0.597010 0.005825 0.013691
9 0.040560 0.559809 0.005541 0.012430
9 0.049652 0.546928 0.006961 0.016574
10 0.016267 0.029814 0.002983 0.004864
9 0.007174 0.138534 0.003836 0.014412
9 0.018611 0.061701 0.006535 0.020357
9 0.025430 0.029724 0.004830 0.011169
10 0.201307 0.791119 0.003694 0.003783
10 0.184188 0.775266 0.003552 0.006305
10 0.182128 0.767249 0.003694 0.006125
10 0.531823 0.986129 0.003268 0.006125
10 0.529550 0.987029 0.003268 0.005044
10 0.668135 0.922266 0.003978 0.003063
10 0.672468 0.920735 0.004404 0.003963
10 0.675948 0.919294 0.003410 0.003603
10 0.680565 0.916862 0.004688 0.004143
10 0.689587 0.916952 0.003125 0.004684
10 0.685751 0.915421 0.004546 0.004143
10 0.691078 0.907764 0.003836 0.003963
10 0.676232 0.913259 0.003694 0.003423
10 0.679571 0.912448 0.003836 0.003243
10 0.682910 0.910557 0.003410 0.003423
10 0.691718 0.915781 0.003410 0.005224
10 0.693920 0.907044 0.003268 0.003603
10 0.696477 0.905422 0.003268 0.003603
10 0.695056 0.915060 0.002983 0.005585
10 0.696690 0.914520 0.002841 0.005585
10 0.698324 0.913529 0.003268 0.005765
10 0.632973 0.415421 0.003552 0.002882
10 0.185751 0.780850 0.002983 0.005224
10 0.011862 0.050802 0.002415 0.004684
10 0.009945 0.060079 0.002273 0.004864
10 0.015627 0.062962 0.001989 0.004864
10 0.002912 0.154567 0.002131 0.005765
10 0.012076 0.428391 0.002841 0.005765
10 0.007743 0.420195 0.003268 0.005224
10 0.052138 0.590344 0.003410 0.007206
10 0.110456 0.620249 0.003552 0.006846
10 0.664583 0.147901 0.003410 0.006125
10 0.661102 0.137903 0.002983 0.005224
10 0.662239 0.142227 0.002983 0.004864
10 0.665577 0.155648 0.002841 0.005044
10 0.116210 0.826428 0.002841 0.005585
10 0.127291 0.879661 0.003410 0.006125
10 0.126367 0.863898 0.002983 0.005224
10 0.131269 0.848676 0.002273 0.005404
10 0.632334 0.413529 0.003410 0.003423
10 0.631127 0.409115 0.003552 0.002162
10 0.630629 0.407134 0.003694 0.003243
10 0.167495 0.713565 0.003978 0.007206
10 0.178079 0.719600 0.004688 0.003783
10 0.177511 0.717979 0.004688 0.004504
10 0.177298 0.715457 0.004830 0.004143
10 0.176730 0.713475 0.004830 0.004143
10 0.175806 0.709602 0.004120 0.003603
10 0.174457 0.705458 0.003410 0.003603
10 0.174030 0.703207 0.003410 0.003783
10 0.172752 0.699153 0.004262 0.004324
10 0.172326 0.697172 0.004830 0.003963
10 0.171473 0.695100 0.003978 0.003783
10 0.170408 0.690957 0.004120 0.003783
10 0.169697 0.688975 0.004688 0.003423
10 0.169413 0.686993 0.004972 0.003783
10 0.168632 0.682940 0.004546 0.003963
10 0.168348 0.680508 0.005114 0.004143
10 0.167637 0.678616 0.004830 0.004324
10 0.180352 0.616916 0.003268 0.005945
10 0.176730 0.618357 0.002841 0.005585
10 0.175451 0.618897 0.002841 0.005224
10 0.173604 0.620159 0.003125 0.005224
10 0.165649 0.609980 0.003694 0.006846
10 0.170337 0.607638 0.003410 0.005765
10 0.162097 0.689155 0.002841 0.005945
10 0.178719 0.723924 0.005398 0.005224
10 0.630345 0.405242 0.003694 0.003423
10 0.174528 0.735813 0.003552 0.005585
10 0.179145 0.757611 0.003978 0.007386
10 0.194630 0.782742 0.004546 0.004324
10 0.193849 0.780760 0.004120 0.004324
10 0.193209 0.777878 0.003978 0.003603
10 0.196122 0.776347 0.004404 0.004143
10 0.192073 0.775896 0.004546 0.003963
10 0.192073 0.773554 0.003694 0.003243
10 0.191078 0.772113 0.003694 0.003243
10 0.190084 0.768240 0.003694 0.003423
10 0.194701 0.770402 0.003836 0.003423
10 0.193564 0.769051 0.003836 0.003603
10 0.189089 0.763106 0.003694 0.003963
10 0.189800 0.765177 0.003125 0.003423
10 0.193138 0.766438 0.004120 0.003423
10 0.192570 0.763556 0.003268 0.003783
10 0.191504 0.757701 0.004262 0.003963
10 0.188024 0.758872 0.004120 0.003783
10 0.187456 0.756891 0.004120 0.003783
10 0.186319 0.752477 0.003552 0.003603
10 0.190794 0.755269 0.003978 0.003783
10 0.189658 0.751036 0.003978 0.003603
10 0.190368 0.753108 0.004262 0.003783
10 0.176019 0.741218 0.003410 0.005945
10 0.175238 0.604756 0.002415 0.004324
10 0.177156 0.604306 0.003125 0.005945
10 0.181631 0.602414 0.003268 0.005044
10 0.183762 0.601513 0.002983 0.005765
10 0.607615 0.381913 0.005114 0.003963
10 0.607828 0.384345 0.003836 0.003063
10 0.608964 0.386057 0.003836 0.003243
10 0.609959 0.390200 0.004120 0.003963
10 0.610598 0.392542 0.004262 0.003243
10 0.611024 0.394253 0.003978 0.003423
10 0.611593 0.396055 0.004262 0.004143
10 0.612303 0.398307 0.003978 0.003603
10 0.612587 0.400198 0.003978 0.003783
10 0.614008 0.403981 0.003978 0.004143
10 0.614505 0.406413 0.003836 0.002522
10 0.615215 0.410467 0.004120 0.003783
10 0.616281 0.412358 0.003410 0.003603
10 0.616707 0.414430 0.003978 0.003423
10 0.617133 0.416682 0.003978 0.003603
10 0.618057 0.420915 0.003836 0.003783
10 0.626154 0.405242 0.004404 0.003423
10 0.626723 0.407044 0.003552 0.003423
10 0.627433 0.408485 0.004120 0.003423
10 0.628001 0.410917 0.004120 0.003603
10 0.628640 0.412809 0.003978 0.004143
10 0.629067 0.415240 0.004262 0.004324
10 0.629635 0.403261 0.004262 0.003423
10 0.675664 0.442353 0.002841 0.005585
10 0.673675 0.443253 0.002841 0.005585
10 0.671899 0.444064 0.002983 0.004684
10 0.154141 0.589804 0.003694 0.005404
10 0.156059 0.585930 0.003268 0.004864
10 0.158687 0.582508 0.003978 0.005585
10 0.164725 0.573770 0.004120 0.005765
10 0.167993 0.570798 0.004404 0.004864
10 0.648530 0.426770 0.005114 0.005404
10 0.669982 0.444695 0.003410 0.005585
10 0.640787 0.397316 0.004688 0.004504
10 0.642137 0.399478 0.003978 0.003423
10 0.635389 0.392272 0.003552 0.003783
10 0.634678 0.390020 0.004120 0.003603
10 0.634394 0.388038 0.003836 0.003963
10 0.633044 0.383625 0.003410 0.003783
10 0.632405 0.381373 0.004404 0.003243
10 0.631766 0.378851 0.003694 0.003243
10 0.663802 0.447577 0.003836 0.005585
10 0.665649 0.445956 0.002699 0.005224