0 0.131956 0.062318 0.023004 0.012067
0 0.130624 0.050581 0.022280 0.010557
0 0.100821 0.184193 0.022285 0.012153
0 0.130725 0.039034 0.023472 0.012173
0 0.101452 0.169578 0.023214 0.011973
0 0.100514 0.224768 0.022052 0.012079
0 0.105945 0.017856 0.022795 0.011870
0 0.125966 0.291025 0.025070 0.013733
0 0.744628 0.953188 0.020863 0.027342
0 0.127028 0.212689 0.021903 0.011767
0 0.130504 0.186098 0.029049 0.013410
0 0.124857 0.275177 0.022215 0.012812
0 0.101681 0.156612 0.023350 0.011940
0 0.125594 0.199895 0.022614 0.011708
0 0.100934 0.199462 0.021138 0.011623
0 0.118046 0.309016 0.026016 0.013614
0 0.724049 0.955643 0.021899 0.031162
0 0.130126 0.150130 0.019054 0.011162
0 0.131086 0.138295 0.022367 0.011287
0 0.906905 0.061899 0.025896 0.013702
0 0.126745 0.173506 0.022768 0.011834
0 0.103385 0.058127 0.022803 0.012034
0 0.127134 0.237101 0.022451 0.012168
0 0.676942 0.946947 0.026137 0.013847
0 0.105185 0.030704 0.023499 0.011919
0 0.127520 0.224192 0.020819 0.010292
0 0.102184 0.239855 0.023319 0.012140
0 0.102771 0.101854 0.024105 0.012149
0 0.811514 0.954323 0.022456 0.023475
0 0.100334 0.255033 0.027141 0.013937
0 0.106499 0.044822 0.020734 0.012091
0 0.987831 0.129207 0.018739 0.010622
