0 0.796265 0.556663 0.029434 0.024105
0 0.126669 0.057588 0.024588 0.025655
0 0.774098 0.908979 0.026478 0.021254
0 0.740799 0.158601 0.028885 0.023613
0 0.943492 0.062944 0.028147 0.022881
0 0.221792 0.097321 0.021110 0.024030
0 0.801006 0.929155 0.028146 0.021424
0 0.912634 0.579366 0.030142 0.023487
0 0.157366 0.108649 0.023113 0.022970
0 0.885366 0.560528 0.029398 0.025281
0 0.590743 0.702600 0.028603 0.022003
0 0.849429 0.596242 0.025053 0.020223
0 0.770226 0.201871 0.025908 0.021611
0 0.180228 0.025279 0.021550 0.023480
0 0.207445 0.071553 0.020518 0.021996
0 0.661816 0.221186 0.029967 0.023822
0 0.765757 0.138996 0.026822 0.020930
0 0.686459 0.201698 0.027955 0.023602
0 0.197231 0.177658 0.021210 0.021380
0 0.823180 0.946217 0.026460 0.021665
0 0.871970 0.983415 0.027425 0.022249
0 0.710218 0.183676 0.027425 0.021170
0 0.144764 0.085638 0.024760 0.024033
0 0.251942 0.149856 0.021353 0.022293
0 0.665486 0.926252 0.025375 0.022750
0 0.725923 0.438740 0.024315 0.021907
0 0.618229 0.582245 0.028676 0.022671
0 0.936625 0.967370 0.028465 0.022583
0 0.236594 0.122877 0.024454 0.026150
0 0.933828 0.596334 0.024991 0.020091
0 0.268871 0.177375 0.024956 0.027807
0 0.670224 0.347264 0.019331 0.020452
0 0.406794 0.610815 0.031162 0.019830
0 0.839567 0.894057 0.025920 0.020105
0 0.872969 0.614126 0.025256 0.020533
0 0.824526 0.576508 0.027655 0.022529
0 0.612870 0.785515 0.027570 0.020714
0 0.183816 0.155135 0.021378 0.022310
0 0.653560 0.301159 0.022912 0.025367
0 0.795512 0.859514 0.027510 0.022498
0 0.845270 0.962725 0.025304 0.020213
0 0.391816 0.623429 0.031830 0.016931
0 0.818563 0.877861 0.025855 0.020596
0 0.750522 0.456124 0.025614 0.021076
0 0.349941 0.610882 0.027120 0.014827
0 0.209617 0.198107 0.021554 0.020665
0 0.547806 0.251069 0.024509 0.016309
0 0.357760 0.242090 0.031387 0.015226
0 0.861773 0.541238 0.026353 0.021358
0 0.577451 0.932376 0.026843 0.021711
0 0.612656 0.721772 0.025476 0.020736
0 0.634780 0.738085 0.024288 0.019535
0 0.813097 0.099798 0.025677 0.020921
0 0.794630 0.181195 0.026822 0.023064
0 0.287809 0.585196 0.030808 0.019759
0 0.704375 0.418401 0.022149 0.020699
0 0.844935 0.142112 0.025188 0.021500
0 0.552744 0.952099 0.030146 0.023620
0 0.818275 0.163233 0.024484 0.019561
0 0.901397 0.095629 0.024902 0.021329
0 0.390198 0.235237 0.023392 0.011436
0 0.639824 0.563946 0.025560 0.021408
0 0.623874 0.894840 0.025861 0.020316
0 0.112935 0.032231 0.024882 0.024558
0 0.641282 0.947833 0.026545 0.021547
0 0.905998 0.943787 0.027043 0.021926
0 0.788822 0.120997 0.023036 0.020353
0 0.949481 0.672229 0.026930 0.018908
0 0.713760 0.797082 0.028692 0.021068
0 0.702432 0.255684 0.024331 0.019532
0 0.764305 0.837024 0.030420 0.023551
0 0.618262 0.965821 0.027338 0.023528
0 0.693718 0.396602 0.016218 0.020906
