0 0.064276 0.807225 0.069188 0.040018
1 0.728467 0.865963 0.054708 0.100898
1 0.299474 0.171164 0.099235 0.038480
1 0.412355 0.501617 0.108628 0.085881
1 0.453174 0.640757 0.113078 0.087907
1 0.865834 0.608126 0.075245 0.126249
1 0.318128 0.221992 0.131191 0.046401
1 0.535140 0.778774 0.106434 0.093250
1 0.473934 0.744767 0.110067 0.088064
1 0.387251 0.463684 0.111667 0.087683
1 0.539214 0.777464 0.104496 0.092003
0 0.650239 0.843836 0.046215 0.047876
0 0.047968 0.783715 0.069427 0.041003
0 0.451911 0.083747 0.055349 0.026317
0 0.528147 0.305329 0.054028 0.031721
1 0.409730 0.501654 0.110188 0.088834
