0 0.287741 0.807526 0.035215 0.033108
0 0.492543 0.786342 0.033940 0.032798
0 0.476384 0.666593 0.033788 0.031846
0 0.550350 0.668212 0.029208 0.027497
0 0.500292 0.804138 0.030154 0.028210
0 0.386366 0.477583 0.030742 0.032741
0 0.556532 0.685861 0.030995 0.028541
0 0.310831 0.940524 0.029953 0.030210
0 0.279443 0.854299 0.031292 0.030209
0 0.443596 0.964124 0.033132 0.031041
0 0.318235 0.956633 0.030018 0.029044
0 0.543477 0.650657 0.028959 0.029033
0 0.256803 0.555790 0.032106 0.034094
0 0.519991 0.600785 0.032229 0.030079
0 0.223042 0.575111 0.030084 0.031678
0 0.587168 0.748691 0.030635 0.030625
0 0.570687 0.888135 0.033893 0.030690
0 0.567957 0.955752 0.030263 0.028172
0 0.324287 0.975866 0.033586 0.033362
0 0.429630 0.654784 0.028158 0.029490
0 0.587416 0.922293 0.032088 0.031203
0 0.461879 0.638126 0.035979 0.035374
0 0.305218 0.836682 0.031196 0.032299
0 0.594728 0.765903 0.034257 0.029835
0 0.521435 0.771008 0.031137 0.029748
0 0.447431 0.685263 0.032981 0.031554
0 0.349527 0.938791 0.030783 0.028354
0 0.558546 0.938582 0.031317 0.030709
0 0.464491 0.482698 0.033409 0.034654
0 0.272449 0.837417 0.031058 0.028417
0 0.571132 0.717552 0.030332 0.027741
0 0.539139 0.820788 0.030205 0.029234
0 0.424351 0.638896 0.030745 0.031381
0 0.564471 0.871896 0.033642 0.031284
0 0.488956 0.939086 0.031891 0.029550
0 0.545834 0.837785 0.028217 0.028465
0 0.368855 0.486061 0.025533 0.030777
0 0.606707 0.801045 0.033956 0.035971
0 0.312022 0.854679 0.029718 0.030832
0 0.448067 0.981588 0.033818 0.032561
0 0.289618 0.893448 0.029410 0.029398
0 0.525857 0.617960 0.030700 0.028845
0 0.285760 0.873222 0.030409 0.029906
0 0.349711 0.771109 0.033459 0.032279
0 0.455885 0.702879 0.031399 0.029093
0 0.536465 0.632484 0.027455 0.026761
0 0.357174 0.785560 0.031877 0.029047
0 0.409664 0.460537 0.023558 0.032627
0 0.494991 0.718997 0.031893 0.030225
0 0.551590 0.921823 0.032107 0.030036
0 0.662652 0.938840 0.031384 0.028902
0 0.506540 0.821238 0.029716 0.029402
0 0.461967 0.721213 0.030948 0.028070
0 0.488927 0.704712 0.030879 0.028012
0 0.601530 0.782913 0.029569 0.025788
0 0.401362 0.882598 0.034019 0.032442
0 0.138158 0.626998 0.030386 0.032897
0 0.252105 0.807100 0.030026 0.028230
0 0.576536 0.734724 0.029077 0.027931
0 0.513235 0.838241 0.030260 0.030375
0 0.604970 0.953506 0.029234 0.027321
0 0.329975 0.906771 0.030259 0.029496
0 0.511055 0.754359 0.030414 0.027644
0 0.424300 0.452351 0.022550 0.033366
0 0.353546 0.956651 0.030523 0.028202
0 0.416693 0.620897 0.032188 0.032632
0 0.238592 0.772794 0.032539 0.029213
