0 0.852673 0.171386 0.031536 0.045799
0 0.796124 0.185274 0.033190 0.048582
0 0.723906 0.138306 0.033421 0.051220
0 0.876470 0.123536 0.029230 0.047349
0 0.840008 0.120181 0.034019 0.052116
0 0.351830 0.040920 0.033930 0.047952
0 0.822686 0.179846 0.027911 0.045034
0 0.199273 0.061328 0.028679 0.045211
0 0.317874 0.043775 0.028933 0.047324
0 0.170006 0.066712 0.030294 0.047838
0 0.262617 0.054747 0.032975 0.050516
0 0.705710 0.194915 0.030601 0.047921
0 0.094907 0.020358 0.071483 0.031513
0 0.601677 0.303142 0.060502 0.032380
0 0.593328 0.276847 0.059852 0.027800
0 0.101103 0.044489 0.058085 0.029880
0 0.606670 0.024462 0.041138 0.048924
