1 0.296993 0.306243 0.045872 0.029090
1 0.742323 0.688647 0.025368 0.037272
1 0.627543 0.659708 0.027439 0.045693
1 0.662678 0.667801 0.032757 0.018201
1 0.302935 0.195543 0.052543 0.027930
1 0.840090 0.561289 0.029281 0.026057
1 0.141483 0.268836 0.050659 0.027685
1 0.839517 0.588920 0.025286 0.031300
1 0.774169 0.617480 0.027022 0.032880
1 0.156290 0.309034 0.053793 0.030019
1 0.795007 0.591419 0.016267 0.035910
1 0.847553 0.527001 0.030018 0.020301
1 0.772798 0.599396 0.022078 0.027233
1 0.160107 0.327830 0.050717 0.026345
1 0.842029 0.614177 0.026403 0.032919
1 0.662521 0.710307 0.020982 0.031284
1 0.343001 0.478793 0.043903 0.030260
1 0.843694 0.544374 0.027088 0.021721
1 0.148961 0.290116 0.055575 0.030176
1 0.694027 0.703401 0.023611 0.031169
1 0.378729 0.599860 0.018169 0.055532
1 0.842296 0.640813 0.022641 0.039156
1 0.806529 0.658807 0.015207 0.037199
1 0.767026 0.671947 0.024932 0.030230
0 0.676477 0.862910 0.011312 0.024794
1 0.780266 0.629211 0.025947 0.028437
1 0.541853 0.606557 0.024551 0.033012
0 0.971836 0.518345 0.020271 0.015913
1 0.601325 0.512936 0.029665 0.016916
1 0.849626 0.510347 0.026147 0.020144
1 0.322704 0.242114 0.028600 0.017027
1 0.820310 0.394812 0.025536 0.037641
1 0.348604 0.598511 0.018024 0.044046
1 0.137668 0.249352 0.048170 0.023302
1 0.333298 0.603840 0.016656 0.039467
0 0.714569 0.855787 0.012330 0.025120
1 0.783430 0.645245 0.029672 0.031876
1 0.863765 0.727397 0.022263 0.022100
0 0.903404 0.896510 0.020102 0.015877
0 0.751993 0.848821 0.013139 0.025140
0 0.742272 0.852719 0.011878 0.025889
0 0.733058 0.852306 0.010841 0.026072
0 0.946597 0.828562 0.015480 0.024996
1 0.871203 0.253028 0.017006 0.042741
1 0.724554 0.694741 0.024387 0.034970
0 0.609099 0.713370 0.014426 0.028759
0 0.695012 0.861790 0.011445 0.024507
1 0.297837 0.334700 0.049493 0.032153
1 0.719191 0.616085 0.028650 0.032521
