1 0.528350 0.649266 0.026884 0.032746
1 0.595484 0.542201 0.028769 0.037253
1 0.579738 0.564199 0.030898 0.037193
1 0.548654 0.612663 0.031374 0.038105
1 0.518609 0.658072 0.027070 0.031830
1 0.457347 0.577362 0.031000 0.045685
1 0.432288 0.569663 0.034649 0.048321
1 0.577936 0.619800 0.030789 0.043119
1 0.626937 0.648725 0.034702 0.036359
1 0.461107 0.441786 0.033806 0.033140
1 0.536567 0.638043 0.028031 0.034783
1 0.423816 0.557268 0.036140 0.049318
1 0.453868 0.453094 0.034474 0.032942
0 0.288349 0.226968 0.017026 0.019252
0 0.744406 0.262371 0.019936 0.020460
1 0.565291 0.589288 0.028663 0.034640
1 0.511808 0.612440 0.048936 0.071170
0 0.283549 0.307333 0.018204 0.020225
0 0.263889 0.294680 0.016989 0.020300
0 0.670514 0.300371 0.019491 0.019272
1 0.445515 0.574462 0.032972 0.047988
0 0.259778 0.317280 0.016180 0.019052
0 0.727269 0.289005 0.019639 0.018689
0 0.745503 0.302974 0.018275 0.018803
1 0.572205 0.576304 0.029505 0.035504
0 0.736211 0.270819 0.018374 0.017478
0 0.601340 0.289540 0.018186 0.017211
1 0.630531 0.537894 0.034960 0.047339
1 0.670383 0.710692 0.028987 0.051807
0 0.707119 0.365779 0.022680 0.021542
1 0.565914 0.666831 0.031901 0.046958
0 0.250614 0.309098 0.015652 0.018575
0 0.262952 0.248518 0.019616 0.019280
0 0.762129 0.273886 0.017797 0.018423
1 0.478372 0.594115 0.035846 0.056134
0 0.467985 0.862812 0.013796 0.018976
0 0.244576 0.275914 0.018230 0.019507
0 0.251624 0.267530 0.020059 0.020811
1 0.630013 0.603156 0.022364 0.022810
0 0.813690 0.523071 0.015422 0.020576
0 0.431576 0.814265 0.017750 0.016640
0 0.796467 0.510881 0.015431 0.020167
0 0.270022 0.239562 0.017545 0.019755
0 0.788699 0.506109 0.015136 0.020414
