1 0.691884 0.659401 0.068137 0.048563
1 0.298061 0.455467 0.057622 0.055204
1 0.536367 0.645043 0.083366 0.033989
0 0.468791 0.655380 0.036567 0.027392
1 0.668042 0.406595 0.089311 0.032886
1 0.656893 0.390398 0.087212 0.035073
1 0.599663 0.576295 0.071071 0.030165
1 0.711571 0.647955 0.065461 0.050243
1 0.731259 0.521473 0.087729 0.033397
1 0.716547 0.488552 0.085889 0.034482
1 0.707367 0.472392 0.093436 0.035048
1 0.483603 0.397117 0.052053 0.038156
1 0.744779 0.538872 0.093730 0.032670
1 0.603121 0.310433 0.086275 0.033013
1 0.349195 0.393082 0.062514 0.027176
1 0.516732 0.745684 0.074475 0.052968
1 0.448548 0.777067 0.066177 0.050560
1 0.700130 0.455817 0.090083 0.032837
1 0.410067 0.374272 0.060818 0.026641
1 0.268902 0.458390 0.061045 0.059101
1 0.619018 0.589311 0.084123 0.034799
0 0.375203 0.685361 0.039441 0.027896
1 0.523055 0.403065 0.053555 0.042674
1 0.691011 0.439181 0.092178 0.032225
1 0.326919 0.531117 0.075164 0.033188
1 0.650198 0.684580 0.068687 0.051083
1 0.608817 0.328333 0.099225 0.035457
1 0.682743 0.422464 0.092811 0.034945
1 0.770477 0.569430 0.090512 0.033279
1 0.596924 0.511036 0.044938 0.034655
1 0.570488 0.545809 0.069100 0.032566
1 0.619050 0.344283 0.090632 0.033963
1 0.343114 0.342809 0.072300 0.027414
1 0.376737 0.815057 0.060846 0.047067
0 0.392370 0.678107 0.037959 0.026783
1 0.540823 0.517580 0.064900 0.034710
1 0.473982 0.768335 0.066206 0.048178
1 0.517365 0.486030 0.069835 0.031851
1 0.454594 0.426375 0.062806 0.029349
1 0.522766 0.503311 0.060924 0.030557
0 0.340365 0.695818 0.032293 0.023652
1 0.369701 0.434550 0.061977 0.056855
1 0.549529 0.460258 0.067677 0.052994
1 0.493062 0.756189 0.062897 0.048840
1 0.585558 0.715199 0.078812 0.054021
1 0.759191 0.553883 0.090421 0.033981
1 0.261732 0.331449 0.047192 0.033359
1 0.778182 0.584619 0.089924 0.035147
1 0.346628 0.441687 0.064008 0.059011
1 0.777000 0.584912 0.092352 0.034612
1 0.423403 0.788099 0.068086 0.053365
1 0.629366 0.360761 0.083901 0.032436
1 0.539743 0.738281 0.072262 0.050214
1 0.396773 0.423745 0.073830 0.053735
1 0.646033 0.375335 0.081505 0.030016
1 0.585477 0.562177 0.066609 0.030488
1 0.268488 0.361774 0.076024 0.030080
1 0.319385 0.447497 0.052501 0.052762
1 0.558284 0.531241 0.068449 0.032203
1 0.562584 0.293512 0.077722 0.042303
0 0.373744 0.571318 0.031130 0.024487
1 0.556386 0.531359 0.065459 0.033583
1 0.746524 0.622300 0.064596 0.044804
1 0.630324 0.695020 0.074082 0.050499
