1 0.634881 0.176898 0.070459 0.034533
1 0.225529 0.560357 0.059758 0.056279
1 0.619099 0.191645 0.069433 0.034934
1 0.139958 0.508156 0.056304 0.050487
1 0.554168 0.247429 0.070475 0.035354
1 0.889895 0.165017 0.070542 0.030912
1 0.699675 0.423813 0.031942 0.064163
1 0.666451 0.149171 0.072737 0.032672
1 0.172597 0.534889 0.056298 0.051031
1 0.687555 0.116983 0.071360 0.034977
1 0.253314 0.745381 0.045244 0.063510
1 0.681846 0.134553 0.068642 0.033925
0 0.865714 0.695087 0.025641 0.024695
1 0.299938 0.789695 0.047536 0.063283
1 0.538753 0.262641 0.069913 0.035956
1 0.211522 0.701461 0.044862 0.061730
1 0.508986 0.290869 0.070770 0.035965
1 0.187378 0.546573 0.055081 0.049225
1 0.602022 0.204672 0.068354 0.034202
1 0.255752 0.593269 0.059409 0.053948
1 0.155994 0.520633 0.059609 0.052165
1 0.197643 0.559847 0.060101 0.054416
1 0.764534 0.366405 0.033793 0.068878
0 0.886646 0.677237 0.026062 0.025458
1 0.601338 0.392081 0.058300 0.055307
1 0.587880 0.379255 0.058122 0.057495
1 0.267870 0.761563 0.045517 0.062561
1 0.237521 0.733116 0.046077 0.062679
1 0.859182 0.135517 0.069510 0.029877
1 0.881426 0.283398 0.034163 0.065227
1 0.830594 0.313064 0.034096 0.066416
1 0.899396 0.180760 0.069603 0.032691
0 0.854868 0.703337 0.027507 0.026648
0 0.899179 0.669351 0.027732 0.028153
0 0.893009 0.713902 0.024926 0.024882
0 0.859752 0.728766 0.025362 0.024521
1 0.650193 0.462507 0.028046 0.061372
1 0.914407 0.197152 0.056281 0.028257
1 0.718834 0.716957 0.032770 0.034417
1 0.845496 0.299288 0.030970 0.070740
0 0.767165 0.702745 0.026395 0.026335
1 0.732020 0.397488 0.033139 0.068056
1 0.797743 0.341182 0.034000 0.068104
0 0.943976 0.760623 0.026792 0.025049
1 0.871441 0.150903 0.075875 0.030923
1 0.844394 0.121460 0.073973 0.032112
0 0.876299 0.627808 0.021086 0.021006
0 0.886762 0.619334 0.021344 0.021036
0 0.822084 0.780250 0.022256 0.021383
0 0.911249 0.655839 0.025053 0.024180
0 0.846675 0.652438 0.022311 0.021617
1 0.308173 0.634331 0.067244 0.048230
0 0.897956 0.668888 0.026945 0.028122
1 0.780408 0.352167 0.032084 0.069673
1 0.223111 0.719759 0.044220 0.061624
0 0.744240 0.745651 0.032238 0.032369
0 0.901802 0.707067 0.024953 0.025386
0 0.909126 0.605034 0.023042 0.024703
1 0.810683 0.091074 0.075465 0.029675
0 0.934230 0.642831 0.022483 0.022686
0 0.138124 0.707014 0.027267 0.026949
0 0.719314 0.777476 0.026197 0.027835
1 0.283207 0.776109 0.045185 0.063716
0 0.916661 0.595592 0.022803 0.024157
0 0.900649 0.800433 0.022917 0.023298
0 0.901118 0.777245 0.024395 0.024618
0 0.204814 0.801187 0.024673 0.024544
0 0.059062 0.134248 0.023933 0.023070
0 0.922285 0.648368 0.020765 0.021275
0 0.823226 0.781128 0.022626 0.022631
0 0.182368 0.818130 0.024126 0.023303
0 0.161561 0.838542 0.022896 0.021975
0 0.686238 0.741378 0.024525 0.026338
0 0.135451 0.656104 0.022716 0.024000
0 0.802621 0.762232 0.023364 0.024262
0 0.803923 0.762819 0.024521 0.024856
0 0.157616 0.148695 0.025710 0.024124
0 0.865731 0.791667 0.021249 0.020873
0 0.696640 0.733928 0.025670 0.026956
0 0.137351 0.264279 0.022373 0.022085
1 0.571046 0.232906 0.067980 0.034141
0 0.913753 0.698344 0.025401 0.025766
0 0.886982 0.812478 0.031975 0.030163
0 0.368941 0.667369 0.025071 0.024584
0 0.854423 0.641183 0.025061 0.025033
0 0.173680 0.234058 0.020929 0.023282
0 0.503189 0.768839 0.023484 0.019368
0 0.153473 0.851185 0.026183 0.024358
0 0.889657 0.601470 0.016327 0.018376
0 0.790354 0.767330 0.021759 0.022370
0 0.898863 0.613656 0.021862 0.021419
