0 0.051447 0.909163 0.027940 0.040089
1 0.432417 0.564309 0.050759 0.080882
1 0.180717 0.520521 0.055019 0.076594
1 0.270725 0.518007 0.052449 0.079483
1 0.296955 0.524494 0.054465 0.078916
1 0.215311 0.507251 0.057327 0.078039
1 0.322429 0.533875 0.052475 0.079687
0 0.174881 0.927361 0.024655 0.036741
0 0.222146 0.729130 0.027473 0.037240
1 0.374857 0.556221 0.052898 0.080500
0 0.198227 0.929938 0.027445 0.040756
1 0.242193 0.513047 0.051813 0.078431
0 0.128070 0.917834 0.027315 0.040109
0 0.152719 0.924313 0.027597 0.043690
0 0.174414 0.717318 0.024952 0.038181
