0 0.558899 0.238447 0.017441 0.065042
0 0.703246 0.836660 0.020818 0.072328
0 0.758117 0.235366 0.017304 0.060851
0 0.234842 0.221101 0.021285 0.068484
0 0.747611 0.571772 0.018888 0.065329
0 0.519188 0.734684 0.021335 0.068138
0 0.489027 0.563943 0.018688 0.068487
0 0.202852 0.555706 0.019224 0.067259
0 0.713785 0.241785 0.018827 0.066535
0 0.289939 0.550602 0.020336 0.078360
0 0.664856 0.577055 0.021504 0.073079
0 0.933283 0.245851 0.018677 0.065802
0 0.351512 0.733402 0.020166 0.069072
0 0.863607 0.498388 0.019400 0.069639
0 0.910391 0.331228 0.020602 0.073001
0 0.683607 0.748586 0.017310 0.060146
0 0.220422 0.808600 0.019823 0.070340
0 0.351569 0.809693 0.019010 0.064560
0 0.792988 0.582353 0.019267 0.070673
0 0.840875 0.506156 0.018032 0.065362
0 0.339818 0.306029 0.019152 0.067772
0 0.307649 0.729365 0.018653 0.064546
0 0.707576 0.572930 0.018908 0.068486
0 0.291079 0.470249 0.019616 0.067012
0 0.552284 0.487696 0.018132 0.062718
0 0.264322 0.732843 0.018495 0.061736
0 0.865879 0.234378 0.017543 0.061224
0 0.515360 0.308353 0.017475 0.066767
0 0.253004 0.296055 0.020801 0.072556
0 0.428182 0.305112 0.018646 0.065289
0 0.384644 0.304219 0.018392 0.061362
0 0.242296 0.730203 0.018095 0.059471
0 0.447295 0.478464 0.018136 0.062495
0 0.295427 0.299357 0.019303 0.064850
0 0.506863 0.488395 0.021621 0.068711
0 0.726016 0.754728 0.018388 0.067387
0 0.577652 0.316868 0.017984 0.064448
0 0.617017 0.818304 0.018048 0.066697
0 0.597761 0.560521 0.019585 0.061585
0 0.313746 0.476042 0.017636 0.061978
0 0.575953 0.561993 0.018977 0.064554
0 0.441678 0.734770 0.019392 0.062279
0 0.804155 0.076646 0.019575 0.069676
0 0.647968 0.315264 0.019432 0.069141
0 0.464317 0.735156 0.018798 0.069260
0 0.770095 0.752333 0.018442 0.064231
0 0.844921 0.105200 0.048939 0.033915
0 0.575125 0.486912 0.018799 0.066842
0 0.715224 0.068607 0.018274 0.066141
0 0.648172 0.239337 0.020741 0.064925
0 0.525554 0.562366 0.021254 0.073427
0 0.756918 0.308631 0.018164 0.064918
0 0.637673 0.757609 0.019022 0.071671
0 0.329929 0.806993 0.020008 0.068254
0 0.450421 0.221046 0.017063 0.062934
0 0.548165 0.744603 0.018987 0.063395
0 0.548390 0.818773 0.018213 0.067942
0 0.401245 0.555003 0.018349 0.063926
0 0.616015 0.745609 0.018050 0.062232
0 0.373717 0.819187 0.020029 0.070792
0 0.934789 0.330057 0.020893 0.071324
0 0.818930 0.581712 0.020314 0.069973
0 0.402654 0.484771 0.019571 0.061351
0 0.364660 0.238423 0.020013 0.067225
0 0.243332 0.807039 0.017823 0.064416
0 0.534293 0.234780 0.020063 0.069229
0 0.594358 0.741555 0.018477 0.063169
0 0.373632 0.730798 0.018158 0.057545
0 0.777582 0.313168 0.018092 0.063860
0 0.525397 0.818283 0.018669 0.063391
0 0.220352 0.729018 0.021071 0.067985
0 0.245978 0.479069 0.017550 0.062863
0 0.553075 0.565484 0.019972 0.069303
0 0.670158 0.309972 0.019157 0.061012
0 0.222990 0.475865 0.018939 0.060383
0 0.887104 0.503355 0.019245 0.069225
0 0.737386 0.075677 0.019937 0.070522
0 0.267131 0.553170 0.019823 0.070244
0 0.733749 0.315934 0.018350 0.060067
0 0.318807 0.310205 0.020875 0.070790
0 0.404952 0.297326 0.019983 0.062967
0 0.598444 0.489533 0.022896 0.075738
0 0.822110 0.315416 0.018160 0.064695
0 0.229512 0.300642 0.021437 0.073113
0 0.341736 0.231935 0.018698 0.067637
0 0.472967 0.299354 0.018545 0.061282
0 0.570106 0.821564 0.021360 0.063620
0 0.841033 0.579987 0.018707 0.062002
0 0.264326 0.816109 0.019820 0.067575
0 0.692758 0.314668 0.021050 0.065947
0 0.536051 0.318986 0.020006 0.075393
0 0.450859 0.300253 0.018769 0.067022
0 0.759281 0.076440 0.018751 0.069448
0 0.623634 0.564040 0.020712 0.063723
0 0.650492 0.066653 0.017493 0.058616
0 0.105028 0.645698 0.023711 0.069252
0 0.774852 0.497956 0.018197 0.063797
0 0.298250 0.219990 0.019389 0.068148
0 0.556257 0.316212 0.020328 0.061459
0 0.929527 0.501239 0.018564 0.064471
0 0.866905 0.316928 0.017621 0.061457
0 0.473176 0.218940 0.017801 0.061256
0 0.423098 0.560978 0.018878 0.059222
0 0.797857 0.500372 0.019521 0.063546
0 0.623372 0.314903 0.021783 0.069466
0 0.318838 0.226850 0.024574 0.076839
0 0.593537 0.816883 0.017376 0.061760
0 0.396352 0.733948 0.021324 0.073788
0 0.245307 0.552700 0.019489 0.068490
0 0.256604 0.224219 0.017859 0.058330
0 0.199109 0.482143 0.019071 0.062168
0 0.311805 0.551352 0.019756 0.072730
0 0.660562 0.823295 0.018416 0.063152
0 0.466057 0.558737 0.019137 0.067704
0 0.903111 0.110081 0.048918 0.035936
0 0.664016 0.498256 0.020291 0.069263
0 0.730346 0.494584 0.019302 0.066868
0 0.285690 0.815042 0.019250 0.068130
0 0.083221 0.844806 0.045657 0.067252
0 0.384948 0.236503 0.017928 0.060604
0 0.814123 0.754574 0.018349 0.066608
0 0.428916 0.230248 0.017351 0.065064
0 0.418510 0.817171 0.018174 0.065532
0 0.285546 0.728430 0.018948 0.059362
0 0.493695 0.314213 0.017236 0.066271
0 0.358796 0.475139 0.018749 0.067491
0 0.889233 0.253427 0.018304 0.061578
0 0.730473 0.494413 0.018881 0.066506
0 0.692954 0.314738 0.021044 0.066879
0 0.274943 0.296370 0.019146 0.066164
0 0.382555 0.477467 0.018392 0.066736
0 0.604986 0.234470 0.019751 0.077145
0 0.599125 0.314174 0.020308 0.068997
0 0.199402 0.729899 0.018747 0.060896
0 0.686310 0.499181 0.018421 0.069439
