1 0.208068 0.473849 0.052693 0.039779
1 0.168188 0.577259 0.049213 0.036474
1 0.222694 0.430178 0.051892 0.038795
1 0.124884 0.704884 0.048799 0.036869
1 0.132496 0.659732 0.066082 0.044025
1 0.109279 0.746958 0.048444 0.037958
1 0.078308 0.829607 0.050533 0.038584
1 0.271869 0.281961 0.048178 0.038202
1 0.238385 0.388666 0.054431 0.040054
1 0.145772 0.638802 0.051680 0.036090
1 0.229769 0.410326 0.049280 0.038443
1 0.113793 0.724241 0.053864 0.039887
1 0.218445 0.453784 0.048523 0.037174
1 0.155806 0.619914 0.049307 0.035857
1 0.835965 0.468987 0.032907 0.058723
1 0.085466 0.808877 0.052226 0.039274
1 0.760899 0.433265 0.032930 0.056452
1 0.100816 0.766125 0.048293 0.038438
1 0.261671 0.325007 0.048627 0.036602
1 0.245999 0.367660 0.049877 0.039266
1 0.068799 0.850603 0.053857 0.036335
1 0.156861 0.597538 0.049761 0.037159
1 0.206041 0.496659 0.037947 0.030811
1 0.192660 0.515704 0.050794 0.039011
1 0.120030 0.850474 0.041009 0.033945
1 0.911898 0.506116 0.032873 0.059954
1 0.947886 0.525647 0.029017 0.053372
1 0.892652 0.496657 0.031970 0.057841
1 0.177418 0.556102 0.050468 0.038571
1 0.855292 0.478152 0.032889 0.060494
1 0.132852 0.683673 0.049474 0.036394
1 0.263773 0.666143 0.031852 0.059233
1 0.376983 0.362791 0.030677 0.052993
1 0.292231 0.587391 0.032347 0.060381
1 0.281975 0.261869 0.051730 0.037730
1 0.619771 0.366440 0.030401 0.053778
1 0.139444 0.808220 0.038243 0.033943
1 0.131057 0.831499 0.040724 0.033605
1 0.778336 0.442916 0.030136 0.054808
1 0.271985 0.304768 0.037820 0.034391
1 0.094082 0.789108 0.049999 0.037973
1 0.352790 0.417979 0.034346 0.062986
1 0.563480 0.338435 0.032407 0.058725
1 0.874204 0.486053 0.034371 0.063907
1 0.251909 0.344887 0.051578 0.039482
1 0.117880 0.874261 0.038720 0.032072
