1 0.597585 0.634754 0.095292 0.043886
1 0.605240 0.688715 0.097265 0.042480
1 0.588659 0.580325 0.095548 0.043790
1 0.788439 0.514270 0.091287 0.042271
1 0.808030 0.650006 0.092452 0.043904
1 0.610655 0.717449 0.092738 0.042432
1 0.776619 0.433116 0.093092 0.040031
1 0.802029 0.595085 0.093274 0.042282
1 0.793007 0.542504 0.092829 0.040462
1 0.831625 0.786367 0.094786 0.044753
1 0.812702 0.677619 0.096151 0.042578
1 0.816019 0.705308 0.093665 0.043001
1 0.827602 0.759329 0.094259 0.042770
1 0.284643 0.426385 0.048331 0.106088
1 0.576725 0.371837 0.049638 0.108211
1 0.803694 0.623659 0.091806 0.041489
1 0.771266 0.403882 0.091587 0.043049
1 0.619322 0.769854 0.094346 0.043532
1 0.402953 0.406882 0.049955 0.107585
1 0.594686 0.608537 0.093098 0.040969
1 0.796546 0.568103 0.093491 0.041528
1 0.751365 0.337908 0.051286 0.108000
1 0.428525 0.812040 0.034149 0.111204
1 0.821472 0.732158 0.092147 0.041364
1 0.583886 0.552203 0.096325 0.040340
1 0.514325 0.763092 0.088911 0.039926
0 0.352154 0.667507 0.021397 0.038488
1 0.523562 0.817866 0.093478 0.040257
1 0.315418 0.421579 0.049130 0.106427
1 0.459869 0.395405 0.048997 0.104481
1 0.512915 0.736160 0.091622 0.039064
1 0.784427 0.487128 0.091193 0.041064
1 0.602328 0.662114 0.097110 0.037262
1 0.546799 0.377477 0.048956 0.106656
1 0.792361 0.542165 0.091734 0.040287
1 0.720723 0.344247 0.050248 0.107954
1 0.574109 0.526752 0.105762 0.043870
1 0.628607 0.828124 0.094321 0.049196
1 0.663112 0.355593 0.050705 0.103782
1 0.519595 0.381310 0.045662 0.103562
1 0.691317 0.351729 0.051182 0.108372
1 0.489303 0.390187 0.049658 0.106690
1 0.606322 0.366472 0.048671 0.107619
1 0.432695 0.400027 0.047428 0.108553
1 0.344358 0.418624 0.048137 0.108377
1 0.622907 0.798549 0.098892 0.045476
0 0.476379 0.657895 0.039455 0.024979
1 0.375266 0.411275 0.048430 0.105728
0 0.334222 0.575455 0.021829 0.040820
0 0.305301 0.598209 0.041482 0.022815
1 0.520123 0.790636 0.092496 0.041032
0 0.343048 0.618946 0.020944 0.037625
