1 0.657553 0.102160 0.093821 0.062713
1 0.263778 0.511379 0.147722 0.018807
1 0.238568 0.327448 0.155774 0.031622
1 0.690222 0.202184 0.127990 0.020339
1 0.252671 0.289360 0.135093 0.024120
1 0.222408 0.227215 0.125398 0.023064
1 0.606546 0.798533 0.152171 0.022763
1 0.269950 0.405324 0.131651 0.020387
1 0.260723 0.675553 0.156619 0.018441
1 0.697434 0.282439 0.160837 0.019240
1 0.261991 0.423597 0.142796 0.021151
1 0.655284 0.875215 0.170472 0.017713
1 0.261497 0.725587 0.156039 0.018840
1 0.253768 0.380188 0.143308 0.035137
1 0.684554 0.218629 0.143518 0.020051
1 0.261450 0.794635 0.159060 0.019497
1 0.254441 0.361162 0.131282 0.030503
1 0.682799 0.365549 0.124417 0.016951
1 0.672718 0.617949 0.109275 0.021387
1 0.236303 0.273426 0.121616 0.024836
1 0.677601 0.250564 0.123336 0.019312
1 0.681959 0.317849 0.106770 0.016947
1 0.236110 0.257334 0.125039 0.023222
1 0.259294 0.625608 0.156653 0.018790
1 0.275416 0.456539 0.144749 0.018772
1 0.306807 0.093840 0.044642 0.066212
1 0.689085 0.334341 0.145014 0.016609
1 0.232553 0.240956 0.119680 0.024623
1 0.647064 0.852136 0.126238 0.018449
1 0.688199 0.415290 0.153217 0.018427
1 0.260802 0.708343 0.157447 0.017489
1 0.266239 0.742518 0.157732 0.020632
1 0.209757 0.212287 0.133806 0.027356
1 0.693782 0.399646 0.117822 0.017840
1 0.258446 0.608401 0.154376 0.017384
1 0.269164 0.757678 0.158428 0.020669
1 0.654830 0.746537 0.149895 0.020447
1 0.251062 0.481347 0.139292 0.019043
1 0.692261 0.233178 0.147623 0.020062
1 0.260388 0.692013 0.157895 0.019131
1 0.484402 0.092567 0.030439 0.066809
1 0.698918 0.185128 0.152224 0.023340
1 0.455545 0.434372 0.034829 0.067642
1 0.197685 0.182871 0.126196 0.022992
1 0.402635 0.090541 0.036083 0.065659
1 0.264949 0.658420 0.157183 0.017688
1 0.255788 0.593235 0.146376 0.016607
1 0.134078 0.649646 0.028913 0.039077
1 0.696218 0.168817 0.153996 0.022542
1 0.261496 0.541556 0.146543 0.016795
1 0.267243 0.438454 0.135731 0.017283
1 0.525129 0.482821 0.093391 0.019836
1 0.242089 0.308181 0.151495 0.027231
1 0.261580 0.557945 0.141243 0.017674
1 0.191300 0.167986 0.102929 0.023599
1 0.680142 0.812762 0.169099 0.023068
0 0.111745 0.600634 0.026300 0.026259
1 0.249290 0.343822 0.137862 0.030782
0 0.957723 0.158197 0.021818 0.023422
1 0.663528 0.727023 0.170336 0.022351
1 0.250196 0.344009 0.136781 0.030849
1 0.677746 0.382060 0.148678 0.018262
1 0.686572 0.138989 0.142541 0.027656
1 0.695971 0.264243 0.159008 0.020930
0 0.863275 0.870971 0.025848 0.028298
1 0.681875 0.638893 0.158783 0.023097
0 0.141920 0.598820 0.021905 0.024580
0 0.830415 0.906792 0.022767 0.023634
1 0.101603 0.285729 0.031044 0.043585
