2 0.703289 0.482644 0.063007 0.048428
2 0.847291 0.609118 0.076106 0.060288
2 0.789638 0.647271 0.078211 0.062996
2 0.523486 0.444863 0.050893 0.039411
2 0.570874 0.662861 0.051731 0.042471
2 0.440603 0.746565 0.059809 0.048690
2 0.460325 0.798877 0.055725 0.051350
2 0.330266 0.570434 0.055854 0.048064
2 0.387014 0.531917 0.054553 0.045480
2 0.502546 0.606166 0.054144 0.043021
2 0.341380 0.706387 0.051235 0.043478
2 0.604200 0.146778 0.047501 0.044702
2 0.602502 0.392112 0.050085 0.043959
2 0.478821 0.471462 0.057562 0.047756
2 0.571425 0.356008 0.051972 0.044066
2 0.299405 0.731448 0.055462 0.044940
2 0.490202 0.835198 0.058200 0.051875
2 0.357900 0.798504 0.052370 0.042891
2 0.412113 0.880425 0.052233 0.044301
2 0.761174 0.286216 0.059283 0.052018
2 0.398193 0.771658 0.051845 0.043277
2 0.613740 0.638170 0.051275 0.043522
2 0.701872 0.582024 0.045865 0.037390
2 0.381920 0.849818 0.053489 0.046195
2 0.120936 0.690608 0.051301 0.047539
2 0.422218 0.655501 0.043695 0.037275
2 0.634779 0.176282 0.047180 0.042423
2 0.730698 0.255842 0.049835 0.042912
2 0.629350 0.270796 0.047598 0.039035
2 0.376944 0.679681 0.043150 0.033132
