2 0.494444 0.698560 0.034219 0.018261
2 0.742972 0.574561 0.036176 0.024033
2 0.709463 0.384155 0.042502 0.028066
2 0.628420 0.731473 0.034680 0.018802
2 0.407186 0.710727 0.031529 0.016059
2 0.846605 0.398331 0.034102 0.022691
2 0.548255 0.436412 0.035832 0.024320
2 0.592230 0.803524 0.033089 0.024817
2 0.670022 0.451084 0.034102 0.022515
2 0.479147 0.714336 0.030408 0.016968
2 0.750228 0.483546 0.030249 0.019370
2 0.228906 0.483993 0.034430 0.019262
2 0.651101 0.415606 0.033120 0.021350
2 0.721230 0.484359 0.033250 0.021501
2 0.924417 0.452538 0.038272 0.024960
2 0.550083 0.845717 0.025392 0.020532
2 0.527403 0.641575 0.034642 0.018069
2 0.336319 0.875015 0.026930 0.020446
2 0.290699 0.472062 0.037507 0.022909
2 0.084615 0.369214 0.029662 0.018583
2 0.408584 0.252222 0.039475 0.025090
2 0.776200 0.500592 0.033391 0.021729
2 0.741364 0.325251 0.036816 0.023619
2 0.262231 0.477717 0.032516 0.019979
2 0.658199 0.348178 0.040245 0.025406
2 0.668999 0.522786 0.035164 0.022816
2 0.345289 0.895709 0.029695 0.022315
2 0.322087 0.464065 0.032812 0.019027
2 0.518752 0.167001 0.038797 0.023185
2 0.392042 0.459138 0.030614 0.016295
2 0.366299 0.222463 0.040620 0.026479
2 0.795074 0.535834 0.034269 0.023146
2 0.604022 0.381753 0.033142 0.021312
2 0.750952 0.738517 0.028631 0.020272
2 0.619113 0.487976 0.035516 0.022485
2 0.356203 0.459309 0.031525 0.016796
2 0.511993 0.763952 0.033680 0.022732
2 0.872731 0.416395 0.032525 0.021349
2 0.692313 0.538775 0.036219 0.022152
2 0.778168 0.793496 0.028879 0.019813
2 0.570457 0.882940 0.029207 0.018662
2 0.318260 0.336886 0.029642 0.022949
2 0.595635 0.471086 0.037425 0.021711
2 0.375774 0.835612 0.026486 0.019429
2 0.897820 0.432857 0.036464 0.022780
2 0.495831 0.647062 0.034270 0.018294
2 0.410374 0.913862 0.030882 0.023418
2 0.365164 0.934841 0.029649 0.021952
2 0.783422 0.433339 0.035644 0.021523
2 0.808612 0.450067 0.029038 0.019083
2 0.762404 0.902272 0.026927 0.021287
2 0.813123 0.713866 0.023097 0.012495
2 0.675318 0.431489 0.033160 0.020272
2 0.836203 0.800057 0.021825 0.011449
2 0.625080 0.675344 0.029902 0.015846
2 0.542172 0.826056 0.026045 0.019207
2 0.494714 0.316232 0.035576 0.024586
2 0.725686 0.466728 0.037244 0.023665
2 0.299308 0.807764 0.031551 0.020207
2 0.532082 0.805266 0.024193 0.022484
2 0.645231 0.505050 0.031025 0.019991
2 0.602147 0.824084 0.026713 0.017624
2 0.459254 0.322226 0.035571 0.023161
2 0.796228 0.361283 0.035550 0.023940
2 0.446316 0.394863 0.033987 0.021691
2 0.220670 0.683168 0.031171 0.017670
2 0.795756 0.898299 0.031528 0.021695
2 0.652107 0.676680 0.031280 0.017236
2 0.675856 0.810839 0.031568 0.022054
2 0.769348 0.342122 0.033430 0.021917
2 0.768197 0.775259 0.026827 0.020968
2 0.829820 0.464424 0.031336 0.020512
2 0.821466 0.534969 0.037068 0.022691
2 0.325923 0.070006 0.034803 0.022805
2 0.835088 0.466980 0.034653 0.022496
2 0.436944 0.724619 0.027062 0.016149
2 0.351433 0.741591 0.023209 0.013131
2 0.627230 0.398021 0.033818 0.021880
2 0.618858 0.863504 0.024738 0.020127
2 0.687035 0.365360 0.032158 0.020298
2 0.031742 0.393926 0.019405 0.015123
2 0.758445 0.756946 0.023452 0.016689
2 0.325305 0.855928 0.032259 0.019471
2 0.300907 0.849173 0.022719 0.018768
2 0.611144 0.843217 0.027432 0.021936
2 0.558206 0.864525 0.026573 0.020012
2 0.569337 0.307557 0.024057 0.015373
2 0.381442 0.855143 0.029115 0.020342
2 0.117823 0.470002 0.030325 0.016225
2 0.844193 0.750002 0.019582 0.012919
2 0.395946 0.731971 0.031653 0.017616
2 0.364747 0.814650 0.033010 0.021231
2 0.835285 0.770484 0.015666 0.008733
2 0.589440 0.738040 0.032737 0.016213
2 0.114847 0.365318 0.025666 0.018783
2 0.732304 0.398085 0.029580 0.018622
2 0.732278 0.398537 0.031506 0.020190
2 0.385796 0.951161 0.024448 0.013261
2 0.774370 0.874296 0.033583 0.027671
