2 0.227217 0.750369 0.070665 0.047465
2 0.585851 0.332202 0.097442 0.069185
2 0.661694 0.203214 0.076594 0.052915
2 0.053499 0.748042 0.092974 0.059821
2 0.355883 0.667945 0.057023 0.040922
2 0.679530 0.300763 0.095426 0.059933
2 0.298074 0.337782 0.065937 0.045127
2 0.328106 0.758984 0.057096 0.035086
2 0.881945 0.373598 0.099034 0.064600
2 0.404786 0.417517 0.089069 0.059573
2 0.301635 0.802576 0.049912 0.034034
2 0.727368 0.228216 0.061841 0.045794
2 0.221971 0.609033 0.115252 0.073848
2 0.324367 0.506445 0.098002 0.065248
2 0.470533 0.628867 0.045869 0.029781
2 0.432187 0.557959 0.057746 0.038076
2 0.504173 0.304172 0.097234 0.064481
2 0.516978 0.453173 0.072372 0.050198
2 0.387399 0.531462 0.045378 0.029968
2 0.408564 0.656397 0.085039 0.058492
2 0.821857 0.405611 0.092054 0.066485
2 0.662135 0.361048 0.095446 0.063966
2 0.352780 0.629291 0.083063 0.054298
2 0.278267 0.743448 0.067500 0.044087
2 0.393604 0.687705 0.058238 0.041350
2 0.186269 0.695443 0.069054 0.046638
2 0.566107 0.480276 0.077579 0.053922
2 0.236758 0.717671 0.071520 0.046248
2 0.233382 0.716236 0.069858 0.046036
2 0.475645 0.579998 0.038650 0.028143
