2 0.288435 0.866681 0.097268 0.091619
2 0.604255 0.655425 0.098021 0.094762
2 0.476852 0.734652 0.080020 0.078119
2 0.789394 0.525372 0.075061 0.073871
2 0.796840 0.600079 0.078010 0.079747
2 0.607094 0.723626 0.091948 0.089024
2 0.482957 0.809091 0.092645 0.090393
1 0.539301 0.395308 0.069043 0.077289
2 0.858649 0.555495 0.097291 0.094692
2 0.548501 0.769054 0.096653 0.088698
1 0.430485 0.465310 0.066376 0.075696
2 0.412623 0.776901 0.091365 0.086103
2 0.731021 0.642154 0.096455 0.096482
2 0.421347 0.849375 0.101191 0.097110
