1 0.383207 0.305009 0.036434 0.079347
1 0.601284 0.657975 0.074190 0.088023
1 0.298313 0.472407 0.033661 0.073485
1 0.461560 0.304075 0.034344 0.075637
1 0.345236 0.304982 0.036967 0.082733
1 0.840056 0.197826 0.069165 0.098831
1 0.223008 0.464268 0.035171 0.075627
1 0.422292 0.306707 0.035623 0.072556
1 0.563964 0.023855 0.123926 0.028340
1 0.542085 0.307250 0.032621 0.072807
1 0.332917 0.469895 0.035842 0.074046
1 0.372637 0.469642 0.035343 0.075215
1 0.591801 0.302683 0.035148 0.074906
1 0.308254 0.302679 0.035266 0.077771
1 0.529696 0.480502 0.037501 0.076130
1 0.723323 0.430411 0.074509 0.099475
1 0.631387 0.307909 0.035150 0.077765
1 0.722152 0.431983 0.074946 0.099157
0 0.059403 0.178540 0.028308 0.046477
1 0.783127 0.311746 0.068977 0.097215
0 0.126348 0.331898 0.025527 0.048607
0 0.052485 0.273624 0.026237 0.051991
0 0.105723 0.124335 0.029892 0.047886
