0 0.361016 0.071037 0.031628 0.046698
0 0.247950 0.105749 0.050573 0.034084
0 0.390495 0.346644 0.045132 0.034853
0 0.573926 0.418527 0.044385 0.031490
0 0.014530 0.942139 0.029060 0.044537
0 0.086279 0.753887 0.031640 0.045993
0 0.755186 0.491487 0.050179 0.036008
0 0.775493 0.424047 0.043892 0.030439
0 0.202839 0.474984 0.029683 0.044876
0 0.050817 0.851336 0.030899 0.045185
0 0.924577 0.558332 0.047467 0.036061
0 0.027827 0.636777 0.048086 0.032249
0 0.067977 0.802567 0.033503 0.050814
0 0.339946 0.124074 0.032653 0.049382
