1 0.870163 0.673972 0.046607 0.063513
1 0.878176 0.698781 0.044288 0.067080
1 0.372470 0.300867 0.048597 0.034184
1 0.173381 0.290920 0.047106 0.035101
1 0.108741 0.274057 0.048634 0.035960
1 0.864276 0.641086 0.045919 0.067985
1 0.854539 0.613212 0.046663 0.063425
1 0.316964 0.337723 0.046789 0.028972
1 0.108812 0.310722 0.049485 0.032470
1 0.116456 0.247678 0.050136 0.042403
0 0.803197 0.554879 0.025399 0.045328
1 0.633912 0.290592 0.020160 0.068350
1 0.171744 0.318260 0.047089 0.030724
1 0.928754 0.751866 0.029705 0.072123
1 0.912268 0.729708 0.033745 0.076742
1 0.670504 0.292800 0.023575 0.065649
1 0.304123 0.286304 0.048829 0.037117
1 0.617842 0.288398 0.019681 0.066000
1 0.602134 0.286543 0.018396 0.065368
0 0.748223 0.404303 0.032028 0.038464
1 0.682629 0.307671 0.020286 0.052721
0 0.763265 0.622844 0.014697 0.042077
1 0.373792 0.347624 0.048074 0.028670
0 0.416973 0.679445 0.028643 0.026217
1 0.651052 0.290986 0.021174 0.069791
0 0.624700 0.546107 0.030101 0.021618
0 0.874480 0.481674 0.030886 0.024844
0 0.790035 0.343744 0.030679 0.027920
0 0.612925 0.441333 0.029002 0.025400
0 0.704962 0.629114 0.027551 0.037698
0 0.416394 0.626904 0.030810 0.025404
1 0.587520 0.285277 0.018396 0.067105
