1 0.240059 0.635544 0.096190 0.018790
1 0.233494 0.717102 0.096638 0.019840
1 0.556239 0.410448 0.047715 0.016706
1 0.476288 0.339256 0.093030 0.024822
1 0.349898 0.533779 0.028516 0.075725
1 0.478052 0.361704 0.095882 0.022553
1 0.684305 0.947693 0.062026 0.015028
1 0.466903 0.406553 0.099456 0.028038
1 0.231550 0.690801 0.094789 0.019926
1 0.466562 0.266788 0.097371 0.032422
1 0.565300 0.283293 0.088311 0.059523
1 0.498058 0.212610 0.084476 0.065375
1 0.653971 0.777667 0.058554 0.016474
1 0.704283 0.599281 0.063617 0.019088
1 0.498332 0.541609 0.025904 0.077928
1 0.320624 0.533705 0.029910 0.078638
1 0.404566 0.837755 0.024029 0.076540
1 0.240114 0.614018 0.096696 0.018070
1 0.490451 0.388653 0.092281 0.024926
1 0.531421 0.546302 0.027679 0.076871
1 0.436339 0.540874 0.029711 0.076488
1 0.546362 0.849191 0.026285 0.076565
1 0.654625 0.797607 0.057209 0.014645
1 0.704866 0.657062 0.055926 0.014416
1 0.586020 0.555169 0.025460 0.073126
1 0.617292 0.400627 0.048275 0.014717
1 0.659186 0.745439 0.061984 0.017749
1 0.702175 0.617620 0.057355 0.016830
1 0.468182 0.541484 0.028058 0.079005
1 0.409108 0.538203 0.028813 0.076009
1 0.378230 0.838594 0.024507 0.079195
1 0.483204 0.313294 0.096926 0.019849
1 0.640517 0.557925 0.025319 0.076483
1 0.237053 0.587709 0.093263 0.017545
1 0.675569 0.864387 0.061342 0.018166
1 0.261170 0.529400 0.027092 0.075290
1 0.484836 0.869385 0.027289 0.078680
1 0.606578 0.436973 0.050634 0.019832
1 0.696988 0.637058 0.048309 0.016945
1 0.613938 0.556275 0.025488 0.073347
1 0.459115 0.850590 0.026889 0.073054
1 0.683288 0.927394 0.060136 0.014444
1 0.664797 0.723554 0.059958 0.015118
1 0.689129 0.970328 0.055024 0.016184
1 0.504903 0.939718 0.060704 0.022990
1 0.559623 0.549170 0.026036 0.075264
1 0.379623 0.535983 0.028694 0.074026
1 0.256376 0.967014 0.016024 0.040799
