1 0.676074 0.664431 0.080087 0.083947
1 0.362118 0.528019 0.074930 0.071837
1 0.647639 0.641584 0.076709 0.087066
1 0.298635 0.338127 0.072943 0.085689
0 0.653618 0.867794 0.048128 0.048194
0 0.153444 0.391281 0.050722 0.055290
1 0.530443 0.743484 0.061825 0.068986
0 0.623169 0.911972 0.051400 0.046893
1 0.431799 0.635432 0.095389 0.109393
1 0.350516 0.378329 0.096058 0.119859
1 0.518681 0.711061 0.094434 0.108742
1 0.343158 0.549028 0.065468 0.057726
1 0.112951 0.565131 0.072511 0.086829
1 0.246734 0.592304 0.126177 0.118896
0 0.209244 0.333431 0.046790 0.046815
1 0.425973 0.442168 0.088499 0.121715
1 0.556406 0.566462 0.097915 0.119474
1 0.512295 0.202007 0.140552 0.164217
0 0.171645 0.364303 0.039714 0.044044
1 0.463189 0.652338 0.085788 0.109321
1 0.328170 0.595546 0.053670 0.051859
