0 0.643496 0.172085 0.032103 0.033504
1 0.605706 0.625653 0.114352 0.109910
1 0.452929 0.795936 0.092735 0.089626
0 0.451138 0.163242 0.033074 0.036943
0 0.493685 0.200615 0.030145 0.036211
0 0.495199 0.255385 0.030061 0.033212
1 0.548722 0.689235 0.116876 0.106507
0 0.464349 0.177464 0.032607 0.035349
0 0.398232 0.165668 0.027914 0.029241
0 0.649192 0.219886 0.030918 0.036104
0 0.526148 0.277757 0.029073 0.031811
0 0.577679 0.273410 0.027685 0.031214
0 0.600967 0.133142 0.030591 0.032486
0 0.664954 0.233068 0.027091 0.028406
1 0.481916 0.779916 0.099530 0.096114
0 0.413490 0.177079 0.034835 0.038362
1 0.590510 0.646414 0.111453 0.115020
0 0.516649 0.058845 0.033028 0.037564
0 0.569694 0.312556 0.030336 0.035286
0 0.422798 0.138532 0.031121 0.037092
0 0.676042 0.192372 0.031444 0.037715
0 0.823731 0.373920 0.034460 0.032978
0 0.620596 0.308430 0.032357 0.035242
1 0.648374 0.586993 0.104287 0.104375
0 0.551911 0.250211 0.029272 0.035729
1 0.378337 0.224536 0.118408 0.105605
0 0.554732 0.301698 0.029319 0.032034
1 0.729254 0.429119 0.097624 0.088268
1 0.501220 0.759495 0.098557 0.097993
0 0.704488 0.105840 0.033345 0.039281
0 0.607079 0.296386 0.033412 0.037491
0 0.594419 0.336784 0.032335 0.037820
