1 0.659642 0.532014 0.074430 0.079407
1 0.497376 0.385964 0.063693 0.063952
1 0.637042 0.765918 0.027997 0.091744
1 0.498527 0.299059 0.061392 0.067730
1 0.380205 0.622741 0.084236 0.036708
1 0.373169 0.593887 0.094542 0.044411
1 0.669744 0.593986 0.064610 0.065001
1 0.506132 0.448377 0.069256 0.057368
1 0.569163 0.929358 0.082842 0.040367
1 0.496708 0.413263 0.069584 0.059099
1 0.517037 0.372031 0.068668 0.059452
1 0.523674 0.627654 0.048142 0.033585
1 0.755198 0.945614 0.078237 0.035564
1 0.553526 0.360436 0.056171 0.064230
1 0.671332 0.558153 0.066337 0.071507
1 0.552991 0.888134 0.079632 0.038039
1 0.530307 0.545860 0.067889 0.072608
1 0.562226 0.908624 0.083963 0.039499
1 0.660418 0.380618 0.054537 0.072853
1 0.549401 0.826203 0.074996 0.031203
1 0.668503 0.689545 0.083914 0.045956
1 0.677300 0.902529 0.029227 0.071264
1 0.257001 0.555944 0.043477 0.079036
1 0.544249 0.750701 0.080671 0.039202
1 0.652730 0.503781 0.058793 0.065935
1 0.756353 0.967227 0.073956 0.034128
1 0.500925 0.331673 0.061961 0.056162
1 0.547639 0.289883 0.029875 0.071885
1 0.215753 0.580440 0.038200 0.078723
1 0.579668 0.949423 0.075713 0.038656
1 0.384842 0.764450 0.045491 0.074496
1 0.145918 0.609083 0.035988 0.081038
1 0.539913 0.778591 0.075564 0.034769
1 0.520260 0.490332 0.064585 0.065125
1 0.681439 0.714101 0.077861 0.041011
1 0.187354 0.778472 0.049527 0.093281
1 0.751795 0.924111 0.079344 0.035001
1 0.081955 0.638023 0.029776 0.054256
1 0.059902 0.648383 0.031630 0.050874
1 0.378932 0.675806 0.094182 0.039378
1 0.623455 0.606309 0.024897 0.053425
1 0.525501 0.594602 0.082946 0.069473
1 0.666236 0.777926 0.022067 0.076771
1 0.598541 0.264460 0.025878 0.090485
1 0.739873 0.818717 0.022755 0.063535
1 0.656491 0.469076 0.061491 0.069582
1 0.746320 0.884079 0.078309 0.037053
1 0.573943 0.245899 0.025363 0.060775
