0 0.248390 0.313176 0.038400 0.022605
0 0.227426 0.335144 0.036831 0.023700
0 0.279198 0.274261 0.034130 0.021914
0 0.234307 0.468970 0.030721 0.027503
0 0.266564 0.486424 0.033407 0.023740
0 0.205823 0.361406 0.041504 0.027317
0 0.174972 0.268996 0.038925 0.022110
0 0.345332 0.198774 0.039348 0.023772
0 0.303914 0.249248 0.032320 0.021162
0 0.137254 0.309573 0.035208 0.024178
0 0.152084 0.297814 0.038441 0.023841
0 0.871313 0.897829 0.023172 0.028428
0 0.400498 0.127166 0.034319 0.021802
0 0.162618 0.283227 0.043562 0.027329
0 0.118283 0.270645 0.035131 0.027035
0 0.232943 0.195815 0.035070 0.022471
0 0.500833 0.720887 0.029624 0.020735
0 0.279543 0.496282 0.035712 0.023708
0 0.220920 0.208363 0.037833 0.025701
0 0.193283 0.246266 0.041647 0.022985
0 0.843175 0.825921 0.026327 0.033950
