2 0.771092 0.128045 0.070664 0.057427
2 0.222889 0.502575 0.186735 0.129634
2 0.402299 0.794903 0.138632 0.092375
2 0.193099 0.728450 0.136126 0.088933
2 0.651082 0.327859 0.080442 0.057991
2 0.338951 0.540593 0.132551 0.091269
2 0.306631 0.265391 0.091334 0.066508
2 0.709412 0.223970 0.068034 0.056387
2 0.710718 0.316567 0.076192 0.062922
2 0.856948 0.066290 0.090170 0.067303
2 0.104437 0.469827 0.096238 0.063279
2 0.619723 0.379151 0.075938 0.059109
2 0.398471 0.291219 0.101048 0.063242
2 0.672755 0.368838 0.055518 0.045306
2 0.588442 0.430705 0.082652 0.065217
2 0.492673 0.316090 0.095446 0.058801
2 0.079422 0.701160 0.120705 0.083766
2 0.799218 0.167375 0.068795 0.056647
2 0.552962 0.492682 0.080448 0.059788
2 0.797007 0.075529 0.083631 0.065946
2 0.742021 0.266173 0.074367 0.061790
2 0.773433 0.214102 0.078220 0.062246
2 0.681189 0.273490 0.072973 0.061123
1 0.430988 0.751012 0.070513 0.029998
2 0.165669 0.859636 0.115074 0.073912
2 0.194557 0.729086 0.119866 0.085614
