2 0.713780 0.246854 0.064452 0.080809
2 0.162501 0.418381 0.040479 0.050004
2 0.805631 0.416764 0.056620 0.062042
2 0.834528 0.904907 0.049979 0.062112
2 0.753801 0.260537 0.058648 0.072474
2 0.942760 0.401391 0.036858 0.043432
2 0.231692 0.456193 0.040117 0.051271
2 0.806879 0.608263 0.052694 0.062937
2 0.075835 0.466848 0.046313 0.058915
2 0.673657 0.538747 0.035584 0.042401
2 0.195006 0.403530 0.031046 0.036239
2 0.860503 0.445346 0.065459 0.070111
2 0.711079 0.560462 0.049949 0.062897
2 0.904634 0.336587 0.037176 0.047579
2 0.547875 0.901110 0.049919 0.062430
2 0.462912 0.255710 0.023079 0.029798
2 0.924457 0.379088 0.032164 0.042745
2 0.768653 0.588470 0.047235 0.063044
2 0.655614 0.729573 0.059044 0.071356
2 0.845109 0.625515 0.051230 0.063051
2 0.177084 0.162982 0.035492 0.043828
2 0.428092 0.241608 0.025740 0.031613
2 0.112880 0.444565 0.030076 0.034616
2 0.888058 0.453486 0.033148 0.040521
2 0.274135 0.158369 0.023611 0.026626
2 0.712111 0.717548 0.044597 0.060031
2 0.492145 0.181292 0.022671 0.026717
2 0.860805 0.317411 0.039373 0.050294
2 0.471380 0.223471 0.026760 0.034419
2 0.266428 0.905376 0.032021 0.032104
2 0.693269 0.307891 0.058224 0.069605
2 0.426106 0.481105 0.021135 0.026661
2 0.281275 0.189381 0.022840 0.030301
2 0.897052 0.478003 0.035165 0.047249
2 0.682426 0.756982 0.045547 0.058035
2 0.209492 0.176891 0.033349 0.037218
2 0.409163 0.466920 0.023099 0.030030
2 0.360887 0.474851 0.052264 0.063045
2 0.532411 0.231679 0.023384 0.025950
2 0.185210 0.192646 0.031458 0.039659
2 0.434901 0.213250 0.035595 0.041246
2 0.310828 0.427621 0.025241 0.030615
2 0.630419 0.520172 0.029001 0.035049
2 0.630202 0.544985 0.021948 0.028604
2 0.795233 0.574272 0.048637 0.060273
2 0.531377 0.251004 0.021089 0.025839
2 0.346366 0.443257 0.028489 0.038394
2 0.325903 0.439737 0.035508 0.046868
2 0.540876 0.215793 0.021298 0.028127
2 0.472853 0.444289 0.018177 0.025524
2 0.272673 0.440985 0.025821 0.029592
2 0.484700 0.197069 0.020985 0.024892
2 0.430188 0.499381 0.026571 0.028773
2 0.451234 0.183226 0.018947 0.021741
2 0.398014 0.485200 0.032638 0.036895
2 0.883841 0.331118 0.034769 0.046828
2 0.455306 0.168912 0.019318 0.022565
2 0.279176 0.416650 0.028537 0.031847
2 0.421867 0.417530 0.019473 0.024235
2 0.373607 0.164230 0.020237 0.022969
2 0.385305 0.461692 0.018739 0.023951
2 0.477537 0.206740 0.019841 0.023044
2 0.144364 0.199883 0.037771 0.044154
2 0.525023 0.515895 0.016423 0.020012
2 0.612868 0.539230 0.023756 0.028796
2 0.445352 0.196881 0.020070 0.021845
