2 0.796495 0.118412 0.015707 0.021210
2 0.538697 0.277713 0.019821 0.024507
2 0.571805 0.273116 0.015377 0.020650
2 0.544839 0.240646 0.013775 0.018809
2 0.379996 0.501166 0.016840 0.022823
2 0.140793 0.684970 0.017613 0.023506
2 0.331136 0.437345 0.011300 0.017001
2 0.572484 0.217527 0.013723 0.016314
2 0.664852 0.258721 0.013802 0.017415
2 0.893764 0.178233 0.015516 0.020532
2 0.507630 0.333305 0.025854 0.032060
2 0.418391 0.462977 0.016005 0.020867
2 0.652969 0.267733 0.013291 0.018453
2 0.578213 0.231003 0.011908 0.015545
2 0.251613 0.573827 0.010524 0.012278
2 0.583927 0.244419 0.011708 0.015528
2 0.427767 0.453778 0.012437 0.014580
