1 0.353639 0.322059 0.035653 0.025080
1 0.621704 0.707541 0.020811 0.041413
1 0.170603 0.463149 0.033752 0.025919
1 0.314810 0.300640 0.034988 0.027742
1 0.347002 0.531797 0.037556 0.028217
1 0.167351 0.255945 0.035793 0.025897
1 0.308335 0.536717 0.035544 0.027884
1 0.233217 0.290984 0.035100 0.027780
1 0.192853 0.402869 0.034118 0.026776
1 0.307955 0.511418 0.039391 0.029486
1 0.384175 0.551944 0.037670 0.029857
1 0.343517 0.556089 0.036146 0.025884
1 0.285399 0.549065 0.034614 0.027476
1 0.305236 0.330748 0.035070 0.027176
1 0.722632 0.753727 0.022979 0.042043
1 0.371173 0.486210 0.034190 0.027124
1 0.769578 0.779902 0.020646 0.041907
1 0.320006 0.568826 0.034446 0.028252
1 0.176562 0.311465 0.034189 0.026434
1 0.363636 0.508792 0.034374 0.026207
1 0.228577 0.421736 0.034571 0.025155
1 0.640818 0.713051 0.021245 0.042021
1 0.232392 0.410675 0.034255 0.026857
1 0.378900 0.573885 0.033679 0.026436
1 0.430382 0.435889 0.034278 0.026306
1 0.266450 0.430018 0.034791 0.025864
1 0.295246 0.350605 0.033072 0.027348
1 0.261467 0.330228 0.035295 0.027461
1 0.294249 0.471392 0.034805 0.026787
1 0.273634 0.517973 0.034957 0.027254
1 0.395857 0.416962 0.034852 0.026937
1 0.044970 0.369304 0.021932 0.041379
1 0.361044 0.424024 0.031547 0.023016
1 0.366907 0.497004 0.035035 0.027288
1 0.337464 0.467399 0.034750 0.026168
1 0.156205 0.491049 0.036065 0.025633
1 0.479754 0.621608 0.023437 0.042117
1 0.398283 0.526264 0.034762 0.027454
1 0.197875 0.391701 0.034292 0.027831
1 0.195964 0.449321 0.038112 0.028925
1 0.301238 0.448816 0.033973 0.026150
1 0.223486 0.542008 0.035483 0.028691
1 0.358107 0.395777 0.034891 0.027054
1 0.317730 0.388664 0.034458 0.026615
1 0.212249 0.329510 0.033694 0.025807
1 0.282784 0.370369 0.034375 0.026649
1 0.063669 0.379326 0.021241 0.043102
1 0.378531 0.349134 0.033668 0.025411
1 0.328504 0.489730 0.033799 0.027875
1 0.354256 0.587955 0.035465 0.026066
1 0.423467 0.359060 0.030795 0.024364
1 0.225831 0.433462 0.034723 0.027391
1 0.233238 0.470468 0.035434 0.027778
1 0.243409 0.538504 0.034692 0.027100
1 0.405599 0.504820 0.033873 0.025135
1 0.034095 0.177999 0.021510 0.017649
1 0.332854 0.478589 0.033719 0.026857
1 0.544306 0.656452 0.023316 0.045230
1 0.495501 0.460054 0.017369 0.031772
1 0.246250 0.348327 0.034027 0.024909
1 0.269165 0.310467 0.033668 0.025946
1 0.242298 0.488596 0.034531 0.025691
1 0.323626 0.378501 0.034291 0.026085
1 0.106456 0.532719 0.028637 0.027120
1 0.062805 0.322536 0.021747 0.045488
1 0.088314 0.431042 0.034923 0.027234
1 0.407162 0.491789 0.034226 0.025151
1 0.388851 0.340665 0.034162 0.026794
1 0.298203 0.459966 0.034206 0.025604
1 0.288646 0.359321 0.033985 0.025685
1 0.736925 0.762002 0.022592 0.038103
1 0.413532 0.367928 0.035298 0.025410
1 0.461103 0.609375 0.019364 0.043663
1 0.116538 0.470013 0.035362 0.024751
1 0.048086 0.433102 0.035448 0.025616
1 0.270556 0.489309 0.039196 0.026798
1 0.402400 0.516256 0.033866 0.026075
1 0.446837 0.385967 0.033081 0.025523
1 0.655610 0.719912 0.022560 0.041898
1 0.214530 0.191513 0.016722 0.027677
1 0.209365 0.471071 0.033381 0.026155
1 0.062492 0.206978 0.021337 0.019407
1 0.196357 0.175939 0.016796 0.026124
1 0.080555 0.335909 0.022907 0.044832
1 0.111863 0.454194 0.032115 0.023044
1 0.194186 0.293800 0.035625 0.026118
1 0.235908 0.458589 0.026818 0.023224
1 0.029391 0.207492 0.023458 0.019517
1 0.009987 0.176510 0.019948 0.018403
1 0.452053 0.375013 0.026166 0.021334
1 0.592627 0.685171 0.020579 0.038577
1 0.174056 0.451391 0.033940 0.025696
1 0.264320 0.441201 0.032548 0.026871
1 0.179835 0.299603 0.033852 0.027565
0 0.128529 0.592581 0.011238 0.017817
1 0.555241 0.665314 0.023898 0.042317
1 0.055760 0.450021 0.035094 0.025790
1 0.331772 0.601272 0.035757 0.027545
1 0.248834 0.337121 0.033808 0.025819
1 0.258737 0.452092 0.034978 0.028700
1 0.289437 0.486056 0.027987 0.021707
1 0.407587 0.492585 0.034538 0.027055
1 0.053541 0.378390 0.019300 0.038128
0 0.262585 0.667230 0.011316 0.019988
1 0.227668 0.312389 0.034115 0.025860
1 0.161639 0.509952 0.035854 0.026156
1 0.009376 0.117082 0.018752 0.019063
0 0.981031 0.873684 0.012396 0.019427
1 0.700369 0.919717 0.031400 0.019361
1 0.214724 0.317825 0.034483 0.027470
0 0.121143 0.588924 0.011434 0.019694
1 0.176155 0.165091 0.014949 0.026634
0 0.200145 0.654229 0.013507 0.020267
0 0.009353 0.267802 0.011868 0.019642
0 0.966665 0.865605 0.011087 0.019568
1 0.353293 0.599199 0.034197 0.025257
0 0.447937 0.080609 0.009516 0.019039
0 0.973488 0.824225 0.011971 0.018516
1 0.050222 0.298568 0.022733 0.045310
0 0.964308 0.749632 0.013089 0.021976
0 0.214097 0.658276 0.012235 0.020614
0 0.195062 0.699232 0.011712 0.018734
1 0.024159 0.093089 0.022139 0.018360
1 0.726509 0.524649 0.053199 0.032337
1 0.511445 0.632560 0.017483 0.031071
0 0.995208 0.768750 0.009584 0.021050
1 0.036442 0.189285 0.021312 0.018251
1 0.706061 0.745065 0.021523 0.043192
0 0.953235 0.857154 0.011063 0.018619
0 0.185500 0.694193 0.012082 0.022381
0 0.171082 0.637739 0.011525 0.019137
1 0.069461 0.233287 0.021847 0.018648
1 0.193408 0.511705 0.035340 0.026810
0 0.981850 0.893723 0.011493 0.019270
1 0.031048 0.107172 0.020870 0.017970
0 0.976686 0.690113 0.011855 0.019398
0 0.942299 0.923057 0.011789 0.019005
0 0.946232 0.874455 0.013108 0.019542
0 0.184879 0.645053 0.011847 0.018934
0 0.234814 0.720163 0.012199 0.019399
1 0.709463 0.867985 0.016458 0.030308
0 0.947072 0.809528 0.011970 0.019111
0 0.108761 0.603586 0.011502 0.019430
0 0.954079 0.878985 0.013070 0.018813
0 0.970113 0.668176 0.011506 0.018100
