1 0.589037 0.369761 0.065446 0.034961
1 0.280965 0.451008 0.060192 0.038791
1 0.596028 0.613533 0.062466 0.040587
1 0.422711 0.402037 0.059018 0.033907
1 0.678543 0.500289 0.064811 0.039331
1 0.605878 0.401040 0.064304 0.036566
1 0.645408 0.457727 0.063012 0.037672
1 0.756178 0.638882 0.065571 0.032103
1 0.687550 0.518808 0.068132 0.032007
1 0.595838 0.385108 0.066083 0.037368
1 0.491748 0.502754 0.057438 0.033974
1 0.726172 0.595949 0.069034 0.032582
1 0.667418 0.484834 0.063178 0.038568
1 0.786425 0.698432 0.069304 0.030606
1 0.320855 0.508817 0.061826 0.033802
1 0.306672 0.495045 0.061200 0.033790
1 0.625724 0.428263 0.064890 0.036953
1 0.329074 0.523869 0.060198 0.034252
1 0.411697 0.388094 0.057494 0.034429
1 0.450081 0.446354 0.058081 0.035935
1 0.360713 0.565967 0.060469 0.034439
1 0.493670 0.521896 0.049805 0.031246
1 0.782675 0.682105 0.068766 0.030765
1 0.721956 0.578593 0.068943 0.031788
1 0.301399 0.479854 0.059030 0.034653
1 0.351095 0.551454 0.053700 0.031384
1 0.736516 0.609942 0.066899 0.031409
1 0.695373 0.533585 0.069369 0.032374
1 0.460198 0.460640 0.057588 0.034084
1 0.655590 0.472298 0.064733 0.037052
1 0.618757 0.413896 0.065041 0.035311
1 0.633793 0.445224 0.066175 0.036087
1 0.770778 0.668707 0.061003 0.029121
1 0.744776 0.625037 0.068510 0.031920
0 0.683782 0.778528 0.033765 0.023836
1 0.483224 0.487223 0.057004 0.034802
1 0.702358 0.549018 0.068752 0.031317
1 0.365641 0.582512 0.058373 0.035484
1 0.830811 0.728946 0.041138 0.058784
1 0.712240 0.563462 0.069480 0.031431
1 0.342409 0.538144 0.054767 0.033491
1 0.764612 0.653665 0.063922 0.029269
1 0.768890 0.770234 0.035144 0.036444
1 0.401271 0.374086 0.062428 0.034948
1 0.295445 0.464051 0.060543 0.035078
0 0.480991 0.743511 0.031935 0.022843
0 0.791878 0.151065 0.032876 0.019898
0 0.902290 0.206535 0.031761 0.019830
1 0.703311 0.548530 0.067737 0.032354
