2 0.474429 0.244709 0.032563 0.032930
2 0.337685 0.364410 0.029044 0.028050
2 0.436002 0.267894 0.031275 0.032294
2 0.445687 0.332143 0.029378 0.030365
2 0.274743 0.433818 0.029723 0.029789
2 0.143604 0.088372 0.024519 0.025270
2 0.288657 0.465273 0.028787 0.027301
2 0.383528 0.372228 0.026453 0.025785
2 0.102734 0.046985 0.024156 0.023314
2 0.352167 0.318792 0.024001 0.024991
2 0.301750 0.483911 0.025987 0.025186
2 0.341044 0.083798 0.022015 0.023145
2 0.244314 0.489146 0.021134 0.020462
2 0.252787 0.503993 0.020878 0.019116
2 0.079024 0.488873 0.011432 0.012854
2 0.321103 0.409152 0.027312 0.026051
2 0.235407 0.473156 0.021438 0.021582
2 0.484178 0.307188 0.028773 0.028811
2 0.070275 0.494456 0.012039 0.012793
2 0.071701 0.522222 0.009601 0.009906
2 0.372997 0.307687 0.026782 0.028207
2 0.186945 0.053516 0.023264 0.021368
2 0.118949 0.057652 0.016315 0.016994
2 0.364169 0.382307 0.024702 0.026860
