2 0.323563 0.338218 0.071388 0.067642
2 0.364699 0.378911 0.061461 0.061140
2 0.489731 0.580599 0.067097 0.063800
2 0.581846 0.282415 0.049664 0.048493
2 0.365136 0.434355 0.067615 0.064145
2 0.677323 0.255726 0.031350 0.026701
2 0.529432 0.227500 0.029347 0.029977
2 0.614791 0.312399 0.044604 0.042004
2 0.456239 0.541514 0.034232 0.031554
2 0.522946 0.663396 0.038271 0.036947
2 0.535167 0.611412 0.028670 0.027355
2 0.491406 0.890831 0.026490 0.025465
2 0.396258 0.414595 0.054655 0.047158
2 0.541703 0.650846 0.034213 0.032371
