1 0.786259 0.255130 0.041839 0.034892
1 0.626478 0.500771 0.035161 0.045497
1 0.707948 0.461731 0.035197 0.047293
1 0.751305 0.195491 0.047485 0.039146
1 0.272536 0.529044 0.060526 0.038025
1 0.103756 0.391125 0.039610 0.028851
1 0.543312 0.734860 0.040371 0.023701
1 0.103729 0.408615 0.040632 0.028665
1 0.151528 0.583208 0.030063 0.063937
1 0.792791 0.241178 0.043712 0.037757
1 0.798902 0.178904 0.038772 0.031755
1 0.166861 0.594235 0.023979 0.053683
1 0.610648 0.265071 0.042761 0.038744
1 0.550224 0.719109 0.044006 0.024716
1 0.681231 0.260013 0.037305 0.032311
1 0.120087 0.557114 0.027956 0.074130
1 0.088280 0.421585 0.044593 0.030332
1 0.638695 0.530345 0.028653 0.031867
1 0.641044 0.583125 0.029362 0.037783
1 0.530050 0.572219 0.042010 0.029353
1 0.821834 0.214604 0.031463 0.024041
1 0.630522 0.569818 0.028790 0.035815
1 0.781265 0.268145 0.038331 0.030660
1 0.754768 0.215893 0.031563 0.027337
1 0.282539 0.482657 0.034010 0.025009
1 0.695737 0.573844 0.050367 0.068132
0 0.694217 0.344748 0.017978 0.021907
1 0.719977 0.384096 0.030054 0.012705
1 0.055314 0.442895 0.029432 0.017061
0 0.692120 0.190284 0.026937 0.026314
0 0.704417 0.352040 0.017226 0.022124
1 0.749145 0.229483 0.029607 0.025327
1 0.086197 0.464492 0.034311 0.019168
1 0.744932 0.306219 0.045293 0.036371
1 0.291689 0.570560 0.040481 0.029052
1 0.312855 0.496728 0.037966 0.026128
1 0.532090 0.749940 0.041556 0.022054
1 0.087679 0.484100 0.032412 0.020579
0 0.628349 0.224396 0.027953 0.027493
1 0.679199 0.220779 0.036957 0.029774
1 0.672837 0.487187 0.048740 0.067869
0 0.970906 0.461015 0.022140 0.018987
1 0.774192 0.282634 0.035902 0.032622
0 0.657548 0.189861 0.028423 0.026225
0 0.972742 0.383739 0.018649 0.019386
