1 0.259407 0.215706 0.020284 0.017329
1 0.696508 0.607512 0.025993 0.010993
1 0.605315 0.511065 0.019965 0.012037
1 0.210021 0.221385 0.022584 0.014510
1 0.784208 0.582179 0.017826 0.026759
1 0.785675 0.645048 0.021830 0.011534
1 0.578493 0.182711 0.017376 0.029805
1 0.270060 0.135898 0.019095 0.015760
1 0.277248 0.701203 0.009800 0.027708
1 0.213513 0.243730 0.020558 0.016382
1 0.779909 0.670836 0.023486 0.008843
1 0.272375 0.143140 0.020103 0.013744
1 0.921194 0.977143 0.023207 0.033078
1 0.054137 0.296538 0.010427 0.024044
1 0.613420 0.193359 0.016540 0.034594
1 0.094936 0.833832 0.007993 0.029457
1 0.511892 0.174013 0.024767 0.012255
1 0.302072 0.108044 0.021642 0.011637
1 0.790848 0.589353 0.018014 0.025496
1 0.779722 0.661628 0.023174 0.009263
1 0.810600 0.644311 0.023020 0.013471
