2 0.543826 0.315877 0.062123 0.071397
2 0.354426 0.517625 0.062698 0.066262
2 0.614354 0.509731 0.058240 0.064170
2 0.605890 0.310829 0.039909 0.039548
2 0.740132 0.505304 0.061878 0.070659
2 0.369438 0.915826 0.055650 0.062626
2 0.364757 0.715786 0.057123 0.063327
2 0.557453 0.713463 0.059946 0.070667
2 0.549709 0.511272 0.060458 0.066513
2 0.428738 0.718566 0.064973 0.073494
2 0.493626 0.716791 0.061771 0.068263
2 0.306492 0.920190 0.061172 0.063742
2 0.299367 0.718830 0.061411 0.068289
2 0.413549 0.318380 0.060212 0.068527
