2 0.564662 0.428937 0.066309 0.059628
2 0.516894 0.515047 0.073642 0.064736
2 0.669624 0.596109 0.055086 0.050473
2 0.336670 0.510230 0.067072 0.064453
2 0.474853 0.773603 0.074510 0.066716
2 0.773158 0.836342 0.083293 0.078099
2 0.536443 0.378908 0.060124 0.053904
2 0.460897 0.242726 0.039336 0.035374
2 0.734372 0.694388 0.065606 0.061463
2 0.547639 0.123086 0.037842 0.035481
2 0.348172 0.803383 0.056941 0.051398
2 0.704741 0.644217 0.074523 0.066353
2 0.437839 0.211163 0.043254 0.039710
2 0.828201 0.809576 0.079599 0.075300
2 0.650655 0.092421 0.027004 0.024614
2 0.593509 0.635809 0.070699 0.061427
