2 0.280103 0.492109 0.081748 0.068854
2 0.589658 0.385121 0.078502 0.066127
2 0.553762 0.893203 0.067196 0.062939
2 0.487912 0.797526 0.066497 0.059424
2 0.124939 0.124536 0.047322 0.043218
2 0.144502 0.278033 0.063786 0.053860
2 0.440299 0.253086 0.046898 0.037612
2 0.201917 0.051307 0.043897 0.039258
2 0.717102 0.574110 0.074483 0.065039
2 0.625702 0.641531 0.056063 0.052896
2 0.739556 0.623790 0.041652 0.037254
2 0.126575 0.245246 0.041010 0.035280
2 0.365652 0.214163 0.043644 0.040264
2 0.471252 0.314681 0.068008 0.062050
2 0.080927 0.196909 0.043939 0.042232
2 0.677389 0.529575 0.046850 0.041834
