1 0.452431 0.135917 0.029859 0.017617
1 0.436422 0.115846 0.031034 0.015704
1 0.461916 0.809838 0.040240 0.017365
1 0.489611 0.215089 0.024703 0.013098
1 0.510913 0.250594 0.030478 0.016532
1 0.377544 0.095217 0.021161 0.023347
1 0.450395 0.269460 0.019709 0.022628
1 0.488715 0.206546 0.027642 0.015184
1 0.475138 0.830441 0.041538 0.017899
1 0.457217 0.145133 0.031499 0.017562
1 0.539062 0.220835 0.022771 0.023805
1 0.528011 0.279329 0.025727 0.014760
1 0.503021 0.237344 0.029875 0.015572
1 0.479554 0.102769 0.027314 0.035539
1 0.698198 0.657484 0.018755 0.021535
1 0.468267 0.820107 0.042235 0.018776
1 0.168875 0.638132 0.031972 0.019017
1 0.337892 0.795509 0.051927 0.021968
0 0.166955 0.914006 0.014630 0.016643
1 0.478874 0.200638 0.024536 0.013870
0 0.113213 0.889300 0.020740 0.014705
