1 0.590490 0.371705 0.067154 0.075423
1 0.295166 0.628735 0.062359 0.032372
1 0.287980 0.649145 0.056597 0.032258
1 0.325646 0.565717 0.062633 0.034117
1 0.335250 0.545877 0.060365 0.031302
1 0.343805 0.525390 0.061203 0.031362
1 0.305637 0.609629 0.060588 0.031431
1 0.361149 0.481855 0.063794 0.031563
0 0.847917 0.100337 0.030048 0.031508
0 0.725913 0.145189 0.039211 0.024336
0 0.824536 0.101157 0.029639 0.031857
1 0.707579 0.331414 0.049251 0.056561
1 0.353475 0.506188 0.063422 0.032028
1 0.277900 0.667216 0.059391 0.029292
1 0.431728 0.422533 0.057099 0.062802
1 0.634049 0.355095 0.052791 0.060955
0 0.738573 0.110491 0.031867 0.032604
0 0.902578 0.129961 0.040748 0.022391
