1 0.427366 0.755186 0.067994 0.087849
1 0.372989 0.766474 0.079425 0.092341
1 0.627804 0.716313 0.069715 0.087542
1 0.575395 0.725399 0.058035 0.081695
1 0.699432 0.524993 0.137207 0.045918
1 0.676421 0.697859 0.083319 0.090299
1 0.471551 0.744972 0.059033 0.092934
1 0.726008 0.552051 0.130736 0.044088
1 0.531484 0.732120 0.064395 0.079538
1 0.298554 0.655595 0.140375 0.043182
1 0.248276 0.733986 0.136069 0.041819
1 0.156788 0.679539 0.141083 0.042312
1 0.801287 0.633141 0.153074 0.046676
0 0.259265 0.450064 0.043942 0.036322
1 0.792012 0.606099 0.157115 0.043349
1 0.699001 0.431700 0.178565 0.048305
0 0.208366 0.979094 0.045441 0.039271
0 0.036394 0.553543 0.072789 0.032151
0 0.234864 0.560131 0.072212 0.024352
0 0.337342 0.449470 0.055360 0.043722
0 0.295692 0.447753 0.051889 0.043214
0 0.328791 0.953430 0.054931 0.048770
