1 0.588663 0.816131 0.050076 0.045865
1 0.142611 0.258915 0.049213 0.034214
1 0.252816 0.276304 0.049124 0.047953
1 0.453496 0.486863 0.051861 0.044336
1 0.266863 0.326186 0.047686 0.047105
1 0.444896 0.604526 0.029190 0.083488
1 0.289150 0.391795 0.047291 0.045783
1 0.522050 0.148132 0.050586 0.029490
1 0.875557 0.516582 0.029956 0.082211
1 0.881111 0.664220 0.030721 0.083357
1 0.464107 0.186482 0.048036 0.030690
1 0.382436 0.447039 0.025654 0.082889
1 0.258478 0.300514 0.047741 0.047447
1 0.609072 0.421971 0.059294 0.035339
1 0.680744 0.601822 0.027759 0.082443
1 0.220028 0.133214 0.029382 0.084118
1 0.279819 0.371666 0.047337 0.045426
1 0.501388 0.404024 0.024774 0.084853
1 0.901790 0.418997 0.032392 0.083139
1 0.614258 0.524552 0.026264 0.084009
1 0.664870 0.600538 0.027221 0.084118
1 0.701876 0.325737 0.028378 0.081730
1 0.739119 0.487028 0.029820 0.082355
1 0.490379 0.676470 0.026021 0.081683
1 0.251598 0.148969 0.028480 0.083923
1 0.974891 0.534153 0.031194 0.084514
1 0.646519 0.806827 0.027992 0.081195
1 0.405050 0.203629 0.048989 0.035185
1 0.793789 0.713576 0.029769 0.082237
1 0.354326 0.105003 0.024248 0.081251
1 0.782624 0.466907 0.028294 0.081154
1 0.734551 0.580644 0.028056 0.083968
1 0.466708 0.161533 0.049543 0.033684
1 0.796413 0.553567 0.025711 0.083274
1 0.673645 0.452468 0.053753 0.042022
1 0.396882 0.445405 0.026035 0.084511
1 0.140943 0.232052 0.050101 0.031910
1 0.613943 0.357112 0.027138 0.082875
1 0.409001 0.172501 0.050192 0.029781
1 0.516495 0.400806 0.023765 0.082986
1 0.310391 0.123629 0.023843 0.083509
1 0.840269 0.524240 0.026857 0.079608
1 0.804997 0.110262 0.053537 0.049589
1 0.632749 0.606152 0.028911 0.081807
1 0.898840 0.656782 0.034193 0.082763
1 0.570577 0.484420 0.053892 0.044908
1 0.777955 0.721913 0.027886 0.080873
1 0.440900 0.420167 0.026495 0.086175
1 0.529915 0.293606 0.029094 0.087925
1 0.455927 0.410479 0.023093 0.083747
1 0.917884 0.638131 0.029646 0.084310
1 0.427242 0.433873 0.025375 0.087333
1 0.733586 0.743049 0.027095 0.081892
1 0.852683 0.675237 0.030196 0.084664
1 0.663743 0.794827 0.028067 0.083144
1 0.856262 0.510787 0.028620 0.082143
1 0.497723 0.089978 0.024312 0.089434
1 0.355778 0.185371 0.050709 0.029403
1 0.692859 0.509828 0.027057 0.083864
1 0.596404 0.358859 0.025198 0.082814
1 0.810616 0.704289 0.030343 0.081276
1 0.751161 0.574366 0.026194 0.081836
1 0.613785 0.268604 0.023936 0.083465
1 0.563563 0.372223 0.026278 0.084447
1 0.543462 0.644324 0.027588 0.081735
1 0.797773 0.461736 0.029995 0.081852
1 0.592784 0.073837 0.028725 0.084622
1 0.754318 0.480532 0.031991 0.083564
1 0.575056 0.637749 0.029610 0.082470
1 0.824971 0.696951 0.028789 0.082950
1 0.856553 0.437137 0.029194 0.079862
1 0.716265 0.319858 0.028031 0.080215
1 0.695710 0.596841 0.028284 0.082842
1 0.295090 0.128347 0.026980 0.082779
1 0.410615 0.439840 0.026828 0.086982
1 0.762891 0.729163 0.027027 0.081740
1 0.413376 0.339693 0.027097 0.081829
1 0.617998 0.616067 0.029017 0.082209
1 0.811782 0.452466 0.027559 0.083535
1 0.588297 0.136994 0.055764 0.027358
1 0.663626 0.518600 0.026915 0.082902
1 0.685664 0.330441 0.030579 0.078256
1 0.369531 0.362029 0.026303 0.083671
1 0.589460 0.632632 0.028268 0.081685
1 0.579310 0.362702 0.024394 0.084993
1 0.826623 0.534966 0.027162 0.080327
1 0.527621 0.081206 0.024545 0.082342
1 0.550885 0.284981 0.025574 0.085593
1 0.340232 0.113966 0.024398 0.080221
1 0.545964 0.382838 0.026460 0.086278
1 0.684565 0.243959 0.024134 0.084441
1 0.384114 0.357865 0.025976 0.082362
1 0.729037 0.220075 0.020021 0.083644
1 0.691789 0.063079 0.024908 0.085541
1 0.568161 0.280308 0.023729 0.086682
1 0.604472 0.624713 0.027465 0.080989
1 0.512910 0.567405 0.025254 0.083155
1 0.540191 0.558884 0.026781 0.081466
1 0.450867 0.098600 0.021846 0.085931
1 0.466571 0.096455 0.021518 0.081977
1 0.584467 0.542506 0.027856 0.087084
1 0.266428 0.142117 0.025900 0.079193
1 0.678605 0.515299 0.026279 0.081313
1 0.556483 0.557308 0.028081 0.081142
1 0.607364 0.065532 0.027134 0.084882
1 0.585082 0.277346 0.022916 0.086312
1 0.485998 0.312436 0.025781 0.084307
1 0.472975 0.594104 0.025190 0.082422
1 0.659951 0.067398 0.023443 0.085690
1 0.558621 0.638682 0.028074 0.084100
1 0.673261 0.398216 0.051225 0.040330
1 0.719796 0.750895 0.026752 0.083185
1 0.656531 0.349033 0.028427 0.080668
1 0.622675 0.062452 0.027311 0.084597
1 0.768643 0.474531 0.027508 0.080469
1 0.630010 0.520095 0.027405 0.082211
1 0.526564 0.562654 0.026298 0.083977
1 0.812042 0.547050 0.028073 0.083303
1 0.443842 0.327482 0.024846 0.083643
1 0.480984 0.092855 0.022587 0.083341
1 0.627892 0.263570 0.023636 0.081941
1 0.510031 0.241845 0.050657 0.036940
1 0.669154 0.248595 0.022879 0.082089
1 0.707347 0.766190 0.028052 0.084272
1 0.743307 0.299341 0.030839 0.078597
1 0.386567 0.107586 0.024957 0.087372
1 0.839656 0.689265 0.029192 0.084494
1 0.354444 0.366410 0.026539 0.083980
1 0.469851 0.408000 0.021745 0.081681
1 0.501222 0.305998 0.025685 0.082576
1 0.641654 0.260092 0.022637 0.080477
1 0.933942 0.632471 0.028622 0.084251
1 0.541515 0.073974 0.025590 0.079572
1 0.457078 0.321814 0.025173 0.083516
1 0.281188 0.137457 0.026588 0.081008
1 0.692046 0.127105 0.038879 0.022997
1 0.530667 0.454994 0.050571 0.040550
1 0.419108 0.106362 0.019738 0.083009
1 0.326763 0.123242 0.024264 0.081990
1 0.403706 0.106858 0.022187 0.084931
1 0.708582 0.502749 0.028948 0.087900
1 0.561795 0.083695 0.028472 0.083087
1 0.737527 0.061377 0.020667 0.069586
1 0.839241 0.432540 0.026879 0.082233
1 0.873801 0.434740 0.030916 0.082818
1 0.900053 0.289544 0.016794 0.075654
1 0.647206 0.520711 0.027203 0.084193
1 0.642454 0.351859 0.028037 0.078444
1 0.510310 0.507861 0.048089 0.034294
1 0.700015 0.236909 0.024215 0.086187
1 0.705794 0.057570 0.022433 0.081573
1 0.574706 0.222974 0.050774 0.032793
1 0.399069 0.351893 0.026894 0.083331
1 0.947873 0.389386 0.022179 0.070882
1 0.512868 0.085625 0.024176 0.084059
1 0.825787 0.443426 0.028170 0.083158
1 0.747944 0.736196 0.028779 0.081756
1 0.628129 0.353211 0.026347 0.079824
1 0.458787 0.598824 0.025940 0.081050
1 0.780952 0.557520 0.024968 0.082253
1 0.642764 0.067860 0.026401 0.086586
1 0.783466 0.064721 0.014218 0.082518
1 0.648081 0.598494 0.028017 0.082210
1 0.518326 0.660655 0.028936 0.083223
1 0.766229 0.566357 0.025289 0.081892
1 0.505524 0.672069 0.027190 0.080427
1 0.714143 0.228773 0.021541 0.083872
1 0.471291 0.318074 0.025742 0.081713
1 0.654965 0.252846 0.022270 0.082230
1 0.488132 0.587364 0.024970 0.082550
1 0.807657 0.182840 0.038218 0.019586
1 0.693981 0.777178 0.029178 0.083464
0 0.980499 0.278574 0.024620 0.021143
1 0.884998 0.294321 0.014393 0.083025
1 0.500333 0.574433 0.025661 0.084722
1 0.731128 0.311329 0.031453 0.078329
1 0.614611 0.854376 0.025672 0.050165
1 0.721725 0.428727 0.033248 0.028834
1 0.776620 0.273344 0.043924 0.082398
