1 0.443834 0.557111 0.058662 0.075667
1 0.477320 0.605456 0.050129 0.059865
1 0.569900 0.133398 0.066547 0.075092
1 0.435471 0.417652 0.059456 0.078021
1 0.376080 0.493173 0.068292 0.088764
1 0.411476 0.448921 0.059560 0.079905
1 0.723179 0.242844 0.068216 0.082437
1 0.525841 0.327916 0.070700 0.099044
1 0.433987 0.538997 0.069126 0.080561
1 0.535717 0.308295 0.059489 0.081180
1 0.555661 0.108923 0.065872 0.079821
1 0.631298 0.264337 0.046265 0.053705
1 0.734929 0.266971 0.062491 0.071782
1 0.495548 0.617692 0.046370 0.057030
1 0.540006 0.091391 0.065824 0.082547
0 0.560462 0.835455 0.027750 0.036493
1 0.548836 0.293021 0.059463 0.080385
1 0.467658 0.585992 0.050103 0.058786
1 0.511572 0.348186 0.064866 0.089103
1 0.722416 0.408670 0.077219 0.077085
0 0.842876 0.845532 0.047660 0.050842
1 0.457989 0.406833 0.074420 0.095057
1 0.676766 0.368420 0.068269 0.073848
1 0.348681 0.391305 0.065442 0.071936
0 0.029194 0.186665 0.028272 0.037007
1 0.469577 0.390344 0.069465 0.093550
1 0.462714 0.564939 0.052318 0.066958
0 0.528733 0.793955 0.027819 0.035355
0 0.304466 0.356679 0.027783 0.037160
1 0.704164 0.397928 0.075869 0.080444
0 0.626642 0.906216 0.027977 0.037601
1 0.398682 0.472919 0.065578 0.093814
1 0.591151 0.150342 0.081178 0.081282
0 0.270237 0.390981 0.026826 0.037273
1 0.494851 0.360155 0.072640 0.097395
1 0.771631 0.302219 0.070446 0.085586
0 0.291481 0.369434 0.026897 0.038419
0 0.594158 0.978440 0.031084 0.043119
0 0.500241 0.749251 0.026214 0.036110
0 0.432751 0.106799 0.026029 0.037021
0 0.441531 0.085848 0.027737 0.036364
0 0.691786 0.984347 0.024794 0.031306
0 0.273365 0.062488 0.026808 0.037213
0 0.505247 0.027628 0.026400 0.039404
0 0.251648 0.089966 0.027327 0.038215
0 0.286144 0.047159 0.027687 0.037887
0 0.379376 0.908209 0.027805 0.034994
0 0.189207 0.158395 0.027369 0.036793
0 0.409854 0.135393 0.028695 0.041057
0 0.719761 0.925000 0.025616 0.038583
1 0.691960 0.384471 0.073806 0.077685
0 0.671772 0.961770 0.026270 0.034223
0 0.882349 0.168960 0.030982 0.039025
0 0.908739 0.747871 0.027525 0.041211
0 0.277802 0.860323 0.026924 0.034948
0 0.201136 0.145713 0.026365 0.036892
0 0.661733 0.945837 0.030068 0.041627
0 0.391026 0.895149 0.027643 0.035337
0 0.161993 0.399616 0.028444 0.036656
0 0.481797 0.052014 0.029532 0.040277
0 0.594728 0.777869 0.033865 0.047448
0 0.934877 0.615918 0.044649 0.057041
0 0.437072 0.828140 0.026123 0.033165
0 0.017104 0.607200 0.029070 0.033592
0 0.799409 0.511821 0.025464 0.034385
0 0.793272 0.756355 0.026908 0.036840
0 0.947416 0.523444 0.030160 0.039742
1 0.423429 0.439408 0.061756 0.084511
0 0.367132 0.089084 0.030072 0.038679
1 0.753924 0.287183 0.063863 0.077137
0 0.649105 0.935068 0.025988 0.033010
0 0.467863 0.060211 0.028233 0.040405
0 0.452723 0.069845 0.035771 0.045697
0 0.605057 0.213953 0.028261 0.035390
0 0.796059 0.702757 0.028175 0.038873
0 0.682951 0.972696 0.025084 0.033317
0 0.580425 0.862704 0.029389 0.036170
0 0.902886 0.573830 0.033996 0.043472
0 0.742025 0.481058 0.025581 0.033113
0 0.606996 0.987962 0.026596 0.024076
0 0.986485 0.149161 0.027029 0.039857
0 0.842411 0.714000 0.039605 0.051894
0 0.495145 0.846882 0.025538 0.036394
