1 0.624537 0.315132 0.043236 0.022287
1 0.359277 0.439593 0.027235 0.041795
1 0.948972 0.236565 0.038168 0.033640
1 0.889796 0.255224 0.036838 0.038256
1 0.838511 0.270098 0.038824 0.034924
1 0.621511 0.673283 0.026254 0.039197
1 0.597003 0.714506 0.028546 0.042672
1 0.809691 0.278540 0.035242 0.036165
1 0.457061 0.414217 0.028224 0.040911
1 0.466132 0.452208 0.028103 0.042325
1 0.682511 0.299428 0.042274 0.019508
1 0.377421 0.516544 0.028463 0.041077
1 0.904611 0.251432 0.036549 0.036239
1 0.501800 0.743022 0.027332 0.042867
1 0.677725 0.632126 0.027463 0.042016
1 0.452355 0.530552 0.028155 0.042812
1 0.352981 0.558583 0.029392 0.043430
1 0.657814 0.399774 0.028557 0.038582
1 0.647406 0.365878 0.031074 0.040701
1 0.633399 0.440017 0.028470 0.042698
1 0.614865 0.367968 0.029293 0.042552
1 0.476288 0.648926 0.029380 0.043945
1 0.365447 0.458597 0.029626 0.042580
1 0.340806 0.503379 0.029886 0.042373
1 0.505271 0.787309 0.040899 0.029121
1 0.696150 0.685330 0.028243 0.045062
1 0.641782 0.478567 0.028271 0.043078
1 0.552323 0.388198 0.027413 0.043627
1 0.653032 0.382178 0.029920 0.041981
1 0.716869 0.733066 0.034291 0.017357
1 0.624453 0.691720 0.025736 0.042832
1 0.471978 0.628946 0.030014 0.041998
1 0.696883 0.572323 0.028062 0.040851
1 0.501600 0.603768 0.028712 0.042744
1 0.529076 0.720343 0.028553 0.041691
1 0.656271 0.534988 0.028840 0.042920
1 0.164014 0.496248 0.028138 0.041741
1 0.525674 0.409652 0.027960 0.040201
1 0.369294 0.477320 0.028020 0.040848
1 0.670705 0.456145 0.026361 0.041146
1 0.683044 0.651477 0.026329 0.041357
1 0.147621 0.579004 0.027257 0.042270
1 0.552331 0.524362 0.026986 0.041024
1 0.481765 0.666467 0.031226 0.042484
1 0.619597 0.385008 0.028636 0.041728
1 0.163372 0.631907 0.027781 0.038613
1 0.474625 0.490299 0.027108 0.040208
1 0.486267 0.684810 0.029335 0.042534
1 0.171370 0.673533 0.028156 0.043345
1 0.332574 0.462957 0.029299 0.041822
1 0.691577 0.553106 0.029158 0.042079
1 0.580547 0.660969 0.030493 0.042677
1 0.278629 0.682639 0.027883 0.042778
1 0.574577 0.619599 0.027989 0.042155
1 0.468985 0.607741 0.029670 0.044593
1 0.490321 0.543242 0.023874 0.033916
1 0.597895 0.576951 0.026773 0.041402
1 0.482428 0.530443 0.026423 0.040629
1 0.316729 0.695319 0.026802 0.043935
1 0.376514 0.654728 0.028790 0.041144
1 0.332283 0.751668 0.025274 0.039256
1 0.158076 0.615215 0.026115 0.042187
1 0.528219 0.432221 0.028225 0.042983
1 0.165708 0.654973 0.028095 0.040357
1 0.209272 0.824779 0.025677 0.042229
1 0.557636 0.408681 0.027594 0.040552
1 0.579529 0.639315 0.029096 0.041731
1 0.768486 0.288489 0.034103 0.039791
1 0.308702 0.655891 0.026286 0.041260
1 0.674723 0.475904 0.026226 0.040550
1 0.603147 0.595855 0.025417 0.039628
1 0.386632 0.692142 0.028184 0.041150
1 0.686392 0.670290 0.028005 0.043656
1 0.564701 0.582743 0.028969 0.044975
1 0.714583 0.643239 0.023604 0.036490
1 0.688862 0.533696 0.027758 0.043433
1 0.307641 0.793818 0.028031 0.040638
1 0.638896 0.458503 0.028473 0.042098
1 0.699368 0.591915 0.029711 0.041052
1 0.706447 0.607510 0.026844 0.039321
1 0.693490 0.770802 0.043691 0.021407
1 0.236361 0.799610 0.025376 0.041303
1 0.275482 0.523453 0.027912 0.040979
1 0.578578 0.501976 0.026644 0.040101
1 0.757101 0.296212 0.032740 0.041115
1 0.515079 0.662887 0.026600 0.042888
1 0.466663 0.588618 0.029526 0.045297
1 0.461378 0.434392 0.028468 0.040232
1 0.382591 0.535774 0.027234 0.038823
1 0.497619 0.584821 0.027299 0.043927
1 0.424601 0.416833 0.030390 0.042434
1 0.574022 0.483634 0.025417 0.040241
1 0.284040 0.697444 0.027325 0.044842
1 0.542700 0.486543 0.029321 0.043316
1 0.358914 0.577264 0.028375 0.043758
1 0.709443 0.627705 0.026556 0.041371
1 0.587970 0.677014 0.029337 0.042197
1 0.573477 0.484010 0.025931 0.041437
1 0.470606 0.472715 0.027736 0.041710
1 0.681981 0.515978 0.026470 0.038658
1 0.559715 0.565597 0.029862 0.042603
1 0.660686 0.418682 0.026978 0.041819
1 0.875685 0.259852 0.036976 0.035922
1 0.429999 0.435700 0.027024 0.043022
1 0.593586 0.559595 0.023728 0.038757
1 0.459034 0.548178 0.025692 0.038662
1 0.337082 0.480528 0.029510 0.042087
1 0.189075 0.750147 0.027601 0.041659
1 0.647891 0.497948 0.027880 0.040964
1 0.398661 0.749600 0.026568 0.042699
1 0.536123 0.339670 0.042121 0.021156
1 0.629820 0.421181 0.026188 0.042221
1 0.681058 0.490047 0.023021 0.033527
1 0.932207 0.239973 0.038202 0.033740
1 0.565859 0.443964 0.027037 0.040164
1 0.271910 0.641466 0.029279 0.041466
0 0.754701 0.789977 0.012828 0.023044
1 0.372511 0.498770 0.028965 0.043821
0 0.690242 0.870941 0.008519 0.017498
1 0.368356 0.614181 0.028720 0.038650
1 0.368100 0.615239 0.028483 0.040660
0 0.007275 0.050598 0.011631 0.021320
1 0.576021 0.327860 0.042066 0.022346
1 0.682501 0.299340 0.041915 0.019169
0 0.017333 0.048948 0.011448 0.019742
0 0.685649 0.851865 0.009549 0.018242
1 0.822014 0.273167 0.036287 0.035720
1 0.582804 0.522179 0.024470 0.036951
0 0.661232 0.857500 0.010126 0.018717
0 0.651724 0.858538 0.010100 0.018707
1 0.560794 0.427231 0.028114 0.040736
1 0.503971 0.626318 0.027025 0.040371
0 0.704345 0.801363 0.009264 0.020228
0 0.727124 0.837650 0.010412 0.017638
0 0.760106 0.830987 0.011100 0.019080
