1 0.671508 0.328953 0.061142 0.041880
1 0.583744 0.694185 0.063487 0.059998
1 0.091742 0.396645 0.064768 0.062326
1 0.221064 0.485087 0.065001 0.059319
1 0.307024 0.534610 0.062471 0.060090
1 0.601528 0.336231 0.062159 0.043237
1 0.490072 0.341989 0.060560 0.040409
1 0.497688 0.644643 0.061870 0.058446
1 0.567154 0.683815 0.061435 0.058775
1 0.170015 0.454261 0.061921 0.061130
1 0.125433 0.416585 0.062334 0.061028
1 0.411288 0.595041 0.061430 0.057689
1 0.187653 0.464973 0.060785 0.058318
1 0.361051 0.564652 0.060101 0.059368
1 0.602766 0.704905 0.059791 0.059191
1 0.428749 0.605209 0.059543 0.058670
1 0.273286 0.515423 0.060456 0.059494
1 0.446541 0.615481 0.060158 0.059983
1 0.480244 0.634242 0.061100 0.058953
1 0.637591 0.331716 0.062358 0.041752
1 0.671203 0.743868 0.062293 0.058544
1 0.393972 0.583927 0.063027 0.057946
1 0.550217 0.673078 0.061705 0.060872
1 0.521986 0.265498 0.080613 0.041208
1 0.262949 0.291165 0.083838 0.038543
1 0.290873 0.525218 0.062423 0.060930
1 0.343029 0.554597 0.060724 0.058998
1 0.533316 0.663755 0.061639 0.061492
1 0.566226 0.337823 0.061283 0.041817
1 0.838896 0.447148 0.063549 0.042168
0 0.079856 0.336780 0.027580 0.025219
1 0.237508 0.495685 0.063419 0.060100
1 0.654521 0.733738 0.060378 0.057369
1 0.159807 0.435269 0.063461 0.059757
1 0.668312 0.397877 0.064400 0.045039
0 0.179559 0.069633 0.028217 0.021590
1 0.627144 0.537400 0.062066 0.041473
0 0.807110 0.376728 0.032038 0.021935
1 0.462940 0.625165 0.060402 0.061370
1 0.324578 0.544835 0.060765 0.058344
1 0.777040 0.387898 0.064251 0.042027
1 0.455996 0.345661 0.059233 0.040824
1 0.142629 0.426986 0.060142 0.059534
1 0.631880 0.402024 0.067388 0.048163
1 0.703047 0.392607 0.061565 0.040980
1 0.377742 0.575190 0.061142 0.060584
1 0.514407 0.654278 0.062169 0.058305
0 0.088311 0.061646 0.033380 0.026837
0 0.108045 0.353004 0.030273 0.026316
0 0.694421 0.307995 0.034220 0.020912
1 0.203961 0.474788 0.061350 0.058634
1 0.461259 0.256498 0.078933 0.038220
0 0.758074 0.348810 0.035316 0.022432
0 0.171220 0.080983 0.030215 0.024043
1 0.688415 0.754154 0.066347 0.062053
1 0.525890 0.479540 0.064801 0.042525
1 0.841648 0.964252 0.042521 0.029431
0 0.201524 0.050226 0.027092 0.020998
0 0.218452 0.027188 0.028393 0.022092
1 0.723068 0.358950 0.051319 0.035256
1 0.778531 0.578689 0.076350 0.049317
