1 0.394032 0.233957 0.049769 0.025867
1 0.628831 0.389831 0.046158 0.024164
1 0.568798 0.341067 0.071622 0.033439
1 0.515182 0.516762 0.046971 0.022440
1 0.255674 0.351953 0.050216 0.024742
1 0.382231 0.694720 0.020366 0.042127
1 0.385847 0.434507 0.047994 0.023713
1 0.124639 0.441781 0.020023 0.038557
1 0.277994 0.454324 0.048872 0.024809
1 0.338368 0.670976 0.017396 0.041214
1 0.530907 0.312455 0.050012 0.024944
1 0.313048 0.652862 0.018405 0.038163
1 0.495419 0.299376 0.045132 0.024643
1 0.165411 0.468063 0.017759 0.039669
1 0.467994 0.279737 0.048061 0.022631
1 0.223027 0.678254 0.014580 0.032810
1 0.448219 0.563235 0.048213 0.025553
1 0.276896 0.713513 0.015068 0.032669
1 0.368106 0.688141 0.017721 0.040161
1 0.258114 0.617683 0.018750 0.038188
1 0.471535 0.161902 0.067514 0.032874
1 0.331714 0.751809 0.014746 0.032481
1 0.348081 0.307866 0.019658 0.041484
1 0.505872 0.410502 0.020775 0.059122
0 0.076231 0.219025 0.019869 0.017007
1 0.481547 0.170602 0.067880 0.033579
1 0.271956 0.626697 0.016781 0.038877
1 0.441163 0.372579 0.023405 0.059750
1 0.294892 0.269648 0.020513 0.040936
1 0.228660 0.511678 0.019953 0.040863
1 0.438365 0.253372 0.066784 0.030804
1 0.467576 0.279505 0.046173 0.023239
1 0.545316 0.323133 0.070558 0.034090
1 0.388588 0.333170 0.024290 0.059638
1 0.519928 0.417672 0.022194 0.059449
1 0.430607 0.133112 0.072091 0.033526
1 0.703333 0.313338 0.072531 0.035047
1 0.510008 0.307428 0.052841 0.024755
1 0.349756 0.590054 0.016900 0.040358
0 0.945486 0.938409 0.019621 0.015722
1 0.420450 0.123625 0.074751 0.035332
1 0.453237 0.260466 0.045376 0.025387
1 0.446448 0.146432 0.072420 0.032290
0 0.077560 0.632826 0.020227 0.016985
1 0.533063 0.429341 0.021067 0.059398
1 0.454964 0.377928 0.022706 0.059008
0 0.118741 0.179077 0.023265 0.016443
0 0.036773 0.166854 0.018661 0.017858
1 0.603767 0.360785 0.069055 0.031208
0 0.938290 0.946265 0.018407 0.014868
0 0.128718 0.810141 0.018321 0.017138
0 0.100463 0.813534 0.017573 0.016241
1 0.279993 0.265206 0.021996 0.056499
0 0.067475 0.186160 0.017863 0.016695
0 0.035361 0.908838 0.023377 0.021347
1 0.572960 0.451059 0.022880 0.055368
0 0.174936 0.031907 0.018842 0.017424
0 0.029364 0.188812 0.018737 0.016717
0 0.082869 0.778932 0.019013 0.016441
0 0.282179 0.927280 0.019954 0.015793
0 0.062481 0.260455 0.019116 0.016891
0 0.991070 0.888105 0.017860 0.016312
1 0.893657 0.458095 0.020627 0.023585
0 0.076260 0.682935 0.020621 0.016468
0 0.112235 0.877774 0.018864 0.016753
0 0.954197 0.870632 0.018804 0.015173
0 0.111541 0.857767 0.019779 0.017562
0 0.258797 0.017139 0.017525 0.015770
