1 0.171541 0.401831 0.073131 0.054439
1 0.780426 0.266555 0.070072 0.052062
1 0.174761 0.433397 0.073624 0.054831
1 0.165018 0.372398 0.073375 0.055171
1 0.206499 0.581215 0.071771 0.052816
1 0.801442 0.315395 0.073177 0.053567
1 0.216527 0.643295 0.074044 0.056274
1 0.160585 0.339625 0.075216 0.059745
1 0.211962 0.610373 0.072946 0.055144
1 0.769535 0.194774 0.073099 0.058130
1 0.787597 0.291535 0.071097 0.053361
1 0.152926 0.310512 0.075350 0.057368
1 0.808555 0.386053 0.073792 0.048769
1 0.762416 0.163890 0.072612 0.055250
1 0.544839 0.139468 0.107903 0.074201
1 0.581411 0.320036 0.103164 0.071260
1 0.574320 0.287906 0.104688 0.073451
1 0.334834 0.233557 0.105883 0.076843
1 0.351101 0.322062 0.107793 0.070485
0 0.396882 0.800084 0.023292 0.045396
1 0.587390 0.347358 0.104071 0.073630
0 0.415240 0.806826 0.020921 0.039232
1 0.595145 0.376751 0.100866 0.067382
1 0.374476 0.443796 0.103284 0.068011
1 0.561125 0.228284 0.107713 0.071742
