1 0.265115 0.488541 0.056599 0.022199
1 0.324645 0.500370 0.057201 0.022448
1 0.405769 0.469536 0.056517 0.021840
1 0.511412 0.537182 0.056910 0.022446
1 0.585698 0.518493 0.058635 0.022462
1 0.673474 0.642495 0.057795 0.022758
1 0.413888 0.438768 0.054455 0.022181
1 0.301408 0.401647 0.057970 0.022617
1 0.512645 0.518900 0.059528 0.024161
1 0.482257 0.700164 0.060247 0.023278
1 0.606849 0.847666 0.055423 0.025202
1 0.360951 0.694602 0.058460 0.021881
1 0.389013 0.513160 0.055937 0.022068
1 0.219643 0.432863 0.055990 0.022822
1 0.571490 0.776806 0.056450 0.021380
1 0.342731 0.709549 0.060727 0.024031
1 0.451105 0.506716 0.057880 0.022600
1 0.336916 0.455364 0.058073 0.022443
1 0.225565 0.416849 0.056932 0.022133
1 0.277306 0.444307 0.058222 0.021344
1 0.601664 0.721333 0.058687 0.021183
1 0.352528 0.393524 0.055468 0.023190
1 0.391434 0.495380 0.058942 0.022533
1 0.676107 0.626664 0.058407 0.021139
1 0.271357 0.472189 0.056662 0.021757
1 0.651453 0.530957 0.057432 0.022232
1 0.489452 0.438382 0.058756 0.022995
1 0.644489 0.561347 0.055687 0.020892
1 0.235095 0.670377 0.053440 0.022467
1 0.430055 0.426192 0.057425 0.023129
1 0.734679 0.877875 0.058830 0.023490
1 0.582897 0.550464 0.055964 0.022873
1 0.526279 0.729102 0.059363 0.022620
1 0.344170 0.439557 0.056370 0.023589
1 0.665314 0.473477 0.053586 0.022346
1 0.456539 0.493176 0.058658 0.021939
1 0.214797 0.446498 0.053815 0.022124
1 0.646763 0.544410 0.058708 0.023080
1 0.601093 0.489519 0.058453 0.023684
1 0.762663 0.751710 0.023290 0.045055
1 0.524589 0.491634 0.055888 0.021250
1 0.604831 0.475297 0.057086 0.023084
1 0.410514 0.452569 0.057145 0.022517
1 0.655781 0.516697 0.055354 0.022608
1 0.462860 0.479816 0.057617 0.022196
1 0.397069 0.482249 0.058350 0.021936
1 0.272200 0.458783 0.058215 0.021130
1 0.332231 0.468480 0.058105 0.021641
1 0.189262 0.538200 0.054091 0.020282
1 0.329367 0.482611 0.058652 0.022449
1 0.661146 0.754554 0.058857 0.022841
1 0.283911 0.427653 0.057020 0.023212
1 0.753122 0.810416 0.052523 0.022569
1 0.581638 0.532224 0.057127 0.023357
1 0.248863 0.733958 0.073682 0.026572
1 0.659283 0.500148 0.056729 0.022025
1 0.440380 0.535960 0.053296 0.020379
1 0.470761 0.464172 0.056997 0.022684
1 0.473941 0.450357 0.058513 0.022745
1 0.525477 0.853368 0.058318 0.023377
1 0.528465 0.476001 0.060075 0.023888
1 0.519790 0.505111 0.058905 0.022615
1 0.346153 0.426117 0.057508 0.022022
1 0.667220 0.487601 0.052247 0.019636
1 0.930439 0.801012 0.025049 0.045121
1 0.740760 0.863130 0.051421 0.019206
1 0.715761 0.922879 0.074951 0.024661
1 0.254931 0.717193 0.073828 0.028780
1 0.292205 0.682719 0.059190 0.023455
1 0.786363 0.706879 0.019984 0.045502
0 0.145940 0.145585 0.025693 0.013640
1 0.533115 0.460730 0.060183 0.023111
1 0.591939 0.504805 0.057055 0.021503
0 0.164032 0.175287 0.020110 0.021632
1 0.601831 0.745390 0.058137 0.021850
0 0.046521 0.513938 0.026885 0.012839
0 0.036899 0.563536 0.026376 0.014294
0 0.109872 0.369230 0.015317 0.021210
1 0.601738 0.745498 0.058336 0.021548
0 0.023838 0.185764 0.035139 0.017788
0 0.059463 0.464022 0.026708 0.015137
0 0.173346 0.263320 0.025769 0.012777
0 0.051978 0.502485 0.028966 0.014301
0 0.176425 0.242184 0.028731 0.017962
0 0.157188 0.327540 0.027164 0.014854
0 0.067799 0.242402 0.028289 0.024585
1 0.778619 0.755566 0.024687 0.045437
0 0.097140 0.531233 0.026667 0.015468
1 0.770671 0.705052 0.016725 0.043830
