1 0.747766 0.437043 0.047695 0.036324
1 0.555437 0.363944 0.054696 0.023712
1 0.309184 0.200864 0.056078 0.019781
1 0.618323 0.261393 0.058438 0.022884
1 0.326280 0.639307 0.055831 0.014489
1 0.550730 0.313567 0.057841 0.025913
1 0.543668 0.439942 0.030998 0.041575
1 0.579146 0.205245 0.026297 0.044348
1 0.429601 0.177187 0.028448 0.047549
1 0.615794 0.501273 0.043582 0.042865
1 0.670287 0.415048 0.056082 0.028507
1 0.917067 0.357649 0.049296 0.021518
1 0.708732 0.363688 0.058104 0.024360
1 0.263562 0.254547 0.056891 0.021831
1 0.843524 0.302317 0.051962 0.019707
1 0.826169 0.376990 0.054336 0.026653
1 0.738815 0.264089 0.056881 0.021449
1 0.691205 0.458987 0.042988 0.040032
1 0.633199 0.450120 0.055806 0.030906
1 0.701980 0.331018 0.054397 0.020326
1 0.681699 0.272886 0.054798 0.020530
1 0.658663 0.218092 0.025550 0.046604
1 0.677806 0.468072 0.041058 0.040344
1 0.650399 0.300271 0.029467 0.048408
1 0.248171 0.607620 0.057302 0.031654
1 0.647532 0.483686 0.042666 0.041040
1 0.650357 0.360212 0.039754 0.044022
1 0.233494 0.150676 0.029312 0.045309
1 0.547024 0.532220 0.041736 0.045252
1 0.681473 0.401590 0.058074 0.029051
1 0.562353 0.201756 0.026150 0.044131
1 0.468161 0.182290 0.025372 0.049038
1 0.842889 0.287684 0.052913 0.019421
1 0.707430 0.453320 0.045565 0.043327
1 0.740150 0.409087 0.055522 0.033503
1 0.411405 0.174442 0.023636 0.044400
1 0.578949 0.513837 0.042677 0.045698
1 0.677961 0.220188 0.025431 0.045789
1 0.505885 0.190364 0.026615 0.047908
1 0.705949 0.317774 0.055846 0.020757
1 0.377734 0.171942 0.024743 0.047029
1 0.606345 0.211964 0.021989 0.043990
1 0.324209 0.160963 0.023748 0.044786
1 0.755479 0.298043 0.060498 0.022665
1 0.161706 0.706305 0.033172 0.042314
1 0.359000 0.167761 0.022851 0.046904
1 0.210272 0.733493 0.041084 0.043452
1 0.257339 0.149379 0.022361 0.042260
1 0.869647 0.335021 0.051349 0.021575
1 0.762389 0.326110 0.051835 0.022506
1 0.778244 0.255318 0.053008 0.022099
1 0.440388 0.283313 0.055909 0.023905
1 0.686475 0.389116 0.053214 0.025423
1 0.212897 0.666532 0.034234 0.044847
1 0.710382 0.304753 0.054545 0.021105
1 0.446171 0.181583 0.026172 0.046302
1 0.640179 0.216478 0.025144 0.044324
1 0.465507 0.561436 0.043362 0.043085
1 0.224952 0.717600 0.033559 0.044518
1 0.163120 0.398305 0.030872 0.044768
1 0.563275 0.335375 0.059346 0.027074
1 0.824111 0.391539 0.053276 0.027202
1 0.174938 0.698038 0.034481 0.042002
1 0.666716 0.316257 0.025876 0.040019
1 0.871753 0.321362 0.055492 0.023506
1 0.265618 0.690825 0.031495 0.044396
1 0.695008 0.224585 0.026429 0.044520
1 0.815015 0.351752 0.057814 0.024569
1 0.322165 0.263506 0.055022 0.020014
1 0.197166 0.673545 0.034605 0.045054
1 0.714154 0.226996 0.026878 0.045625
1 0.784594 0.409813 0.051921 0.029882
1 0.145430 0.710859 0.035799 0.045212
1 0.631462 0.493582 0.042928 0.043364
1 0.486867 0.188830 0.023422 0.045944
1 0.867962 0.347779 0.052847 0.022347
1 0.815173 0.323583 0.053359 0.022314
1 0.523920 0.194780 0.024358 0.045485
1 0.379973 0.273255 0.056508 0.021282
1 0.813977 0.309814 0.055955 0.023978
1 0.815705 0.337772 0.055829 0.023580
1 0.621982 0.214541 0.022699 0.044137
1 0.240657 0.711869 0.032569 0.043738
1 0.204709 0.480380 0.031751 0.044810
1 0.758849 0.340136 0.058571 0.024303
1 0.395260 0.170537 0.022392 0.043871
1 0.922262 0.345076 0.052936 0.021291
1 0.141578 0.652963 0.017513 0.048647
1 0.926525 0.332836 0.052325 0.020930
1 0.513236 0.431214 0.030727 0.044449
1 0.831614 0.268902 0.057766 0.023417
1 0.560528 0.349117 0.058166 0.025638
1 0.944870 0.309565 0.055074 0.022846
1 0.289395 0.152474 0.022786 0.043812
1 0.146904 0.508504 0.019063 0.046854
1 0.789237 0.272811 0.052423 0.023341
1 0.661088 0.474863 0.041515 0.041944
1 0.527993 0.436128 0.031663 0.045068
1 0.545096 0.199078 0.026219 0.045749
1 0.562873 0.521901 0.041679 0.046519
1 0.448343 0.220619 0.060323 0.020254
1 0.868966 0.362873 0.050519 0.021337
1 0.606666 0.020106 0.029682 0.040212
1 0.737611 0.389748 0.057133 0.029060
1 0.171942 0.763282 0.042561 0.041845
1 0.114391 0.730044 0.017564 0.041535
1 0.341543 0.163951 0.023343 0.046335
1 0.306243 0.156696 0.023437 0.044186
1 0.511182 0.541933 0.042526 0.033827
1 0.134874 0.557585 0.016848 0.044161
1 0.892673 0.311925 0.051921 0.020366
1 0.740100 0.279363 0.056838 0.022161
1 0.353655 0.028787 0.049923 0.022248
1 0.788662 0.288238 0.053599 0.022489
1 0.594568 0.506105 0.042651 0.044325
1 0.274555 0.147491 0.022323 0.046827
1 0.463673 0.021683 0.059862 0.023688
1 0.253408 0.700681 0.032255 0.045540
0 0.153829 0.244635 0.023521 0.010222
1 0.449612 0.046680 0.052097 0.020960
1 0.894167 0.298822 0.050000 0.021040
1 0.586660 0.015889 0.030877 0.031579
1 0.331260 0.346876 0.022180 0.025730
0 0.254919 0.327846 0.015492 0.018906
1 0.622194 0.437721 0.052245 0.029385
1 0.153374 0.445763 0.018575 0.045716
1 0.507244 0.319658 0.054447 0.031039
0 0.157309 0.278430 0.023024 0.010829
1 0.682280 0.373985 0.051518 0.024363
1 0.184169 0.752100 0.042299 0.043499
0 0.286956 0.334611 0.018222 0.022043
