1 0.322997 0.620842 0.115093 0.016015
1 0.274732 0.328344 0.115049 0.038824
1 0.273405 0.175445 0.112554 0.037486
1 0.308088 0.539745 0.120582 0.017366
1 0.281246 0.284341 0.115518 0.037074
1 0.299458 0.129791 0.114584 0.035816
1 0.526817 0.404579 0.116964 0.016594
1 0.286268 0.144560 0.114389 0.037845
1 0.570953 0.250227 0.116865 0.015288
1 0.295269 0.460609 0.115470 0.015487
1 0.316950 0.578351 0.122304 0.017428
1 0.546241 0.326311 0.125731 0.016164
1 0.298582 0.500872 0.113770 0.017428
1 0.294797 0.445852 0.117594 0.015669
1 0.292510 0.432405 0.121364 0.015607
1 0.307443 0.525764 0.121151 0.015927
1 0.281526 0.220480 0.121126 0.035455
1 0.526318 0.419544 0.115488 0.015083
1 0.281944 0.236152 0.124292 0.038624
1 0.288436 0.256748 0.119619 0.041196
1 0.531129 0.373824 0.122225 0.015990
1 0.389204 0.823187 0.037703 0.056342
1 0.528675 0.391301 0.117438 0.015944
1 0.503034 0.111165 0.030458 0.056700
1 0.407629 0.882519 0.030289 0.056832
1 0.555221 0.274981 0.117381 0.015270
1 0.277354 0.159632 0.110067 0.035877
1 0.585577 0.113837 0.028539 0.057166
1 0.654778 0.107531 0.031795 0.040578
1 0.303329 0.687927 0.041614 0.082213
0 0.772143 0.896186 0.024499 0.022306
0 0.654067 0.833897 0.021943 0.021395
1 0.445392 0.110730 0.029643 0.055610
1 0.539900 0.906220 0.054048 0.061922
0 0.820467 0.836578 0.026974 0.024745
0 0.959622 0.921312 0.026135 0.024212
0 0.882123 0.976854 0.026967 0.022225
0 0.696669 0.915344 0.025982 0.022668
0 0.837542 0.977081 0.026699 0.023606
0 0.929549 0.978154 0.023029 0.021112
0 0.893520 0.839650 0.027902 0.024773
0 0.794872 0.920003 0.025968 0.022696
1 0.481040 0.826886 0.033615 0.085029
0 0.699221 0.890926 0.024989 0.021716
1 0.094028 0.489026 0.035097 0.043350
1 0.334877 0.686341 0.042491 0.078506
0 0.693631 0.972977 0.022622 0.019823
0 0.679453 0.833706 0.022610 0.023216
0 0.866548 0.836930 0.025537 0.024095
0 0.864053 0.920422 0.026277 0.023159
0 0.889546 0.896704 0.021884 0.022935
0 0.911663 0.110346 0.024862 0.022376
1 0.548687 0.828955 0.033151 0.085857
0 0.912915 0.897138 0.024900 0.021959
1 0.386998 0.108493 0.029336 0.057557
1 0.556467 0.113152 0.032346 0.057196
0 0.724396 0.916119 0.025452 0.023436
0 0.724694 0.832184 0.024208 0.021184
0 0.818625 0.896787 0.023871 0.022981
0 0.712953 0.993251 0.024940 0.013217
1 0.515816 0.827960 0.035889 0.084977
1 0.297117 0.484567 0.115587 0.015886
0 0.667692 0.990844 0.024014 0.017362
1 0.274815 0.301006 0.116555 0.038769
0 0.786141 0.975155 0.026485 0.025169
0 0.941264 0.175467 0.024007 0.023935
