1 0.503422 0.529811 0.045535 0.021820
1 0.368582 0.539631 0.043421 0.020727
1 0.296878 0.605586 0.040356 0.019287
1 0.408971 0.672657 0.040049 0.019317
1 0.366157 0.653043 0.043625 0.019711
1 0.409071 0.652251 0.041064 0.020125
1 0.409739 0.595661 0.040170 0.019201
1 0.409735 0.576865 0.040448 0.019851
1 0.409793 0.557926 0.040874 0.019982
1 0.367037 0.615007 0.042773 0.018892
1 0.294157 0.764904 0.040278 0.019069
1 0.503784 0.549536 0.046759 0.020057
1 0.498386 0.864706 0.043950 0.027651
1 0.408672 0.691366 0.039895 0.018656
1 0.407956 0.710537 0.040061 0.018921
1 0.498871 0.822717 0.044135 0.021541
1 0.297009 0.585971 0.040662 0.020507
1 0.365740 0.633769 0.043108 0.018523
1 0.410177 0.897731 0.047844 0.022791
1 0.409796 0.613863 0.040499 0.019265
1 0.295346 0.664069 0.040706 0.019636
1 0.296314 0.625121 0.040120 0.019907
1 0.405685 0.846837 0.040541 0.018546
1 0.296960 0.527193 0.040638 0.018967
1 0.363658 0.829351 0.042350 0.020050
1 0.294426 0.783955 0.040487 0.020594
1 0.295883 0.643621 0.040229 0.020092
1 0.363941 0.772006 0.042494 0.019241
1 0.363810 0.791200 0.042346 0.020061
1 0.363704 0.810555 0.043018 0.020414
1 0.501322 0.653715 0.044242 0.020758
1 0.292426 0.902977 0.041585 0.021144
1 0.499107 0.781010 0.043128 0.023431
1 0.409435 0.633190 0.040365 0.019432
1 0.501569 0.571416 0.043680 0.020873
1 0.498556 0.842737 0.044468 0.023763
1 0.363805 0.751975 0.042168 0.019280
1 0.407728 0.749687 0.040452 0.019379
1 0.407428 0.729637 0.039865 0.019144
1 0.363899 0.848497 0.041464 0.020291
1 0.295623 0.684615 0.040432 0.018879
1 0.364281 0.692714 0.042013 0.020454
1 0.500185 0.632778 0.042884 0.021199
1 0.294399 0.823916 0.042190 0.019777
1 0.367787 0.559173 0.043557 0.019384
1 0.501577 0.592520 0.042620 0.021077
1 0.406261 0.789413 0.041740 0.019438
1 0.500964 0.675013 0.043241 0.020401
1 0.460319 0.841089 0.012549 0.060487
1 0.296749 0.547266 0.040539 0.019881
1 0.297285 0.507504 0.039389 0.019207
1 0.363746 0.732249 0.042690 0.020307
1 0.394020 0.868209 0.041783 0.020336
1 0.500345 0.758827 0.043207 0.023083
1 0.294523 0.723884 0.040155 0.020241
1 0.406104 0.808130 0.041824 0.018984
1 0.364006 0.712233 0.042810 0.018669
1 0.295279 0.704439 0.040646 0.018387
1 0.406638 0.769256 0.040736 0.017908
1 0.329565 0.410733 0.011871 0.068206
1 0.366439 0.672123 0.043842 0.019505
1 0.304006 0.410507 0.012282 0.067284
1 0.367586 0.577475 0.043144 0.019062
1 0.808498 0.471125 0.014105 0.067962
1 0.367448 0.596811 0.043101 0.018969
1 0.439316 0.833524 0.015344 0.065481
1 0.292911 0.843232 0.040891 0.018515
1 0.406031 0.827495 0.041005 0.018636
1 0.294505 0.803703 0.041109 0.019228
1 0.747718 0.467135 0.013425 0.069411
1 0.264786 0.415249 0.013589 0.069048
1 0.394134 0.415727 0.012533 0.067962
1 0.409448 0.538738 0.039863 0.019408
1 0.291227 0.410540 0.012325 0.067437
1 0.502136 0.509111 0.043314 0.022576
1 0.294552 0.744058 0.041038 0.017508
1 0.853189 0.471553 0.013962 0.071984
1 0.381132 0.415289 0.012606 0.067172
1 0.499236 0.801627 0.044429 0.024201
1 0.762775 0.471227 0.014320 0.061542
1 0.793190 0.468330 0.014739 0.071006
1 0.367726 0.412277 0.012653 0.070939
1 0.407043 0.416099 0.012372 0.066775
