0 0.231510 0.813623 0.033961 0.029813
0 0.163430 0.710124 0.034901 0.029611
0 0.886329 0.946268 0.033575 0.035015
0 0.118356 0.804351 0.036224 0.032161
0 0.880545 0.779224 0.030665 0.032385
0 0.110107 0.788827 0.035696 0.029684
0 0.191669 0.903330 0.034186 0.029819
0 0.139565 0.834777 0.033182 0.033062
0 0.845830 0.933367 0.032509 0.032324
0 0.220863 0.800084 0.035154 0.032010
0 0.105614 0.832852 0.032862 0.028228
0 0.792377 0.865929 0.037054 0.038066
0 0.753780 0.902898 0.034417 0.037223
0 0.873495 0.909738 0.032670 0.033188
0 0.740860 0.914407 0.032616 0.033164
0 0.858881 0.921705 0.035279 0.034630
0 0.192029 0.753053 0.033852 0.028619
0 0.088700 0.758574 0.032015 0.030670
0 0.076737 0.958096 0.034313 0.028704
0 0.067881 0.731634 0.033129 0.028828
0 0.924126 0.908812 0.031956 0.032510
0 0.830208 0.830449 0.032737 0.031333
0 0.124138 0.866009 0.031597 0.030117
0 0.179434 0.891419 0.032999 0.030420
0 0.099269 0.774223 0.033707 0.030067
0 0.956420 0.987533 0.032863 0.024934
0 0.078116 0.809227 0.037592 0.034751
0 0.157226 0.862425 0.030127 0.028646
0 0.871720 0.959950 0.031345 0.033336
0 0.242285 0.827607 0.031241 0.027463
0 0.150980 0.846285 0.033575 0.032567
0 0.150336 0.694289 0.032189 0.027578
0 0.842592 0.817246 0.032486 0.032607
0 0.910863 0.922183 0.034153 0.034054
0 0.031318 0.616214 0.031400 0.035560
0 0.886608 0.896096 0.033400 0.035473
0 0.133331 0.880273 0.030648 0.027494
0 0.133143 0.664536 0.028670 0.025047
0 0.038802 0.898449 0.035071 0.029372
0 0.171461 0.726017 0.032467 0.029017
0 0.143763 0.678700 0.030286 0.027723
0 0.151780 0.907435 0.033539 0.030643
0 0.893955 0.768197 0.032155 0.033418
0 0.933536 0.765531 0.032557 0.034237
0 0.908773 0.866946 0.032481 0.033607
0 0.018679 0.869630 0.031707 0.028197
0 0.834956 0.946714 0.031241 0.033941
0 0.900217 0.884101 0.031982 0.032004
0 0.769739 0.890437 0.032896 0.034407
0 0.855193 0.803270 0.031449 0.032583
0 0.133725 0.817319 0.034521 0.031345
0 0.162555 0.921718 0.031188 0.027165
0 0.165919 0.877264 0.028413 0.028535
0 0.900047 0.934161 0.033399 0.034341
0 0.868838 0.792977 0.032450 0.032584
0 0.212186 0.782673 0.029171 0.024353
0 0.091204 0.968389 0.030457 0.028145
