2 0.628008 0.786431 0.017981 0.069327
2 0.707084 0.697070 0.015685 0.061398
2 0.345709 0.616372 0.010618 0.040934
2 0.237880 0.642516 0.011354 0.044952
2 0.607846 0.781391 0.023302 0.101721
2 0.662819 0.779452 0.012250 0.044753
2 0.238502 0.851630 0.012590 0.045416
2 0.349479 0.369918 0.012256 0.051152
2 0.500990 0.755833 0.010957 0.031275
2 0.901932 0.686030 0.008827 0.036241
2 0.846051 0.713535 0.008134 0.023384
2 0.070295 0.711652 0.011187 0.040852
2 0.477903 0.687750 0.009162 0.025277
2 0.165911 0.655218 0.010717 0.039393
2 0.129301 0.858259 0.012827 0.040946
2 0.481997 0.758471 0.009327 0.025806
2 0.969629 0.493110 0.013938 0.055536
2 0.075477 0.625964 0.012148 0.045387
2 0.587946 0.582925 0.022615 0.072200
2 0.294167 0.712929 0.008768 0.036125
2 0.116117 0.858886 0.012195 0.045814
2 0.619442 0.545954 0.023476 0.086404
2 0.018150 0.570497 0.012095 0.045022
2 0.700947 0.324228 0.007305 0.035447
2 0.255383 0.840871 0.018165 0.070136
2 0.095928 0.593604 0.012054 0.041955
2 0.771739 0.733282 0.009266 0.035053
2 0.437570 0.691032 0.010369 0.029629
2 0.294972 0.754216 0.008845 0.036087
2 0.708405 0.583495 0.010681 0.040682
2 0.498534 0.609179 0.010798 0.026381
2 0.901710 0.773309 0.010348 0.040264
2 0.794474 0.751805 0.008874 0.034528
2 0.406005 0.696487 0.010587 0.026904
2 0.859725 0.337504 0.008198 0.031137
2 0.857704 0.298471 0.007712 0.035670
2 0.253694 0.373025 0.010384 0.031008
2 0.592423 0.758683 0.017394 0.057985
2 0.396188 0.620143 0.011853 0.030096
2 0.225105 0.857521 0.012039 0.036220
2 0.878972 0.571697 0.008228 0.039739
2 0.551735 0.565760 0.010491 0.038770
2 0.353380 0.412824 0.010757 0.042872
2 0.856889 0.644991 0.007515 0.031528
2 0.707548 0.632999 0.012496 0.042062
2 0.889307 0.667575 0.010779 0.029935
2 0.899318 0.252457 0.013237 0.045696
2 0.973047 0.631583 0.018536 0.059211
2 0.878899 0.285614 0.011071 0.040327
2 0.898191 0.425185 0.010956 0.055879
2 0.427672 0.768778 0.008954 0.024837
2 0.339625 0.396463 0.011142 0.042778
2 0.856519 0.178303 0.010987 0.025605
2 0.066569 0.508170 0.011636 0.039118
2 0.551603 0.605764 0.009877 0.041815
2 0.437913 0.765421 0.009929 0.027376
2 0.212780 0.354833 0.008798 0.022689
2 0.456711 0.689128 0.010098 0.025413
2 0.727469 0.806942 0.009286 0.040189
2 0.498636 0.690052 0.009845 0.033839
2 0.857427 0.689343 0.006532 0.030029
2 0.585130 0.798329 0.015621 0.051187
2 0.387084 0.768647 0.011804 0.029448
2 0.416561 0.765628 0.009044 0.020526
2 0.857738 0.722953 0.006994 0.034909
2 0.792152 0.656187 0.006807 0.031395
2 0.836096 0.652939 0.006770 0.029534
2 0.142936 0.861552 0.012971 0.037527
2 0.470906 0.762387 0.010476 0.023257
2 0.332749 0.844356 0.010229 0.030480
2 0.091779 0.673213 0.010942 0.035087
2 0.416273 0.621280 0.010293 0.024441
2 0.094435 0.771164 0.010838 0.034958
2 0.549624 0.723787 0.013694 0.040967
2 0.856909 0.532658 0.007334 0.033176
2 0.662094 0.563504 0.013729 0.047845
2 0.661196 0.618284 0.009545 0.036670
2 0.267906 0.349495 0.008393 0.026520
2 0.878750 0.397088 0.012335 0.044051
2 0.792226 0.620300 0.006748 0.033360
2 0.334964 0.626797 0.007476 0.027747
2 0.337386 0.739376 0.011337 0.040376
2 0.407805 0.769276 0.009788 0.026649
2 0.550531 0.510726 0.010221 0.034363
2 0.825101 0.723849 0.007972 0.023806
2 0.458952 0.764268 0.009750 0.021557
2 0.275189 0.636650 0.009960 0.036592
2 0.272506 0.308288 0.007513 0.024129
2 0.859529 0.418553 0.008932 0.031839
2 0.313787 0.646917 0.007890 0.030868
2 0.813940 0.732704 0.008471 0.034295
2 0.339444 0.488466 0.008793 0.033629
2 0.103173 0.793152 0.010638 0.033803
2 0.498892 0.690784 0.011517 0.039484
2 0.214745 0.312499 0.007873 0.031746
2 0.879292 0.227944 0.007966 0.033202
