2 0.291150 0.321562 0.037393 0.034022
2 0.322762 0.223129 0.044338 0.036428
2 0.513337 0.397301 0.140807 0.093146
2 0.288842 0.718265 0.054324 0.042293
2 0.605057 0.599440 0.073633 0.053851
2 0.769519 0.754520 0.061803 0.044159
2 0.777963 0.636260 0.057354 0.044439
2 0.179701 0.314677 0.049408 0.033444
2 0.289789 0.515370 0.024673 0.024055
2 0.235872 0.319545 0.057083 0.043088
2 0.289608 0.662399 0.049214 0.032031
2 0.292142 0.541174 0.022558 0.023964
2 0.573429 0.326406 0.067550 0.048675
2 0.293503 0.460543 0.025513 0.025608
2 0.297045 0.783741 0.043709 0.038825
2 0.264859 0.746312 0.051836 0.041638
2 0.763366 0.588883 0.038142 0.035190
2 0.804221 0.593420 0.051366 0.043513
2 0.180699 0.219168 0.047190 0.029704
2 0.575048 0.383337 0.191263 0.142416
2 0.631909 0.418434 0.041207 0.037351
2 0.542840 0.138926 0.065807 0.055258
2 0.200268 0.409614 0.061933 0.050171
2 0.218041 0.227760 0.038489 0.037127
2 0.332482 0.776732 0.085087 0.070123
2 0.287792 0.230487 0.047047 0.034441
2 0.769703 0.754132 0.061846 0.045742
2 0.747140 0.784754 0.026124 0.023960
2 0.348014 0.812985 0.067559 0.055273
2 0.252211 0.223614 0.062477 0.047737
2 0.293484 0.486487 0.020284 0.024555
