0 0.145797 0.475431 0.059591 0.036035
0 0.493913 0.376629 0.064246 0.037943
0 0.323996 0.538028 0.067007 0.040493
0 0.580141 0.752603 0.063826 0.038447
0 0.231634 0.395382 0.056194 0.032361
0 0.182176 0.443900 0.063186 0.041008
0 0.298157 0.329997 0.061960 0.036514
0 0.411132 0.384625 0.067094 0.037294
0 0.528015 0.507132 0.067164 0.042156
0 0.458117 0.335552 0.070858 0.039797
0 0.216443 0.411060 0.059821 0.036488
0 0.346432 0.520742 0.070413 0.042858
0 0.466818 0.411169 0.065608 0.040538
0 0.288334 0.496012 0.071219 0.043389
0 0.431512 0.588603 0.079364 0.052501
1 0.256954 0.528620 0.075359 0.040921
0 0.415822 0.609777 0.060434 0.037885
0 0.594014 0.248849 0.061966 0.045174
