1 0.710448 0.769314 0.055768 0.021372
1 0.736343 0.686555 0.055374 0.019638
1 0.731878 0.719933 0.052449 0.019356
1 0.474710 0.898483 0.064483 0.021774
1 0.889013 0.431947 0.055365 0.020838
1 0.894100 0.711900 0.055614 0.019282
1 0.724429 0.745121 0.063253 0.021407
1 0.886849 0.407230 0.054083 0.019013
1 0.705316 0.817448 0.066633 0.021631
1 0.620977 0.062194 0.037215 0.040095
1 0.880129 0.737885 0.086493 0.020376
1 0.877948 0.663485 0.087993 0.021580
1 0.300549 0.613619 0.061225 0.021278
1 0.684923 0.891967 0.048426 0.021732
1 0.311039 0.687096 0.048599 0.018748
1 0.383065 0.902845 0.081388 0.021842
1 0.626028 0.893067 0.066186 0.021622
1 0.737993 0.665364 0.060161 0.019365
1 0.887244 0.382348 0.055865 0.020277
1 0.866063 0.206086 0.089733 0.022857
1 0.700175 0.794548 0.058309 0.021312
1 0.551937 0.894316 0.064981 0.023172
1 0.691263 0.104460 0.030390 0.036901
1 0.601939 0.069508 0.032507 0.038992
1 0.878931 0.760887 0.088960 0.021601
1 0.731752 0.428721 0.028658 0.011857
1 0.763863 0.889229 0.096184 0.022211
