2 0.286892 0.454520 0.073785 0.089844
2 0.290365 0.578404 0.079861 0.082031
2 0.301432 0.392020 0.074219 0.079799
2 0.320747 0.303571 0.070312 0.073661
2 0.330729 0.347377 0.058160 0.059710
2 0.341797 0.228237 0.074219 0.077009
2 0.355252 0.430804 0.055990 0.083705
2 0.378472 0.339007 0.064236 0.087612
2 0.409722 0.243862 0.056424 0.063616
2 0.411892 0.297712 0.062500 0.063058
2 0.416233 0.369978 0.065104 0.080357
2 0.591146 0.727679 0.038194 0.045759
2 0.599175 0.698940 0.034288 0.042969
2 0.604384 0.649554 0.062066 0.073661
2 0.616970 0.610491 0.042101 0.049107
2 0.628255 0.535993 0.058594 0.068638
2 0.638889 0.428850 0.033854 0.040737
2 0.639323 0.498326 0.038194 0.044643
2 0.648003 0.395647 0.032118 0.041295
2 0.732856 0.589007 0.055122 0.067522
2 0.737630 0.369141 0.029948 0.040737
2 0.743924 0.425502 0.033854 0.036272
2 0.748915 0.501953 0.059462 0.069754
2 0.754340 0.396484 0.069444 0.079799
2 0.761285 0.357143 0.046007 0.069196
2 0.767578 0.451730 0.054253 0.035156
2 0.787760 0.385882 0.049479 0.067522
3 0.627604 0.587054 0.032118 0.037946
3 0.636502 0.567801 0.026476 0.031808
3 0.702474 0.699777 0.023003 0.029018
3 0.707248 0.684152 0.023872 0.026786
3 0.709852 0.667411 0.023872 0.023438
3 0.714193 0.646763 0.028212 0.029018
3 0.716146 0.616071 0.032986 0.033482
3 0.722222 0.564732 0.024306 0.027902
3 0.728950 0.548828 0.030816 0.031808
