2 0.060647 0.621200 0.037736 0.040731
2 0.088612 0.763561 0.045148 0.052851
2 0.139319 0.578681 0.026280 0.030002
2 0.143868 0.538446 0.035377 0.040135
2 0.204852 0.620703 0.030323 0.036161
2 0.206789 0.889032 0.026786 0.031591
2 0.242840 0.764355 0.030492 0.036161
2 0.260192 0.772303 0.024764 0.031393
2 0.275438 0.795847 0.024596 0.031194
2 0.285293 0.663620 0.027123 0.028214
2 0.287230 0.683886 0.021900 0.022651
2 0.288662 0.638486 0.027796 0.029207
2 0.294053 0.804987 0.023416 0.031194
2 0.312332 0.812736 0.022911 0.030797
2 0.319323 0.709915 0.029144 0.033777
2 0.332547 0.796145 0.021563 0.030201
2 0.356806 0.712696 0.016173 0.026624
2 0.371546 0.701768 0.020047 0.030201
2 0.374158 0.801609 0.021900 0.021657
2 0.382497 0.686867 0.027123 0.032982
2 0.390836 0.628055 0.022911 0.019471
2 0.392520 0.649712 0.024596 0.021458
2 0.491493 0.582058 0.023416 0.028412
2 0.519121 0.711206 0.018363 0.028412
2 0.631991 0.602325 0.038578 0.042321
2 0.730879 0.492947 0.029144 0.027816
2 0.758844 0.269521 0.043632 0.047884
2 0.785714 0.108285 0.059973 0.072323
2 0.805593 0.375621 0.064016 0.078879
2 0.812753 0.330419 0.058794 0.062388
2 0.838443 0.207232 0.040431 0.050467
2 0.881570 0.102523 0.052224 0.056428
2 0.893194 0.158554 0.051887 0.056030
