0 0.871891 0.845907 0.011194 0.013523
1 0.594216 0.387189 0.054104 0.008541
1 0.593905 0.416726 0.053483 0.007829
1 0.595460 0.427402 0.054104 0.009253
1 0.594216 0.437367 0.052861 0.009253
1 0.594527 0.446975 0.053483 0.008541
1 0.604789 0.456584 0.052861 0.009253
1 0.607898 0.483274 0.051617 0.008541
1 0.673818 0.483274 0.052861 0.009964
1 0.732898 0.484342 0.052861 0.010676
1 0.650808 0.447331 0.051617 0.010676
1 0.649254 0.437722 0.052239 0.007117
1 0.649876 0.427402 0.052239 0.007829
1 0.650498 0.416726 0.052239 0.007829
1 0.650498 0.397865 0.052239 0.008541
1 0.648321 0.386833 0.049129 0.009253
1 0.648943 0.378292 0.052861 0.009253
1 0.594216 0.396085 0.049129 0.007829
1 0.597326 0.376157 0.045398 0.009253
0 0.914179 0.758719 0.012438 0.007117
1 0.592040 0.366548 0.054726 0.008541
1 0.486940 0.383274 0.053483 0.007829
1 0.487251 0.372954 0.052861 0.008541
1 0.483831 0.363345 0.053483 0.009253
1 0.485697 0.353381 0.053483 0.007829
1 0.485386 0.343416 0.051617 0.007829
1 0.484453 0.333452 0.053483 0.007829
1 0.482276 0.323488 0.052861 0.007829
1 0.483520 0.312811 0.050373 0.007829
1 0.489117 0.302491 0.049129 0.008541
1 0.595460 0.307117 0.051617 0.007829
1 0.596082 0.316726 0.054104 0.008541
1 0.597948 0.325979 0.051617 0.009964
1 0.595771 0.335587 0.053483 0.009253
1 0.592040 0.345907 0.054726 0.008541
1 0.594527 0.356228 0.052239 0.009253
1 0.649876 0.368327 0.052239 0.009253
1 0.649254 0.346975 0.053483 0.009253
1 0.683769 0.740569 0.021766 0.007829
1 0.684080 0.750534 0.027363 0.009253
1 0.759639 0.345907 0.037935 0.051246
1 0.755597 0.337367 0.037313 0.054093
1 0.749378 0.329893 0.036070 0.053381
1 0.740983 0.325623 0.035448 0.049110
1 0.732898 0.322420 0.036692 0.052669
1 0.727612 0.312456 0.037313 0.054093
1 0.719838 0.307117 0.036692 0.051957
1 0.713619 0.299288 0.036692 0.053381
1 0.700871 0.287900 0.038557 0.053381
1 0.694030 0.281139 0.037313 0.052669
1 0.668221 0.308185 0.030473 0.055516
1 0.672264 0.261922 0.037313 0.051246
1 0.639925 0.232028 0.008706 0.055516
1 0.629042 0.234875 0.009328 0.061210
1 0.621580 0.232384 0.006841 0.059075
1 0.769590 0.348754 0.037935 0.052669
1 0.775498 0.356584 0.038557 0.052669
1 0.782649 0.362989 0.035448 0.048399
1 0.827425 0.465836 0.052861 0.009253
1 0.684391 0.760142 0.027985 0.008541
1 0.686256 0.770463 0.021766 0.007829
1 0.704291 0.699644 0.018035 0.007117
1 0.757463 0.692171 0.008706 0.027758
1 0.799129 0.658007 0.006219 0.033452
1 0.820896 0.475801 0.052239 0.009253
1 0.826182 0.455516 0.054104 0.008541
1 0.787624 0.371530 0.036692 0.051246
1 0.825249 0.445196 0.059701 0.009253
1 0.824627 0.436299 0.053483 0.009964
1 0.823694 0.425979 0.051617 0.013523
1 0.807525 0.390036 0.037935 0.052669
1 0.800373 0.383630 0.033582 0.049822
1 0.794154 0.377580 0.036070 0.050534
1 0.481654 0.393238 0.051617 0.007829
1 0.482276 0.413879 0.055348 0.007829
1 0.483209 0.424555 0.053483 0.007829
1 0.325249 0.549110 0.054726 0.020641
1 0.318408 0.349110 0.053483 0.007829
1 0.316231 0.359431 0.054104 0.008541
1 0.336132 0.375089 0.015547 0.007117
1 0.156405 0.395374 0.051617 0.022064
1 0.222948 0.414235 0.055348 0.027046
1 0.215796 0.428826 0.054726 0.030605
1 0.210199 0.446619 0.050995 0.032028
1 0.201493 0.475445 0.050995 0.039858
1 0.197139 0.489324 0.050995 0.034875
1 0.258706 0.500712 0.053483 0.023488
1 0.268657 0.518505 0.053483 0.024911
1 0.289801 0.441993 0.049751 0.035587
1 0.254042 0.528470 0.055348 0.023488
1 0.330846 0.420641 0.050995 0.037011
1 0.331779 0.501779 0.051617 0.034164
1 0.319652 0.339858 0.052239 0.009253
1 0.322761 0.330605 0.044776 0.009253
1 0.317786 0.320996 0.055970 0.008541
1 0.243781 0.264057 0.054726 0.009964
1 0.128109 0.316726 0.007463 0.022776
1 0.138993 0.305694 0.010572 0.060498
1 0.148321 0.293950 0.010572 0.061210
1 0.156716 0.287900 0.009950 0.057651
1 0.165734 0.300712 0.010572 0.061922
1 0.175062 0.290036 0.009328 0.066192
1 0.308147 0.265480 0.047886 0.008541
1 0.257152 0.368683 0.054104 0.008541
1 0.258396 0.308541 0.045398 0.009253
1 0.260261 0.319573 0.054104 0.009964
1 0.263993 0.328470 0.051617 0.009253
1 0.255597 0.338434 0.052239 0.009253
1 0.258706 0.348754 0.054726 0.008541
1 0.258085 0.358719 0.053483 0.008541
1 0.321517 0.519573 0.053483 0.019929
1 0.448383 0.531673 0.053483 0.008541
1 0.484142 0.434164 0.052861 0.007117
1 0.426306 0.513167 0.051617 0.008541
1 0.211754 0.788612 0.014303 0.022776
1 0.350124 0.802847 0.007463 0.018505
1 0.462376 0.618149 0.008085 0.060498
1 0.480410 0.617438 0.008085 0.059075
1 0.505908 0.618149 0.008085 0.063345
1 0.514614 0.623132 0.008085 0.060498
1 0.524254 0.618505 0.007463 0.059786
1 0.532338 0.583986 0.007463 0.061922
1 0.483831 0.549466 0.043532 0.031317
1 0.480721 0.493238 0.052239 0.008541
1 0.479167 0.483274 0.054104 0.007117
1 0.482587 0.474021 0.053483 0.008541
1 0.481654 0.464057 0.052861 0.008541
1 0.485075 0.454093 0.052239 0.008541
1 0.485075 0.444128 0.053483 0.008541
1 0.117848 0.736299 0.008085 0.049110
1 0.215174 0.758719 0.014925 0.029893
1 0.436878 0.302491 0.054104 0.008541
1 0.427550 0.392527 0.052861 0.009253
1 0.427550 0.492883 0.051617 0.009253
1 0.425995 0.471886 0.052239 0.009964
1 0.428794 0.453381 0.049129 0.007117
1 0.426617 0.443416 0.053483 0.007117
1 0.426306 0.434164 0.051617 0.009964
1 0.425062 0.412811 0.046642 0.008541
1 0.428483 0.382562 0.054726 0.007829
1 0.428483 0.312100 0.049751 0.009253
1 0.428483 0.372242 0.055970 0.008541
1 0.426928 0.363345 0.052861 0.007829
1 0.428483 0.353025 0.052239 0.008541
1 0.427550 0.342705 0.052861 0.007829
1 0.427861 0.333808 0.053483 0.008541
1 0.424129 0.322420 0.052239 0.009964
1 0.604789 0.227402 0.006841 0.061922
1 0.595771 0.232740 0.007463 0.058363
1 0.578047 0.228470 0.008085 0.058363
0 0.435634 0.628470 0.006841 0.015658
0 0.275187 0.672598 0.011816 0.018505
0 0.286070 0.661566 0.014925 0.009253
0 0.287002 0.646975 0.015547 0.007117
0 0.288557 0.640214 0.013682 0.006406
0 0.287002 0.632740 0.018035 0.008541
0 0.288557 0.624199 0.012438 0.007117
0 0.009950 0.074377 0.012438 0.006406
0 0.070585 0.086833 0.005597 0.014235
0 0.061567 0.105694 0.004975 0.014947
0 0.057836 0.220641 0.006219 0.017082
0 0.149876 0.332740 0.007463 0.016370
0 0.570896 0.261922 0.012438 0.007117
1 0.120025 0.410676 0.052239 0.028470
0 0.394590 0.446263 0.009328 0.015658
0 0.432525 0.589680 0.009328 0.014947
0 0.286692 0.696085 0.013682 0.007117
0 0.286381 0.711388 0.014303 0.007829
0 0.286381 0.727402 0.013060 0.008541
0 0.361940 0.754448 0.007463 0.015658
0 0.287002 0.791815 0.005597 0.014947
0 0.444341 0.755516 0.006841 0.016370
0 0.432525 0.756228 0.005597 0.014947
0 0.400187 0.756228 0.005597 0.016370
0 0.388060 0.753381 0.007463 0.016370
0 0.374378 0.754093 0.007463 0.019217
0 0.354789 0.752313 0.005597 0.015658
0 0.287624 0.742349 0.013060 0.007117
0 0.348259 0.753737 0.006219 0.014235
0 0.341107 0.754448 0.005597 0.017082
0 0.322450 0.753381 0.006841 0.017794
0 0.310634 0.753737 0.005597 0.012811
0 0.303483 0.752669 0.006219 0.013523
0 0.295709 0.753381 0.006841 0.014947
0 0.435012 0.608541 0.008085 0.017082
0 0.436256 0.643060 0.006841 0.013523
0 0.299751 0.788968 0.006219 0.014947
0 0.007463 0.746619 0.011194 0.005694
0 0.587065 0.252669 0.006219 0.015658
0 0.572761 0.012100 0.013682 0.011388
1 0.386505 0.226690 0.009328 0.060498
0 0.728234 0.147687 0.014925 0.013523
0 0.778607 0.182562 0.012438 0.012100
0 0.821206 0.232384 0.014303 0.014947
0 0.874067 0.266548 0.014303 0.013523
0 0.933147 0.525623 0.010572 0.007829
0 0.925373 0.615658 0.013682 0.014235
0 0.929415 0.672242 0.014303 0.014947
0 0.933458 0.698221 0.011194 0.012811
0 0.693408 0.713879 0.014925 0.007117
0 0.285137 0.805694 0.005597 0.012811
0 0.677239 0.816726 0.006219 0.016370
0 0.693408 0.816370 0.007463 0.019929
1 0.738806 0.899644 0.024876 0.017082
0 0.857276 0.850534 0.008085 0.014235
0 0.770833 0.750178 0.005597 0.018505
0 0.776741 0.684698 0.007463 0.017082
0 0.294154 0.789680 0.007463 0.013523
0 0.293221 0.804270 0.005597 0.017082
1 0.560945 0.231673 0.007463 0.056228
0 0.278607 0.844484 0.006219 0.014947
1 0.953669 0.796797 0.042910 0.030605
1 0.957711 0.767972 0.043532 0.029893
1 0.948072 0.752669 0.044154 0.030605
1 0.938433 0.622420 0.041045 0.032028
1 0.937811 0.566548 0.039801 0.037011
1 0.856032 0.556940 0.006841 0.022064
0 0.194963 0.267616 0.008085 0.025623
0 0.185012 0.268327 0.008085 0.025623
0 0.134639 0.596441 0.014303 0.015658
0 0.194963 0.585053 0.015547 0.008541
0 0.154229 0.644484 0.013682 0.016370
0 0.101057 0.649822 0.015547 0.011388
0 0.219216 0.843416 0.008085 0.022776
0 0.251866 0.843772 0.007463 0.016370
0 0.064677 0.885409 0.007463 0.014235
1 0.906716 0.807473 0.022388 0.047687
1 0.899565 0.812100 0.023010 0.048399
1 0.881530 0.820285 0.024254 0.046263
1 0.465174 0.227758 0.006219 0.059786
1 0.552239 0.230249 0.007463 0.059075
1 0.543532 0.233096 0.007463 0.057651
1 0.534515 0.232384 0.008085 0.054804
1 0.525187 0.232384 0.008085 0.061922
1 0.509017 0.228826 0.009328 0.061922
1 0.491294 0.225623 0.008706 0.061210
1 0.456468 0.237722 0.007463 0.032740
1 0.369403 0.231317 0.007463 0.032740
1 0.422264 0.238078 0.007463 0.024911
1 0.413246 0.222064 0.008085 0.064057
1 0.404851 0.224911 0.007463 0.032740
1 0.394900 0.230249 0.007463 0.060498
1 0.377799 0.228826 0.008085 0.060498
1 0.358831 0.227402 0.007463 0.061922
0 0.272077 0.843060 0.006841 0.017794
0 0.285448 0.845907 0.007463 0.016370
0 0.305970 0.789680 0.006219 0.016370
0 0.292289 0.842349 0.007463 0.016370
0 0.376866 0.807829 0.006219 0.014235
0 0.384328 0.795374 0.006219 0.016370
0 0.391169 0.793238 0.006219 0.014947
0 0.370958 0.792883 0.006841 0.015658
0 0.364117 0.793950 0.005597 0.014947
0 0.358520 0.792883 0.005597 0.015658
0 0.344838 0.792171 0.005597 0.012811
0 0.339241 0.792171 0.005597 0.011388
0 0.331779 0.808185 0.005597 0.016370
0 0.331779 0.791815 0.005597 0.014947
0 0.325560 0.806762 0.006841 0.017794
0 0.325249 0.791459 0.006219 0.014235
0 0.318097 0.805338 0.005597 0.013523
0 0.318719 0.792883 0.005597 0.015658
0 0.312189 0.790391 0.006219 0.013523
0 0.390547 0.808897 0.006219 0.013523
0 0.403607 0.810676 0.008706 0.015658
0 0.424440 0.782206 0.011816 0.012811
0 0.368470 0.844484 0.006841 0.019217
0 0.298818 0.845196 0.006841 0.014947
0 0.304726 0.844484 0.004975 0.014947
0 0.317786 0.846619 0.006219 0.014947
0 0.330224 0.843416 0.007463 0.015658
0 0.349502 0.845552 0.007463 0.015658
0 0.363184 0.846263 0.006219 0.017082
0 0.389614 0.845907 0.008085 0.017794
0 0.457090 0.779359 0.013682 0.008541
0 0.396766 0.845907 0.007463 0.017794
0 0.416667 0.848043 0.008706 0.017794
0 0.455535 0.833808 0.018035 0.007829
0 0.455846 0.825267 0.013682 0.007829
0 0.455535 0.817082 0.015547 0.008541
0 0.455224 0.792883 0.013682 0.008541
1 0.065609 0.243060 0.008085 0.061922
