2 0.234424 0.334261 0.023278 0.034599
2 0.245379 0.268443 0.021909 0.027441
2 0.254964 0.194870 0.027386 0.037781
2 0.184787 0.136011 0.023415 0.032611
2 0.346981 0.091867 0.015062 0.027043
2 0.369780 0.089680 0.019855 0.034202
2 0.392236 0.092464 0.013830 0.027839
2 0.356360 0.688308 0.016295 0.018890
2 0.332124 0.722509 0.012734 0.023265
2 0.371217 0.727679 0.019444 0.024856
2 0.386417 0.823126 0.016158 0.018493
2 0.357730 0.834659 0.013282 0.026049
2 0.310763 0.839928 0.019581 0.023862
2 0.379707 0.868065 0.019170 0.026447
2 0.381692 0.890535 0.017390 0.018493
2 0.378748 0.913701 0.018075 0.022669
2 0.378132 0.935673 0.017116 0.022867
2 0.376215 0.958938 0.019033 0.026844
2 0.392441 0.962816 0.019992 0.027839
2 0.415925 0.965003 0.020129 0.028236
2 0.441189 0.964208 0.021087 0.033804
2 0.440778 0.932392 0.024374 0.033406
2 0.451253 0.906840 0.021772 0.026447
2 0.516432 0.902366 0.025606 0.031418
2 0.516705 0.869656 0.025058 0.030821
2 0.433110 0.888049 0.021635 0.024657
2 0.201629 0.321038 0.019307 0.030821
2 0.194988 0.415391 0.023552 0.034599
2 0.445023 0.786538 0.023552 0.029230
2 0.207175 0.529330 0.020813 0.027839
2 0.136793 0.127560 0.027386 0.039968
2 0.082432 0.176775 0.030125 0.045337
2 0.143777 0.247962 0.027112 0.036190
2 0.087772 0.240306 0.027660 0.039173
2 0.050733 0.356433 0.044228 0.060251
2 0.159797 0.372838 0.016432 0.030622
2 0.042791 0.414894 0.043955 0.059853
2 0.108586 0.473951 0.034233 0.041957
2 0.103998 0.518095 0.027249 0.034003
2 0.132343 0.675880 0.025332 0.036190
2 0.134671 0.725790 0.022320 0.040962
2 0.156169 0.713462 0.016842 0.029429
2 0.268383 0.941738 0.016158 0.029429
2 0.285636 0.943428 0.013419 0.026049
2 0.254279 0.860608 0.019444 0.024657
2 0.256401 0.830881 0.018212 0.024856
2 0.222032 0.804832 0.019855 0.026049
2 0.184239 0.785246 0.026154 0.044144
2 0.226962 0.753430 0.015473 0.031815
2 0.199576 0.700935 0.019307 0.030225
2 0.260304 0.672500 0.019444 0.031020
2 0.270985 0.586797 0.016705 0.016305
2 0.240586 0.580433 0.017801 0.029429
2 0.217239 0.580433 0.026154 0.037383
2 0.166781 0.550408 0.023004 0.034599
2 0.466315 0.849871 0.014652 0.028236
2 0.438792 0.765261 0.021498 0.022470
2 0.758524 0.613541 0.008900 0.014516
2 0.951253 0.921356 0.052581 0.072181
2 0.991373 0.919964 0.016705 0.032412
2 0.915035 0.638497 0.054909 0.071585
2 0.089689 0.208491 0.032315 0.042354
2 0.146310 0.801849 0.018212 0.032014
2 0.076270 0.651322 0.023004 0.028037
2 0.070793 0.602704 0.016158 0.030622
2 0.048542 0.596938 0.023141 0.035395
2 0.129741 0.557168 0.025058 0.029827
2 0.116596 0.427520 0.036560 0.048916
2 0.123990 0.389242 0.028071 0.033605
2 0.130084 0.333764 0.035602 0.042354
2 0.796933 0.629052 0.012598 0.017300
2 0.699576 0.628753 0.016432 0.029827
2 0.518965 0.765759 0.024921 0.033804
2 0.735862 0.653112 0.016705 0.029628
2 0.440915 0.741300 0.021087 0.028236
2 0.475147 0.703718 0.018622 0.032213
2 0.495481 0.682044 0.017116 0.029032
2 0.512940 0.696759 0.022730 0.032213
2 0.551349 0.636409 0.017664 0.022072
2 0.412570 0.086598 0.013419 0.026844
2 0.429002 0.080433 0.012598 0.026049
2 0.574695 0.883774 0.026838 0.032412
2 0.571957 0.852754 0.029029 0.038377
2 0.668492 0.848280 0.030672 0.045735
2 0.646241 0.817658 0.028071 0.042553
2 0.571683 0.816365 0.030125 0.033207
2 0.642955 0.725691 0.045598 0.066614
2 0.576475 0.692285 0.027112 0.045536
2 0.574558 0.614933 0.018622 0.029230
2 0.626181 0.588487 0.014788 0.024856
2 0.680748 0.619209 0.018486 0.031418
2 0.602081 0.968383 0.026564 0.033009
2 0.641791 0.982402 0.030672 0.034400
2 0.688963 0.902963 0.026975 0.040565
2 0.723264 0.881786 0.025195 0.038775
2 0.748117 0.800656 0.041490 0.069397
2 0.711420 0.766952 0.049979 0.069596
2 0.678968 0.744383 0.043133 0.064227
2 0.753321 0.665739 0.015747 0.027441
2 0.152198 0.065719 0.025880 0.033207
0 0.694030 0.474150 0.004519 0.002983
0 0.401753 0.321833 0.002465 0.005767
0 0.403464 0.340426 0.002602 0.005568
0 0.405107 0.341917 0.002876 0.005369
0 0.406203 0.342812 0.002876 0.005170
0 0.407915 0.343607 0.003012 0.006761
0 0.408736 0.345297 0.002465 0.004971
0 0.410242 0.346093 0.002465 0.005369
0 0.411543 0.347485 0.002602 0.005369
0 0.412707 0.348280 0.002465 0.005767
0 0.414350 0.349970 0.002739 0.005170
0 0.415309 0.351362 0.003012 0.005568
0 0.435095 0.351561 0.003149 0.005965
0 0.400589 0.320939 0.002054 0.005170
0 0.403327 0.322828 0.002876 0.005369
0 0.410722 0.314277 0.002328 0.004971
0 0.405929 0.324816 0.002876 0.005369
0 0.408805 0.327401 0.002876 0.005767
0 0.410927 0.329191 0.002739 0.004971
0 0.412433 0.329986 0.002739 0.005767
0 0.413734 0.331378 0.003149 0.005767
0 0.399219 0.324717 0.002328 0.004375
0 0.400726 0.325910 0.002602 0.005568
0 0.401958 0.326805 0.002602 0.005369
0 0.403327 0.327998 0.002602 0.005369
0 0.404423 0.328594 0.002328 0.004971
0 0.405929 0.330086 0.002602 0.005568
0 0.407093 0.331279 0.003286 0.005568
0 0.401890 0.339630 0.002739 0.005170
0 0.400657 0.338139 0.003012 0.006164
0 0.396412 0.334758 0.002739 0.004971
0 0.393468 0.332372 0.003149 0.005369
0 0.414282 0.318155 0.002876 0.005965
0 0.416678 0.319845 0.002465 0.004971
0 0.418732 0.315769 0.002739 0.005965
0 0.420170 0.316962 0.002876 0.006363
0 0.419348 0.322032 0.002876 0.005369
0 0.423251 0.325711 0.003286 0.005965
0 0.431877 0.333764 0.003286 0.005767
0 0.432904 0.334858 0.002876 0.005568
0 0.434342 0.335951 0.003012 0.005369
0 0.436122 0.331477 0.003286 0.004772
0 0.442763 0.324915 0.003149 0.005170
0 0.445502 0.327202 0.002876 0.004573
0 0.399083 0.319745 0.002602 0.005568
0 0.397645 0.323722 0.002465 0.004375
0 0.336095 0.302346 0.002054 0.005767
0 0.343900 0.304733 0.002054 0.005369
0 0.349719 0.307417 0.002191 0.005568
0 0.363755 0.314078 0.003697 0.004971
0 0.365329 0.314874 0.003286 0.004971
0 0.384979 0.321933 0.002876 0.003579
0 0.384020 0.326208 0.003971 0.004971
0 0.385869 0.327500 0.003834 0.004375
0 0.387238 0.328495 0.003286 0.004772
0 0.389018 0.329290 0.003834 0.003977
0 0.390456 0.331080 0.004245 0.004375
0 0.408394 0.332173 0.002602 0.004971
0 0.409763 0.333466 0.002876 0.005568
0 0.412228 0.335852 0.003149 0.005170
0 0.387649 0.340127 0.003286 0.004176
0 0.408531 0.355438 0.003423 0.004176
0 0.418527 0.379996 0.003149 0.005568
0 0.398398 0.363591 0.002602 0.005767
0 0.399288 0.374528 0.003286 0.004971
0 0.400726 0.376218 0.003149 0.004772
0 0.406134 0.385265 0.003012 0.004573
0 0.373545 0.346987 0.001643 0.004772
0 0.378132 0.344900 0.001506 0.004971
0 0.379365 0.350368 0.001780 0.003977
0 0.382514 0.352058 0.001506 0.005369
0 0.383952 0.348081 0.001917 0.004971
0 0.385458 0.354245 0.001643 0.004176
0 0.366493 0.353251 0.003423 0.005369
0 0.343147 0.357526 0.001643 0.005568
0 0.347871 0.359217 0.001780 0.004971
0 0.362385 0.365977 0.001506 0.004573
0 0.374846 0.378604 0.001506 0.005170
0 0.380871 0.377411 0.002054 0.005568
0 0.338012 0.368662 0.002876 0.005170
0 0.334931 0.368065 0.003286 0.005568
0 0.330412 0.366673 0.003286 0.005170
0 0.325551 0.364486 0.002876 0.004772
0 0.390867 0.368662 0.003423 0.004772
0 0.375873 0.363492 0.003012 0.004772
0 0.376695 0.358819 0.003560 0.004573
0 0.397166 0.345695 0.003423 0.004176
0 0.382925 0.337542 0.003149 0.004573
0 0.413666 0.336449 0.002739 0.004772
0 0.370807 0.341121 0.001643 0.004176
0 0.414830 0.337542 0.002328 0.004176
0 0.416062 0.338934 0.002602 0.004971
0 0.417500 0.339531 0.002739 0.004971
0 0.418800 0.341221 0.002602 0.004772
0 0.419896 0.342116 0.002876 0.006164
0 0.418732 0.336250 0.003560 0.005170
0 0.421402 0.338039 0.002876 0.006761
0 0.422908 0.339730 0.003149 0.005767
0 0.423935 0.340823 0.003012 0.005170
0 0.425442 0.341718 0.002739 0.005767
0 0.427564 0.343905 0.003423 0.005767
0 0.435164 0.337145 0.002739 0.004971
0 0.436464 0.339034 0.003149 0.005568
0 0.437765 0.339531 0.002739 0.005369
0 0.421334 0.343707 0.003012 0.005369
0 0.422498 0.344303 0.002328 0.004573
0 0.423456 0.346093 0.002602 0.004971
0 0.424620 0.347286 0.002465 0.004971
0 0.314597 0.314774 0.002328 0.005965
0 0.330891 0.337841 0.002602 0.005568
0 0.332466 0.343209 0.002739 0.005170
0 0.339039 0.340326 0.003012 0.004573
0 0.352663 0.336449 0.001780 0.004772
0 0.355744 0.337741 0.001643 0.004971
0 0.356908 0.334062 0.001780 0.004772
0 0.412981 0.317061 0.002739 0.005369
0 0.409352 0.313382 0.002328 0.004772
0 0.581200 0.391430 0.003149 0.003380
0 0.479460 0.164943 0.002876 0.004971
0 0.468780 0.220620 0.002876 0.004971
0 0.470012 0.222410 0.002602 0.004971
0 0.468095 0.225989 0.002876 0.005369
0 0.470629 0.228177 0.002465 0.004971
0 0.473025 0.230662 0.003149 0.005170
0 0.477270 0.229370 0.003697 0.005767
0 0.470149 0.157188 0.002602 0.004573
0 0.471519 0.158779 0.002602 0.005369
0 0.473436 0.159972 0.002876 0.005767
0 0.475010 0.161165 0.002465 0.004971
0 0.476448 0.162358 0.002602 0.004971
0 0.477954 0.163850 0.003149 0.004772
0 0.481241 0.166037 0.002876 0.005568
0 0.407983 0.307914 0.002876 0.004971
0 0.498494 0.182144 0.002876 0.005568
0 0.500548 0.184132 0.003423 0.006363
0 0.508490 0.192185 0.003423 0.005369
0 0.510133 0.194174 0.002602 0.004971
0 0.511639 0.195963 0.002876 0.004971
0 0.514788 0.198151 0.003423 0.005767
0 0.516089 0.199841 0.003834 0.005965
0 0.517869 0.201233 0.003286 0.006363
0 0.481035 0.214158 0.003560 0.005965
0 0.481994 0.220322 0.003286 0.005568
0 0.489388 0.227580 0.003286 0.005369
0 0.491853 0.230463 0.003286 0.004772
0 0.467068 0.224697 0.003286 0.005965
0 0.465767 0.224001 0.002876 0.005767
0 0.458031 0.217538 0.003560 0.005965
0 0.459674 0.213661 0.003012 0.004971
0 0.359784 0.300557 0.002328 0.004971
0 0.361084 0.301153 0.002465 0.006562
0 0.358277 0.300358 0.002328 0.004971
0 0.356908 0.299065 0.002054 0.005170
0 0.355470 0.299165 0.001917 0.005369
0 0.354033 0.298668 0.002054 0.005568
0 0.352526 0.297375 0.002054 0.004971
0 0.350952 0.296480 0.002191 0.005170
0 0.348282 0.294691 0.002054 0.005965
0 0.449610 0.169517 0.002602 0.004573
0 0.451938 0.171605 0.003697 0.006363
0 0.450637 0.175780 0.002465 0.004772
0 0.453238 0.177868 0.003012 0.004573
0 0.462481 0.185425 0.003149 0.005369
0 0.444886 0.188805 0.003560 0.005767
0 0.446323 0.184729 0.003149 0.005568
0 0.447693 0.185822 0.002602 0.004573
0 0.451664 0.188407 0.003149 0.005767
0 0.451595 0.193577 0.003286 0.005369
0 0.452965 0.194870 0.003012 0.004772
0 0.454128 0.196461 0.002876 0.005170
0 0.460496 0.196262 0.003286 0.005170
0 0.448172 0.203917 0.002465 0.005767
0 0.450705 0.210579 0.002602 0.004772
0 0.455840 0.210280 0.002739 0.004971
0 0.492948 0.232253 0.003012 0.005568
0 0.499315 0.219626 0.003423 0.005767
0 0.437560 0.213362 0.003423 0.005568
0 0.450021 0.282163 0.002602 0.005170
0 0.442558 0.289024 0.002739 0.005767
0 0.443448 0.290117 0.002602 0.005568
0 0.445365 0.297375 0.002876 0.005767
0 0.450431 0.302048 0.002876 0.005170
0 0.439272 0.305528 0.003012 0.004971
0 0.434753 0.300457 0.003560 0.005965
0 0.421744 0.289720 0.002739 0.005170
0 0.420375 0.288825 0.002465 0.004573
0 0.413118 0.282561 0.002739 0.005170
0 0.407435 0.294591 0.003149 0.006960
0 0.408805 0.295387 0.002876 0.006562
0 0.410037 0.296182 0.002602 0.006562
0 0.413939 0.298966 0.002739 0.005767
0 0.416815 0.300756 0.003012 0.006164
0 0.420444 0.304235 0.002876 0.005170
0 0.423114 0.305926 0.002465 0.004573
0 0.425647 0.308809 0.002876 0.004772
0 0.429344 0.312388 0.003697 0.006363
0 0.434411 0.316365 0.002876 0.005170
0 0.436601 0.319248 0.003149 0.005767
0 0.403944 0.304633 0.003286 0.006761
0 0.402437 0.309505 0.002739 0.004573
0 0.404012 0.310499 0.002328 0.004176
0 0.405381 0.310797 0.003149 0.005568
0 0.407709 0.313283 0.002602 0.005369
0 0.441462 0.287731 0.003560 0.005568
0 0.448857 0.280871 0.003012 0.005767
0 0.446597 0.220422 0.002876 0.004971
0 0.429207 0.282760 0.002602 0.005170
0 0.453033 0.225989 0.003423 0.005369
0 0.460496 0.232253 0.003286 0.005170
0 0.473025 0.243190 0.003423 0.005568
0 0.487197 0.239411 0.004108 0.006363
0 0.473299 0.269238 0.003423 0.005568
0 0.467274 0.263571 0.003423 0.005767
0 0.463714 0.240903 0.003149 0.005369
0 0.463714 0.259495 0.003149 0.005965
0 0.460222 0.255617 0.003012 0.005369
0 0.451253 0.260489 0.003149 0.005170
0 0.447213 0.261782 0.003012 0.005369
0 0.441394 0.251541 0.003423 0.006363
0 0.443585 0.223603 0.003149 0.005767
0 0.445365 0.224200 0.002602 0.004573
0 0.435369 0.229767 0.002876 0.004573
0 0.439066 0.236926 0.003149 0.005767
0 0.441668 0.239014 0.003423 0.005170
0 0.441805 0.233545 0.002876 0.004573
0 0.452485 0.231358 0.002876 0.004176
0 0.466726 0.238019 0.003149 0.005568
0 0.431946 0.244383 0.003149 0.005568
0 0.424072 0.242991 0.002739 0.005170
0 0.421881 0.260589 0.003286 0.005767
0 0.438929 0.272221 0.002602 0.005170
0 0.421471 0.276596 0.003286 0.005568
0 0.328358 0.380493 0.001643 0.005369
0 0.393811 0.370551 0.003286 0.005369
0 0.394085 0.391430 0.001917 0.005767
0 0.558743 0.351760 0.003423 0.005170
0 0.545392 0.327799 0.003286 0.004971
0 0.544571 0.332372 0.003012 0.004573
0 0.556210 0.327401 0.004108 0.005767
0 0.559770 0.331875 0.003286 0.004772
0 0.562029 0.328694 0.003423 0.004375
0 0.563125 0.330384 0.003149 0.004971
0 0.566616 0.335156 0.003834 0.005369
0 0.573668 0.324220 0.003423 0.005369
0 0.570930 0.342215 0.003697 0.004375
0 0.562029 0.334361 0.003423 0.004971
0 0.553334 0.338039 0.003560 0.005568
0 0.554704 0.339829 0.003286 0.004772
0 0.562098 0.350766 0.004108 0.005568
0 0.391962 0.400974 0.003149 0.004573
0 0.535123 0.334261 0.002739 0.004772
0 0.530741 0.334858 0.003286 0.005170
0 0.521498 0.316962 0.003697 0.005170
0 0.524031 0.319248 0.003560 0.005369
0 0.520334 0.336349 0.003286 0.005369
0 0.529303 0.353947 0.003149 0.005170
0 0.533822 0.354146 0.003423 0.004772
0 0.542654 0.350766 0.003560 0.004375
0 0.549226 0.353848 0.003560 0.004971
0 0.550870 0.363193 0.003834 0.005767
0 0.539025 0.367170 0.003423 0.004573
0 0.525058 0.348280 0.002876 0.004573
0 0.541147 0.322132 0.003012 0.004772
0 0.534917 0.319447 0.003423 0.005369
0 0.528071 0.310797 0.002876 0.005170
0 0.527044 0.309604 0.003286 0.005170
0 0.420991 0.502187 0.002602 0.004971
0 0.425647 0.507556 0.002876 0.004971
0 0.426606 0.509942 0.002602 0.005369
0 0.434342 0.521674 0.002465 0.004971
0 0.435301 0.523066 0.002465 0.005369
0 0.531631 0.248757 0.003149 0.004375
0 0.526907 0.258898 0.003560 0.005568
0 0.520813 0.262577 0.003149 0.005369
0 0.543749 0.270332 0.003560 0.006164
0 0.546899 0.271525 0.004929 0.007357
0 0.548473 0.273812 0.003971 0.006761
0 0.553403 0.280374 0.003697 0.005965
0 0.555867 0.283456 0.003697 0.006164
0 0.569081 0.296381 0.003012 0.005369
0 0.566890 0.299264 0.003012 0.005170
0 0.559701 0.303341 0.003971 0.006164
0 0.558606 0.308511 0.003149 0.005369
0 0.564015 0.316365 0.003286 0.004772
0 0.565863 0.319149 0.003971 0.005965
0 0.530535 0.287433 0.003149 0.005369
0 0.534233 0.298767 0.003149 0.005369
0 0.539025 0.297176 0.003423 0.004971
0 0.545666 0.306323 0.003012 0.004971
0 0.549979 0.311692 0.003697 0.005767
0 0.522593 0.303937 0.003149 0.005369
0 0.508147 0.340724 0.003012 0.004971
0 0.504519 0.338139 0.003697 0.005369
0 0.538203 0.344204 0.003149 0.005170
0 0.519992 0.382680 0.003423 0.004971
0 0.523963 0.382581 0.003149 0.005568
0 0.532179 0.379996 0.003149 0.004772
0 0.533137 0.380891 0.002876 0.004176
0 0.534233 0.382780 0.003149 0.004375
0 0.536629 0.379399 0.003012 0.004375
0 0.519649 0.376616 0.003012 0.005170
0 0.575038 0.373036 0.003149 0.003579
0 0.585992 0.369855 0.003149 0.004772
0 0.592496 0.395506 0.002739 0.005170
0 0.527112 0.387453 0.003149 0.005369
0 0.528892 0.374925 0.002876 0.004573
0 0.538135 0.388447 0.003012 0.004971
0 0.542517 0.388745 0.003834 0.005568
0 0.521840 0.379399 0.003012 0.004772
0 0.515473 0.392921 0.002876 0.004375
0 0.517596 0.395804 0.003012 0.004573
0 0.519923 0.399582 0.003012 0.004971
0 0.521909 0.403162 0.002876 0.004176
0 0.526017 0.409525 0.003149 0.004573
0 0.526838 0.393915 0.003149 0.004772
0 0.531357 0.393816 0.003149 0.004971
0 0.533548 0.396997 0.003423 0.004971
0 0.531973 0.401670 0.003560 0.005170
0 0.528961 0.396799 0.003560 0.004573
0 0.577092 0.383874 0.003423 0.003380
0 0.522662 0.387652 0.003834 0.005369
0 0.492948 0.363492 0.003286 0.005568
0 0.539436 0.346391 0.003149 0.005170
0 0.494180 0.364884 0.003286 0.004375
0 0.533753 0.338735 0.003012 0.004573
0 0.527181 0.344800 0.003286 0.005170
0 0.527181 0.350865 0.003286 0.004971
0 0.543133 0.373434 0.003423 0.005170
0 0.512050 0.351462 0.003423 0.004971
0 0.513967 0.347385 0.003423 0.005568
0 0.518417 0.360012 0.003560 0.005369
0 0.520676 0.362895 0.002876 0.004772
0 0.522662 0.359415 0.003560 0.005369
0 0.522730 0.365878 0.002876 0.005170
0 0.524510 0.368363 0.003423 0.004573
0 0.525743 0.370551 0.002876 0.004176
0 0.528002 0.367270 0.003286 0.004772
0 0.534096 0.376516 0.003423 0.004971
0 0.552307 0.342613 0.003149 0.005170
0 0.553608 0.344303 0.003012 0.004176
0 0.554635 0.345397 0.003149 0.003977
0 0.555388 0.346987 0.003012 0.004772
0 0.546488 0.313681 0.003286 0.004971
0 0.513830 0.369059 0.003971 0.005568
0 0.516295 0.372142 0.003423 0.004971
0 0.513008 0.374031 0.003149 0.004772
0 0.505751 0.379101 0.003423 0.005369
0 0.498836 0.370849 0.003286 0.005170
0 0.495550 0.366474 0.003286 0.005568
0 0.417089 0.496918 0.002191 0.005170
0 0.413392 0.491350 0.002465 0.004772
0 0.421197 0.488566 0.003834 0.004375
0 0.325140 0.423643 0.003423 0.005369
0 0.348282 0.434281 0.003149 0.004772
0 0.354580 0.437860 0.003423 0.004375
0 0.355950 0.438656 0.003423 0.005170
0 0.360263 0.441738 0.003560 0.004573
0 0.369026 0.448101 0.003286 0.004573
0 0.371012 0.448996 0.003149 0.004375
0 0.376284 0.453768 0.003286 0.004772
0 0.377585 0.454961 0.003697 0.004772
0 0.379296 0.455955 0.003012 0.004375
0 0.381898 0.457646 0.003286 0.004573
0 0.388607 0.464605 0.003560 0.004176
0 0.350062 0.409425 0.003149 0.004772
0 0.357182 0.413502 0.003149 0.004971
0 0.359989 0.415490 0.003012 0.004971
0 0.360948 0.410917 0.003560 0.004971
0 0.365398 0.413104 0.003149 0.004971
0 0.366767 0.414397 0.002876 0.004772
0 0.362865 0.417379 0.003286 0.005170
0 0.371286 0.423146 0.003149 0.004772
0 0.380049 0.423742 0.003149 0.005568
0 0.384500 0.426924 0.003560 0.004772
0 0.387375 0.429509 0.003286 0.004772
0 0.383746 0.432094 0.002876 0.004375
0 0.380939 0.429708 0.003286 0.004772
0 0.345269 0.422450 0.001780 0.004573
0 0.316993 0.420163 0.003012 0.004772
0 0.338354 0.404554 0.002739 0.004573
0 0.352732 0.426526 0.001643 0.005170
0 0.336985 0.403361 0.002739 0.004176
0 0.399288 0.406045 0.003286 0.004772
0 0.389566 0.404653 0.003560 0.004772
0 0.385937 0.401273 0.003149 0.004375
0 0.387238 0.402565 0.003012 0.004573
0 0.365877 0.388248 0.003560 0.006164
0 0.361564 0.385564 0.003149 0.005170
0 0.350472 0.390038 0.001780 0.004971
0 0.369300 0.401173 0.001917 0.004971
0 0.370670 0.401471 0.001643 0.005170
0 0.373408 0.402863 0.002191 0.005170
0 0.355881 0.397793 0.001917 0.004971
0 0.350199 0.394711 0.001780 0.005170
0 0.342736 0.391330 0.001643 0.003977
0 0.344927 0.387155 0.001643 0.005170
0 0.343352 0.386558 0.001780 0.004772
0 0.330001 0.380593 0.001917 0.005568
0 0.332192 0.386657 0.001917 0.004573
0 0.335342 0.387850 0.001917 0.004573
0 0.339860 0.375522 0.003560 0.004573
0 0.323429 0.398290 0.002465 0.004772
0 0.329933 0.395804 0.003149 0.005767
0 0.331439 0.396600 0.002876 0.004573
0 0.328016 0.399582 0.002602 0.004573
0 0.330754 0.401074 0.003423 0.004772
0 0.337875 0.398886 0.003149 0.004772
0 0.346844 0.422748 0.001369 0.004375
0 0.348761 0.418871 0.001643 0.005369
0 0.419006 0.485086 0.003560 0.003778
0 0.406956 0.483993 0.001917 0.005170
0 0.412639 0.453669 0.002328 0.004573
0 0.412844 0.459435 0.002191 0.005369
0 0.414350 0.460728 0.001917 0.004772
0 0.415583 0.461623 0.001917 0.004573
0 0.418184 0.458839 0.002465 0.005767
0 0.420101 0.449394 0.003012 0.004375
0 0.421539 0.450587 0.002602 0.003977
0 0.423662 0.453370 0.004108 0.004772
0 0.430371 0.456055 0.003560 0.004573
0 0.438245 0.452575 0.002328 0.005965
0 0.434411 0.461424 0.004245 0.004573
0 0.430850 0.463114 0.003423 0.003977
0 0.433452 0.466395 0.002876 0.003778
0 0.435095 0.467986 0.003149 0.004573
0 0.436054 0.469676 0.003697 0.003977
0 0.425647 0.469079 0.002876 0.005170
0 0.428112 0.471764 0.002602 0.005369
0 0.427769 0.477630 0.002191 0.005170
0 0.426537 0.476437 0.002739 0.005568
0 0.417979 0.465699 0.002876 0.005965
0 0.419348 0.466892 0.002054 0.005170
0 0.415103 0.473951 0.003971 0.005369
0 0.418800 0.477928 0.003697 0.003380
0 0.416336 0.482501 0.002876 0.003778
0 0.417568 0.483695 0.002876 0.003778
0 0.407915 0.466097 0.003560 0.004375
0 0.405587 0.482203 0.002191 0.005170
0 0.351773 0.420461 0.001917 0.005369
0 0.399836 0.476138 0.002739 0.004971
0 0.356018 0.423146 0.001369 0.003977
0 0.357456 0.423643 0.001506 0.004971
0 0.383952 0.415888 0.001917 0.004176
0 0.381761 0.409624 0.002191 0.005170
0 0.391962 0.422649 0.002054 0.005369
0 0.393811 0.440943 0.003286 0.004971
0 0.398466 0.439551 0.003286 0.004971
0 0.400110 0.440943 0.003012 0.004971
0 0.398535 0.445317 0.003149 0.004573
0 0.390730 0.454265 0.001780 0.004573
0 0.394358 0.452376 0.002191 0.005170
0 0.393605 0.456353 0.001780 0.005568
0 0.395180 0.458242 0.001369 0.004971
0 0.400452 0.430105 0.002054 0.004772
0 0.400726 0.424438 0.002054 0.005369
0 0.402574 0.426327 0.002191 0.005170
0 0.403464 0.432392 0.002054 0.004971
0 0.405176 0.429111 0.002191 0.005170
0 0.406614 0.430304 0.002054 0.005170
0 0.405724 0.435375 0.001917 0.004573
0 0.405587 0.417677 0.004108 0.005369
0 0.411132 0.422350 0.003423 0.005170
0 0.445365 0.420064 0.003149 0.004573
0 0.396070 0.471963 0.003149 0.004573
0 0.397645 0.473255 0.003560 0.005568
0 0.362385 0.302048 0.002054 0.005568
0 0.363618 0.302844 0.002054 0.004772
0 0.364919 0.303440 0.002465 0.004772
0 0.291798 0.253231 0.003286 0.002983
0 0.288443 0.219825 0.002602 0.002187
0 0.288306 0.222211 0.002602 0.002983
0 0.288443 0.224398 0.002876 0.002983
0 0.296043 0.224001 0.002739 0.002983
0 0.296385 0.221813 0.002602 0.002983
0 0.285568 0.244780 0.002876 0.001988
0 0.285362 0.239909 0.002739 0.002983
0 0.293167 0.241698 0.003012 0.002983
0 0.293030 0.243885 0.003012 0.002983
0 0.292551 0.246073 0.002876 0.003380
0 0.291935 0.248459 0.003012 0.002585
0 0.291935 0.250845 0.003012 0.002983
0 0.291250 0.255021 0.002739 0.002585
0 0.897439 0.386757 0.003286 0.005568
0 0.290976 0.257407 0.003012 0.002983
0 0.290497 0.259296 0.002876 0.003579
0 0.290155 0.261881 0.002739 0.002784
0 0.290360 0.263870 0.003149 0.003182
0 0.289812 0.266156 0.003149 0.002983
0 0.282007 0.264466 0.002602 0.002784
0 0.282144 0.261682 0.002328 0.003182
0 0.282624 0.260191 0.002465 0.002585
0 0.283034 0.258004 0.002739 0.002983
0 0.283240 0.256115 0.002328 0.002784
0 0.283240 0.253331 0.002602 0.002784
0 0.284335 0.250845 0.002602 0.002983
0 0.288580 0.217737 0.002602 0.002784
0 0.281734 0.160867 0.002876 0.002784
0 0.310147 0.178863 0.001917 0.004573
0 0.308709 0.178067 0.002054 0.004573
0 0.073326 0.428614 0.001780 0.004573
0 0.071409 0.428912 0.002054 0.006363
0 0.069081 0.432889 0.002602 0.002784
0 0.068876 0.447206 0.002191 0.004772
0 0.121731 0.443229 0.003834 0.003182
0 0.070450 0.449990 0.002876 0.008749
0 0.110639 0.509445 0.003012 0.005170
0 0.037313 0.494929 0.003149 0.005170
0 0.053471 0.529032 0.003423 0.002585
0 0.053129 0.531020 0.003560 0.002983
0 0.061687 0.563830 0.003423 0.003380
0 0.263796 0.128853 0.004519 0.009147
0 0.270163 0.184927 0.003012 0.003182
0 0.240038 0.181448 0.002465 0.005369
0 0.330275 0.159376 0.003286 0.004971
0 0.325483 0.185623 0.002739 0.005369
0 0.323155 0.207894 0.002465 0.004971
0 0.316514 0.204812 0.002328 0.005170
0 0.313296 0.222609 0.002465 0.005767
0 0.309530 0.210280 0.002054 0.005369
0 0.307750 0.209584 0.001780 0.005170
0 0.304053 0.195765 0.002054 0.004573
0 0.308366 0.196461 0.002465 0.004375
0 0.299124 0.187811 0.001780 0.004176
0 0.307203 0.177769 0.002328 0.005170
0 0.284472 0.248857 0.003149 0.002983
0 0.328974 0.239809 0.001780 0.004375
0 0.328974 0.251243 0.002328 0.004971
0 0.270848 0.784450 0.001369 0.004375
0 0.148090 0.735335 0.004245 0.007556
0 0.138984 0.774707 0.003560 0.005170
0 0.137820 0.777192 0.002602 0.005369
0 0.136382 0.778584 0.002465 0.004971
0 0.212995 0.744581 0.002328 0.005369
0 0.167328 0.738815 0.002739 0.004971
0 0.169177 0.738517 0.002328 0.005170
0 0.172463 0.737324 0.002328 0.004772
0 0.175407 0.735733 0.002739 0.006761
0 0.188484 0.731259 0.002602 0.004971
0 0.190333 0.730364 0.002739 0.005170
0 0.192318 0.728873 0.003149 0.006960
0 0.195810 0.725989 0.002739 0.005965
0 0.166233 0.720720 0.002465 0.004176
0 0.210188 0.706303 0.003012 0.004772
0 0.212858 0.709684 0.003423 0.004772
0 0.213885 0.711573 0.003834 0.004176
0 0.215528 0.713561 0.002739 0.003778
0 0.217445 0.714953 0.003560 0.004176
0 0.222511 0.718135 0.003012 0.006562
0 0.224702 0.718234 0.002739 0.005568
0 0.836026 0.304534 0.003149 0.004971
0 0.846091 0.293597 0.003012 0.004971
0 0.855402 0.340823 0.003012 0.005965
0 0.854443 0.344701 0.003286 0.005369
0 0.272491 0.785544 0.001643 0.004971
0 0.288375 0.796779 0.003012 0.002386
0 0.328290 0.268443 0.002328 0.005568
1 0.240449 0.830483 0.002191 0.009743
0 0.314734 0.271426 0.001780 0.004772
0 0.320005 0.284052 0.001643 0.004971
0 0.323634 0.284848 0.001780 0.005369
0 0.255922 0.277491 0.003286 0.002983
0 0.238327 0.289521 0.001780 0.005170
0 0.260167 0.296381 0.003560 0.002983
0 0.261057 0.292106 0.002876 0.002784
0 0.218061 0.336051 0.001780 0.004375
0 0.196974 0.484987 0.002328 0.003977
0 0.221758 0.505269 0.003697 0.002386
0 0.221416 0.513223 0.003834 0.004375
0 0.192934 0.511135 0.002465 0.005369
0 0.250787 0.526248 0.004245 0.004176
0 0.246406 0.538377 0.002876 0.002187
0 0.246953 0.547326 0.002054 0.005767
0 0.230111 0.596043 0.002876 0.004971
0 0.196426 0.641181 0.002602 0.004971
0 0.264275 0.921654 0.003560 0.006363
0 0.305149 0.943528 0.002054 0.005568
0 0.264617 0.842513 0.003423 0.002386
0 0.270026 0.838338 0.002739 0.002386
0 0.292346 0.883376 0.003012 0.002585
0 0.270437 0.836051 0.003012 0.002187
0 0.270505 0.832969 0.003149 0.002386
0 0.287279 0.870750 0.003012 0.002386
0 0.074901 0.430503 0.002191 0.006363
0 0.076749 0.431398 0.002328 0.006164
0 0.059222 0.389044 0.002602 0.005369
0 0.056484 0.388248 0.002054 0.005369
0 0.071067 0.235733 0.003834 0.009346
0 0.138299 0.270034 0.001643 0.004375
0 0.139532 0.342812 0.003286 0.009147
0 0.100917 0.218533 0.003560 0.003977
0 0.079146 0.326009 0.003560 0.003380
0 0.078666 0.328495 0.003697 0.003182
0 0.076681 0.344900 0.003834 0.003778
0 0.070519 0.344601 0.003286 0.003579
0 0.070382 0.346888 0.003012 0.002585
0 0.069971 0.348976 0.003012 0.002386
0 0.062098 0.382680 0.002054 0.004971
0 0.061550 0.387950 0.002054 0.004772
0 0.130974 0.412905 0.003423 0.008153
0 0.901547 0.390237 0.003286 0.005369
0 0.893263 0.410320 0.005888 0.009346
0 0.366630 0.304235 0.002876 0.005568
0 0.359304 0.278385 0.002739 0.005965
0 0.340340 0.270431 0.002054 0.004375
0 0.339586 0.274906 0.002465 0.006164
0 0.341161 0.275800 0.001780 0.005170
0 0.342599 0.275999 0.002191 0.004772
0 0.344105 0.276496 0.002191 0.004176
0 0.344995 0.271923 0.002602 0.004573
0 0.341846 0.270829 0.002054 0.004375
0 0.346638 0.272519 0.002328 0.004971
0 0.348145 0.273414 0.002328 0.004772
0 0.350746 0.274906 0.002328 0.004971
0 0.353622 0.276099 0.002328 0.004971
0 0.360879 0.279280 0.002328 0.004573
0 0.358551 0.282760 0.002328 0.004375
0 0.891072 0.416385 0.004793 0.007954
0 0.361153 0.284351 0.002328 0.005568
0 0.362317 0.279380 0.002191 0.004772
0 0.363686 0.279877 0.002191 0.004971
0 0.366630 0.281467 0.002602 0.006164
0 0.399425 0.288129 0.002739 0.005965
0 0.362659 0.284550 0.002054 0.005170
0 0.364097 0.285743 0.002465 0.005568
0 0.365740 0.287035 0.002739 0.006164
0 0.369780 0.288328 0.002054 0.004772
0 0.347118 0.277689 0.002739 0.005369
0 0.345474 0.277192 0.001917 0.005170
0 0.348555 0.278485 0.002328 0.004971
0 0.391483 0.282859 0.002465 0.005369
0 0.389771 0.282263 0.002328 0.004971
0 0.387444 0.280772 0.002328 0.004375
0 0.385869 0.279877 0.002739 0.005767
0 0.345611 0.246470 0.002465 0.004971
0 0.341914 0.259495 0.001917 0.005170
0 0.343557 0.259992 0.002191 0.004971
0 0.345132 0.260489 0.002054 0.005170
0 0.347871 0.261782 0.002602 0.005369
0 0.349445 0.261583 0.002191 0.004573
0 0.350746 0.262080 0.002054 0.005568
0 0.352389 0.263372 0.002054 0.004573
0 0.353690 0.263770 0.002191 0.005369
0 0.355265 0.263870 0.002054 0.004375
0 0.356771 0.264267 0.002328 0.004772
0 0.358072 0.264963 0.002465 0.004971
0 0.359510 0.265957 0.002328 0.005369
0 0.360879 0.266355 0.002054 0.004573
0 0.362180 0.266852 0.002191 0.004772
0 0.363755 0.267449 0.002054 0.005170
0 0.365261 0.268145 0.001780 0.004971
0 0.366425 0.269040 0.002465 0.005170
0 0.367931 0.269736 0.002191 0.005369
0 0.369369 0.270233 0.002328 0.004772
0 0.370533 0.271028 0.003012 0.005170
0 0.374777 0.273315 0.002191 0.004176
0 0.377242 0.269934 0.003560 0.004176
0 0.377448 0.275204 0.002328 0.005568
0 0.383130 0.278087 0.002465 0.004971
0 0.350062 0.279479 0.002876 0.005767
0 0.351157 0.280175 0.002054 0.004772
0 0.354170 0.281169 0.002328 0.004772
0 0.376215 0.304832 0.002602 0.005170
0 0.381829 0.307815 0.002876 0.005170
0 0.384636 0.309505 0.002739 0.005369
0 0.386006 0.310201 0.002739 0.005568
0 0.387238 0.311294 0.003286 0.005369
0 0.389771 0.312786 0.002876 0.005170
0 0.391346 0.313681 0.002739 0.004971
0 0.392647 0.314575 0.002876 0.005170
0 0.391278 0.318751 0.002602 0.005170
0 0.389977 0.317856 0.002465 0.004971
0 0.388607 0.317359 0.002465 0.004772
0 0.387238 0.316663 0.002465 0.004573
0 0.386006 0.315669 0.002465 0.004573
0 0.384636 0.314575 0.002739 0.004375
0 0.383199 0.314178 0.002602 0.004772
0 0.381829 0.312985 0.002602 0.004772
0 0.380734 0.311990 0.002328 0.005170
0 0.378954 0.311891 0.002328 0.005369
0 0.377516 0.310400 0.002465 0.004375
0 0.376284 0.310002 0.002739 0.005568
0 0.374846 0.308908 0.002328 0.004573
0 0.373340 0.308113 0.002054 0.005369
0 0.372381 0.307019 0.002054 0.004772
0 0.370738 0.306423 0.002328 0.005568
0 0.369300 0.305727 0.001917 0.005767
0 0.368205 0.304733 0.001917 0.004971
0 0.379091 0.306423 0.002876 0.004772
0 0.371902 0.301750 0.002739 0.005369
0 0.355470 0.281766 0.001917 0.004772
0 0.369300 0.300557 0.002465 0.004971
0 0.381966 0.290316 0.002876 0.005568
0 0.376558 0.286936 0.003012 0.005568
0 0.371149 0.289421 0.002328 0.005369
0 0.386485 0.292106 0.002328 0.004772
0 0.382172 0.295586 0.002191 0.004971
0 0.385184 0.296182 0.002739 0.005767
0 0.388950 0.299165 0.002328 0.005369
0 0.391620 0.295685 0.002739 0.005170
0 0.390593 0.300060 0.002328 0.005568
0 0.391825 0.301054 0.002054 0.004375
0 0.393468 0.301650 0.002602 0.005568
0 0.394701 0.302545 0.002328 0.005369
0 0.396276 0.303440 0.002739 0.005568
0 0.349240 0.290416 0.002328 0.005369
0 0.350609 0.290913 0.002054 0.005170
0 0.352047 0.291509 0.002191 0.004772
0 0.353485 0.292702 0.002054 0.004772
0 0.354991 0.293796 0.002054 0.004573
0 0.356360 0.294094 0.002328 0.005568
0 0.357935 0.294393 0.002465 0.005369
0 0.359373 0.295486 0.002328 0.004375
0 0.362180 0.296878 0.002191 0.005170
0 0.363686 0.297276 0.002191 0.005170
0 0.364919 0.298270 0.002465 0.004772
0 0.367726 0.299861 0.002602 0.005170
0 0.347049 0.247365 0.002328 0.005568
0 0.352595 0.248956 0.002465 0.003977
0 0.358414 0.251839 0.002602 0.004971
0 0.961249 0.815073 0.003286 0.003579
0 0.966589 0.803937 0.003286 0.004375
0 0.906888 0.787135 0.001917 0.006164
0 0.990415 0.894611 0.002191 0.005965
0 0.992127 0.893915 0.001780 0.005767
0 0.979803 0.885265 0.002876 0.005568
0 0.978023 0.886359 0.003423 0.005369
0 0.976653 0.888348 0.003423 0.004971
0 0.951048 0.900676 0.003971 0.005767
0 0.950705 0.896799 0.002465 0.004375
0 0.946529 0.896401 0.003149 0.004772
0 0.950021 0.895605 0.002739 0.003977
0 0.955498 0.872142 0.003560 0.004772
0 0.420307 0.156293 0.002328 0.004772
0 0.421881 0.156592 0.002191 0.004176
0 0.426400 0.159177 0.003286 0.005767
0 0.432836 0.174786 0.002739 0.005170
0 0.408942 0.161165 0.002328 0.004971
0 0.409215 0.165639 0.002054 0.004772
0 0.407504 0.165043 0.001917 0.004375
0 0.407435 0.159972 0.002054 0.004176
0 0.414624 0.169119 0.002465 0.005369
0 0.418869 0.171207 0.002191 0.004772
0 0.424278 0.170610 0.003149 0.005170
0 0.423251 0.174488 0.002465 0.004573
0 0.429892 0.173693 0.002602 0.006164
0 0.968780 0.810499 0.003560 0.005170
0 0.958510 0.806622 0.004656 0.005369
0 0.432699 0.180652 0.002739 0.004971
0 0.961933 0.817260 0.004382 0.004772
0 0.912022 0.460927 0.005066 0.007556
0 0.936807 0.492543 0.003149 0.005170
0 0.941599 0.506264 0.003423 0.005170
0 0.954402 0.480911 0.003834 0.006164
0 0.962755 0.472161 0.003834 0.005369
0 0.991442 0.502287 0.003423 0.003977
0 0.977133 0.513422 0.003012 0.004375
0 0.959469 0.508352 0.003012 0.004971
0 0.969396 0.516107 0.004519 0.006562
0 0.948720 0.524458 0.004519 0.006960
0 0.949610 0.486280 0.003012 0.004971
0 0.946666 0.486677 0.002876 0.004573
0 0.941942 0.473752 0.003012 0.004573
0 0.918458 0.477033 0.002602 0.004772
0 0.993907 0.555180 0.005066 0.006761
0 0.966863 0.555379 0.004929 0.007158
0 0.919691 0.569596 0.003149 0.002983
0 0.917774 0.563830 0.004245 0.003778
0 0.929413 0.607775 0.003971 0.004176
0 0.930440 0.609863 0.003286 0.003182
0 0.930576 0.611652 0.003834 0.003977
0 0.946392 0.667230 0.003149 0.006164
0 0.918937 0.671008 0.003012 0.005369
0 0.957826 0.815570 0.003560 0.004573
0 0.958647 0.819348 0.004108 0.004971
0 0.431535 0.174587 0.002602 0.005568
0 0.436944 0.178167 0.002465 0.005170
0 0.361358 0.252734 0.002739 0.005568
0 0.366493 0.227182 0.002328 0.005369
0 0.372176 0.241102 0.002191 0.004176
0 0.373545 0.241798 0.002191 0.005568
0 0.379844 0.249652 0.002191 0.004573
0 0.386759 0.252635 0.002328 0.005369
0 0.403122 0.262975 0.002465 0.004971
0 0.409626 0.262478 0.002602 0.004772
0 0.391004 0.234838 0.002328 0.004772
0 0.389908 0.233545 0.002602 0.004971
0 0.389977 0.238417 0.002465 0.004375
0 0.389224 0.249851 0.002876 0.006164
0 0.390798 0.255220 0.003012 0.006164
0 0.399014 0.254921 0.002465 0.005568
0 0.400246 0.256612 0.002191 0.004573
0 0.383130 0.234639 0.002465 0.004772
0 0.374846 0.230364 0.002328 0.005369
0 0.361016 0.235335 0.002602 0.005369
0 0.349719 0.231159 0.002465 0.006164
0 0.349993 0.236429 0.001917 0.003977
0 0.347323 0.235236 0.002054 0.005170
0 0.345748 0.234838 0.002465 0.005170
0 0.346570 0.229668 0.002191 0.004772
0 0.393126 0.269437 0.002739 0.005170
0 0.377995 0.260589 0.002054 0.004971
0 0.375325 0.259694 0.001917 0.003579
0 0.366836 0.255319 0.002739 0.005170
0 0.369574 0.239809 0.002465 0.004375
0 0.355196 0.222311 0.003012 0.005965
0 0.392578 0.169020 0.003012 0.005568
0 0.351636 0.216047 0.001917 0.004176
0 0.379502 0.178664 0.002328 0.004971
0 0.369506 0.179559 0.002602 0.005965
0 0.390593 0.184430 0.003149 0.005767
0 0.396960 0.175681 0.002465 0.004971
0 0.402095 0.174289 0.002602 0.004573
0 0.410516 0.178465 0.002739 0.005369
0 0.421471 0.190396 0.002465 0.004971
0 0.422977 0.191191 0.002191 0.004573
0 0.429413 0.190992 0.002465 0.004971
0 0.407846 0.182144 0.002876 0.005170
0 0.413049 0.201531 0.002328 0.004971
0 0.382514 0.196858 0.002054 0.005568
0 0.393742 0.202128 0.002602 0.004971
0 0.392578 0.206502 0.002465 0.005369
0 0.402369 0.224001 0.002602 0.004971
0 0.409078 0.229171 0.002602 0.004971
0 0.348076 0.199244 0.003012 0.005965
0 0.351842 0.204713 0.001780 0.004971
0 0.354580 0.205707 0.002054 0.004573
0 0.367452 0.211076 0.002328 0.004971
0 0.404560 0.191390 0.002602 0.005369
0 0.392715 0.223305 0.002191 0.005170
0 0.397234 0.225393 0.002465 0.005369
0 0.418869 0.234341 0.003286 0.006164
0 0.350130 0.215252 0.002191 0.004971
0 0.568876 0.387055 0.003149 0.003778
0 0.582432 0.392722 0.003971 0.003182
0 0.536492 0.746272 0.003012 0.001988
0 0.615569 0.404653 0.001506 0.004375
0 0.624812 0.102307 0.003560 0.002983
0 0.609544 0.101810 0.003149 0.003182
0 0.625154 0.087791 0.003697 0.002585
0 0.670957 0.105289 0.003286 0.002585
0 0.695673 0.106284 0.003697 0.002983
0 0.653293 0.107477 0.003286 0.002585
1 0.592907 0.103897 0.007394 0.003778
0 0.657812 0.239909 0.001917 0.004971
0 0.659592 0.240505 0.001643 0.004573
0 0.661098 0.238218 0.001369 0.003579
0 0.621183 0.355836 0.002054 0.005369
0 0.621183 0.327202 0.002054 0.005369
0 0.625702 0.406443 0.001780 0.004772
0 0.616733 0.601213 0.003834 0.003778
0 0.622210 0.443229 0.002465 0.005170
0 0.617760 0.462219 0.002602 0.004971
0 0.608312 0.472460 0.003149 0.004772
0 0.601671 0.483098 0.002739 0.003778
0 0.595919 0.483794 0.003286 0.004375
0 0.618581 0.978723 0.003149 0.003579
0 0.618513 0.983496 0.004108 0.003977
0 0.590785 0.991748 0.003423 0.002983
0 0.548336 0.985584 0.003971 0.002983
0 0.559359 0.897395 0.004108 0.001988
0 0.559838 0.894910 0.002876 0.002983
0 0.563672 0.826805 0.002876 0.002784
0 0.631658 0.106085 0.003286 0.003380
0 0.645283 0.094651 0.003423 0.002784
1 0.603861 0.603102 0.006025 0.006363
0 0.611803 0.569000 0.002191 0.005369
0 0.648295 0.743388 0.002876 0.004971
0 0.654662 0.741996 0.002739 0.004971
0 0.702588 0.733844 0.004108 0.004971
0 0.716623 0.784848 0.003149 0.005965
0 0.762016 0.813979 0.002739 0.002585
0 0.735520 0.845993 0.003971 0.004573
0 0.706901 0.868960 0.003697 0.003579
0 0.707654 0.873931 0.003012 0.002784
0 0.701150 0.868861 0.002876 0.005767
0 0.669930 0.869258 0.004245 0.004573
0 0.667534 0.887652 0.005477 0.008352
0 0.678420 0.917677 0.003423 0.004772
0 0.672395 0.812388 0.002602 0.005767
0 0.667397 0.817856 0.003834 0.006363
0 0.663974 0.821734 0.003286 0.005369
0 0.635698 0.801849 0.002054 0.004176
0 0.665822 0.800060 0.003423 0.004176
0 0.618650 0.783357 0.003560 0.006164
0 0.619745 0.780573 0.003286 0.005767
0 0.620909 0.777988 0.003149 0.005767
0 0.615980 0.772917 0.002602 0.005965
0 0.614474 0.771426 0.002602 0.006562
0 0.612488 0.770929 0.003286 0.005965
0 0.714980 0.848678 0.005614 0.006363
0 0.604751 0.729270 0.003697 0.004573
0 0.552718 0.855737 0.002602 0.002585
0 0.578187 0.785544 0.003423 0.005767
0 0.570724 0.783357 0.003286 0.006164
1 0.446323 0.102804 0.003149 0.003579
1 0.427016 0.124180 0.003697 0.003778
1 0.420307 0.134420 0.002876 0.003579
1 0.559838 0.211971 0.005340 0.006761
1 0.475490 0.318354 0.003423 0.005170
1 0.457826 0.366872 0.003423 0.004772
1 0.454950 0.372241 0.003423 0.005170
1 0.463029 0.409028 0.003697 0.004772
1 0.461523 0.420461 0.003423 0.005369
1 0.462755 0.422251 0.002876 0.004573
1 0.454128 0.417777 0.002602 0.004772
1 0.470560 0.439749 0.002602 0.003380
1 0.473573 0.444422 0.003149 0.004375
1 0.475216 0.445715 0.003149 0.004573
1 0.476653 0.448797 0.003012 0.003977
1 0.480008 0.454066 0.002876 0.003778
1 0.480351 0.447405 0.003012 0.002386
1 0.488156 0.460628 0.003560 0.003380
1 0.487608 0.467787 0.002739 0.003380
1 0.490004 0.470968 0.002876 0.003778
1 0.491921 0.466991 0.002876 0.002585
1 0.500137 0.466196 0.002328 0.004971
1 0.495002 0.472857 0.003012 0.002386
1 0.464809 0.424836 0.003423 0.004971
1 0.468369 0.415987 0.002876 0.004772
1 0.474736 0.425035 0.002465 0.004971
1 0.430782 0.113144 0.003012 0.002784
1 0.529235 0.099523 0.007394 0.003778
0 0.569560 0.786140 0.002876 0.004971
0 0.512803 0.080732 0.003286 0.002784
0 0.575654 0.780374 0.003560 0.005369
0 0.572847 0.779976 0.003149 0.005767
0 0.540805 0.659773 0.002602 0.003579
0 0.539915 0.657288 0.003834 0.004573
0 0.536629 0.653808 0.003560 0.004375
0 0.532589 0.648041 0.003697 0.004772
0 0.530741 0.644064 0.004108 0.004772
0 0.527591 0.636011 0.003012 0.004573
0 0.531357 0.632432 0.002876 0.004573
0 0.542791 0.618016 0.003560 0.005170
0 0.546693 0.615629 0.003697 0.005568
0 0.552513 0.615729 0.004108 0.006562
0 0.609955 0.563333 0.002328 0.005568
0 0.626660 0.260787 0.002328 0.004971
0 0.628235 0.238517 0.001917 0.004573
0 0.637889 0.192881 0.002876 0.005170
0 0.651376 0.173792 0.003286 0.004375
0 0.583048 0.105886 0.003286 0.002983
0 0.550322 0.083118 0.003012 0.001988
0 0.530535 0.081627 0.003423 0.002983
0 0.533685 0.096043 0.003423 0.002784
0 0.557305 0.167329 0.003560 0.002983
0 0.552170 0.146948 0.002602 0.004772
0 0.576270 0.130145 0.003423 0.004573
0 0.522251 0.081129 0.003012 0.002386
0 0.648911 0.738119 0.003012 0.005170
0 0.656237 0.620203 0.003423 0.003977
0 0.585718 0.399781 0.003971 0.003778
0 0.718951 0.291310 0.003423 0.002386
0 0.678968 0.346093 0.002602 0.002585
0 0.678968 0.341619 0.002328 0.002784
0 0.681364 0.352456 0.002739 0.002585
0 0.691634 0.352058 0.003286 0.002585
0 0.695947 0.342613 0.003697 0.002784
0 0.720252 0.346590 0.001917 0.005170
0 0.711009 0.333963 0.003697 0.002585
0 0.710325 0.330781 0.003971 0.002983
0 0.712036 0.325015 0.003834 0.002983
0 0.705053 0.312388 0.003286 0.001988
0 0.709298 0.302545 0.003012 0.002585
0 0.714843 0.291708 0.003697 0.002784
0 0.722580 0.291609 0.003012 0.002585
0 0.713474 0.654305 0.003697 0.004573
0 0.725798 0.291708 0.003697 0.003182
0 0.761810 0.293498 0.002328 0.005568
0 0.761673 0.272420 0.002054 0.005568
0 0.763590 0.273613 0.002054 0.005568
0 0.766671 0.262975 0.002191 0.004971
0 0.771258 0.263969 0.001780 0.004176
0 0.755169 0.294591 0.003012 0.002585
0 0.751814 0.294293 0.002876 0.002784
0 0.678214 0.369954 0.003286 0.005369
0 0.684513 0.368165 0.002739 0.002187
0 0.699302 0.372241 0.003834 0.003182
0 0.699096 0.374627 0.003423 0.001988
0 0.682254 0.346590 0.002876 0.002386
0 0.682322 0.344402 0.003012 0.002386
0 0.682733 0.341917 0.003286 0.002187
0 0.682596 0.339730 0.003560 0.002983
0 0.665275 0.284947 0.001780 0.004772
0 0.666986 0.285146 0.001369 0.005170
0 0.668424 0.285047 0.001780 0.004971
0 0.671710 0.285743 0.001780 0.005170
0 0.673285 0.286041 0.001643 0.005369
0 0.675202 0.286140 0.001917 0.004772
0 0.676914 0.286439 0.001506 0.005767
0 0.678351 0.286339 0.001643 0.004375
0 0.665275 0.292603 0.001780 0.004573
0 0.667808 0.293100 0.001643 0.004772
0 0.669588 0.292901 0.001917 0.004772
0 0.671026 0.293398 0.001506 0.004573
0 0.672600 0.293299 0.001643 0.004772
0 0.682254 0.310599 0.003423 0.002386
0 0.682322 0.312686 0.003834 0.002585
0 0.682391 0.317459 0.003149 0.002585
0 0.682185 0.319646 0.003012 0.002187
0 0.682254 0.321833 0.002876 0.002187
0 0.679241 0.325711 0.003149 0.002784
0 0.682939 0.328395 0.004245 0.001790
0 0.682459 0.330583 0.003012 0.002187
0 0.679515 0.330284 0.002328 0.002784
0 0.679378 0.332969 0.003149 0.002585
0 0.682528 0.335454 0.003697 0.002386
0 0.682459 0.337542 0.003286 0.002585
0 0.699370 0.378704 0.002876 0.004573
0 0.699096 0.392225 0.003423 0.004176
0 0.698891 0.397296 0.003560 0.003977
0 0.739285 0.380692 0.003012 0.005369
0 0.634739 0.435773 0.001780 0.004573
0 0.673559 0.436767 0.004382 0.002983
0 0.673490 0.429012 0.002602 0.006164
0 0.657059 0.461324 0.002054 0.005568
0 0.664042 0.462716 0.001780 0.005170
0 0.727372 0.462517 0.003560 0.004772
0 0.734835 0.462219 0.002054 0.005767
0 0.737163 0.463015 0.002054 0.005767
0 0.730111 0.471366 0.003012 0.006562
0 0.732096 0.486081 0.003697 0.003778
0 0.640422 0.538278 0.003286 0.003977
0 0.647679 0.538179 0.002191 0.004573
0 0.651308 0.541161 0.002328 0.004176
0 0.653978 0.544144 0.002739 0.004971
0 0.655347 0.545934 0.002191 0.004971
0 0.666233 0.556174 0.002054 0.003977
0 0.687526 0.568702 0.001917 0.004375
0 0.701835 0.573772 0.002054 0.005767
0 0.704505 0.573872 0.001917 0.006363
0 0.764617 0.581627 0.002739 0.007954
0 0.744625 0.583814 0.004108 0.004772
0 0.742024 0.595446 0.004382 0.002187
0 0.740997 0.590972 0.003697 0.003182
0 0.742982 0.605090 0.003012 0.002784
0 0.740723 0.672599 0.002876 0.004971
0 0.737916 0.382183 0.002465 0.004375
0 0.744283 0.385464 0.002876 0.004573
0 0.677324 0.375721 0.002328 0.004971
0 0.750924 0.385365 0.003012 0.004772
0 0.677119 0.382879 0.001369 0.004971
0 0.673833 0.371644 0.001917 0.004375
0 0.673148 0.378803 0.001369 0.005170
0 0.676845 0.393816 0.001643 0.004971
0 0.672669 0.400477 0.001780 0.004772
0 0.676229 0.407934 0.002054 0.003778
0 0.676366 0.399185 0.001780 0.004573
0 0.636862 0.360211 0.001643 0.004573
0 0.636725 0.374627 0.001917 0.004772
0 0.636108 0.388348 0.001506 0.005170
0 0.635972 0.393518 0.001506 0.004772
0 0.628235 0.316763 0.001917 0.004772
0 0.724634 0.370948 0.003560 0.005767
0 0.726756 0.371048 0.003423 0.005568
0 0.730385 0.379698 0.003286 0.005369
0 0.729426 0.385365 0.003012 0.003977
0 0.725798 0.382581 0.003149 0.004375
0 0.727509 0.381885 0.002465 0.004176
0 0.733671 0.381487 0.002465 0.004176
0 0.735657 0.381587 0.002602 0.004375
0 0.749966 0.395605 0.002465 0.002983
0 0.765644 0.414496 0.001780 0.004176
0 0.767698 0.416783 0.001506 0.004772
0 0.763316 0.420064 0.003697 0.003380
0 0.722717 0.428515 0.003560 0.002784
1 0.465767 0.446610 0.002876 0.005568
1 0.486649 0.481110 0.002739 0.004971
1 0.488977 0.484291 0.002739 0.005369
0 0.351020 0.503679 0.002876 0.004375
0 0.353485 0.467290 0.003149 0.005170
0 0.358004 0.471068 0.003423 0.004375
0 0.359921 0.472062 0.003149 0.004772
0 0.361290 0.473454 0.003423 0.004375
0 0.362865 0.474448 0.003560 0.004375
0 0.364165 0.475840 0.003423 0.004375
0 0.361427 0.459038 0.003971 0.004176
0 0.386280 0.473752 0.003560 0.004971
0 0.386622 0.476735 0.003697 0.004573
0 0.377311 0.484192 0.003423 0.003977
0 0.388813 0.494035 0.003697 0.004573
0 0.392099 0.502684 0.003149 0.002386
0 0.349925 0.505568 0.002876 0.004573
1 0.496577 0.483496 0.002876 0.003778
0 0.347871 0.509346 0.002328 0.003778
0 0.346912 0.511235 0.002876 0.004375
0 0.345817 0.513024 0.003423 0.003579
0 0.345474 0.514914 0.003286 0.004176
0 0.343968 0.516604 0.003286 0.004772
0 0.300356 0.491450 0.002876 0.005369
0 0.327400 0.522072 0.003834 0.005369
0 0.320142 0.526447 0.003560 0.004573
0 0.267150 0.503778 0.003012 0.003778
0 0.267972 0.510141 0.003560 0.003778
0 0.342804 0.551601 0.003149 0.004375
0 0.350199 0.521277 0.003423 0.003778
0 0.351979 0.466196 0.002876 0.004573
0 0.341640 0.460032 0.003834 0.006164
0 0.340066 0.458739 0.002876 0.004772
0 0.338491 0.458043 0.002739 0.004176
0 0.359647 0.136111 0.003697 0.003380
0 0.340408 0.144860 0.003834 0.004176
0 0.346433 0.152814 0.003560 0.003778
0 0.336848 0.110956 0.001917 0.004772
0 0.338423 0.123384 0.003149 0.005369
0 0.343010 0.121595 0.002465 0.005369
0 0.344516 0.119905 0.002465 0.005170
0 0.294536 0.447206 0.002191 0.005568
0 0.285294 0.463412 0.002328 0.004971
0 0.313844 0.445118 0.002465 0.004573
0 0.315966 0.445615 0.003149 0.005568
0 0.317815 0.446709 0.003012 0.004176
0 0.319663 0.447007 0.002876 0.003977
0 0.320759 0.448300 0.002876 0.004176
0 0.323292 0.443428 0.003012 0.003182
0 0.322676 0.448698 0.003149 0.004573
0 0.324387 0.449394 0.003286 0.004375
0 0.326236 0.449394 0.003423 0.004772
0 0.329591 0.448996 0.003286 0.003977
0 0.338628 0.438855 0.004382 0.004375
0 0.330207 0.453370 0.003149 0.004772
0 0.332466 0.453967 0.003286 0.004375
0 0.333972 0.454862 0.003560 0.004971
0 0.335342 0.455757 0.003012 0.004375
0 0.337259 0.456850 0.003286 0.004176
0 0.351157 0.519885 0.003149 0.003380
0 0.352937 0.515808 0.003149 0.003977
0 0.289265 0.643866 0.003971 0.004772
1 0.449130 0.975343 0.005477 0.008749
1 0.432151 0.876119 0.003834 0.003977
1 0.450226 0.740604 0.001917 0.005369
1 0.423798 0.751541 0.003560 0.002983
1 0.444406 0.759097 0.005888 0.008153
1 0.449267 0.765460 0.002465 0.004971
0 0.442695 0.625572 0.003012 0.004375
0 0.434821 0.631438 0.002876 0.003778
0 0.424141 0.616425 0.003149 0.002784
0 0.387991 0.598529 0.003697 0.004375
0 0.381692 0.607775 0.004245 0.005369
0 0.378475 0.593458 0.003012 0.004971
0 0.367178 0.578346 0.003423 0.004573
0 0.384157 0.587990 0.003423 0.004772
0 0.513761 0.674886 0.003560 0.005170
0 0.375736 0.895904 0.003012 0.004971
0 0.421334 0.856532 0.002191 0.004573
0 0.503081 0.898290 0.002191 0.004971
0 0.121183 0.446908 0.003012 0.002585
0 0.119951 0.348181 0.004108 0.003977
0 0.116117 0.352555 0.001917 0.004375
1 0.213953 0.465898 0.006436 0.007556
1 0.208271 0.450388 0.003560 0.007954
1 0.269684 0.070491 0.005888 0.003380
0 0.481104 0.064128 0.003971 0.002983
0 0.629947 0.291708 0.001780 0.003977
1 0.367383 0.946610 0.003012 0.010539
0 0.406203 0.939551 0.002328 0.004375
1 0.387786 0.679360 0.005203 0.007755
0 0.366767 0.913303 0.001780 0.005170
1 0.393332 0.674190 0.003971 0.007357
1 0.396412 0.689004 0.004382 0.007158
0 0.291045 0.751342 0.003971 0.002187
0 0.290771 0.742593 0.002876 0.002983
0 0.290155 0.744880 0.003012 0.002386
0 0.291045 0.748459 0.002876 0.001988
0 0.291113 0.753231 0.003834 0.002784
0 0.291592 0.755518 0.003971 0.002983
0 0.263796 0.694870 0.003149 0.006562
0 0.265439 0.694472 0.002876 0.006164
0 0.346775 0.699841 0.001780 0.004176
0 0.406340 0.755220 0.002876 0.003182
0 0.401616 0.767747 0.002739 0.002386
0 0.404902 0.796480 0.003286 0.002983
0 0.398672 0.806622 0.003697 0.003380
0 0.403259 0.817061 0.003012 0.003182
0 0.403738 0.819348 0.003697 0.002983
0 0.378338 0.825313 0.006299 0.006960
0 0.396686 0.799364 0.005477 0.006363
0 0.397166 0.692583 0.004245 0.005965
0 0.403122 0.857129 0.003834 0.002585
0 0.375873 0.848181 0.002739 0.004971
0 0.402711 0.865679 0.004108 0.002983
0 0.402574 0.862100 0.003560 0.002585
0 0.402985 0.859614 0.003560 0.002386
0 0.375462 0.156989 0.003560 0.004573
0 0.361221 0.167727 0.003560 0.004176
0 0.392236 0.148439 0.003697 0.003778
0 0.505272 0.528336 0.002191 0.004375
0 0.509927 0.530523 0.002739 0.004772
0 0.522867 0.515808 0.003149 0.004375
0 0.465357 0.509147 0.002876 0.003380
0 0.469122 0.516405 0.003012 0.003182
0 0.469328 0.524756 0.003149 0.003182
0 0.474531 0.527143 0.002602 0.003579
0 0.473846 0.534301 0.002876 0.003579
0 0.474599 0.536290 0.002739 0.003182
0 0.479255 0.538377 0.003012 0.003380
0 0.476790 0.541758 0.003560 0.002983
0 0.478639 0.545536 0.003423 0.003380
0 0.455018 0.498509 0.003286 0.003182
0 0.456182 0.500597 0.003149 0.003778
0 0.457209 0.502287 0.003286 0.003579
0 0.460701 0.508849 0.003149 0.003182
0 0.451801 0.465202 0.002602 0.004971
0 0.450363 0.463611 0.003012 0.005767
0 0.448035 0.466395 0.002191 0.004573
0 0.453581 0.475244 0.002054 0.003977
0 0.443722 0.472460 0.003149 0.003579
0 0.443790 0.480612 0.003560 0.003977
0 0.446940 0.485285 0.003012 0.003778
0 0.448925 0.488865 0.002602 0.003380
0 0.440367 0.488964 0.002465 0.005170
0 0.440299 0.494830 0.002328 0.004971
0 0.508969 0.528137 0.002465 0.004772
0 0.497878 0.527640 0.003012 0.002983
0 0.437971 0.491648 0.002328 0.006164
0 0.538409 0.537383 0.003286 0.004573
1 0.500411 0.482800 0.003697 0.003182
1 0.508284 0.482203 0.002465 0.004772
1 0.511297 0.488367 0.002739 0.004772
1 0.513282 0.492742 0.002602 0.003977
1 0.514378 0.495625 0.002876 0.005369
1 0.517322 0.500895 0.003012 0.004772
1 0.492743 0.491350 0.003149 0.005170
1 0.499863 0.506761 0.003149 0.005369
1 0.502259 0.512328 0.002739 0.005369
1 0.500411 0.516504 0.002876 0.005369
1 0.499452 0.514317 0.003149 0.004971
1 0.490210 0.511732 0.003560 0.003778
1 0.485006 0.508153 0.003560 0.002983
1 0.479118 0.497813 0.003560 0.002983
0 0.456799 0.453172 0.003286 0.004375
0 0.459537 0.463114 0.003560 0.004375
0 0.455361 0.458640 0.003423 0.004573
0 0.467685 0.476536 0.002876 0.003380
0 0.470423 0.474150 0.003423 0.003778
0 0.463508 0.483496 0.003012 0.005369
0 0.461865 0.487970 0.002465 0.005170
0 0.469328 0.493836 0.002602 0.004573
0 0.484869 0.476934 0.002191 0.004971
0 0.492674 0.475940 0.003012 0.003778
0 0.546145 0.518592 0.003149 0.003579
0 0.439066 0.493040 0.002328 0.005369
0 0.436601 0.489660 0.002602 0.006164
0 0.409763 0.139988 0.003697 0.003579
0 0.452759 0.539570 0.002876 0.002983
0 0.472888 0.549513 0.002876 0.005767
0 0.473641 0.551998 0.002739 0.005170
0 0.489662 0.545337 0.003286 0.005369
0 0.451184 0.553887 0.003012 0.005767
0 0.453718 0.559753 0.002328 0.005170
0 0.456388 0.565719 0.002465 0.004772
0 0.446666 0.570988 0.002465 0.004573
0 0.475558 0.587393 0.003012 0.004375
0 0.483089 0.587294 0.003560 0.004176
0 0.479187 0.595049 0.002876 0.003778
0 0.454060 0.619507 0.003834 0.004176
1 0.397987 0.487075 0.005066 0.006164
1 0.404081 0.494532 0.005203 0.007158
1 0.413049 0.509147 0.004519 0.007755
1 0.415856 0.509843 0.004382 0.007158
1 0.421744 0.518194 0.004382 0.006363
1 0.426195 0.526148 0.004519 0.007158
1 0.439203 0.555279 0.004245 0.007755
1 0.441120 0.552694 0.003423 0.006960
1 0.444201 0.562935 0.004382 0.009545
1 0.359647 0.451680 0.007531 0.006960
1 0.367999 0.457745 0.008353 0.008352
0 0.375941 0.126268 0.003423 0.003579
0 0.380186 0.135713 0.003697 0.004176
0 0.398535 0.127461 0.003423 0.003182
0 0.469191 0.550408 0.003149 0.005170
0 0.451595 0.537980 0.003286 0.003380
0 0.437081 0.483893 0.002465 0.004573
0 0.450774 0.536091 0.003012 0.003579
0 0.443996 0.502287 0.002602 0.005170
0 0.446186 0.505866 0.002602 0.005568
0 0.447350 0.506761 0.002191 0.004971
0 0.452143 0.507556 0.002739 0.005369
0 0.451458 0.513621 0.002465 0.004772
0 0.437149 0.527242 0.002876 0.005767
0 0.438724 0.529230 0.002739 0.005767
0 0.439614 0.531020 0.002054 0.005767
0 0.441325 0.534699 0.002191 0.005170
0 0.445502 0.542155 0.002328 0.004971
0 0.465014 0.516007 0.003560 0.003977
0 0.459811 0.522072 0.003012 0.005369
0 0.458373 0.526844 0.002876 0.005369
0 0.463166 0.536588 0.003149 0.005767
0 0.466589 0.535792 0.003149 0.005767
0 0.468369 0.540167 0.002876 0.004971
0 0.413529 0.478823 0.004108 0.004375
0 0.446940 0.520581 0.003560 0.003977
0 0.444406 0.523862 0.003697 0.003778
0 0.445639 0.525949 0.003697 0.003579
0 0.448720 0.524458 0.003012 0.003380
0 0.457552 0.518890 0.002328 0.004971
0 0.454539 0.535196 0.002876 0.002983
0 0.453375 0.533009 0.003560 0.003380
0 0.449610 0.533605 0.003149 0.002983
1 0.828358 0.300855 0.003423 0.005965
1 0.811584 0.285246 0.005751 0.010141
1 0.806518 0.276099 0.006573 0.010539
0 0.500822 0.436568 0.003149 0.004573
0 0.487813 0.418672 0.003697 0.004971
0 0.488909 0.419865 0.003149 0.004176
0 0.489936 0.421356 0.003012 0.004772
0 0.491100 0.422748 0.002876 0.004772
0 0.492332 0.424438 0.003149 0.004971
0 0.493222 0.426029 0.003286 0.004971
0 0.494660 0.427322 0.003149 0.004772
0 0.495481 0.429509 0.002876 0.004375
0 0.496577 0.430801 0.002876 0.004573
0 0.497330 0.432392 0.002739 0.004573
0 0.498631 0.433883 0.003423 0.005170
0 0.499795 0.435176 0.003012 0.004573
0 0.501849 0.438457 0.003012 0.004772
0 0.475421 0.418075 0.003012 0.004573
0 0.502876 0.440147 0.003149 0.004573
0 0.506778 0.447504 0.004108 0.005369
0 0.509380 0.443627 0.003834 0.005170
0 0.509927 0.446212 0.003012 0.004772
0 0.507873 0.449592 0.003560 0.005170
0 0.508353 0.451283 0.003149 0.004573
0 0.509654 0.453172 0.003286 0.004772
0 0.510270 0.454464 0.003423 0.004971
0 0.511434 0.456055 0.003286 0.004573
0 0.512598 0.457745 0.003423 0.004772
0 0.513830 0.459336 0.003149 0.005170
0 0.514583 0.461125 0.003286 0.004772
0 0.486581 0.416882 0.003149 0.004971
0 0.504998 0.437662 0.002739 0.004772
0 0.503971 0.435375 0.003149 0.004573
0 0.503081 0.433883 0.003286 0.004375
0 0.499384 0.389044 0.002739 0.004971
0 0.500685 0.390435 0.003423 0.005369
0 0.502602 0.393617 0.002602 0.004573
0 0.503697 0.395208 0.003149 0.004573
0 0.504793 0.396600 0.003423 0.004971
0 0.506573 0.399881 0.003697 0.005965
0 0.508284 0.400875 0.003012 0.005170
0 0.509174 0.402565 0.003423 0.004971
0 0.510133 0.404056 0.003149 0.004772
0 0.511228 0.405747 0.002876 0.005369
0 0.512324 0.407238 0.003423 0.005568
0 0.513351 0.408729 0.002739 0.004971
0 0.514446 0.410519 0.003286 0.005369
0 0.515405 0.412110 0.002739 0.004176
0 0.516158 0.413303 0.002876 0.004573
0 0.517048 0.414794 0.003012 0.003977
0 0.518417 0.416683 0.003286 0.004971
0 0.519307 0.418473 0.003423 0.004573
0 0.495550 0.422649 0.003286 0.005369
0 0.496508 0.424438 0.003012 0.004971
0 0.497535 0.426029 0.003423 0.004971
0 0.498562 0.427819 0.003560 0.005369
0 0.499726 0.429409 0.003149 0.004573
0 0.500753 0.430901 0.003286 0.004375
0 0.501575 0.432492 0.003012 0.004375
0 0.515336 0.462617 0.003423 0.004176
0 0.516295 0.464108 0.003423 0.004772
0 0.511091 0.447902 0.003423 0.004971
0 0.489046 0.391032 0.003423 0.005767
0 0.493701 0.397793 0.003423 0.004971
0 0.494454 0.399185 0.003286 0.004971
0 0.495618 0.400477 0.003423 0.005170
0 0.496782 0.401770 0.003012 0.004971
0 0.497946 0.402565 0.003423 0.005767
0 0.498768 0.404951 0.003149 0.005369
0 0.501164 0.407437 0.003560 0.005568
0 0.502259 0.408531 0.003286 0.004971
0 0.503286 0.410618 0.003423 0.004772
0 0.503834 0.412706 0.002876 0.004971
0 0.504998 0.413701 0.003286 0.004971
0 0.506093 0.415291 0.003286 0.005369
0 0.507394 0.417081 0.003423 0.005369
0 0.508627 0.418871 0.002876 0.004573
0 0.509380 0.420262 0.003012 0.004573
0 0.510338 0.421754 0.003560 0.004772
0 0.511502 0.423742 0.002876 0.004772
0 0.512461 0.425234 0.003149 0.004573
0 0.513419 0.426626 0.002876 0.004971
0 0.467411 0.408332 0.002328 0.003778
0 0.468575 0.409724 0.002465 0.004176
0 0.469533 0.411116 0.002739 0.004176
0 0.470834 0.412309 0.003149 0.004176
0 0.471792 0.413701 0.003423 0.004573
0 0.473162 0.414794 0.003149 0.005170
0 0.492400 0.396202 0.003834 0.004971
0 0.511160 0.429907 0.003286 0.004772
0 0.512050 0.449493 0.003423 0.004176
0 0.509859 0.428813 0.003149 0.004971
0 0.512871 0.451581 0.003423 0.004772
0 0.513761 0.453271 0.003560 0.004971
0 0.514925 0.454663 0.003423 0.004971
0 0.516089 0.456353 0.003286 0.004772
0 0.517253 0.458441 0.003423 0.004573
0 0.517801 0.460032 0.002876 0.004176
0 0.518486 0.461324 0.003423 0.005170
0 0.519444 0.463611 0.003149 0.004573
0 0.520266 0.465102 0.003149 0.004375
0 0.521498 0.466793 0.003149 0.004573
0 0.522046 0.468682 0.003149 0.004375
0 0.482131 0.389541 0.003834 0.005965
0 0.483500 0.390634 0.003012 0.004971
0 0.484664 0.392126 0.003423 0.004772
0 0.485828 0.393617 0.002465 0.004176
0 0.491168 0.400278 0.003286 0.004772
0 0.495687 0.406144 0.003012 0.004573
0 0.497535 0.409127 0.003149 0.004573
0 0.500822 0.413999 0.004245 0.005965
0 0.501712 0.415689 0.003012 0.004971
0 0.503697 0.418771 0.003149 0.004375
0 0.505888 0.421953 0.003423 0.005170
0 0.507189 0.423345 0.003286 0.005170
0 0.508147 0.425035 0.003286 0.004971
0 0.508969 0.427123 0.003012 0.004772
0 0.498220 0.387751 0.002876 0.004375
0 0.496029 0.384669 0.003423 0.005767
0 0.493564 0.419666 0.003149 0.004573
0 0.575654 0.432293 0.003012 0.005170
0 0.577160 0.435971 0.003012 0.004176
0 0.587978 0.427719 0.003560 0.003977
0 0.587567 0.430105 0.003286 0.003579
0 0.586677 0.432492 0.003149 0.003977
0 0.586266 0.433883 0.002876 0.003579
0 0.585513 0.435773 0.003834 0.004573
0 0.585102 0.438059 0.003286 0.004375
0 0.584486 0.439948 0.003423 0.003778
0 0.583801 0.441837 0.003149 0.003977
0 0.582774 0.443925 0.003012 0.004176
0 0.581816 0.445516 0.003286 0.004573
0 0.580926 0.447206 0.002602 0.003977
0 0.580583 0.449592 0.003286 0.004772
0 0.578666 0.453271 0.003560 0.004971
0 0.577639 0.455458 0.003697 0.004176
0 0.576475 0.457149 0.003834 0.005170
0 0.575654 0.458739 0.003834 0.004375
0 0.574285 0.460728 0.003560 0.003977
0 0.550253 0.401770 0.003697 0.004971
0 0.551212 0.403162 0.003423 0.004176
0 0.553060 0.407238 0.003560 0.004375
0 0.554019 0.408729 0.003286 0.004573
0 0.545872 0.401471 0.003149 0.004375
0 0.547926 0.404752 0.003149 0.004573
0 0.549637 0.408630 0.003834 0.005170
0 0.576475 0.434182 0.002739 0.004573
0 0.574353 0.430603 0.002876 0.004971
0 0.552718 0.413402 0.002876 0.003977
0 0.572025 0.425234 0.003149 0.004573
0 0.570998 0.389938 0.003560 0.004772
0 0.575791 0.397992 0.003834 0.005369
0 0.578598 0.403261 0.003971 0.005170
0 0.580173 0.406940 0.002739 0.004573
0 0.581747 0.408431 0.003149 0.004772
0 0.582637 0.417876 0.003286 0.004573
0 0.559017 0.393518 0.003423 0.004772
0 0.557237 0.390137 0.003697 0.005568
0 0.553882 0.391529 0.003012 0.004772
0 0.552855 0.389740 0.003423 0.005170
0 0.560865 0.396997 0.003560 0.004971
0 0.563741 0.402068 0.003286 0.004772
0 0.568533 0.410221 0.003834 0.005170
0 0.569697 0.412209 0.002876 0.004375
0 0.570519 0.414098 0.002876 0.003778
0 0.571204 0.415689 0.003149 0.004176
0 0.574490 0.422947 0.002876 0.003977
0 0.575791 0.424438 0.003560 0.004971
0 0.576955 0.408133 0.003697 0.004971
0 0.568602 0.392921 0.003423 0.004772
0 0.559154 0.401074 0.003423 0.004375
0 0.561413 0.404554 0.003012 0.004573
0 0.562235 0.406443 0.003286 0.004375
0 0.563467 0.407934 0.003012 0.004573
0 0.571067 0.423046 0.003423 0.004573
0 0.550253 0.410121 0.003149 0.004573
0 0.553471 0.415092 0.003286 0.004176
0 0.491100 0.416584 0.003149 0.004772
0 0.558743 0.425035 0.003149 0.004971
0 0.560386 0.428515 0.002876 0.005170
0 0.561413 0.430702 0.003012 0.005170
0 0.475969 0.402068 0.002739 0.004772
0 0.480419 0.376914 0.003971 0.005369
0 0.482610 0.372042 0.003423 0.004772
0 0.476653 0.384072 0.002739 0.003778
0 0.475284 0.385365 0.003012 0.003977
0 0.474257 0.387453 0.002876 0.003778
0 0.471724 0.392523 0.003286 0.004772
0 0.471245 0.394711 0.002876 0.004375
0 0.470218 0.396898 0.003012 0.004772
0 0.469191 0.398787 0.003971 0.004971
0 0.489525 0.376417 0.002739 0.004772
0 0.491990 0.378704 0.002465 0.004176
0 0.494044 0.381984 0.003560 0.005568
0 0.478228 0.398290 0.003149 0.004772
0 0.479255 0.399980 0.003286 0.004971
0 0.482473 0.404255 0.003149 0.004772
0 0.477817 0.404653 0.003149 0.005170
0 0.479050 0.406641 0.002876 0.004772
0 0.480214 0.408232 0.003012 0.004772
0 0.481378 0.409425 0.002876 0.004772
0 0.482610 0.411016 0.002876 0.004772
0 0.484458 0.413800 0.003560 0.005568
0 0.486855 0.410320 0.003423 0.005369
0 0.559496 0.426924 0.003286 0.005170
0 0.557648 0.423245 0.002876 0.004573
0 0.554019 0.416783 0.003286 0.004375
0 0.556894 0.421953 0.002739 0.004772
0 0.555251 0.418274 0.003286 0.004971
0 0.561755 0.422152 0.003971 0.005170
0 0.562029 0.424438 0.002328 0.003778
0 0.562919 0.425830 0.002739 0.004573
0 0.564426 0.430205 0.002739 0.004176
0 0.565453 0.431497 0.003149 0.003977
0 0.566616 0.433287 0.003012 0.004375
0 0.567370 0.435077 0.002876 0.004772
0 0.568260 0.436667 0.003012 0.004375
0 0.569081 0.438556 0.003012 0.004176
0 0.569834 0.439948 0.003149 0.004176
0 0.570998 0.441738 0.003012 0.003778
0 0.571683 0.443528 0.003286 0.004573
0 0.572641 0.445317 0.002739 0.004176
0 0.569834 0.448300 0.003423 0.004573
0 0.568876 0.446411 0.003423 0.004772
0 0.567849 0.444323 0.003286 0.004573
0 0.567233 0.443030 0.003423 0.005568
0 0.566137 0.441440 0.002876 0.004772
0 0.565726 0.439650 0.003149 0.004772
0 0.564563 0.437761 0.002465 0.004176
0 0.563878 0.436071 0.003012 0.003977
0 0.563125 0.434480 0.003149 0.003977
0 0.562029 0.432392 0.002876 0.004176
0 0.555731 0.420362 0.002876 0.004772
0 0.474326 0.416484 0.002739 0.004971
0 0.476517 0.419467 0.003012 0.004573
0 0.820622 0.286240 0.003286 0.004176
0 0.520471 0.445615 0.003286 0.004375
0 0.531083 0.465401 0.003149 0.004176
0 0.530056 0.464208 0.003012 0.004176
0 0.528961 0.462816 0.003012 0.003778
0 0.528208 0.460529 0.003149 0.004772
0 0.527181 0.459137 0.003012 0.004375
0 0.526359 0.457049 0.003012 0.004573
0 0.525332 0.455458 0.003971 0.004573
0 0.524510 0.453669 0.002876 0.004176
0 0.523689 0.451879 0.002876 0.004176
0 0.522936 0.450189 0.003012 0.003977
0 0.522251 0.448598 0.003286 0.004375
0 0.521498 0.447107 0.003149 0.003778
0 0.519444 0.444025 0.003149 0.004375
0 0.477270 0.420859 0.003149 0.004573
0 0.518417 0.442235 0.003286 0.004375
0 0.517390 0.440545 0.003423 0.004971
0 0.516569 0.438755 0.003149 0.004176
0 0.515610 0.436667 0.003423 0.004772
0 0.517664 0.433983 0.002876 0.004573
0 0.518965 0.435275 0.003560 0.003977
0 0.519923 0.437164 0.003560 0.004573
0 0.520608 0.439352 0.003286 0.004573
0 0.521361 0.440644 0.003423 0.004375
0 0.522525 0.442334 0.002465 0.004176
0 0.523689 0.443925 0.002876 0.004176
0 0.524305 0.445814 0.003012 0.004375
0 0.531631 0.467886 0.003149 0.004375
0 0.532726 0.469477 0.003149 0.004375
0 0.533411 0.470968 0.003149 0.004573
0 0.534164 0.472758 0.003012 0.003778
0 0.525264 0.427719 0.002739 0.004772
0 0.523963 0.426128 0.002876 0.004375
0 0.534712 0.495427 0.002739 0.004176
0 0.534027 0.493239 0.003286 0.004176
0 0.533342 0.491251 0.003012 0.004176
0 0.532452 0.489461 0.002876 0.003380
0 0.531631 0.487672 0.003697 0.003778
0 0.530604 0.485782 0.003012 0.003579
0 0.530193 0.484192 0.003286 0.003977
0 0.529166 0.482601 0.003423 0.003182
0 0.528550 0.480314 0.003834 0.003778
0 0.527728 0.479221 0.003560 0.003977
0 0.526633 0.477133 0.003286 0.004573
0 0.525811 0.475144 0.003286 0.004971
0 0.524921 0.473355 0.003149 0.004176
0 0.523757 0.472062 0.003286 0.004772
0 0.523004 0.470173 0.003423 0.003778
0 0.540531 0.487174 0.003423 0.004375
0 0.539915 0.484788 0.002739 0.004375
0 0.539094 0.483396 0.002739 0.003977
0 0.538067 0.482104 0.002876 0.004573
0 0.537382 0.480115 0.002328 0.004176
0 0.536560 0.478823 0.003423 0.005170
0 0.535602 0.476536 0.003149 0.004971
0 0.535123 0.474448 0.002739 0.004375
0 0.525195 0.447504 0.002876 0.003778
0 0.526085 0.448896 0.003012 0.003778
0 0.527181 0.450686 0.003012 0.004176
0 0.671642 0.156890 0.003012 0.003579
0 0.684924 0.160768 0.003286 0.002585
0 0.708681 0.162756 0.003149 0.002585
0 0.762563 0.189401 0.003012 0.004573
0 0.770026 0.194174 0.003149 0.004176
0 0.774476 0.206502 0.003286 0.005767
0 0.804532 0.210479 0.003423 0.004971
0 0.793304 0.190495 0.004793 0.007158
0 0.822196 0.239213 0.003423 0.005568
0 0.800288 0.250845 0.003149 0.004971
0 0.692455 0.255419 0.003286 0.002187
0 0.692318 0.257308 0.003012 0.001988
0 0.692250 0.259396 0.003149 0.002585
0 0.692181 0.261981 0.003286 0.002585
0 0.691634 0.264267 0.003286 0.001988
0 0.691702 0.266256 0.003149 0.001988
0 0.691428 0.268443 0.003149 0.002784
0 0.691497 0.271227 0.003012 0.002386
0 0.700260 0.262378 0.003286 0.002585
0 0.699439 0.257904 0.003560 0.002784
0 0.699781 0.255419 0.003697 0.002187
0 0.688073 0.265957 0.003560 0.002983
0 0.688690 0.261483 0.002876 0.002386
0 0.689169 0.259396 0.003012 0.002585
0 0.689032 0.256910 0.002739 0.002386
0 0.688758 0.254723 0.003560 0.002386
0 0.681227 0.156791 0.003286 0.002585
0 0.719636 0.165043 0.003423 0.003182
0 0.527797 0.452674 0.003423 0.004573
0 0.718403 0.169119 0.003149 0.002585
0 0.529098 0.454464 0.002739 0.004176
0 0.529714 0.456254 0.003149 0.004176
0 0.530604 0.457944 0.003012 0.003977
0 0.531631 0.459535 0.003149 0.003977
0 0.532315 0.461424 0.003149 0.003778
0 0.533685 0.462816 0.002602 0.003778
0 0.534027 0.465003 0.002739 0.004176
0 0.534986 0.466793 0.003012 0.004573
0 0.535944 0.468682 0.003560 0.003977
0 0.536492 0.470770 0.003012 0.003778
0 0.537724 0.471664 0.003286 0.004772
0 0.538614 0.473752 0.003149 0.005369
0 0.538820 0.475741 0.002739 0.003778
0 0.539984 0.476934 0.003697 0.004176
0 0.540737 0.479221 0.002739 0.004772
0 0.541421 0.481010 0.003286 0.004375
1 0.917226 0.937164 0.006436 0.006761
0 0.983295 0.907735 0.003560 0.005965
0 0.986444 0.905548 0.002191 0.005170
0 0.995207 0.891032 0.001917 0.005965
0 0.677804 0.091370 0.003560 0.002585
0 0.764823 0.139392 0.003149 0.003977
0 0.774271 0.155399 0.002876 0.004573
0 0.774545 0.160867 0.003149 0.005170
0 0.786458 0.177968 0.003423 0.005170
0 0.526017 0.429509 0.002876 0.003977
0 0.527044 0.431100 0.002465 0.003977
0 0.527797 0.432492 0.003149 0.004772
0 0.509517 0.471068 0.003012 0.004772
0 0.511434 0.474150 0.003012 0.004573
0 0.517459 0.466295 0.002739 0.003977
0 0.517938 0.468284 0.002602 0.004375
0 0.518965 0.469676 0.003012 0.003977
0 0.520676 0.472758 0.003149 0.004573
0 0.521293 0.474548 0.002739 0.004176
0 0.522388 0.475940 0.003286 0.004573
0 0.523347 0.478226 0.003012 0.003977
0 0.523963 0.479916 0.002876 0.004573
0 0.525058 0.481706 0.003423 0.004971
0 0.525811 0.483496 0.002739 0.004573
0 0.526633 0.484788 0.003012 0.004375
0 0.528208 0.488566 0.003423 0.005170
0 0.529029 0.490455 0.003149 0.004176
0 0.529851 0.492444 0.003149 0.004573
0 0.530878 0.494035 0.003012 0.004176
0 0.539778 0.407039 0.003834 0.004772
0 0.540600 0.408928 0.002739 0.003380
0 0.541490 0.410320 0.003149 0.003380
0 0.543270 0.413701 0.003149 0.004176
0 0.545324 0.417479 0.003697 0.004176
0 0.546077 0.419268 0.003012 0.004176
0 0.547378 0.420561 0.003149 0.004375
0 0.547926 0.422549 0.003149 0.003977
0 0.548679 0.424438 0.003012 0.003778
0 0.510338 0.472460 0.003012 0.004772
0 0.508421 0.469179 0.003286 0.004573
0 0.550938 0.427520 0.003423 0.003579
0 0.507463 0.467190 0.003012 0.004176
0 0.478365 0.422251 0.003149 0.004971
0 0.479529 0.423742 0.003012 0.004375
0 0.480556 0.425333 0.002602 0.003977
0 0.481788 0.426626 0.003423 0.004176
0 0.482884 0.428316 0.002328 0.003977
0 0.483705 0.429807 0.003149 0.004573
0 0.484801 0.431398 0.003149 0.004176
0 0.485896 0.433088 0.003423 0.005170
0 0.486786 0.434579 0.003560 0.004971
0 0.488292 0.435971 0.003286 0.004971
0 0.489183 0.437662 0.003697 0.005170
0 0.491100 0.440247 0.003423 0.005170
0 0.492332 0.442136 0.003423 0.004971
0 0.493153 0.443528 0.003697 0.004971
0 0.494249 0.445118 0.003971 0.005369
0 0.495550 0.446212 0.003286 0.005170
0 0.496988 0.449592 0.003423 0.005170
0 0.498015 0.451382 0.003286 0.004772
0 0.499178 0.452873 0.003149 0.004573
0 0.500548 0.454464 0.003149 0.004573
0 0.500959 0.456055 0.002876 0.004573
0 0.502054 0.457646 0.003149 0.004176
0 0.502876 0.459634 0.003149 0.004573
0 0.504245 0.461523 0.003423 0.005170
0 0.504929 0.463015 0.003149 0.004573
0 0.549843 0.425930 0.002876 0.003977
0 0.551486 0.429907 0.003423 0.004772
0 0.528687 0.434381 0.003286 0.004573
0 0.533822 0.422350 0.002876 0.004772
0 0.535670 0.426029 0.003012 0.004573
0 0.536629 0.427421 0.002739 0.004573
0 0.537519 0.429111 0.003149 0.004772
0 0.538614 0.431696 0.002602 0.004375
0 0.539641 0.433188 0.003012 0.004176
0 0.540463 0.434480 0.002739 0.004375
0 0.541284 0.436270 0.003012 0.003977
0 0.542243 0.438059 0.003012 0.003579
0 0.543270 0.439352 0.003697 0.004176
0 0.544845 0.442931 0.003286 0.004176
0 0.531015 0.431497 0.003286 0.005170
0 0.533479 0.435872 0.003012 0.004772
0 0.535876 0.440247 0.002876 0.004375
0 0.537724 0.444422 0.003012 0.005170
0 0.539778 0.448101 0.003012 0.004971
0 0.544160 0.466594 0.003286 0.003778
0 0.541284 0.460032 0.003012 0.004176
0 0.539710 0.456651 0.003423 0.004573
0 0.537930 0.453271 0.003423 0.004573
0 0.535123 0.446510 0.003286 0.003778
0 0.533411 0.443030 0.003149 0.003977
0 0.532658 0.441440 0.003012 0.004772
0 0.531768 0.439650 0.003149 0.005170
0 0.530604 0.437960 0.003012 0.004573
0 0.529577 0.436667 0.002876 0.005170
0 0.534780 0.424041 0.003149 0.004971
0 0.532932 0.421058 0.003012 0.004971
0 0.552376 0.431497 0.003012 0.003977
0 0.531836 0.419467 0.003286 0.004573
0 0.553334 0.433287 0.002739 0.003182
0 0.554498 0.435176 0.003149 0.003778
0 0.555183 0.436667 0.003149 0.003977
0 0.555936 0.438159 0.003012 0.004176
0 0.536971 0.410221 0.003149 0.005170
0 0.538135 0.411811 0.003286 0.004375
0 0.538957 0.413203 0.003560 0.005170
0 0.539984 0.414595 0.003149 0.005170
0 0.541011 0.416584 0.003012 0.005170
0 0.542243 0.418473 0.003012 0.004573
0 0.543064 0.419964 0.003012 0.004772
0 0.543886 0.421953 0.002739 0.003977
0 0.544571 0.423444 0.003012 0.003778
0 0.545529 0.425333 0.003286 0.004772
0 0.546488 0.427023 0.002739 0.004573
0 0.547309 0.429310 0.003286 0.004772
0 0.548062 0.430702 0.002876 0.004375
0 0.548952 0.432591 0.003012 0.004971
0 0.549911 0.433784 0.002739 0.004176
0 0.550801 0.435375 0.002876 0.004573
0 0.552033 0.437363 0.003423 0.004176
0 0.552718 0.439053 0.003423 0.004375
0 0.553540 0.440943 0.003149 0.004573
0 0.554293 0.442732 0.003012 0.004176
0 0.530672 0.418075 0.003149 0.004573
