2 0.748047 0.670898 0.051983 0.055339
2 0.757812 0.732910 0.028245 0.029622
2 0.801382 0.695150 0.033053 0.034831
2 0.872897 0.695312 0.030649 0.033854
2 0.674429 0.725586 0.027945 0.030599
2 0.660907 0.815267 0.057993 0.060221
2 0.520733 0.816732 0.057692 0.057292
2 0.333383 0.939128 0.059195 0.057943
2 0.052885 0.094727 0.048077 0.050781
2 0.080379 0.122884 0.047776 0.051758
2 0.048978 0.145996 0.058293 0.062174
2 0.042368 0.060547 0.031851 0.032552
2 0.021635 0.079102 0.031851 0.033854
2 0.169471 0.650716 0.028245 0.029948
2 0.302734 0.873861 0.026142 0.027669
2 0.532151 0.849447 0.032452 0.029622
2 0.268930 0.894043 0.048678 0.051758
2 0.323618 0.826986 0.027644 0.028971
2 0.336839 0.398438 0.045673 0.048177
2 0.370944 0.377930 0.024339 0.027344
2 0.514123 0.249023 0.042067 0.044271
2 0.447416 0.921224 0.027644 0.031250
2 0.754357 0.574219 0.029748 0.042969
2 0.070763 0.062174 0.029748 0.032552
