1 0.436655 0.281886 0.037367 0.104503
1 0.577875 0.251929 0.038567 0.103833
1 0.270411 0.306157 0.030617 0.086262
1 0.474550 0.275358 0.034109 0.104168
1 0.205483 0.430690 0.055115 0.043800
1 0.721128 0.828907 0.024260 0.102802
1 0.258807 0.780329 0.053914 0.045236
1 0.299132 0.308176 0.033272 0.091773
1 0.504119 0.580704 0.082374 0.024114
1 0.192084 0.359851 0.056156 0.045713
1 0.712177 0.536709 0.089094 0.050977
1 0.527996 0.498925 0.055027 0.025224
1 0.229642 0.479057 0.091948 0.070529
1 0.671382 0.841785 0.024962 0.087909
1 0.529587 0.266026 0.033376 0.107686
1 0.247342 0.673016 0.055366 0.044069
1 0.265612 0.819151 0.054758 0.027925
1 0.199144 0.396087 0.056495 0.047506
1 0.326029 0.305140 0.032578 0.101779
1 0.462147 0.525613 0.053832 0.026019
1 0.192766 0.298974 0.054941 0.046729
1 0.501041 0.271470 0.035263 0.104327
1 0.255754 0.745280 0.048411 0.043946
0 0.919370 0.627178 0.029518 0.041987
1 0.578704 0.927542 0.054231 0.024751
1 0.451360 0.494534 0.054035 0.024533
1 0.698043 0.844379 0.023407 0.063005
0 0.950879 0.947810 0.023485 0.034900
1 0.021322 0.855198 0.039244 0.021698
0 0.842545 0.430714 0.026731 0.040565
1 0.548995 0.552911 0.052814 0.024425
1 0.635291 0.859578 0.023205 0.060547
1 0.261275 0.588595 0.063072 0.054735
1 0.519388 0.528028 0.052238 0.025124
0 0.875509 0.515642 0.030954 0.044169
