1 0.503458 0.510069 0.082973 0.023603
1 0.495570 0.539980 0.082967 0.024426
1 0.147971 0.684897 0.093340 0.022913
1 0.477991 0.884147 0.071807 0.024142
1 0.499651 0.682934 0.076369 0.024125
1 0.511717 0.454333 0.082704 0.025177
1 0.807110 0.508029 0.062776 0.051289
1 0.136679 0.802210 0.095363 0.023368
1 0.368075 0.592414 0.106103 0.023676
1 0.496472 0.713642 0.083502 0.023645
1 0.142927 0.714559 0.093727 0.023816
1 0.806408 0.545321 0.063597 0.051240
1 0.366988 0.680115 0.105243 0.023536
1 0.366417 0.795935 0.108160 0.023971
1 0.139169 0.772063 0.094063 0.023044
1 0.497168 0.626331 0.084358 0.023474
1 0.130358 0.859686 0.071787 0.022744
1 0.484318 0.596743 0.084922 0.022865
1 0.367862 0.765693 0.104525 0.023415
1 0.492398 0.742144 0.084647 0.026006
1 0.362122 0.854336 0.104984 0.024208
1 0.806284 0.581400 0.063657 0.048383
1 0.160716 0.505834 0.111709 0.024498
1 0.363305 0.883792 0.106005 0.024679
1 0.370069 0.416117 0.106544 0.024744
1 0.808163 0.685824 0.059583 0.051716
1 0.478700 0.853920 0.072326 0.024811
1 0.670863 0.682621 0.063155 0.024382
1 0.498125 0.798139 0.078800 0.023363
1 0.802812 0.726672 0.059026 0.050571
1 0.487043 0.568046 0.076150 0.023483
1 0.671405 0.902323 0.064290 0.024871
1 0.491899 0.311145 0.081629 0.023134
1 0.363476 0.709349 0.106053 0.024197
1 0.806400 0.615463 0.062044 0.049741
1 0.363331 0.622324 0.107393 0.024033
1 0.134946 0.829488 0.075687 0.025468
1 0.150030 0.329356 0.099581 0.024574
1 0.497433 0.198301 0.113722 0.023906
1 0.153497 0.272009 0.098207 0.023141
1 0.667860 0.711121 0.061819 0.022205
1 0.351515 0.915484 0.096625 0.025554
1 0.808158 0.757924 0.064108 0.055034
1 0.484788 0.396222 0.078051 0.023701
1 0.676223 0.397030 0.063914 0.023074
1 0.156140 0.626225 0.096845 0.023435
1 0.494055 0.770954 0.076471 0.026245
1 0.483458 0.654575 0.087434 0.025621
1 0.803111 0.441409 0.061892 0.050189
1 0.371939 0.533608 0.110254 0.024993
1 0.367658 0.650930 0.107117 0.023654
1 0.673924 0.509432 0.061143 0.022158
1 0.372670 0.359151 0.107718 0.024852
1 0.489729 0.281464 0.085797 0.023777
1 0.803260 0.401790 0.058388 0.052141
1 0.133267 0.887868 0.072302 0.022786
1 0.371365 0.445675 0.106975 0.023366
1 0.674053 0.872298 0.062005 0.022479
1 0.799609 0.873370 0.058267 0.051562
1 0.374888 0.475893 0.111782 0.024756
1 0.491452 0.914050 0.072756 0.024464
1 0.682688 0.281987 0.063572 0.023755
1 0.156829 0.595286 0.113327 0.023804
1 0.483880 0.481391 0.083437 0.023107
1 0.365555 0.737428 0.108178 0.023057
1 0.374197 0.238393 0.107598 0.024977
1 0.502222 0.224987 0.099819 0.025425
1 0.798829 0.837915 0.059487 0.051228
1 0.677180 0.654213 0.060385 0.023929
1 0.679530 0.930449 0.088980 0.028093
1 0.679294 0.482183 0.061567 0.023485
1 0.138187 0.743029 0.095478 0.023644
1 0.681360 0.311070 0.061458 0.022623
1 0.133514 0.917073 0.071710 0.024863
1 0.158940 0.240165 0.098454 0.024603
1 0.803938 0.653016 0.061226 0.049023
1 0.675750 0.367742 0.061121 0.023606
1 0.673252 0.540141 0.061472 0.023911
1 0.161819 0.476716 0.116958 0.024242
1 0.479651 0.825993 0.073816 0.024571
1 0.667780 0.628142 0.068606 0.029556
1 0.511080 0.424814 0.081869 0.022397
1 0.804884 0.475492 0.064091 0.048742
1 0.799577 0.334249 0.059677 0.050377
1 0.674636 0.455397 0.061790 0.023530
1 0.156610 0.566021 0.113927 0.024015
1 0.679982 0.338494 0.060912 0.023554
1 0.674205 0.842553 0.065665 0.018962
0 0.064959 0.641799 0.046278 0.020238
0 0.059898 0.057614 0.024652 0.037312
1 0.804393 0.798817 0.059082 0.050378
0 0.061509 0.669000 0.050589 0.018180
1 0.160723 0.098531 0.056659 0.018761
1 0.516800 0.366755 0.084438 0.027067
0 0.068266 0.342785 0.046943 0.018847
1 0.155247 0.536959 0.115323 0.023691
0 0.067138 0.375177 0.049271 0.018856
0 0.229346 0.094421 0.049389 0.018239
0 0.063967 0.690522 0.047568 0.020291
0 0.065534 0.605784 0.043276 0.017583
0 0.712354 0.051337 0.021821 0.037472
0 0.289155 0.160071 0.048687 0.020082
0 0.236142 0.164350 0.048870 0.021454
0 0.572119 0.054054 0.024841 0.040715
1 0.157054 0.566344 0.111233 0.023625
0 0.062551 0.423452 0.052345 0.020581
