1 0.263139 0.511323 0.148872 0.018988
1 0.657676 0.102316 0.093726 0.062495
1 0.607007 0.798646 0.153961 0.023151
1 0.646979 0.852175 0.126077 0.018640
1 0.690089 0.202385 0.126304 0.020613
1 0.269639 0.405172 0.130901 0.020968
1 0.676646 0.250597 0.121676 0.019359
1 0.683366 0.365502 0.124606 0.016685
1 0.484957 0.092229 0.031433 0.066282
1 0.307317 0.093717 0.046194 0.065521
1 0.682773 0.317581 0.108220 0.017271
1 0.261333 0.557967 0.141681 0.017809
1 0.260643 0.675633 0.157964 0.018886
1 0.235788 0.273549 0.119587 0.025458
1 0.254292 0.361206 0.132093 0.030634
1 0.222335 0.227194 0.124830 0.022859
1 0.250344 0.289625 0.139072 0.024311
1 0.685350 0.218671 0.142703 0.020553
1 0.688787 0.334525 0.144675 0.016516
1 0.261373 0.725624 0.156674 0.018946
1 0.697111 0.282546 0.160983 0.019581
1 0.253602 0.380181 0.143993 0.035502
1 0.235907 0.257305 0.123978 0.023356
1 0.678812 0.349977 0.122688 0.018191
1 0.655522 0.746636 0.152683 0.020532
1 0.260422 0.708405 0.157276 0.018123
1 0.686286 0.139496 0.142135 0.027095
1 0.269527 0.757821 0.158368 0.020642
1 0.656239 0.875247 0.171148 0.017462
1 0.209443 0.212283 0.133379 0.027549
1 0.402617 0.089969 0.036406 0.066176
1 0.251887 0.481112 0.141366 0.018967
1 0.275490 0.456527 0.145371 0.018790
1 0.259049 0.625674 0.157638 0.018887
1 0.260224 0.691521 0.158281 0.020055
1 0.266935 0.742239 0.158187 0.020983
1 0.691882 0.233404 0.145144 0.020253
1 0.673554 0.617830 0.110093 0.022078
1 0.455441 0.434205 0.035957 0.067612
1 0.231985 0.241172 0.120263 0.024274
1 0.196931 0.183016 0.124333 0.022978
1 0.693556 0.399594 0.117963 0.017868
1 0.250484 0.343902 0.136512 0.030735
1 0.687805 0.415256 0.153592 0.017923
0 0.957626 0.158171 0.022497 0.023516
1 0.679408 0.812732 0.170256 0.023590
1 0.696156 0.169160 0.152653 0.023538
0 0.111904 0.600717 0.025994 0.026408
1 0.260934 0.541634 0.147466 0.017575
1 0.258896 0.608297 0.154838 0.017456
0 0.108768 0.171431 0.021293 0.024719
1 0.594352 0.094194 0.026869 0.066696
1 0.524598 0.482321 0.092216 0.018413
1 0.261845 0.795007 0.159552 0.020081
0 0.863007 0.870927 0.027562 0.029037
0 0.141938 0.598886 0.021691 0.024614
1 0.261622 0.640994 0.157677 0.020761
1 0.262396 0.813205 0.157384 0.022137
0 0.830287 0.906588 0.023299 0.024005
1 0.242218 0.307868 0.152436 0.027778
0 0.891346 0.388422 0.022525 0.026915
1 0.241015 0.326754 0.152628 0.032027
1 0.191419 0.167771 0.104159 0.023603
1 0.663918 0.727381 0.168247 0.022440
1 0.678692 0.382001 0.149167 0.018524
1 0.694304 0.459817 0.110648 0.018073
1 0.452890 0.090862 0.032461 0.067235
