1 0.276725 0.607410 0.070595 0.061526
1 0.291118 0.623060 0.067495 0.060939
1 0.376701 0.656597 0.079627 0.085325
1 0.490484 0.708960 0.051034 0.064959
1 0.313750 0.632274 0.054674 0.058802
1 0.693632 0.647424 0.082535 0.036905
1 0.431548 0.465847 0.086727 0.068099
1 0.388898 0.496833 0.068009 0.052836
1 0.172322 0.563545 0.073229 0.055350
1 0.685445 0.709597 0.087188 0.045268
1 0.193785 0.398015 0.070110 0.045179
1 0.450396 0.699534 0.051994 0.066082
1 0.470666 0.706141 0.051134 0.064906
1 0.217019 0.555665 0.087993 0.081631
1 0.762917 0.835212 0.112333 0.045962
1 0.371144 0.502125 0.078623 0.056949
1 0.163635 0.538850 0.094633 0.064373
1 0.471803 0.451440 0.046727 0.038130
1 0.234793 0.568150 0.087429 0.070335
1 0.407887 0.469248 0.065241 0.057662
1 0.685329 0.670901 0.107244 0.049407
0 0.938667 0.187041 0.031419 0.019750
1 0.508633 0.715025 0.046615 0.061966
1 0.461039 0.214563 0.068333 0.083995
1 0.126151 0.649248 0.087050 0.051514
1 0.340415 0.638095 0.070610 0.079809
0 0.871753 0.087390 0.031923 0.018756
1 0.185482 0.441743 0.106525 0.076031
1 0.752721 0.799901 0.112783 0.039897
1 0.178779 0.451433 0.101604 0.068439
0 0.910302 0.143886 0.027954 0.017026
1 0.669782 0.822293 0.100086 0.040226
1 0.607055 0.839160 0.092215 0.041121
0 0.884902 0.107632 0.028120 0.016810
1 0.233617 0.374518 0.097681 0.064792
0 0.589242 0.562373 0.030749 0.018504
1 0.458307 0.465764 0.072784 0.058907
0 0.213815 0.188420 0.024448 0.022621
1 0.431330 0.687120 0.063507 0.077728
0 0.891565 0.118313 0.027388 0.016928
1 0.695550 0.683394 0.114956 0.050099
0 0.711987 0.930858 0.025242 0.023798
0 0.923752 0.166702 0.028234 0.017896
0 0.207232 0.734866 0.029963 0.025613
0 0.930369 0.177493 0.028814 0.020000
1 0.394697 0.670316 0.063691 0.076989
1 0.522230 0.726727 0.052665 0.067772
