2 0.809831 0.247916 0.089518 0.055493
2 0.502279 0.685583 0.065699 0.033399
2 0.718481 0.331076 0.095509 0.056158
2 0.353700 0.700088 0.058306 0.031718
2 0.679867 0.371737 0.080487 0.044922
2 0.600167 0.455731 0.070525 0.039605
2 0.276255 0.350221 0.047928 0.026621
2 0.367110 0.427623 0.039925 0.022647
2 0.550082 0.491963 0.103826 0.065539
2 0.482452 0.707282 0.062491 0.031945
2 0.430869 0.619431 0.088742 0.050123
2 0.470256 0.574805 0.112090 0.064588
2 0.781150 0.411060 0.048014 0.025209
2 0.636008 0.409430 0.092204 0.051558
2 0.366466 0.825002 0.040988 0.023423
2 0.728760 0.020818 0.041300 0.025266
2 0.518461 0.230336 0.047463 0.025380
2 0.219090 0.823262 0.073441 0.045069
2 0.168839 0.550689 0.036235 0.020628
2 0.083320 0.545992 0.033304 0.018575
