1 0.822064 0.704419 0.024287 0.024037
1 0.810129 0.630225 0.024075 0.023558
1 0.796821 0.703509 0.024234 0.024081
1 0.726389 0.327362 0.024383 0.022375
1 0.594075 0.546953 0.021724 0.019991
1 0.626723 0.469585 0.021902 0.019489
1 0.777498 0.328875 0.023329 0.022574
1 0.879439 0.384656 0.023458 0.025057
1 0.496781 0.769971 0.024980 0.022856
1 0.752220 0.552135 0.024988 0.023032
1 0.542521 0.615860 0.020204 0.019402
1 0.581828 0.776413 0.026147 0.023620
1 0.563170 0.468045 0.021294 0.018970
1 0.605411 0.777716 0.025824 0.024670
1 0.743088 0.407186 0.024396 0.023393
1 0.498771 0.689344 0.020673 0.019888
1 0.860435 0.632203 0.024265 0.022871
1 0.716216 0.550955 0.025737 0.023591
1 0.744445 0.602652 0.024904 0.026054
1 0.515835 0.897551 0.021497 0.023098
1 0.510170 0.467448 0.021213 0.019134
1 0.731355 0.378028 0.022637 0.025211
1 0.323322 0.130734 0.020957 0.020872
1 0.528231 0.847113 0.026062 0.022939
1 0.711769 0.625664 0.025896 0.023475
1 0.601680 0.750903 0.023423 0.025000
1 0.853593 0.916148 0.023333 0.025164
1 0.557870 0.671044 0.020987 0.021433
1 0.802539 0.679981 0.022434 0.023993
1 0.569235 0.144061 0.020756 0.018914
1 0.702327 0.673557 0.023526 0.025087
1 0.575315 0.396373 0.019611 0.019089
1 0.861511 0.407061 0.025102 0.023105
1 0.567357 0.615760 0.019783 0.020784
1 0.859244 0.705253 0.024485 0.023510
1 0.547071 0.541395 0.021954 0.021219
1 0.523444 0.370839 0.020019 0.020338
1 0.866193 0.485046 0.024893 0.024655
1 0.731819 0.476758 0.025219 0.022415
1 0.874292 0.633545 0.025935 0.023868
1 0.786752 0.629613 0.025643 0.023410
1 0.551515 0.850071 0.020162 0.018906
1 0.832674 0.913889 0.023801 0.023532
1 0.581060 0.616215 0.019759 0.019607
1 0.877653 0.558473 0.024359 0.023023
1 0.546094 0.469317 0.020020 0.019999
1 0.369067 0.743102 0.023689 0.022937
1 0.471965 0.136921 0.019713 0.018725
1 0.507029 0.612037 0.020975 0.020245
1 0.486301 0.838408 0.024835 0.022362
1 0.414209 0.228615 0.019882 0.021573
1 0.759256 0.303358 0.021951 0.024926
1 0.580998 0.448576 0.021383 0.021918
1 0.509651 0.539152 0.021264 0.019131
1 0.540591 0.320453 0.019206 0.018548
1 0.353366 0.228782 0.019425 0.021203
1 0.769175 0.602331 0.022487 0.025428
1 0.741883 0.478526 0.025655 0.024507
1 0.822565 0.407165 0.024703 0.023202
1 0.553950 0.321088 0.018464 0.018064
1 0.624543 0.296556 0.019304 0.020549
1 0.772393 0.702279 0.025553 0.023337
1 0.489498 0.234985 0.020121 0.020969
1 0.748864 0.527203 0.023412 0.025529
1 0.587324 0.598446 0.021144 0.021634
1 0.444711 0.159956 0.018337 0.018153
1 0.608531 0.673078 0.019371 0.021482
1 0.761659 0.403229 0.022521 0.022692
1 0.852945 0.680972 0.024215 0.025056
1 0.794082 0.478781 0.023974 0.024215
1 0.711082 0.697944 0.024070 0.023601
1 0.862755 0.333383 0.024637 0.023052
1 0.581160 0.545108 0.021248 0.020466
1 0.882970 0.411338 0.024626 0.022774
1 0.835362 0.408005 0.023817 0.022721
1 0.521509 0.446248 0.019347 0.021165
1 0.604953 0.474931 0.020538 0.018353
1 0.806134 0.605054 0.022972 0.024419
1 0.556710 0.164474 0.018485 0.017669
1 0.524465 0.293543 0.019639 0.020059
1 0.807743 0.479148 0.025046 0.025030
1 0.784768 0.307601 0.025096 0.025008
1 0.722363 0.303603 0.021343 0.023959
1 0.464029 0.231114 0.020763 0.020427
1 0.391261 0.745292 0.020551 0.021171
1 0.606297 0.217841 0.019246 0.019500
1 0.876638 0.458262 0.022593 0.025340
1 0.513604 0.392734 0.018741 0.018351
1 0.836014 0.456975 0.021980 0.025405
1 0.866268 0.916716 0.022831 0.025240
1 0.848900 0.456936 0.022167 0.026127
1 0.360243 0.132636 0.021496 0.019961
1 0.449273 0.135750 0.020117 0.018075
1 0.829002 0.680280 0.023410 0.024674
1 0.750365 0.331451 0.024562 0.022603
1 0.583101 0.671812 0.020129 0.021180
1 0.874873 0.334315 0.025335 0.024151
1 0.519632 0.541556 0.023670 0.021613
1 0.595161 0.672407 0.019914 0.021977
1 0.815675 0.679967 0.022461 0.024296
1 0.385270 0.133826 0.023747 0.020188
1 0.872751 0.532825 0.023663 0.025644
1 0.579148 0.320988 0.018910 0.018834
1 0.796939 0.306317 0.022258 0.024429
1 0.890580 0.915090 0.024864 0.025105
1 0.534823 0.162604 0.020460 0.018688
1 0.863505 0.557705 0.024515 0.022020
1 0.555969 0.615248 0.019902 0.020762
1 0.612844 0.298534 0.020515 0.021070
1 0.591980 0.321139 0.018353 0.018429
1 0.714827 0.450502 0.022600 0.024135
1 0.759355 0.702016 0.023790 0.023322
1 0.580331 0.217460 0.017889 0.019808
1 0.836123 0.631788 0.025201 0.022366
1 0.736735 0.626920 0.023330 0.022992
1 0.764539 0.454108 0.021607 0.025125
1 0.729615 0.676988 0.022573 0.025992
1 0.631073 0.322109 0.019776 0.019752
1 0.539881 0.297451 0.020225 0.020846
1 0.617694 0.619079 0.022428 0.020035
1 0.619634 0.449175 0.020934 0.021432
1 0.611166 0.596505 0.021403 0.021433
1 0.555962 0.443929 0.019636 0.020279
1 0.774113 0.530467 0.023632 0.026001
1 0.533604 0.139092 0.020260 0.019672
1 0.599447 0.598178 0.020534 0.021874
1 0.338662 0.746666 0.025387 0.024362
1 0.749308 0.627245 0.023113 0.023189
1 0.741608 0.677913 0.022654 0.025638
1 0.755062 0.379633 0.021604 0.023916
1 0.813938 0.455532 0.022633 0.023454
1 0.530682 0.213398 0.019917 0.021046
1 0.534181 0.540810 0.020555 0.020689
1 0.594459 0.449011 0.019859 0.021502
1 0.845796 0.309271 0.022780 0.025077
1 0.588024 0.296270 0.019594 0.020308
1 0.724342 0.449976 0.022119 0.026105
1 0.536599 0.395032 0.018602 0.018601
1 0.575969 0.296486 0.019814 0.019350
1 0.568702 0.319749 0.018570 0.018052
1 0.737731 0.451283 0.021482 0.025409
1 0.719381 0.600098 0.023735 0.025918
1 0.547154 0.140154 0.023066 0.019571
1 0.522726 0.468323 0.020268 0.019562
1 0.561809 0.395339 0.020082 0.020512
1 0.316133 0.225738 0.020256 0.020443
1 0.365574 0.229806 0.020477 0.021438
1 0.592733 0.217721 0.018222 0.020163
1 0.528491 0.749311 0.024632 0.025726
1 0.816190 0.381697 0.022055 0.025436
1 0.540667 0.749326 0.022199 0.025406
1 0.422974 0.156988 0.017732 0.017988
1 0.809986 0.406614 0.024301 0.022213
1 0.846785 0.704135 0.023576 0.023622
1 0.596190 0.164852 0.020834 0.018974
1 0.592775 0.617641 0.021257 0.020692
1 0.493258 0.141069 0.022349 0.018976
1 0.776107 0.454546 0.022402 0.024302
1 0.589514 0.238516 0.018695 0.020627
1 0.756213 0.478349 0.022350 0.023874
1 0.517076 0.614388 0.022025 0.020218
1 0.535952 0.691688 0.026042 0.023435
1 0.849235 0.333232 0.023073 0.022202
1 0.819899 0.530089 0.022461 0.024465
1 0.572395 0.372689 0.017824 0.021719
1 0.362899 0.152529 0.018079 0.018105
1 0.854500 0.606168 0.022708 0.024587
1 0.605460 0.618219 0.021373 0.020661
1 0.743148 0.378438 0.022214 0.025436
1 0.788847 0.455232 0.021740 0.023025
1 0.725167 0.626104 0.024757 0.022391
1 0.514147 0.235624 0.019511 0.021243
1 0.574046 0.161268 0.020481 0.021843
1 0.523001 0.691039 0.023905 0.022940
1 0.432221 0.209760 0.018979 0.019925
1 0.470325 0.212962 0.020010 0.020404
1 0.607498 0.449974 0.019975 0.022188
1 0.380558 0.744620 0.022579 0.022316
1 0.754483 0.678414 0.022653 0.025137
1 0.835758 0.332907 0.020967 0.021620
1 0.563541 0.296043 0.018781 0.019049
1 0.502546 0.236229 0.019833 0.021294
1 0.578576 0.750652 0.023585 0.025120
1 0.736221 0.528003 0.022961 0.026192
1 0.765150 0.552735 0.024750 0.022853
1 0.383089 0.208917 0.020289 0.021067
1 0.551346 0.295934 0.017956 0.019535
1 0.426536 0.230064 0.019976 0.020344
1 0.879884 0.917201 0.023615 0.024498
1 0.444414 0.209050 0.019403 0.020637
1 0.330847 0.742480 0.020799 0.018929
1 0.529562 0.319077 0.018691 0.018173
1 0.760834 0.628093 0.024336 0.023453
1 0.346465 0.207017 0.021096 0.020803
1 0.560927 0.593661 0.019892 0.020590
1 0.559781 0.541872 0.020472 0.020772
1 0.552720 0.519854 0.019488 0.021389
1 0.400091 0.154629 0.018035 0.017282
1 0.569231 0.543771 0.020514 0.019373
1 0.556294 0.214623 0.019416 0.020527
1 0.407520 0.208574 0.019046 0.019465
1 0.419835 0.208730 0.018739 0.019806
1 0.779262 0.677335 0.022786 0.024945
1 0.870101 0.308811 0.021612 0.024114
1 0.725039 0.528044 0.022316 0.025565
1 0.559032 0.371430 0.019091 0.020053
1 0.777409 0.553521 0.024840 0.023477
1 0.377727 0.229570 0.019473 0.020482
1 0.733250 0.701345 0.024627 0.022137
1 0.334642 0.132168 0.022162 0.020741
1 0.588448 0.468049 0.019923 0.019264
1 0.803524 0.380643 0.021569 0.024334
1 0.539562 0.596538 0.019872 0.020636
1 0.622666 0.374676 0.018750 0.020937
1 0.552627 0.393406 0.019076 0.020236
1 0.808940 0.530730 0.023034 0.024775
1 0.797122 0.406886 0.023650 0.022469
1 0.857632 0.309667 0.023158 0.023724
1 0.818111 0.603706 0.023499 0.024588
1 0.766875 0.678239 0.022675 0.024616
1 0.526844 0.393153 0.020251 0.019933
1 0.611686 0.375867 0.020937 0.021091
1 0.453439 0.232001 0.019285 0.020370
1 0.869169 0.606892 0.022447 0.025036
1 0.436495 0.134759 0.019689 0.018616
1 0.601340 0.238885 0.019444 0.019771
1 0.617417 0.321419 0.018809 0.018845
1 0.847249 0.531632 0.023289 0.025721
1 0.772862 0.404517 0.024780 0.023262
1 0.854647 0.483610 0.023483 0.023552
1 0.544126 0.444822 0.019054 0.020948
1 0.359208 0.207758 0.020266 0.020628
1 0.870652 0.607226 0.022423 0.025442
1 0.402119 0.228702 0.020205 0.021546
1 0.370414 0.208225 0.019302 0.020371
1 0.753571 0.454172 0.024904 0.026314
1 0.839639 0.556366 0.023753 0.023949
1 0.373185 0.132702 0.021202 0.020230
1 0.604733 0.321273 0.017286 0.017609
1 0.522363 0.137680 0.019148 0.018601
1 0.481592 0.138937 0.020708 0.019474
1 0.532687 0.446191 0.019528 0.021102
1 0.553464 0.750224 0.023532 0.026256
1 0.390072 0.229178 0.019776 0.020824
1 0.813562 0.555454 0.025241 0.023762
1 0.576114 0.519165 0.020347 0.020773
1 0.394828 0.208006 0.018831 0.020193
1 0.518805 0.317653 0.017845 0.015762
1 0.512771 0.688973 0.022380 0.021539
1 0.786875 0.331478 0.025744 0.023870
1 0.767954 0.480298 0.025304 0.023561
1 0.569751 0.670205 0.019629 0.020366
1 0.842815 0.483031 0.024291 0.023172
1 0.614622 0.239395 0.020366 0.020817
1 0.755615 0.601567 0.022702 0.025900
1 0.516371 0.519144 0.019705 0.020703
1 0.527572 0.518390 0.018744 0.021106
1 0.828651 0.382454 0.020885 0.025872
1 0.566008 0.751276 0.023269 0.025042
1 0.482907 0.213147 0.021230 0.022284
1 0.506911 0.213999 0.019939 0.020708
1 0.457916 0.160821 0.019495 0.019029
1 0.491209 0.844496 0.026053 0.023432
1 0.565340 0.238389 0.019891 0.020621
1 0.553051 0.237646 0.020139 0.020677
1 0.497294 0.162088 0.019287 0.018519
1 0.858790 0.531950 0.024277 0.026408
1 0.545809 0.369526 0.019812 0.019967
1 0.337763 0.152909 0.020347 0.019990
1 0.495248 0.213890 0.020865 0.021570
1 0.472414 0.159759 0.018221 0.018199
1 0.851088 0.557171 0.023642 0.021699
1 0.538227 0.467165 0.021075 0.018989
1 0.598895 0.375331 0.021368 0.021234
1 0.801387 0.554835 0.023038 0.022508
1 0.374692 0.153219 0.018175 0.018061
1 0.565114 0.520618 0.019898 0.021057
1 0.832275 0.482030 0.023988 0.023858
1 0.790019 0.554085 0.024310 0.023044
0 0.180888 0.321872 0.007642 0.014128
1 0.720226 0.600405 0.023577 0.026084
0 0.261589 0.280253 0.007449 0.013426
1 0.583692 0.163568 0.020574 0.019288
1 0.422203 0.135659 0.018926 0.017829
0 0.242321 0.278527 0.006685 0.012879
1 0.387298 0.154228 0.018907 0.018050
1 0.827096 0.555738 0.024368 0.024382
