1 0.455917 0.808202 0.049541 0.039345
0 0.364976 0.844135 0.021508 0.025672
0 0.441230 0.763164 0.029393 0.029227
0 0.832650 0.391688 0.031811 0.028187
0 0.404847 0.859968 0.025752 0.029350
0 0.565889 0.683606 0.030459 0.020783
0 0.725593 0.576670 0.020179 0.025679
0 0.618731 0.686463 0.030277 0.023782
0 0.914068 0.847133 0.030289 0.019830
0 0.382029 0.319589 0.032189 0.027022
0 0.085057 0.059609 0.020630 0.033566
0 0.629757 0.305251 0.028375 0.030284
1 0.854859 0.833309 0.038783 0.028331
0 0.223740 0.888611 0.019109 0.029907
0 0.148813 0.137325 0.022584 0.041492
0 0.296652 0.373920 0.022460 0.028893
0 0.216696 0.454188 0.025802 0.026225
0 0.333450 0.924570 0.021573 0.026450
0 0.035974 0.779881 0.018627 0.032339
0 0.649690 0.630099 0.029763 0.027713
0 0.061642 0.270020 0.020245 0.035035
