2 0.301807 0.366587 0.022908 0.018992
2 0.306770 0.307825 0.022168 0.018945
2 0.688254 0.259543 0.023107 0.020186
2 0.760489 0.357036 0.024431 0.021817
2 0.303680 0.347095 0.023914 0.020163
2 0.428777 0.314364 0.022412 0.018337
2 0.912324 0.078948 0.026092 0.025567
2 0.242988 0.378101 0.018832 0.017570
2 0.718040 0.333045 0.022751 0.021769
2 0.243226 0.489172 0.020727 0.017632
2 0.708094 0.756015 0.030686 0.026975
2 0.249959 0.334271 0.021534 0.017698
2 0.733428 0.316670 0.031770 0.026672
2 0.577664 0.318377 0.026392 0.021863
2 0.230912 0.818200 0.021887 0.021182
2 0.735628 0.700366 0.026552 0.025335
2 0.813933 0.318051 0.015984 0.016783
2 0.694200 0.283929 0.028697 0.025206
2 0.243794 0.507876 0.020864 0.016716
2 0.788782 0.379581 0.018429 0.018627
2 0.687081 0.554291 0.018671 0.017685
2 0.524829 0.289554 0.022212 0.019793
2 0.592841 0.822704 0.021751 0.019809
2 0.698298 0.438571 0.016770 0.017692
2 0.670449 0.316915 0.029231 0.025307
2 0.734664 0.401314 0.018423 0.017227
2 0.798009 0.340982 0.013639 0.013877
2 0.256952 0.800810 0.015305 0.015447
2 0.299829 0.385159 0.023878 0.020165
2 0.187594 0.840085 0.018198 0.016020
2 0.759346 0.751063 0.014253 0.013803
2 0.478343 0.311877 0.021129 0.019137
2 0.747003 0.298060 0.027136 0.023546
2 0.479436 0.330876 0.023543 0.019650
2 0.685229 0.402809 0.015900 0.015837
2 0.874214 0.466348 0.012990 0.014758
2 0.609541 0.525618 0.014479 0.013592
2 0.829967 0.382535 0.018283 0.018255
2 0.513974 0.277629 0.017543 0.013177
2 0.656946 0.519798 0.014799 0.012901
2 0.572236 0.833176 0.031309 0.028340
2 0.311633 0.285473 0.018607 0.016122
2 0.680344 0.298784 0.025339 0.023515
2 0.625010 0.288633 0.019321 0.017199
2 0.742448 0.385746 0.020392 0.018351
2 0.249962 0.287062 0.016837 0.014719
2 0.806233 0.382136 0.020190 0.021342
2 0.780126 0.780656 0.014398 0.015038
2 0.772453 0.769274 0.014034 0.015115
2 0.900963 0.208160 0.015783 0.011768
2 0.602204 0.587130 0.017562 0.015765
2 0.773926 0.468592 0.013012 0.014281
2 0.714547 0.441290 0.020399 0.018861
2 0.645737 0.574427 0.017823 0.015366
2 0.714546 0.441346 0.017322 0.016053
2 0.856142 0.359147 0.011094 0.011172
2 0.323748 0.664281 0.015743 0.014690
2 0.425138 0.275078 0.026324 0.022684
