2 0.093029 0.123379 0.033250 0.035840
2 0.954473 0.755093 0.021798 0.027926
2 0.799419 0.928510 0.023634 0.024389
2 0.699138 0.583205 0.023037 0.024213
2 0.733914 0.547763 0.024320 0.025994
2 0.046519 0.162991 0.023695 0.025648
2 0.602545 0.557760 0.030620 0.032746
2 0.446103 0.655833 0.026075 0.026897
2 0.964707 0.787555 0.025974 0.034510
2 0.777064 0.936096 0.021894 0.017800
2 0.625769 0.430472 0.019989 0.021201
2 0.789717 0.688170 0.020469 0.021744
2 0.772482 0.704216 0.019931 0.021413
2 0.810464 0.728829 0.021457 0.023906
2 0.233807 0.235859 0.021056 0.021440
2 0.071800 0.397032 0.021286 0.021418
2 0.788616 0.668899 0.019245 0.021774
2 0.826571 0.712746 0.022812 0.024228
2 0.200707 0.267431 0.022839 0.022971
2 0.770857 0.685503 0.018745 0.020406
2 0.217725 0.250707 0.022089 0.023931
2 0.185234 0.283864 0.021084 0.021260
2 0.257184 0.448808 0.016166 0.018547
2 0.750458 0.639960 0.019112 0.020823
2 0.259896 0.312059 0.023564 0.021528
2 0.852070 0.806743 0.022001 0.022668
2 0.209102 0.361222 0.018976 0.022106
2 0.565214 0.565957 0.021644 0.025975
2 0.735959 0.568497 0.020240 0.022025
2 0.321206 0.330988 0.022585 0.024419
2 0.072140 0.194624 0.020960 0.022293
2 0.303623 0.468746 0.018764 0.018909
2 0.594264 0.393177 0.020140 0.021871
2 0.411769 0.257828 0.017625 0.020165
2 0.116724 0.062795 0.020486 0.022522
2 0.272205 0.379265 0.020403 0.022402
2 0.238783 0.410883 0.022069 0.023013
2 0.223207 0.427465 0.020512 0.023314
2 0.168204 0.299068 0.020046 0.022280
2 0.206355 0.377181 0.017622 0.019084
2 0.241997 0.329372 0.020183 0.022023
2 0.657378 0.462151 0.016653 0.018701
2 0.763115 0.609923 0.018387 0.021856
2 0.271858 0.500392 0.019081 0.019868
2 0.054709 0.412416 0.021241 0.023962
2 0.750642 0.622037 0.018653 0.020061
2 0.273965 0.431971 0.018561 0.020044
2 0.255979 0.463185 0.017994 0.020047
2 0.102692 0.364286 0.021258 0.021630
2 0.288352 0.429900 0.018743 0.020048
2 0.270728 0.312602 0.022287 0.022518
2 0.718071 0.583704 0.018141 0.019929
2 0.102168 0.078956 0.025178 0.029056
2 0.086569 0.379975 0.019498 0.020221
2 0.119635 0.348916 0.018054 0.018811
2 0.824023 0.654528 0.018647 0.021344
2 0.611036 0.446730 0.023798 0.026642
2 0.868002 0.880978 0.015168 0.019448
2 0.777944 0.743497 0.019900 0.022841
2 0.305693 0.399160 0.016571 0.018939
2 0.868408 0.902217 0.014526 0.019640
2 0.731388 0.637183 0.018908 0.021025
2 0.271721 0.447937 0.016349 0.018286
2 0.717150 0.565619 0.019573 0.021721
2 0.060067 0.180344 0.019074 0.021230
2 0.401873 0.130070 0.019305 0.021062
2 0.289558 0.414642 0.018776 0.020065
2 0.287584 0.483703 0.020120 0.020544
2 0.289276 0.415614 0.021627 0.022972
