2 0.357858 0.150667 0.150412 0.165382
2 0.152405 0.398537 0.059268 0.062574
2 0.179993 0.456231 0.057598 0.060928
2 0.519586 0.547182 0.132116 0.160599
2 0.669682 0.578445 0.134969 0.149698
2 0.458547 0.649137 0.126748 0.135954
2 0.407160 0.554757 0.097218 0.115682
2 0.471032 0.147512 0.086744 0.100200
2 0.590733 0.630293 0.117707 0.140097
2 0.568676 0.435168 0.146223 0.173076
2 0.389892 0.493683 0.032308 0.037421
2 0.632478 0.770240 0.059492 0.070276
2 0.321612 0.327081 0.048595 0.057969
2 0.818653 0.281670 0.040177 0.041792
2 0.529268 0.257063 0.077717 0.099936
2 0.357801 0.476010 0.045149 0.051765
2 0.449830 0.321431 0.059413 0.057629
2 0.390689 0.313125 0.095050 0.106693
2 0.406830 0.554126 0.083006 0.111799
2 0.548224 0.323630 0.095253 0.115004
2 0.370951 0.418374 0.112867 0.133521
