1 0.593771 0.499395 0.052994 0.066268
1 0.496302 0.687065 0.051056 0.067150
1 0.573429 0.740403 0.053740 0.063740
1 0.733627 0.586431 0.050493 0.061478
1 0.536537 0.715187 0.051908 0.066364
1 0.643387 0.527542 0.051848 0.061440
1 0.548377 0.469493 0.052543 0.064087
1 0.619068 0.512940 0.050833 0.061693
1 0.432642 0.393964 0.052106 0.060499
1 0.757179 0.601476 0.051289 0.062428
1 0.452624 0.408418 0.050595 0.063077
1 0.663482 0.541906 0.052345 0.061885
1 0.409692 0.382040 0.054799 0.064642
0 0.644379 0.874322 0.035878 0.031891
1 0.612549 0.765357 0.049766 0.064194
1 0.575352 0.480397 0.043454 0.057427
1 0.779160 0.614977 0.053285 0.062741
1 0.687746 0.553506 0.046794 0.055718
0 0.914449 0.752452 0.035355 0.030566
0 0.448289 0.839760 0.028949 0.035435
1 0.045384 0.053132 0.046156 0.067531
0 0.490493 0.776463 0.038525 0.034087
0 0.898317 0.783067 0.038979 0.033495
0 0.973497 0.664784 0.032854 0.031097
0 0.935232 0.724586 0.039917 0.033136
0 0.261346 0.723423 0.028849 0.035919
0 0.945652 0.710182 0.035755 0.029797
0 0.654776 0.769997 0.031645 0.033712
1 0.344501 0.380220 0.090351 0.132606
1 0.710586 0.572071 0.051830 0.063213
0 0.835461 0.879940 0.025617 0.034324
1 0.402751 0.630582 0.054698 0.068146
0 0.761243 0.946609 0.037210 0.037096
0 0.187407 0.671911 0.030924 0.034533
0 0.777367 0.841058 0.029491 0.032091
0 0.969830 0.830670 0.030822 0.028012
0 0.418619 0.824031 0.028108 0.034283
0 0.670868 0.776794 0.031897 0.037020
0 0.351623 0.685192 0.037909 0.034325
0 0.432110 0.833306 0.029816 0.035242
1 0.287734 0.341247 0.079210 0.112749
0 0.762048 0.832271 0.026135 0.030923
1 0.258145 0.327387 0.084093 0.127369
