2 0.832312 0.287348 0.080472 0.046065
2 0.911887 0.308443 0.060863 0.041570
2 0.187484 0.803926 0.068063 0.027251
2 0.924804 0.268892 0.057085 0.040868
2 0.557300 0.837855 0.070760 0.034092
2 0.938415 0.228201 0.054707 0.039369
2 0.409307 0.820625 0.080638 0.035825
2 0.786391 0.254810 0.044849 0.032267
2 0.564714 0.021755 0.080583 0.034278
2 0.632004 0.845670 0.080543 0.034947
2 0.953920 0.188350 0.060844 0.038387
1 0.415330 0.368465 0.061826 0.014559
0 0.130021 0.247790 0.035982 0.011662
2 0.329682 0.817639 0.067918 0.031136
