1 0.389665 0.564807 0.055155 0.077096
1 0.312848 0.421640 0.054924 0.075801
1 0.638391 0.701420 0.042817 0.071008
1 0.254803 0.344353 0.058211 0.081917
1 0.494287 0.601543 0.057662 0.078969
1 0.263748 0.316154 0.068565 0.093746
1 0.536028 0.578808 0.040425 0.071753
1 0.412734 0.510540 0.054683 0.078591
1 0.868642 0.771694 0.052348 0.087921
1 0.389899 0.378312 0.017827 0.095764
1 0.656254 0.766879 0.037050 0.059119
1 0.614976 0.667555 0.042989 0.075116
1 0.234011 0.358174 0.058016 0.084413
0 0.741132 0.837027 0.026811 0.045916
1 0.599009 0.642730 0.039148 0.068061
1 0.852514 0.858221 0.044019 0.073649
1 0.815375 0.909272 0.042399 0.059354
1 0.478064 0.480263 0.039014 0.066854
1 0.579227 0.638752 0.035937 0.069379
0 0.764611 0.807028 0.025512 0.040248
0 0.452527 0.753659 0.023679 0.041989
1 0.934482 0.447353 0.073173 0.067680
1 0.307104 0.458507 0.066026 0.094824
0 0.414507 0.708513 0.026994 0.045475
0 0.439273 0.742217 0.026836 0.047981
1 0.450974 0.454821 0.017847 0.055570
1 0.437770 0.626948 0.042574 0.061698
0 0.707997 0.892024 0.026700 0.042695
1 0.371630 0.355449 0.018340 0.086639
1 0.656062 0.725078 0.037873 0.060510
0 0.757017 0.824633 0.029591 0.044879
0 0.171648 0.387347 0.028179 0.047169
1 0.334191 0.315744 0.017318 0.095659
1 0.573382 0.703519 0.033554 0.052914
1 0.205936 0.192175 0.069256 0.118658
0 0.154716 0.365387 0.026798 0.044297
0 0.542598 0.663127 0.028504 0.045731
0 0.487967 0.803703 0.026024 0.044313
