1 0.721647 0.431719 0.078969 0.099242
1 0.541965 0.308709 0.033296 0.071904
1 0.222894 0.464109 0.035492 0.076968
1 0.461550 0.304592 0.035030 0.075565
1 0.298008 0.472125 0.033470 0.073968
1 0.345363 0.305338 0.036651 0.083400
1 0.839400 0.198449 0.072564 0.099922
1 0.591806 0.303206 0.035862 0.074289
1 0.333026 0.470415 0.036360 0.073883
1 0.372738 0.469821 0.035372 0.075268
1 0.308358 0.303075 0.035930 0.078145
1 0.600374 0.658169 0.076807 0.088961
1 0.631089 0.308695 0.034373 0.076347
1 0.529737 0.480659 0.038606 0.078036
1 0.422352 0.307339 0.033627 0.072655
0 0.085569 0.330602 0.026740 0.045085
0 0.059132 0.178883 0.028623 0.045960
0 0.052409 0.273560 0.026686 0.052811
0 0.086883 0.485834 0.027530 0.053565
0 0.105654 0.124018 0.030233 0.047695
0 0.100198 0.174740 0.027132 0.051325
1 0.782213 0.312463 0.072108 0.098688
0 0.126651 0.330423 0.026420 0.053566
