1 0.715322 0.611446 0.023434 0.092006
1 0.297671 0.238792 0.022391 0.099540
1 0.457076 0.357203 0.028446 0.100809
1 0.434187 0.355861 0.026664 0.100409
1 0.670291 0.597866 0.021146 0.092405
1 0.735728 0.613296 0.019611 0.081347
1 0.410637 0.340572 0.026705 0.094419
1 0.276209 0.235010 0.023171 0.096169
1 0.647885 0.602181 0.021756 0.091783
1 0.308877 0.323016 0.023455 0.081654
1 0.705583 0.427073 0.029430 0.099212
1 0.732628 0.428883 0.028680 0.101300
1 0.619951 0.598260 0.022550 0.092220
1 0.694505 0.600948 0.022956 0.092090
1 0.367202 0.330113 0.020036 0.081919
1 0.329130 0.316878 0.024277 0.082894
1 0.755503 0.450794 0.028746 0.100191
1 0.386253 0.342417 0.018186 0.080008
1 0.500087 0.371161 0.024721 0.098747
0 0.522356 0.565567 0.017970 0.074958
0 0.583339 0.725150 0.016793 0.060365
1 0.587767 0.390921 0.024497 0.096344
1 0.318545 0.236803 0.021699 0.083812
1 0.349408 0.321767 0.021916 0.080897
0 0.535102 0.728225 0.024326 0.077600
0 0.562973 0.718573 0.021264 0.073188
1 0.203189 0.171971 0.029386 0.100300
