1 0.702644 0.501779 0.025172 0.089884
1 0.724320 0.494949 0.023751 0.093801
1 0.794132 0.455981 0.022807 0.089764
1 0.663535 0.532957 0.024523 0.096406
1 0.751134 0.476811 0.021594 0.089544
1 0.734934 0.695903 0.025188 0.087668
1 0.789122 0.669362 0.024126 0.090518
1 0.347710 0.814561 0.023555 0.095795
1 0.646969 0.537844 0.022226 0.094163
1 0.753971 0.688714 0.023089 0.089603
1 0.805872 0.662961 0.024034 0.092619
1 0.376672 0.800690 0.023823 0.090617
1 0.402592 0.786424 0.024319 0.092904
1 0.687786 0.508223 0.023576 0.091174
1 0.684497 0.721577 0.024019 0.087696
1 0.135186 0.319615 0.022581 0.100752
1 0.207849 0.314258 0.021620 0.078353
1 0.165552 0.303519 0.015581 0.068609
1 0.779189 0.462987 0.021509 0.088972
1 0.764712 0.473067 0.021680 0.090455
1 0.418393 0.778279 0.024450 0.092099
1 0.149456 0.312966 0.023711 0.098239
1 0.701428 0.715106 0.023942 0.086341
1 0.822421 0.656236 0.025994 0.096141
0 0.559064 0.565806 0.021849 0.055327
1 0.676866 0.523098 0.025115 0.092523
1 0.230859 0.301517 0.027841 0.101410
1 0.432386 0.757915 0.028950 0.117463
0 0.550816 0.194037 0.022046 0.026857
1 0.527071 0.788720 0.028583 0.107173
1 0.331190 0.824022 0.024973 0.098531
0 0.538307 0.091453 0.020402 0.024274
0 0.543585 0.130687 0.021895 0.022760
0 0.605702 0.278553 0.022396 0.030037
0 0.554115 0.214641 0.019555 0.024186
0 0.789432 0.126644 0.022653 0.026644
0 0.537233 0.068299 0.021031 0.025220
0 0.606596 0.304505 0.018773 0.025259
0 0.505735 0.212369 0.020509 0.024780
0 0.535540 0.048700 0.022013 0.025684
0 0.868442 0.102650 0.021940 0.025205
0 0.578850 0.049672 0.019297 0.026908
0 0.749668 0.063180 0.022106 0.026254
0 0.752053 0.085540 0.022525 0.025506
0 0.889725 0.086323 0.021898 0.026237
0 0.877249 0.184157 0.020979 0.025923
0 0.668142 0.143715 0.025104 0.029620
0 0.785649 0.084802 0.022685 0.025163
0 0.509058 0.232821 0.020650 0.024014
0 0.601854 0.056348 0.021040 0.024176
0 0.438485 0.212124 0.022185 0.026874
0 0.448693 0.328902 0.022517 0.030495
0 0.607293 0.075032 0.021356 0.024906
0 0.902256 0.174534 0.020549 0.024641
0 0.864743 0.081015 0.021424 0.025686
0 0.947032 0.139844 0.020082 0.027661
0 0.686063 0.075653 0.021262 0.028080
0 0.451898 0.354535 0.023789 0.028781
0 0.613135 0.142537 0.023233 0.025593
0 0.943994 0.117441 0.021387 0.030593
0 0.414324 0.200749 0.021486 0.027987
0 0.948405 0.162593 0.022090 0.026578
0 0.672608 0.190049 0.024953 0.031339
0 0.562873 0.299768 0.022740 0.030726
0 0.800774 0.221182 0.022287 0.023792
0 0.691665 0.125376 0.020721 0.025457
0 0.492035 0.063921 0.021096 0.025958
0 0.557670 0.255921 0.022006 0.030427
0 0.787482 0.104932 0.021928 0.024768
0 0.440908 0.233879 0.020726 0.027196
0 0.541769 0.570750 0.021859 0.056601
0 0.275843 0.851348 0.020413 0.036587
0 0.659211 0.059469 0.022080 0.026630
0 0.560102 0.276856 0.022265 0.030485
0 0.433221 0.166186 0.022274 0.028314
0 0.511293 0.254918 0.020709 0.023967
1 0.173269 0.573357 0.060805 0.050264
0 0.935752 0.053943 0.022737 0.027253
0 0.402768 0.105454 0.021001 0.027531
0 0.522220 0.357777 0.022408 0.029365
0 0.581235 0.071299 0.020759 0.026329
0 0.699136 0.168567 0.025616 0.031725
