1 0.920953 0.370334 0.059370 0.094074
0 0.843597 0.949631 0.031069 0.033531
0 0.862075 0.943547 0.029991 0.031593
0 0.782646 0.966728 0.030742 0.034370
0 0.989664 0.867238 0.020671 0.033547
0 0.906032 0.933109 0.031580 0.033328
0 0.988128 0.906446 0.023743 0.030781
0 0.928848 0.886825 0.031452 0.033329
0 0.883345 0.939014 0.030958 0.034003
0 0.973296 0.872719 0.028571 0.034103
0 0.870920 0.903968 0.030570 0.034204
0 0.848920 0.911496 0.030604 0.033516
0 0.929036 0.926357 0.034018 0.035902
0 0.825883 0.917518 0.032855 0.035508
0 0.806100 0.923873 0.032566 0.033530
0 0.954792 0.881090 0.032724 0.031603
0 0.936040 0.789219 0.027725 0.029890
