1 0.550707 0.457144 0.052353 0.102717
1 0.370461 0.444895 0.099678 0.054498
1 0.692510 0.439728 0.119966 0.048494
1 0.314715 0.539770 0.113172 0.038701
1 0.331463 0.509988 0.119597 0.041104
1 0.455854 0.220683 0.116855 0.052353
1 0.429827 0.310471 0.125300 0.053227
1 0.384178 0.389151 0.120323 0.063569
1 0.391302 0.358152 0.116026 0.056523
1 0.379027 0.418247 0.109095 0.058021
1 0.640515 0.600785 0.127521 0.044737
1 0.691653 0.472380 0.130676 0.054917
1 0.446116 0.284318 0.130872 0.050267
1 0.655394 0.574534 0.127323 0.045106
1 0.413604 0.335702 0.115940 0.052475
1 0.626021 0.626699 0.132276 0.049016
1 0.302712 0.569884 0.118765 0.043170
1 0.769744 0.342492 0.102854 0.039707
1 0.527962 0.611422 0.064738 0.098470
1 0.711004 0.415077 0.128783 0.050345
1 0.347897 0.477035 0.121098 0.048473
1 0.573675 0.298489 0.061646 0.096807
1 0.788917 0.532781 0.068038 0.084655
1 0.405591 0.576800 0.065223 0.099259
1 0.451086 0.564908 0.065030 0.106774
1 0.734366 0.387190 0.128174 0.053763
1 0.737767 0.637823 0.078616 0.109360
1 0.603758 0.650963 0.127267 0.052104
0 0.253881 0.372019 0.037270 0.048796
1 0.688690 0.268768 0.081037 0.034016
0 0.237528 0.478405 0.042982 0.057048
1 0.570309 0.669402 0.090644 0.044858
1 0.799525 0.845559 0.089203 0.042688
1 0.612345 0.217391 0.060874 0.066657
1 0.445855 0.247040 0.085073 0.037265
0 0.199027 0.571330 0.037866 0.046329
0 0.176337 0.327917 0.038469 0.045207
0 0.286147 0.308221 0.039924 0.048346
0 0.751608 0.098768 0.058887 0.035774
0 0.283079 0.382718 0.035592 0.045061
0 0.192580 0.508903 0.045386 0.050775
0 0.628178 0.277193 0.031119 0.044456
0 0.233538 0.417645 0.037438 0.046223
1 0.728010 0.185813 0.069327 0.033950
0 0.877249 0.315270 0.047934 0.059811
0 0.805969 0.308880 0.063749 0.031387
0 0.080279 0.378380 0.054484 0.029079
1 0.640643 0.225859 0.051695 0.056515
