1 0.869499 0.436240 0.072953 0.022260
1 0.872878 0.416825 0.081563 0.022179
1 0.868631 0.392801 0.100778 0.024575
1 0.292764 0.664967 0.107554 0.023143
1 0.304034 0.566846 0.112488 0.022349
1 0.296389 0.640357 0.107454 0.020520
1 0.304097 0.591243 0.109431 0.019517
1 0.327235 0.466685 0.073706 0.017300
1 0.298842 0.615764 0.112223 0.024990
1 0.318542 0.491739 0.073098 0.017374
1 0.608904 0.398691 0.095005 0.024043
1 0.874404 0.369871 0.091750 0.020904
1 0.320282 0.515858 0.073991 0.015529
1 0.322886 0.415779 0.103363 0.024920
1 0.344486 0.366462 0.091199 0.023012
0 0.917645 0.628225 0.046699 0.018163
0 0.920744 0.610410 0.047908 0.018928
1 0.862696 0.345525 0.057124 0.020630
1 0.740346 0.749693 0.071161 0.017944
1 0.050764 0.670557 0.087605 0.028490
0 0.096339 0.546088 0.041469 0.017700
0 0.926295 0.575954 0.043723 0.017637
0 0.878948 0.475565 0.040732 0.014587
0 0.877892 0.550260 0.040280 0.015934
0 0.689550 0.837666 0.049412 0.018777
0 0.696066 0.954843 0.040270 0.016391
0 0.915676 0.685568 0.053531 0.019111
0 0.794535 0.106888 0.028395 0.032448
1 0.313241 0.693872 0.064596 0.021394
1 0.934997 0.489544 0.048580 0.016813
1 0.309615 0.541217 0.100236 0.018363
1 0.521908 0.545484 0.052475 0.019060
