1 0.546553 0.431900 0.062841 0.062958
1 0.788428 0.439789 0.033971 0.092001
1 0.713049 0.200350 0.031398 0.094077
1 0.231091 0.457756 0.033142 0.092547
1 0.675620 0.632462 0.034039 0.093172
1 0.300036 0.419244 0.031715 0.093755
1 0.306902 0.685969 0.030032 0.074375
1 0.402990 0.365049 0.033349 0.089873
1 0.506608 0.311232 0.032328 0.093045
1 0.802322 0.156718 0.036676 0.091613
1 0.543045 0.294094 0.032491 0.091894
1 0.420040 0.356145 0.035401 0.091295
1 0.708675 0.613698 0.036084 0.094612
1 0.339894 0.667544 0.028589 0.073833
1 0.317550 0.410110 0.032683 0.094475
1 0.783729 0.162799 0.033768 0.091955
1 0.659326 0.642471 0.035169 0.093778
1 0.282958 0.429255 0.030180 0.093304
1 0.537047 0.496483 0.057386 0.050293
1 0.754549 0.458840 0.034377 0.096686
1 0.840968 0.409612 0.034670 0.096661
1 0.628613 0.246553 0.034681 0.094847
1 0.525653 0.302691 0.031407 0.093939
1 0.576877 0.276502 0.032079 0.096649
1 0.663222 0.228593 0.032629 0.094365
1 0.306423 0.593748 0.029692 0.081198
1 0.214387 0.473864 0.028851 0.090952
1 0.437617 0.343583 0.029914 0.076289
1 0.266822 0.437896 0.034073 0.095673
1 0.646325 0.237754 0.031354 0.094137
1 0.372051 0.650583 0.030575 0.083750
1 0.627105 0.664075 0.035192 0.094356
1 0.446605 0.205726 0.065811 0.058719
1 0.559932 0.287048 0.031191 0.092326
1 0.823524 0.419761 0.034445 0.095999
1 0.691985 0.624226 0.033353 0.089877
1 0.387176 0.632278 0.037114 0.098705
1 0.611064 0.255546 0.034891 0.096247
1 0.730659 0.191332 0.032019 0.092957
1 0.354875 0.657658 0.029470 0.074865
1 0.335755 0.400694 0.034213 0.095946
1 0.248759 0.448476 0.034847 0.094827
1 0.718659 0.477245 0.036985 0.096155
1 0.680349 0.503379 0.034160 0.099308
1 0.575558 0.690534 0.034720 0.095587
1 0.324146 0.586024 0.030624 0.079100
1 0.611340 0.675070 0.033093 0.086625
1 0.859015 0.400793 0.036467 0.099613
1 0.698682 0.501836 0.036381 0.098404
1 0.748882 0.181318 0.033011 0.095731
0 0.249713 0.792207 0.023534 0.053568
1 0.725221 0.602928 0.039531 0.100005
1 0.439222 0.608940 0.036949 0.089318
1 0.273861 0.703828 0.030037 0.076560
0 0.665503 0.800824 0.023000 0.047039
0 0.608029 0.748214 0.029664 0.033760
1 0.805392 0.428662 0.034881 0.095952
1 0.235778 0.619761 0.028820 0.075033
1 0.109277 0.578032 0.049797 0.044455
0 0.433816 0.795920 0.020928 0.046821
0 0.490814 0.763778 0.019289 0.049225
1 0.256025 0.711745 0.033440 0.091954
0 0.459104 0.832349 0.029938 0.034517
0 0.477349 0.769672 0.018982 0.050480
0 0.493860 0.813980 0.030120 0.033603
0 0.542298 0.784217 0.027842 0.034189
0 0.046797 0.387635 0.018927 0.043874
0 0.116812 0.156891 0.029594 0.033281
0 0.697683 0.781285 0.022365 0.049082
0 0.420836 0.799659 0.021033 0.050649
1 0.630834 0.528652 0.036705 0.093479
0 0.573782 0.767625 0.031541 0.037817
0 0.642929 0.728603 0.029704 0.032658
0 0.649252 0.807872 0.022444 0.045039
0 0.682074 0.792273 0.027037 0.054010
0 0.206596 0.086879 0.019317 0.043042
0 0.344312 0.742635 0.020983 0.050599
0 0.413495 0.704688 0.020979 0.050901
0 0.322980 0.330914 0.032723 0.039479
0 0.126741 0.514385 0.019575 0.050573
0 0.426235 0.696089 0.021596 0.045774
