0 0.429499 0.654786 0.028214 0.028740
0 0.423623 0.638497 0.030173 0.029687
0 0.520261 0.600402 0.032147 0.029468
0 0.223037 0.575209 0.029084 0.030460
0 0.521215 0.771133 0.031265 0.029554
0 0.386440 0.477819 0.031115 0.032104
0 0.577652 0.905598 0.030708 0.030299
0 0.492438 0.787021 0.033832 0.031641
0 0.278160 0.854387 0.031950 0.029520
0 0.550090 0.667636 0.028834 0.025836
0 0.302151 0.925721 0.030076 0.029482
0 0.310727 0.941050 0.029635 0.028981
0 0.352956 0.956847 0.030322 0.027997
0 0.271995 0.837477 0.029857 0.026200
0 0.446796 0.685831 0.031862 0.030205
0 0.587042 0.748695 0.031374 0.030354
0 0.314784 0.876250 0.029905 0.028245
0 0.329846 0.907222 0.030276 0.028850
0 0.242976 0.790194 0.034159 0.031979
0 0.368744 0.486756 0.025336 0.029602
0 0.287737 0.807349 0.033984 0.032926
0 0.424020 0.452424 0.023614 0.033483
0 0.528187 0.789030 0.032381 0.030366
0 0.556807 0.685662 0.030497 0.027254
0 0.349181 0.938186 0.030474 0.028924
0 0.570517 0.888118 0.034099 0.031078
0 0.356458 0.498092 0.027668 0.031797
0 0.483561 0.686048 0.034402 0.030420
0 0.537027 0.632030 0.026615 0.025055
0 0.539816 0.820552 0.030153 0.029754
0 0.323993 0.975236 0.034037 0.034384
0 0.543533 0.650391 0.028777 0.027489
0 0.571332 0.717532 0.030631 0.027510
0 0.489000 0.939401 0.031932 0.028045
0 0.305010 0.836906 0.030630 0.029440
0 0.604130 0.953651 0.031265 0.027456
0 0.256061 0.556663 0.031757 0.033874
0 0.439403 0.668841 0.028129 0.027097
0 0.576387 0.734541 0.028740 0.027249
0 0.461302 0.637388 0.035609 0.035917
0 0.356342 0.498017 0.028317 0.032213
0 0.543150 0.905775 0.028915 0.030084
0 0.546098 0.837637 0.028203 0.028126
0 0.577515 0.970203 0.030369 0.028767
0 0.558457 0.938702 0.030381 0.029493
0 0.568036 0.955708 0.030154 0.028370
0 0.280470 0.790700 0.032362 0.030645
0 0.562515 0.701895 0.029106 0.025703
0 0.587044 0.922599 0.032679 0.032312
0 0.606956 0.800498 0.033242 0.034351
0 0.448168 0.981317 0.033198 0.031582
0 0.464597 0.482560 0.032663 0.032958
0 0.416352 0.621835 0.030966 0.030793
0 0.495195 0.719064 0.031151 0.029568
0 0.284721 0.873324 0.030840 0.030123
0 0.322761 0.892364 0.031825 0.029602
0 0.348831 0.770800 0.032128 0.031318
0 0.434691 0.948725 0.032166 0.028823
0 0.357994 0.784736 0.029379 0.026906
0 0.252376 0.806986 0.028398 0.026927
0 0.595063 0.765693 0.033862 0.029509
0 0.488390 0.704558 0.031469 0.028575
0 0.511075 0.754357 0.029569 0.027271
0 0.318216 0.956490 0.029847 0.028883
0 0.601620 0.782371 0.027873 0.025316
0 0.500016 0.803760 0.029121 0.027578
