1 0.212312 0.616217 0.085268 0.045456
1 0.350747 0.216639 0.069130 0.035485
1 0.523388 0.599088 0.074325 0.033384
1 0.241099 0.527003 0.081978 0.037419
1 0.448091 0.673086 0.042147 0.083069
1 0.301402 0.354166 0.081129 0.036663
1 0.258108 0.492339 0.076058 0.036974
1 0.673303 0.571954 0.064251 0.031521
1 0.534673 0.560288 0.075200 0.035021
1 0.309303 0.333714 0.083130 0.036579
1 0.634286 0.785376 0.084124 0.039415
1 0.532323 0.579549 0.077104 0.036523
1 0.656709 0.742967 0.082236 0.032072
1 0.321670 0.292489 0.082499 0.031304
1 0.272643 0.390826 0.090193 0.039472
1 0.316474 0.311293 0.080620 0.033598
1 0.365652 0.198587 0.062077 0.034297
1 0.538535 0.537328 0.080285 0.035843
1 0.239785 0.549222 0.079628 0.033367
1 0.684495 0.653548 0.082278 0.035017
1 0.554199 0.496655 0.081081 0.036484
1 0.269145 0.454150 0.083831 0.035535
1 0.329644 0.255435 0.082347 0.041388
1 0.534030 0.739788 0.032134 0.074920
1 0.678750 0.696448 0.084283 0.036846
1 0.306247 0.623892 0.041999 0.074405
1 0.195489 0.658988 0.062308 0.032383
1 0.403063 0.647478 0.039026 0.070034
1 0.359614 0.166944 0.085405 0.047345
1 0.679340 0.629498 0.079615 0.037182
1 0.514544 0.828970 0.046287 0.076368
1 0.520254 0.618902 0.079610 0.032852
1 0.182773 0.682289 0.077083 0.038853
1 0.546987 0.517215 0.084277 0.039240
1 0.545977 0.829964 0.046309 0.078739
1 0.685548 0.533262 0.040254 0.048241
1 0.271513 0.433594 0.087048 0.035581
1 0.468596 0.699825 0.037803 0.066919
1 0.636683 0.517845 0.051445 0.083874
1 0.375138 0.647896 0.040904 0.071678
1 0.679980 0.674763 0.085764 0.041784
1 0.271800 0.412104 0.085271 0.034887
1 0.486242 0.736436 0.042083 0.074005
1 0.671759 0.719096 0.085007 0.034201
1 0.333552 0.132557 0.052507 0.028024
1 0.332552 0.624922 0.037420 0.065906
1 0.613852 0.505512 0.036007 0.064191
1 0.348815 0.238052 0.055051 0.029746
1 0.276225 0.621189 0.039000 0.071354
1 0.680523 0.675260 0.087249 0.040090
1 0.426418 0.657093 0.040248 0.080075
1 0.570068 0.832826 0.041636 0.081069
1 0.708991 0.593423 0.055788 0.028982
0 0.723699 0.315655 0.037327 0.022314
1 0.265385 0.473665 0.080751 0.036880
1 0.506051 0.754942 0.032797 0.057207
1 0.232157 0.567174 0.087966 0.035813
0 0.617883 0.641856 0.022913 0.035041
0 0.502530 0.222131 0.026969 0.036664
1 0.228411 0.585546 0.090490 0.032495
0 0.521343 0.226317 0.027172 0.036026
0 0.663590 0.604394 0.037708 0.019513
1 0.588195 0.088510 0.074113 0.043975
1 0.356075 0.040407 0.038620 0.025324
1 0.232226 0.567537 0.087630 0.035499
