1 0.552729 0.604311 0.107138 0.054891
1 0.649217 0.674845 0.110874 0.047766
1 0.784612 0.772454 0.114859 0.053261
1 0.614976 0.640054 0.086326 0.044290
1 0.590287 0.626069 0.109909 0.054210
1 0.682332 0.689943 0.104946 0.056111
1 0.314015 0.455166 0.137567 0.035349
1 0.707530 0.705265 0.106776 0.058538
1 0.370641 0.521276 0.133740 0.031138
1 0.472305 0.780631 0.065746 0.020859
1 0.262601 0.333079 0.136353 0.029223
1 0.492597 0.816262 0.080513 0.024753
1 0.252561 0.397412 0.086714 0.025824
1 0.349453 0.495307 0.142489 0.029952
1 0.469857 0.764124 0.069982 0.022717
1 0.314771 0.434070 0.107790 0.025707
1 0.271673 0.356016 0.137713 0.027555
0 0.820990 0.636918 0.055986 0.031281
0 0.769701 0.602300 0.052365 0.027374
1 0.514366 0.869282 0.082490 0.027472
1 0.785027 0.747431 0.088330 0.042469
1 0.452554 0.731929 0.069138 0.020748
0 0.847529 0.647359 0.063331 0.035634
0 0.844147 0.302104 0.069064 0.043050
1 0.448411 0.713637 0.074406 0.023010
1 0.489666 0.797251 0.070660 0.024108
0 0.174476 0.541303 0.052846 0.017503
1 0.304138 0.413917 0.138117 0.030824
0 0.418525 0.649280 0.061162 0.021489
1 0.466057 0.747867 0.067211 0.022723
1 0.591186 0.625829 0.109798 0.053362
