1 0.676135 0.664399 0.080509 0.084427
1 0.647108 0.641441 0.077532 0.087962
1 0.298726 0.337276 0.075188 0.089044
0 0.653611 0.867513 0.048160 0.048365
1 0.247123 0.592511 0.127816 0.119176
1 0.467736 0.495566 0.088564 0.099887
1 0.461912 0.652969 0.084911 0.111046
0 0.153556 0.391293 0.050878 0.054724
1 0.528155 0.521616 0.118490 0.152913
1 0.113057 0.565653 0.073322 0.086552
1 0.361858 0.528404 0.076007 0.072485
0 0.623282 0.911738 0.051868 0.047092
0 0.186758 0.346606 0.046834 0.047478
1 0.434869 0.632298 0.090407 0.109372
1 0.505210 0.499876 0.115986 0.174566
1 0.513869 0.202289 0.140545 0.164429
1 0.501970 0.685943 0.088257 0.111881
1 0.378026 0.389996 0.116053 0.153901
1 0.328027 0.596446 0.055078 0.053993
0 0.171736 0.364285 0.039387 0.043843
