0 0.638780 0.613224 0.022376 0.025865
0 0.420632 0.612293 0.018955 0.025192
0 0.608565 0.494692 0.021030 0.025881
0 0.515086 0.103945 0.019796 0.020306
0 0.509080 0.089700 0.021212 0.025527
0 0.401311 0.591919 0.022277 0.030478
0 0.466453 0.600995 0.020576 0.024445
0 0.460506 0.113263 0.022609 0.024708
0 0.638268 0.838293 0.019441 0.022896
0 0.615727 0.509840 0.022597 0.025232
0 0.038581 0.398194 0.022385 0.023306
0 0.606050 0.696172 0.020422 0.023909
0 0.609396 0.710066 0.021535 0.025454
0 0.595910 0.664924 0.019979 0.023695
0 0.448550 0.579796 0.021602 0.028672
1 0.428396 0.649859 0.061236 0.026391
0 0.634720 0.596216 0.022324 0.024867
0 0.656256 0.677937 0.020937 0.022124
0 0.746730 0.171657 0.022604 0.019376
0 0.647097 0.643086 0.021438 0.024771
0 0.658999 0.693843 0.021793 0.022273
0 0.044502 0.409908 0.023809 0.027244
0 0.646206 0.870949 0.020638 0.024465
0 0.659881 0.921256 0.019401 0.024451
0 0.627805 0.559370 0.024988 0.028374
0 0.653286 0.883694 0.021878 0.026072
0 0.977073 0.938241 0.020949 0.021377
0 0.511178 0.328506 0.018788 0.023779
0 0.662558 0.939006 0.020579 0.024740
0 0.827622 0.973877 0.020325 0.019980
0 0.795426 0.984231 0.021386 0.018883
0 0.709619 0.897436 0.020674 0.023654
