0 0.796563 0.185581 0.034080 0.048673
0 0.852405 0.171695 0.031851 0.045120
0 0.839497 0.121216 0.032135 0.050092
0 0.876486 0.123585 0.027859 0.046076
0 0.351737 0.041242 0.034204 0.047790
0 0.954762 0.179969 0.033197 0.048714
0 0.822896 0.179985 0.028161 0.044429
0 0.318664 0.042823 0.029373 0.047507
0 0.100258 0.043816 0.057419 0.029386
0 0.263181 0.054968 0.033419 0.051376
0 0.724191 0.139541 0.032598 0.048134
0 0.734832 0.189465 0.031898 0.050214
0 0.096409 0.019814 0.069131 0.030959
0 0.593345 0.276616 0.054931 0.025671
0 0.706330 0.194965 0.028932 0.048382
0 0.199628 0.062414 0.028871 0.046529
0 0.560658 0.151944 0.059095 0.033506
0 0.170333 0.067723 0.031614 0.049161
