0 0.974543 0.851498 0.017818 0.024934
0 0.948794 0.904625 0.016278 0.023323
0 0.893623 0.932480 0.018985 0.024028
0 0.868745 0.847473 0.017804 0.025984
0 0.037194 0.453092 0.017778 0.024926
0 0.054948 0.119258 0.016826 0.023827
0 0.965455 0.904342 0.016458 0.023159
0 0.888414 0.847802 0.017198 0.022789
0 0.914151 0.904843 0.015472 0.023065
0 0.906251 0.848244 0.015739 0.021680
0 0.027788 0.590212 0.016705 0.020415
0 0.054029 0.153254 0.019875 0.026712
0 0.031121 0.535151 0.018410 0.022461
0 0.929680 0.904618 0.014496 0.023428
0 0.034052 0.509112 0.018397 0.024179
