2 0.295080 0.584095 0.112696 0.194479
2 0.436417 0.766151 0.113448 0.202803
2 0.700565 0.855797 0.069604 0.115184
2 0.985198 0.666411 0.029604 0.076060
2 0.358441 0.696348 0.116711 0.198353
2 0.946660 0.623013 0.056763 0.097948
2 0.504623 0.319072 0.041234 0.068892
2 0.507141 0.101203 0.061070 0.107936
2 0.869433 0.191203 0.054304 0.097137
2 0.608232 0.379666 0.067412 0.116016
2 0.588752 0.724352 0.109638 0.180352
2 0.679447 0.055215 0.040064 0.069469
2 0.921224 0.554341 0.050027 0.087200
2 0.933225 0.255162 0.043442 0.063672
2 0.905892 0.216472 0.032495 0.060679
2 0.119199 0.775748 0.092090 0.142670
2 0.273897 0.910545 0.103752 0.166900
2 0.665720 0.436124 0.060439 0.110224
2 0.474940 0.164716 0.069201 0.106834
2 0.730177 0.476561 0.064124 0.118135
2 0.514701 0.825976 0.101380 0.166789
