1 0.409617 0.403703 0.035084 0.111156
1 0.340857 0.401538 0.031872 0.109613
1 0.270353 0.395480 0.039167 0.108010
1 0.227617 0.398837 0.034283 0.100110
1 0.166636 0.388994 0.035182 0.113533
1 0.374298 0.402481 0.031980 0.108253
0 0.285133 0.870466 0.025966 0.066191
0 0.253877 0.796983 0.027157 0.069668
0 0.136186 0.637323 0.026225 0.066894
0 0.226644 0.794724 0.025035 0.070522
0 0.316272 0.871845 0.026338 0.064246
0 0.288107 0.636026 0.029979 0.083807
0 0.283517 0.794034 0.024165 0.068635
0 0.163255 0.796323 0.026111 0.064229
0 0.095808 0.793554 0.026418 0.072466
0 0.255855 0.864225 0.024771 0.062097
0 0.315887 0.796478 0.026630 0.075821
0 0.349354 0.628758 0.027610 0.071312
0 0.163613 0.860461 0.024356 0.063513
0 0.164532 0.628174 0.025877 0.072584
0 0.374975 0.795408 0.028535 0.071114
0 0.225461 0.636380 0.027491 0.069725
0 0.069871 0.634509 0.040780 0.098462
0 0.197149 0.865703 0.025165 0.064968
0 0.376243 0.866825 0.025311 0.065776
0 0.229282 0.867136 0.025754 0.069446
0 0.195399 0.791702 0.026962 0.073690
0 0.548184 0.887026 0.055158 0.026882
0 0.065625 0.856643 0.027533 0.077484
0 0.549973 0.813952 0.057556 0.028570
0 0.094348 0.861024 0.028397 0.067770
0 0.344465 0.864149 0.025393 0.061629
0 0.546357 0.958714 0.055867 0.031771
0 0.123817 0.505358 0.061154 0.035828
0 0.551008 0.851827 0.055201 0.041193
0 0.546720 0.774239 0.050303 0.026702
0 0.345863 0.792646 0.026292 0.072123
