2 0.223451 0.690068 0.046997 0.033572
2 0.547358 0.787266 0.079606 0.073573
2 0.158454 0.702523 0.040866 0.029475
2 0.298663 0.825985 0.068339 0.053200
2 0.463116 0.523913 0.037548 0.028969
2 0.659202 0.493399 0.046290 0.031668
2 0.354347 0.665807 0.045713 0.033927
2 0.398034 0.537439 0.045059 0.031393
2 0.594492 0.501255 0.045800 0.031782
2 0.419016 0.659212 0.042535 0.032571
2 0.245391 0.433192 0.043570 0.031484
2 0.222734 0.310873 0.045461 0.033274
2 0.179930 0.443495 0.045826 0.030760
2 0.517953 0.168618 0.092823 0.083268
2 0.483912 0.647730 0.044472 0.031731
2 0.440356 0.808797 0.068326 0.060863
2 0.133733 0.566852 0.045333 0.031790
2 0.332784 0.544047 0.044017 0.031278
2 0.267888 0.556601 0.044476 0.031649
2 0.310280 0.421292 0.048843 0.035714
2 0.550935 0.635753 0.039415 0.030437
2 0.529342 0.512026 0.044075 0.032656
2 0.761929 0.133750 0.101236 0.085600
2 0.364722 0.818197 0.065770 0.060675
2 0.441641 0.405105 0.042999 0.030048
2 0.289588 0.680591 0.041436 0.033885
2 0.202238 0.568507 0.041709 0.030729
2 0.376118 0.412204 0.046624 0.033009
