0 0.993966 0.788691 0.012068 0.016871
0 0.852327 0.948132 0.016321 0.018322
0 0.983993 0.735415 0.016167 0.019000
0 0.826941 0.974432 0.015387 0.018858
0 0.822018 0.981902 0.015296 0.017772
2 0.468460 0.722235 0.070290 0.074285
0 0.900192 0.957968 0.019608 0.021461
0 0.957973 0.760854 0.015524 0.017384
0 0.940330 0.782843 0.017153 0.021202
0 0.870022 0.926177 0.018461 0.019690
0 0.834095 0.967586 0.016191 0.018316
0 0.947550 0.841378 0.017022 0.019562
0 0.971000 0.748217 0.013927 0.016603
0 0.876518 0.919959 0.015741 0.017459
0 0.911667 0.881675 0.016519 0.017809
0 0.915826 0.805882 0.017286 0.019763
0 0.934570 0.853477 0.013466 0.016725
0 0.964382 0.753823 0.015264 0.017594
0 0.969505 0.823023 0.015794 0.017440
