2 0.642459 0.501127 0.052601 0.044045
2 0.290604 0.342341 0.072009 0.058170
2 0.441802 0.547684 0.039287 0.035988
2 0.227357 0.927517 0.039266 0.035284
2 0.720970 0.898784 0.090268 0.073734
2 0.053181 0.379234 0.058733 0.046502
2 0.412514 0.860595 0.055407 0.047538
2 0.170336 0.532069 0.041729 0.034596
2 0.475702 0.882713 0.053059 0.045498
2 0.481810 0.553786 0.053599 0.045486
2 0.189153 0.157209 0.037204 0.032021
2 0.195447 0.930037 0.045639 0.037195
2 0.058715 0.927947 0.054236 0.042753
2 0.871713 0.715971 0.067297 0.060216
2 0.170715 0.550911 0.039175 0.030158
2 0.188034 0.483792 0.034085 0.027063
2 0.170787 0.969217 0.060588 0.046345
2 0.268827 0.382653 0.044820 0.035548
2 0.224507 0.102324 0.054849 0.043350
2 0.730273 0.315033 0.068249 0.050759
2 0.111224 0.949790 0.061450 0.052737
2 0.624531 0.601245 0.071106 0.060910
2 0.409979 0.552940 0.036360 0.033896
2 0.249215 0.430356 0.059587 0.044296
2 0.686178 0.810370 0.076575 0.064024
2 0.073878 0.339011 0.055627 0.043972
2 0.478708 0.164792 0.078169 0.067296
2 0.697370 0.514686 0.044787 0.039630
2 0.206886 0.129959 0.049050 0.039497
2 0.169495 0.578687 0.031716 0.027485
2 0.592058 0.476652 0.074462 0.062944
2 0.186191 0.569253 0.032081 0.027366
2 0.226192 0.980775 0.048290 0.038450
2 0.188589 0.131010 0.038182 0.033841
2 0.187669 0.506094 0.034941 0.028419
2 0.198734 0.546041 0.031464 0.025289
2 0.079461 0.949338 0.035339 0.032025
2 0.663110 0.607407 0.042504 0.034935
2 0.223238 0.457620 0.040754 0.031379
2 0.209280 0.480540 0.040521 0.034172
2 0.759156 0.840642 0.117922 0.093469
2 0.906382 0.488650 0.032241 0.026908
2 0.099604 0.338607 0.028025 0.022219
