2 0.702348 0.782760 0.030631 0.032844
2 0.696260 0.880151 0.035361 0.040494
2 0.382778 0.693627 0.026204 0.026740
2 0.288733 0.624545 0.028244 0.030501
2 0.637837 0.859304 0.031621 0.037675
2 0.404649 0.664741 0.018938 0.022227
2 0.870847 0.533850 0.025188 0.026191
2 0.872790 0.556571 0.021172 0.021696
2 0.357378 0.108335 0.025430 0.026232
2 0.281088 0.289450 0.017639 0.020440
2 0.333641 0.638231 0.021666 0.024659
2 0.505299 0.703811 0.021340 0.022514
2 0.275374 0.303989 0.010017 0.011083
2 0.251308 0.277618 0.015386 0.016387
2 0.195658 0.437271 0.010256 0.011168
2 0.264730 0.324477 0.009925 0.010468
2 0.228972 0.381371 0.011789 0.010540
