1 0.314778 0.300649 0.035047 0.027513
1 0.621717 0.707729 0.020670 0.041517
1 0.167161 0.255806 0.035901 0.025936
1 0.170584 0.463050 0.034117 0.025541
1 0.353699 0.322097 0.035570 0.025056
1 0.640708 0.713355 0.021227 0.042344
1 0.228584 0.421460 0.034991 0.025702
1 0.346905 0.531679 0.037528 0.028315
1 0.192586 0.402725 0.034774 0.027065
1 0.305073 0.330439 0.035221 0.026973
1 0.307461 0.511209 0.040149 0.029496
1 0.366769 0.496773 0.035270 0.027483
1 0.479750 0.621794 0.023415 0.041992
1 0.176717 0.311524 0.034400 0.026213
1 0.233016 0.290746 0.034678 0.027830
1 0.045043 0.369344 0.021870 0.041176
1 0.295006 0.350646 0.033025 0.027291
1 0.769656 0.779990 0.021036 0.042143
1 0.317713 0.388704 0.034619 0.026353
1 0.273545 0.517922 0.035169 0.026962
1 0.261134 0.330164 0.035277 0.027453
1 0.395939 0.417077 0.035022 0.027080
1 0.337460 0.467356 0.035027 0.026466
1 0.430346 0.435788 0.034340 0.026373
1 0.285187 0.548918 0.034562 0.027155
1 0.722339 0.753999 0.022992 0.042469
1 0.319863 0.568790 0.034576 0.028067
1 0.301050 0.448726 0.034376 0.026332
1 0.232225 0.410556 0.034317 0.027023
1 0.371005 0.486166 0.034249 0.027202
1 0.461062 0.609541 0.019381 0.043620
1 0.266316 0.429666 0.035180 0.026410
1 0.736795 0.761787 0.021538 0.038926
1 0.193423 0.511557 0.035696 0.027280
1 0.308545 0.536743 0.035443 0.027857
1 0.197662 0.391480 0.034551 0.027891
1 0.343525 0.555919 0.036124 0.025566
1 0.398064 0.526071 0.034865 0.026907
1 0.243347 0.538474 0.035074 0.027137
1 0.156117 0.490899 0.035766 0.025430
1 0.423335 0.359079 0.030627 0.024043
1 0.354044 0.587848 0.035543 0.025844
1 0.063737 0.379461 0.021157 0.042864
1 0.223545 0.542138 0.035578 0.028825
1 0.361043 0.424019 0.032044 0.023173
1 0.405223 0.504666 0.034317 0.025943
1 0.225954 0.433345 0.035125 0.027034
1 0.544055 0.656562 0.023010 0.045010
1 0.195798 0.449178 0.037858 0.028412
1 0.358018 0.395575 0.034733 0.026470
1 0.080619 0.335913 0.022725 0.044292
1 0.269183 0.310488 0.034023 0.026015
1 0.332766 0.478578 0.033935 0.026797
1 0.384396 0.552149 0.037417 0.029698
1 0.388878 0.340790 0.034066 0.026982
1 0.378897 0.573766 0.034089 0.026995
1 0.655438 0.720078 0.022551 0.041941
1 0.495325 0.460356 0.017695 0.031690
1 0.282882 0.370312 0.034362 0.026256
1 0.196381 0.175871 0.016859 0.026340
1 0.378448 0.349096 0.033786 0.025651
1 0.034169 0.178018 0.021543 0.017468
1 0.162282 0.509328 0.034260 0.025299
1 0.298100 0.459834 0.034585 0.026079
1 0.062713 0.322600 0.021784 0.045967
1 0.242048 0.488558 0.034657 0.025654
1 0.053502 0.378112 0.019201 0.038659
1 0.288830 0.359354 0.034716 0.025592
1 0.363183 0.508533 0.034847 0.025698
1 0.088394 0.430984 0.034884 0.026983
1 0.446930 0.386047 0.033567 0.025844
1 0.323657 0.378526 0.034373 0.026187
1 0.010081 0.176334 0.020162 0.018582
1 0.106491 0.533080 0.028693 0.028022
1 0.029430 0.207649 0.023439 0.019182
1 0.112734 0.454282 0.032266 0.023563
1 0.246469 0.348366 0.033930 0.025036
1 0.194282 0.293674 0.035652 0.025861
1 0.451975 0.374809 0.026498 0.021611
1 0.406971 0.491806 0.034075 0.025063
1 0.328660 0.489674 0.033767 0.027517
1 0.214588 0.191314 0.016728 0.027823
1 0.048079 0.433582 0.035905 0.026230
1 0.706163 0.745192 0.022087 0.043429
0 0.128496 0.592746 0.011400 0.018036
1 0.413402 0.367874 0.035058 0.025486
1 0.289225 0.485730 0.027825 0.022070
1 0.235717 0.458334 0.026658 0.022748
0 0.200387 0.654264 0.013654 0.020409
1 0.009273 0.116973 0.018547 0.019105
1 0.036419 0.189279 0.021436 0.018079
1 0.212001 0.329628 0.033527 0.026060
1 0.233514 0.470488 0.035326 0.027782
1 0.062420 0.206880 0.021287 0.019564
1 0.264438 0.441202 0.032931 0.026763
1 0.050298 0.298729 0.022948 0.046125
1 0.179841 0.299616 0.033598 0.027322
0 0.262583 0.667439 0.011502 0.020047
1 0.270520 0.489454 0.039423 0.027191
1 0.176050 0.165036 0.015088 0.026564
0 0.185359 0.694132 0.012446 0.022504
1 0.116842 0.469996 0.035027 0.024466
0 0.009186 0.267850 0.012273 0.020198
1 0.402268 0.516283 0.033743 0.025860
1 0.209615 0.471402 0.032505 0.025784
1 0.174091 0.451430 0.033373 0.025506
0 0.964232 0.749761 0.013179 0.022340
0 0.966699 0.865612 0.011445 0.019378
0 0.234602 0.720285 0.013028 0.019907
1 0.069470 0.233432 0.021736 0.019144
1 0.353160 0.599267 0.034406 0.025127
1 0.042942 0.416534 0.037875 0.028601
0 0.981045 0.873837 0.012527 0.019588
1 0.407433 0.492309 0.034789 0.026629
1 0.294220 0.471276 0.035549 0.026832
0 0.214061 0.658571 0.012448 0.020389
1 0.593447 0.684019 0.022147 0.040366
0 0.982645 0.739551 0.012787 0.019432
1 0.555172 0.665332 0.023993 0.043077
0 0.953165 0.857317 0.011834 0.019311
0 0.946320 0.874303 0.013686 0.019700
0 0.954201 0.878876 0.013573 0.019604
1 0.055946 0.450232 0.035685 0.025937
0 0.995107 0.768706 0.009785 0.021437
0 0.195072 0.699259 0.011889 0.018982
1 0.040022 0.217636 0.020467 0.019437
0 0.620869 0.828443 0.013870 0.016028
0 0.447941 0.080551 0.009414 0.018943
1 0.214293 0.317626 0.035700 0.028457
0 0.121061 0.588996 0.011457 0.019776
1 0.700591 0.919619 0.030733 0.018871
0 0.976713 0.690126 0.011951 0.019567
1 0.053320 0.410922 0.034128 0.028620
0 0.973508 0.824223 0.011978 0.018381
0 0.184979 0.644843 0.012524 0.019577
0 0.970053 0.668116 0.011831 0.018308
0 0.957304 0.932266 0.013175 0.020706
0 0.947106 0.809544 0.012249 0.019240
0 0.981876 0.893936 0.012040 0.019449
0 0.966457 0.888102 0.012378 0.020076
0 0.171068 0.637701 0.012057 0.019778
0 0.192403 0.627947 0.013484 0.019630
0 0.650072 0.856562 0.013708 0.020478
