1 0.672326 0.529385 0.050156 0.036227
1 0.496323 0.450087 0.058556 0.042318
1 0.132172 0.411293 0.055126 0.043019
1 0.121913 0.546859 0.056006 0.043374
1 0.489842 0.566891 0.058728 0.041597
1 0.488290 0.588524 0.058003 0.040621
1 0.385384 0.518173 0.050638 0.039937
1 0.124787 0.523967 0.055848 0.044735
1 0.301373 0.561130 0.057504 0.040423
1 0.484468 0.679371 0.059880 0.040596
1 0.503656 0.401814 0.051882 0.035911
1 0.663905 0.578947 0.050205 0.035692
1 0.298226 0.584915 0.057964 0.038687
1 0.307791 0.470633 0.055263 0.039092
1 0.114520 0.684241 0.056693 0.043818
1 0.131470 0.386647 0.055271 0.044221
1 0.317700 0.349142 0.060836 0.037816
1 0.494580 0.473559 0.059084 0.041252
1 0.110538 0.708076 0.057644 0.042762
1 0.565095 0.499173 0.054094 0.043814
1 0.369583 0.677472 0.056109 0.043152
1 0.310389 0.446891 0.057651 0.039653
1 0.127714 0.454790 0.057841 0.043592
1 0.128603 0.431941 0.057396 0.043003
1 0.120180 0.616636 0.056628 0.042685
1 0.385350 0.424890 0.053261 0.043520
1 0.484778 0.611858 0.058051 0.040972
1 0.206792 0.423876 0.054223 0.044252
1 0.118375 0.662587 0.057515 0.043306
1 0.668499 0.553401 0.046306 0.035377
1 0.374495 0.627750 0.048361 0.037749
1 0.201375 0.466867 0.055891 0.043558
1 0.376488 0.654631 0.048655 0.038266
1 0.186829 0.622078 0.058363 0.042895
1 0.673715 0.483726 0.049475 0.035761
1 0.310277 0.489759 0.048374 0.034966
1 0.484087 0.633313 0.058962 0.040270
1 0.376019 0.579920 0.055907 0.042528
1 0.386486 0.471644 0.056908 0.039769
1 0.296795 0.609187 0.058618 0.039694
1 0.671854 0.441519 0.049328 0.035870
1 0.664795 0.622252 0.053102 0.037028
1 0.487921 0.653434 0.051940 0.035398
1 0.496315 0.515835 0.051015 0.037951
1 0.489421 0.543454 0.058165 0.040473
1 0.200537 0.489483 0.055632 0.042776
1 0.569342 0.429080 0.056466 0.043211
1 0.101719 0.726067 0.056484 0.042281
1 0.670454 0.397129 0.058451 0.041792
1 0.479010 0.727398 0.060605 0.039914
1 0.501782 0.360023 0.050130 0.035512
1 0.571825 0.409655 0.054582 0.041886
1 0.186433 0.671069 0.058348 0.042742
1 0.499712 0.427347 0.050358 0.036087
1 0.663916 0.667061 0.053747 0.037428
1 0.296336 0.654207 0.056765 0.040494
1 0.672911 0.373351 0.056220 0.040314
1 0.563805 0.521854 0.054365 0.043144
1 0.126864 0.501257 0.055975 0.043307
1 0.499043 0.493542 0.050974 0.037355
1 0.382665 0.491055 0.052384 0.038563
1 0.127527 0.477929 0.057215 0.043069
1 0.681225 0.501465 0.048968 0.034281
1 0.389778 0.380811 0.048693 0.035143
1 0.597822 0.381399 0.046239 0.046869
1 0.297822 0.630892 0.056785 0.041168
1 0.668211 0.598600 0.049258 0.034293
1 0.562271 0.568477 0.056319 0.042918
1 0.670810 0.419343 0.056913 0.040267
1 0.557080 0.634370 0.054201 0.042156
1 0.382175 0.608009 0.054177 0.042346
1 0.379014 0.560441 0.055282 0.042361
1 0.555838 0.657926 0.053552 0.042270
1 0.387202 0.401248 0.048749 0.036119
1 0.569533 0.477599 0.055608 0.041764
1 0.312611 0.399618 0.058862 0.039937
1 0.306068 0.427689 0.059494 0.039190
1 0.187025 0.696074 0.056721 0.042591
1 0.192314 0.600995 0.054648 0.043711
1 0.565352 0.451086 0.054701 0.043076
1 0.560170 0.590546 0.057152 0.044110
1 0.381973 0.538365 0.055890 0.043862
1 0.135638 0.366981 0.054806 0.040590
1 0.191579 0.650391 0.055744 0.043064
1 0.204267 0.396314 0.056681 0.042848
1 0.551289 0.677320 0.046373 0.035983
1 0.197939 0.511321 0.056737 0.043086
1 0.672552 0.462308 0.050360 0.038131
1 0.120880 0.593543 0.056135 0.041681
1 0.190606 0.575935 0.055332 0.043631
1 0.560151 0.613759 0.056535 0.042678
1 0.561286 0.544152 0.055483 0.043077
1 0.118443 0.568780 0.056020 0.043112
1 0.194082 0.556222 0.056483 0.043159
1 0.545835 0.721011 0.046872 0.037503
1 0.664951 0.712031 0.038500 0.028171
1 0.202535 0.443451 0.056146 0.043679
1 0.311649 0.528875 0.046364 0.035297
