2 0.099029 0.832972 0.023949 0.021855
2 0.269864 0.893579 0.021882 0.020077
2 0.355266 0.972028 0.023523 0.025455
2 0.410167 0.847010 0.020479 0.021772
2 0.517942 0.797270 0.025444 0.025569
2 0.360433 0.883570 0.021229 0.023760
2 0.437446 0.962884 0.015272 0.014100
2 0.519167 0.852708 0.023706 0.024587
2 0.500148 0.864770 0.026648 0.027436
2 0.578005 0.855568 0.016781 0.015386
2 0.331987 0.824652 0.022773 0.027055
2 0.478306 0.822605 0.024034 0.024211
2 0.645442 0.825214 0.024553 0.024286
2 0.439574 0.846028 0.023709 0.022261
2 0.586238 0.813846 0.026568 0.026071
2 0.480992 0.875695 0.025564 0.024960
2 0.387027 0.965749 0.025302 0.021719
2 0.617711 0.814290 0.019602 0.020034
2 0.316771 0.873462 0.020434 0.023310
2 0.294985 0.869242 0.024765 0.025563
2 0.112390 0.935479 0.025996 0.024133
2 0.066403 0.964804 0.026044 0.023507
2 0.496019 0.695300 0.019451 0.018997
2 0.304929 0.821012 0.025401 0.028343
2 0.324611 0.791397 0.017473 0.015654
2 0.498117 0.809171 0.027357 0.028090
2 0.506310 0.742334 0.015963 0.016589
2 0.678449 0.884486 0.028152 0.026316
2 0.539103 0.942356 0.027231 0.027000
2 0.505622 0.948419 0.027122 0.025797
2 0.340254 0.931486 0.015250 0.014228
2 0.506778 0.931489 0.016037 0.015741
2 0.494640 0.773917 0.015045 0.014725
2 0.556418 0.774513 0.026683 0.026347
2 0.444826 0.940686 0.015208 0.013402
2 0.473422 0.740412 0.019023 0.019279
2 0.448026 0.916998 0.014688 0.012633
2 0.550680 0.672075 0.022456 0.021940
2 0.328131 0.982418 0.014010 0.012684
2 0.537821 0.785808 0.025808 0.025735
2 0.384640 0.840431 0.021241 0.023125
2 0.249288 0.847824 0.024329 0.021166
2 0.494570 0.748349 0.015754 0.014529
2 0.576977 0.889048 0.016041 0.014520
2 0.271358 0.916290 0.012281 0.012758
2 0.461547 0.886710 0.022810 0.024237
2 0.338461 0.880040 0.017214 0.022259
2 0.588916 0.907427 0.015379 0.016240
2 0.407565 0.746025 0.015437 0.017372
2 0.570187 0.763250 0.017451 0.015985
