2 0.755467 0.613983 0.042621 0.043579
2 0.658045 0.314211 0.027619 0.028830
2 0.195081 0.722762 0.052232 0.054281
2 0.540676 0.672868 0.050054 0.049824
2 0.578267 0.637461 0.048144 0.047720
2 0.637800 0.235444 0.054282 0.051237
2 0.783601 0.820452 0.050943 0.051804
2 0.406980 0.762362 0.048930 0.053897
2 0.662577 0.540693 0.056124 0.052346
2 0.649052 0.280388 0.042713 0.042845
2 0.636639 0.470565 0.052188 0.049795
2 0.740236 0.658174 0.053137 0.053039
2 0.616833 0.632694 0.030781 0.032833
2 0.651601 0.587415 0.040290 0.040044
2 0.660565 0.502534 0.052577 0.047985
2 0.648898 0.280215 0.042858 0.041910
2 0.636193 0.609742 0.026275 0.025791
