2 0.521290 0.087200 0.012087 0.015957
2 0.380544 0.327371 0.015952 0.017540
2 0.419443 0.083852 0.013145 0.015762
2 0.763418 0.068677 0.012108 0.012784
2 0.273194 0.279154 0.018963 0.020796
2 0.254336 0.278421 0.018607 0.020370
2 0.777901 0.068836 0.011703 0.012901
2 0.683644 0.146139 0.013360 0.015642
2 0.698109 0.145482 0.012508 0.014715
2 0.742151 0.145642 0.011341 0.013164
2 0.361372 0.327330 0.017350 0.018905
2 0.410053 0.284602 0.019182 0.020920
2 0.793142 0.069153 0.012467 0.013463
2 0.642083 0.196735 0.011660 0.015291
2 0.675954 0.068807 0.010836 0.013875
2 0.536239 0.088264 0.013541 0.015831
2 0.579458 0.089282 0.012861 0.015775
2 0.374554 0.082813 0.013628 0.014467
2 0.872299 0.112446 0.012621 0.016460
2 0.729004 0.197020 0.010698 0.015457
2 0.362693 0.273325 0.018681 0.018080
2 0.426362 0.070403 0.013296 0.014685
2 0.749228 0.069393 0.011408 0.012977
2 0.359999 0.083103 0.012434 0.011961
2 0.640022 0.145730 0.013326 0.016794
2 0.541485 0.451688 0.013320 0.012306
2 0.331356 0.083087 0.011146 0.015313
2 0.294549 0.065336 0.011987 0.014422
2 0.662797 0.181255 0.013420 0.017749
2 0.367283 0.069576 0.014246 0.016281
2 0.669577 0.147184 0.011664 0.013842
2 0.455335 0.070426 0.014122 0.015374
2 0.301668 0.080957 0.012076 0.014178
2 0.756392 0.146872 0.010572 0.014315
2 0.309534 0.064470 0.011809 0.013905
2 0.400219 0.327591 0.017152 0.016602
2 0.783631 0.145734 0.011053 0.013421
2 0.678343 0.181553 0.013432 0.015998
2 0.839240 0.181256 0.013553 0.014992
2 0.826133 0.146625 0.011174 0.014514
2 0.499784 0.070718 0.013250 0.015150
2 0.388670 0.084007 0.012133 0.013723
2 0.439667 0.331281 0.016913 0.018737
2 0.763027 0.100443 0.012285 0.013400
2 0.286716 0.081616 0.012533 0.014816
2 0.484424 0.071781 0.013639 0.015369
2 0.809982 0.181586 0.010487 0.015062
2 0.470212 0.071139 0.013497 0.015371
2 0.476481 0.087330 0.012897 0.015627
2 0.726968 0.145384 0.011463 0.013053
2 0.855917 0.145800 0.012278 0.012597
2 0.433653 0.083733 0.011871 0.013782
2 0.382333 0.069870 0.014727 0.016174
2 0.778406 0.102162 0.011943 0.015596
2 0.341275 0.325644 0.018697 0.018171
2 0.625091 0.145477 0.012436 0.015866
2 0.550253 0.088600 0.012688 0.015350
2 0.654927 0.145048 0.010851 0.013863
2 0.630582 0.099322 0.013274 0.015184
2 0.351834 0.282781 0.018261 0.017236
2 0.816548 0.199850 0.012382 0.013191
2 0.316367 0.081682 0.011182 0.011375
2 0.750808 0.181306 0.013665 0.015859
2 0.280156 0.065889 0.013265 0.014649
2 0.807094 0.101027 0.012304 0.012940
2 0.627010 0.196394 0.016155 0.016664
2 0.976652 0.101379 0.017859 0.013498
2 0.793082 0.102365 0.010938 0.014638
2 0.711761 0.112520 0.012685 0.016820
2 0.690393 0.100838 0.012240 0.012856
2 0.704569 0.100377 0.013015 0.013849
2 0.564703 0.088086 0.012406 0.016485
2 0.441385 0.070305 0.013931 0.015344
2 0.735095 0.069134 0.012351 0.013961
2 0.403606 0.083157 0.010719 0.013814
2 0.461883 0.085539 0.012578 0.015942
2 0.890841 0.181980 0.012189 0.014133
2 0.719408 0.068568 0.011882 0.014985
2 0.699108 0.197085 0.010501 0.015092
2 0.670065 0.197288 0.011904 0.013921
2 0.770571 0.146347 0.010137 0.013790
2 0.448028 0.084898 0.012195 0.015296
2 0.497633 0.331415 0.017831 0.018444
2 0.271722 0.080250 0.011697 0.014708
2 0.737145 0.181315 0.012674 0.014890
2 0.258072 0.080192 0.012968 0.014662
2 0.646153 0.100679 0.011362 0.014454
2 0.913323 0.146152 0.013612 0.016218
2 0.353767 0.068925 0.013314 0.016092
2 0.460662 0.277606 0.016725 0.019024
2 0.718874 0.101470 0.013114 0.012172
2 0.831798 0.199011 0.012477 0.014093
2 0.765814 0.182535 0.013080 0.015187
2 0.660900 0.068199 0.012314 0.016442
2 0.505715 0.088022 0.012852 0.018150
2 0.705298 0.068742 0.012254 0.013406
2 0.824630 0.181319 0.013372 0.015911
2 0.619730 0.178938 0.014031 0.015221
2 0.469189 0.289005 0.015696 0.015113
2 0.757661 0.199036 0.012265 0.014204
2 0.697299 0.110413 0.011103 0.011952
2 0.648900 0.180680 0.012981 0.015074
2 0.265523 0.065103 0.012226 0.014732
2 0.223566 0.320612 0.018622 0.020219
2 0.846699 0.198886 0.012563 0.014540
2 0.714250 0.197407 0.010355 0.016973
2 0.814332 0.109450 0.011530 0.013299
2 0.491107 0.086991 0.014710 0.014838
2 0.339212 0.067701 0.012540 0.016647
2 0.885285 0.146216 0.011867 0.014771
2 0.794744 0.181698 0.011707 0.015672
2 0.843141 0.111801 0.011658 0.016199
2 0.690180 0.068227 0.011280 0.014133
2 0.899119 0.147253 0.013442 0.017883
2 0.843172 0.111832 0.011396 0.015407
2 0.868661 0.182821 0.014245 0.015569
2 0.781135 0.181934 0.011659 0.014542
2 0.635223 0.181533 0.013750 0.015085
2 0.857357 0.111380 0.011699 0.013689
2 0.458263 0.332018 0.016620 0.019751
2 0.513606 0.517421 0.010579 0.015004
2 0.543160 0.071976 0.012774 0.014088
2 0.243791 0.321745 0.016224 0.019207
1 0.413449 0.916015 0.016549 0.014865
2 0.684579 0.197783 0.012484 0.013032
2 0.861590 0.199474 0.012346 0.012580
2 0.773407 0.199030 0.012217 0.014273
2 0.439273 0.277055 0.016844 0.018723
