2 0.136352 0.168012 0.027724 0.048361
2 0.752877 0.108985 0.025366 0.035389
2 0.230916 0.261796 0.028031 0.050861
2 0.490540 0.319270 0.021204 0.036963
2 0.402584 0.421825 0.021225 0.035926
2 0.459391 0.348159 0.020433 0.036714
2 0.365599 0.206979 0.018848 0.035486
2 0.506097 0.212522 0.022347 0.037778
2 0.469797 0.318108 0.019664 0.036791
2 0.128894 0.494829 0.025594 0.044175
2 0.101930 0.494882 0.027177 0.047587
2 0.764727 0.315323 0.024937 0.032223
2 0.775153 0.542911 0.023982 0.032541
2 0.154110 0.496685 0.026046 0.045343
2 0.752093 0.235111 0.025997 0.037067
2 0.161855 0.167657 0.025826 0.044127
2 0.855475 0.341320 0.026170 0.037933
2 0.501442 0.348888 0.019820 0.034282
2 0.422075 0.421354 0.020193 0.034860
2 0.345842 0.206087 0.022216 0.037183
2 0.102467 0.256194 0.027589 0.046829
2 0.788609 0.519525 0.024341 0.035317
2 0.814042 0.522863 0.023473 0.034309
2 0.880360 0.445387 0.024326 0.035456
2 0.076955 0.253685 0.029540 0.049208
2 0.476252 0.242964 0.023008 0.039285
2 0.381452 0.125130 0.019511 0.039302
2 0.840591 0.420290 0.026336 0.035867
2 0.748751 0.542037 0.023931 0.032286
2 0.358035 0.345394 0.020351 0.034557
2 0.154371 0.256164 0.026030 0.046461
2 0.751132 0.337220 0.025851 0.033538
2 0.084194 0.162995 0.026482 0.045641
2 0.128724 0.256137 0.029257 0.048187
2 0.491677 0.449841 0.020740 0.031552
2 0.776285 0.440494 0.023821 0.033365
2 0.204073 0.051139 0.017909 0.021847
2 0.879173 0.550835 0.026400 0.034470
2 0.777886 0.235774 0.025003 0.034382
2 0.854166 0.442874 0.025751 0.033448
2 0.845292 0.090533 0.025771 0.034074
2 0.482305 0.424224 0.020216 0.034783
2 0.501157 0.424372 0.019393 0.033368
2 0.180767 0.258223 0.028709 0.048774
2 0.877064 0.648905 0.025892 0.037385
2 0.802206 0.544825 0.024839 0.033177
2 0.497147 0.128932 0.017035 0.032341
2 0.767987 0.085166 0.025707 0.035809
2 0.432440 0.062100 0.012956 0.020437
2 0.409662 0.317447 0.019650 0.036288
2 0.802619 0.441837 0.024549 0.035897
2 0.780118 0.109672 0.026670 0.036264
2 0.081073 0.609065 0.028304 0.047741
2 0.778060 0.338113 0.024476 0.036468
2 0.818565 0.216135 0.025578 0.033529
2 0.853433 0.548483 0.024841 0.035074
2 0.180139 0.497756 0.027043 0.044625
2 0.814819 0.418805 0.025187 0.033698
2 0.789036 0.416976 0.025856 0.035575
2 0.371300 0.589557 0.017413 0.024095
2 0.383035 0.419664 0.020219 0.033750
2 0.791945 0.213158 0.025057 0.034894
2 0.478229 0.128590 0.018869 0.035566
2 0.230363 0.765113 0.028215 0.047673
2 0.816641 0.316905 0.026057 0.036100
2 0.186821 0.168620 0.023448 0.041137
2 0.472386 0.448630 0.019471 0.033411
2 0.450053 0.318292 0.019063 0.035429
2 0.115089 0.285419 0.026559 0.046614
2 0.363132 0.419555 0.016998 0.033629
2 0.389053 0.317360 0.021145 0.035995
2 0.894708 0.317395 0.025000 0.035620
2 0.828121 0.442359 0.025508 0.034307
2 0.399683 0.126221 0.018328 0.036140
2 0.238825 0.170369 0.026903 0.043789
2 0.827487 0.545997 0.024746 0.035374
2 0.871485 0.092422 0.023232 0.033801
2 0.109706 0.163142 0.024482 0.038343
2 0.883854 0.117531 0.023271 0.031448
2 0.851933 0.839498 0.026445 0.040829
2 0.843009 0.317650 0.027029 0.035752
2 0.749772 0.438767 0.024650 0.033801
2 0.140087 0.285833 0.025664 0.044488
2 0.456325 0.242701 0.021038 0.037655
2 0.869963 0.318191 0.027155 0.036483
2 0.377858 0.347477 0.020537 0.032618
2 0.840059 0.524446 0.025715 0.034712
2 0.418332 0.059516 0.013354 0.021827
2 0.804083 0.238761 0.023438 0.036285
2 0.892936 0.527306 0.024141 0.033658
2 0.803951 0.339052 0.026121 0.035518
2 0.866666 0.524755 0.024358 0.033999
2 0.205546 0.500166 0.026149 0.043516
2 0.765017 0.212309 0.024788 0.032615
2 0.892540 0.421115 0.025136 0.035414
2 0.855465 0.241856 0.026122 0.032718
2 0.337284 0.344688 0.020074 0.036788
2 0.882342 0.244304 0.023325 0.031605
2 0.805860 0.111136 0.025307 0.033390
2 0.480236 0.348482 0.020082 0.034738
2 0.867904 0.419971 0.026496 0.037107
2 0.458047 0.128894 0.020115 0.037347
2 0.244297 0.058010 0.019271 0.032212
2 0.347897 0.317269 0.019988 0.032453
2 0.165119 0.287625 0.027494 0.047874
2 0.869733 0.217845 0.027353 0.035868
2 0.383709 0.056070 0.010862 0.020028
2 0.205976 0.260671 0.027409 0.044751
2 0.463058 0.058940 0.011791 0.020904
2 0.425679 0.208887 0.018478 0.033822
2 0.089394 0.284645 0.027758 0.046172
2 0.405412 0.594824 0.017599 0.035577
2 0.185849 0.051140 0.015038 0.024089
2 0.464865 0.210364 0.020129 0.039003
2 0.406372 0.206446 0.022921 0.038188
2 0.372935 0.056101 0.013482 0.018905
2 0.485852 0.063224 0.009807 0.020021
2 0.819871 0.088535 0.023002 0.033693
2 0.368050 0.316454 0.021096 0.035013
2 0.213411 0.168729 0.025021 0.041723
2 0.881747 0.342093 0.026742 0.035369
2 0.829356 0.238899 0.024688 0.037339
2 0.402971 0.057814 0.010713 0.018893
2 0.429750 0.316952 0.019772 0.035447
2 0.463135 0.425005 0.018364 0.029531
2 0.895251 0.220739 0.025084 0.035108
2 0.897452 0.092785 0.024808 0.033102
2 0.691013 0.068169 0.014297 0.017619
2 0.831477 0.111734 0.024846 0.032050
2 0.418948 0.348005 0.020883 0.033658
2 0.844401 0.216872 0.026707 0.033474
2 0.419751 0.125717 0.019254 0.034769
2 0.358616 0.053811 0.015026 0.024257
2 0.473454 0.062531 0.009211 0.017571
2 0.445991 0.209646 0.017874 0.035090
2 0.438508 0.127607 0.019326 0.038501
2 0.184181 0.614331 0.029261 0.047055
2 0.830047 0.339891 0.024592 0.035270
2 0.577382 0.067122 0.014549 0.022829
2 0.353647 0.588390 0.014556 0.021883
2 0.422441 0.590662 0.013997 0.021658
2 0.793803 0.085879 0.025924 0.036984
2 0.238964 0.170237 0.025740 0.040881
2 0.790973 0.314725 0.024318 0.035657
2 0.503942 0.062265 0.008472 0.021565
2 0.441804 0.421622 0.020180 0.037262
2 0.632528 0.609253 0.014355 0.025367
2 0.386813 0.207822 0.018921 0.039351
2 0.343448 0.418973 0.019696 0.035547
2 0.633503 0.064967 0.010813 0.016828
2 0.762830 0.518654 0.023453 0.034925
2 0.258892 0.052664 0.010711 0.019274
2 0.757788 0.708853 0.011937 0.022074
2 0.419046 0.348041 0.020936 0.034356
2 0.603514 0.064584 0.007678 0.013915
2 0.706313 0.066879 0.012512 0.017411
