1 0.648869 0.450561 0.053573 0.038442
1 0.573012 0.534756 0.039083 0.035097
1 0.448115 0.469594 0.048130 0.039495
1 0.453794 0.608558 0.050798 0.039916
1 0.817118 0.533205 0.050014 0.044978
1 0.678719 0.382822 0.059129 0.037784
1 0.627553 0.347551 0.051958 0.039687
1 0.689646 0.341135 0.052533 0.044105
1 0.402292 0.573187 0.049956 0.036087
1 0.577926 0.367209 0.038252 0.033506
1 0.399037 0.435418 0.051332 0.040760
1 0.213517 0.408958 0.048954 0.038055
1 0.349811 0.480620 0.054750 0.041765
1 0.611932 0.712159 0.054489 0.042372
1 0.584022 0.489164 0.053773 0.033524
1 0.654194 0.628765 0.052627 0.043659
1 0.398919 0.349453 0.042021 0.034477
1 0.139807 0.133496 0.040793 0.047066
1 0.173840 0.360196 0.050676 0.036261
1 0.558035 0.678544 0.051205 0.039116
1 0.460634 0.554184 0.048942 0.038309
1 0.705723 0.601532 0.055908 0.045375
1 0.146631 0.584735 0.019291 0.029930
1 0.536040 0.449868 0.051552 0.037491
1 0.280033 0.318875 0.054889 0.029892
1 0.345607 0.399698 0.051656 0.041762
1 0.365782 0.531977 0.051070 0.042774
1 0.397335 0.382286 0.040779 0.031614
1 0.459275 0.387069 0.050708 0.039974
1 0.460831 0.537107 0.040023 0.035318
1 0.500204 0.523851 0.044029 0.037696
1 0.624444 0.684235 0.051919 0.040859
1 0.629609 0.667786 0.052080 0.041050
1 0.637138 0.303087 0.038952 0.032755
1 0.153647 0.595601 0.027979 0.045991
0 0.084580 0.755871 0.015500 0.022217
1 0.479092 0.452357 0.050397 0.036756
1 0.251172 0.377838 0.056934 0.046200
1 0.129352 0.269285 0.051120 0.017317
1 0.408576 0.519666 0.055612 0.042388
0 0.894326 0.339547 0.014611 0.016789
1 0.545289 0.593277 0.039772 0.032921
0 0.501032 0.058184 0.017479 0.017221
1 0.388043 0.242801 0.055971 0.039611
1 0.463538 0.409085 0.043508 0.035192
0 0.906604 0.176797 0.016585 0.015608
0 0.620363 0.074680 0.019078 0.019916
1 0.268697 0.444488 0.038336 0.034346
1 0.578434 0.517055 0.038931 0.035665
0 0.857733 0.131829 0.016926 0.018306
0 0.627077 0.059114 0.017293 0.017410
1 0.340370 0.435859 0.050379 0.041587
1 0.470740 0.580883 0.042786 0.035088
1 0.562164 0.446258 0.048050 0.034400
0 0.709660 0.170495 0.016677 0.017089
1 0.594960 0.625363 0.050217 0.039613
0 0.619319 0.117214 0.015909 0.016397
1 0.597005 0.588331 0.053054 0.041770
0 0.206720 0.608414 0.013857 0.021253
1 0.230547 0.400204 0.054474 0.043448
1 0.406047 0.370955 0.045688 0.030248
1 0.342580 0.352299 0.052484 0.038656
1 0.511974 0.294921 0.045319 0.037232
1 0.519906 0.613638 0.051641 0.042621
1 0.347619 0.422868 0.049030 0.039572
0 0.957026 0.256584 0.015897 0.015916
0 0.958539 0.348752 0.015699 0.016128
0 0.738660 0.155021 0.015552 0.014923
0 0.840390 0.176698 0.016086 0.016863
0 0.247447 0.918718 0.014966 0.021086
0 0.959836 0.210167 0.015830 0.015852
0 0.965420 0.238870 0.016706 0.018027
0 0.915040 0.296215 0.015455 0.014834
0 0.784060 0.197785 0.015106 0.014756
0 0.482925 0.083356 0.016464 0.016406
0 0.968988 0.367169 0.016271 0.017131
0 0.701137 0.050662 0.016776 0.016813
0 0.832988 0.183953 0.016040 0.016475
0 0.370481 0.635194 0.015647 0.017563
1 0.762137 0.546916 0.054369 0.036956
1 0.671523 0.752368 0.052278 0.041685
0 0.751386 0.221392 0.015040 0.014875
0 0.838765 0.223476 0.015917 0.016053
0 0.925157 0.458030 0.015612 0.015532
0 0.646045 0.164055 0.014432 0.016918
0 0.657939 0.044207 0.017036 0.016326
1 0.643606 0.657496 0.041964 0.035993
0 0.270619 0.569674 0.015585 0.018681
1 0.420250 0.431657 0.038635 0.034148
0 0.844802 0.168047 0.016998 0.016400
0 0.974390 0.220587 0.015840 0.014675
0 0.638357 0.182344 0.016027 0.017002
1 0.534040 0.506075 0.043516 0.035854
0 0.246325 0.553904 0.015472 0.017827
1 0.717954 0.633882 0.055477 0.044699
0 0.502688 0.046062 0.016519 0.014849
0 0.919510 0.287052 0.015211 0.017076
0 0.226116 0.542380 0.018389 0.022498
0 0.774992 0.168755 0.015887 0.016437
1 0.708748 0.662566 0.049686 0.038229
1 0.274268 0.330643 0.057403 0.035514
0 0.360735 0.628019 0.015715 0.018769
0 0.911941 0.352452 0.017063 0.016866
0 0.565502 0.052862 0.013851 0.014080
0 0.123275 0.834452 0.012524 0.018437
1 0.407833 0.501380 0.054767 0.045345
0 0.774616 0.215131 0.015316 0.015176
0 0.939592 0.289857 0.016686 0.015494
0 0.207650 0.528108 0.017217 0.020083
1 0.300931 0.297614 0.050954 0.023027
0 0.945027 0.237184 0.016605 0.014918
1 0.349788 0.461998 0.051131 0.040453
1 0.562478 0.662325 0.040231 0.034378
0 0.079707 0.806753 0.012807 0.017421
0 0.825589 0.249341 0.017047 0.016840
0 0.531420 0.028490 0.015503 0.016500
0 0.877105 0.237084 0.016247 0.016637
1 0.460593 0.594936 0.050979 0.039559
0 0.501670 0.093314 0.017448 0.017051
0 0.793514 0.272071 0.016136 0.016530
0 0.708421 0.216193 0.015299 0.016385
0 0.236448 0.548389 0.017777 0.021587
1 0.617195 0.564715 0.042152 0.037217
0 0.520161 0.108228 0.015727 0.014865
0 0.812202 0.274356 0.015450 0.014988
0 0.851567 0.196441 0.015183 0.015461
0 0.308885 0.597247 0.015354 0.017542
0 0.902255 0.322760 0.016256 0.015722
1 0.502936 0.641372 0.044009 0.038871
0 0.350168 0.624076 0.018193 0.022015
1 0.549766 0.616905 0.038874 0.035661
1 0.598218 0.609184 0.052941 0.043215
0 0.326269 0.607719 0.015305 0.017358
0 0.195178 0.603587 0.014694 0.022083
0 0.869873 0.153057 0.016001 0.016520
0 0.951043 0.265507 0.015663 0.016384
0 0.137994 0.844045 0.015245 0.021339
0 0.819043 0.127618 0.015326 0.014301
0 0.733002 0.161623 0.015269 0.015720
0 0.263000 0.564930 0.016283 0.019446
0 0.257963 0.869643 0.015164 0.022384
0 0.610254 0.097978 0.015182 0.015237
0 0.859629 0.176408 0.015322 0.014840
0 0.833431 0.046263 0.016436 0.018151
0 0.915883 0.437567 0.015537 0.015906
1 0.570789 0.313769 0.055447 0.045168
0 0.638688 0.043271 0.017348 0.018350
1 0.592465 0.275776 0.054318 0.041726
0 0.831700 0.102615 0.016977 0.016640
0 0.768211 0.289473 0.014722 0.017902
1 0.529269 0.463737 0.052592 0.039304
0 0.745683 0.137619 0.016433 0.016226
0 0.763376 0.240577 0.015967 0.015317
0 0.919941 0.333779 0.016419 0.015967
0 0.700593 0.189468 0.016955 0.017793
0 0.747526 0.090831 0.015477 0.016030
0 0.182696 0.864982 0.012810 0.019439
0 0.771131 0.222690 0.014681 0.013799
0 0.887815 0.071337 0.016489 0.017485
0 0.712809 0.206023 0.015285 0.016477
0 0.286548 0.657863 0.018749 0.017271
1 0.413471 0.544234 0.043546 0.038029
0 0.894271 0.097647 0.016641 0.015298
0 0.898422 0.192534 0.015229 0.013416
0 0.791710 0.144244 0.017098 0.017845
0 0.611562 0.139389 0.015353 0.016260
0 0.901090 0.229394 0.014530 0.015517
0 0.738087 0.108473 0.018766 0.018866
0 0.658005 0.183361 0.015692 0.016808
0 0.512188 0.028021 0.016035 0.017607
0 0.703055 0.177924 0.015621 0.016352
0 0.652424 0.193906 0.016635 0.017569
1 0.235221 0.386244 0.053828 0.042275
0 0.751469 0.081752 0.016183 0.016141
0 0.222838 0.845711 0.015516 0.021923
0 0.222735 0.619963 0.013363 0.020863
0 0.787004 0.050066 0.014597 0.013740
1 0.295427 0.425937 0.049825 0.042830
0 0.866840 0.114181 0.014614 0.016714
0 0.158589 0.857322 0.014443 0.019556
0 0.956892 0.396749 0.014098 0.014054
0 0.588866 0.044482 0.017190 0.015684
0 0.044078 0.782968 0.013204 0.020412
0 0.641035 0.079524 0.016857 0.015593
0 0.564192 0.087539 0.015669 0.015383
0 0.678509 0.138154 0.016525 0.015992
0 0.947149 0.226171 0.016483 0.015561
0 0.789187 0.282407 0.016241 0.016436
0 0.527271 0.038634 0.015822 0.015833
0 0.754302 0.260049 0.015245 0.016506
0 0.968345 0.180564 0.019852 0.020492
0 0.795321 0.170573 0.014286 0.015292
0 0.809506 0.238042 0.014953 0.014607
0 0.744027 0.101687 0.015995 0.016116
0 0.902052 0.466198 0.017038 0.017297
0 0.746891 0.230401 0.016115 0.015102
0 0.186315 0.822238 0.015655 0.021972
0 0.855678 0.421983 0.015272 0.014822
0 0.940237 0.384739 0.016258 0.016480
0 0.049030 0.732708 0.012814 0.018553
0 0.058072 0.791437 0.013911 0.019753
0 0.215323 0.898124 0.013952 0.019652
0 0.201802 0.888263 0.015572 0.019992
0 0.719218 0.051112 0.014916 0.014756
0 0.863522 0.309085 0.016373 0.015676
0 0.888891 0.348565 0.017651 0.016803
0 0.864619 0.405800 0.016001 0.015235
1 0.594458 0.479329 0.053474 0.034539
0 0.693622 0.206783 0.015312 0.015248
0 0.641845 0.173090 0.015381 0.016786
0 0.303414 0.934240 0.015618 0.015854
0 0.696513 0.058795 0.016453 0.015840
0 0.158186 0.803303 0.014349 0.021884
0 0.763111 0.056874 0.016761 0.016983
0 0.964445 0.376738 0.014990 0.015633
1 0.511661 0.630214 0.049330 0.044928
0 0.234178 0.657655 0.017505 0.027108
1 0.709551 0.533893 0.042342 0.030456
0 0.460962 0.068319 0.015973 0.014379
0 0.795317 0.035649 0.016342 0.014183
0 0.852678 0.290110 0.016593 0.014992
0 0.536904 0.116994 0.015442 0.014990
0 0.116636 0.829627 0.012944 0.020674
0 0.094635 0.815345 0.013527 0.019863
0 0.881706 0.228147 0.017519 0.018128
0 0.581414 0.062672 0.015499 0.014896
0 0.836657 0.366905 0.018412 0.018414
0 0.069897 0.747078 0.013878 0.018546
0 0.945687 0.374568 0.016092 0.016305
0 0.327943 0.884326 0.015253 0.015411
0 0.382615 0.642069 0.015168 0.016826
0 0.913732 0.204251 0.014696 0.015426
0 0.381436 0.769423 0.015465 0.016848
0 0.764362 0.104624 0.018227 0.016668
0 0.821210 0.259102 0.015786 0.017093
0 0.295255 0.951580 0.016355 0.016346
0 0.666315 0.165921 0.017396 0.017364
0 0.852998 0.431793 0.016486 0.016242
0 0.754543 0.073799 0.015110 0.014641
0 0.268877 0.681044 0.013494 0.019821
0 0.628619 0.097021 0.016450 0.014963
0 0.848486 0.205149 0.014757 0.015393
0 0.873464 0.291119 0.015956 0.015857
0 0.318232 0.602433 0.014940 0.018441
0 0.285259 0.579062 0.014251 0.019250
1 0.749637 0.575066 0.041228 0.034787
0 0.813624 0.230107 0.014546 0.015745
0 0.962356 0.339941 0.016361 0.016191
0 0.650695 0.155188 0.014468 0.015517
0 0.101983 0.820375 0.015060 0.021079
0 0.977473 0.350670 0.016230 0.017231
0 0.922347 0.323566 0.017148 0.016523
0 0.897675 0.239013 0.015494 0.017574
0 0.364186 0.802024 0.016542 0.017322
0 0.036419 0.776365 0.014030 0.019593
0 0.915034 0.343069 0.017539 0.015822
0 0.291829 0.645256 0.017657 0.018748
0 0.763712 0.195198 0.016574 0.015880
0 0.198747 0.522653 0.018162 0.020845
0 0.675492 0.148830 0.016303 0.014333
0 0.314586 0.910043 0.015480 0.015189
