1 0.518534 0.888909 0.027811 0.029721
1 0.629122 0.762784 0.060711 0.019133
1 0.564754 0.670968 0.040401 0.020905
1 0.636990 0.263443 0.054070 0.013080
1 0.670627 0.186939 0.062976 0.011968
1 0.623637 0.289958 0.050897 0.013794
1 0.665486 0.875947 0.016678 0.032874
1 0.679076 0.170670 0.058114 0.010153
1 0.516975 0.686259 0.035727 0.015308
1 0.495220 0.703314 0.040213 0.015500
1 0.651633 0.876582 0.014355 0.032727
1 0.505619 0.697620 0.041559 0.016775
1 0.367568 0.302612 0.052472 0.012159
1 0.647516 0.237713 0.057018 0.012916
1 0.604493 0.671348 0.058999 0.021705
1 0.551668 0.887184 0.019714 0.032187
1 0.680719 0.875615 0.016498 0.033428
1 0.627611 0.878551 0.015983 0.033218
1 0.625658 0.743114 0.055879 0.018307
1 0.394635 0.289314 0.050200 0.011793
1 0.354678 0.200256 0.022636 0.030309
1 0.623247 0.732161 0.061033 0.021776
1 0.647550 0.228141 0.044629 0.011885
1 0.626422 0.749745 0.056710 0.017775
1 0.536329 0.888796 0.022235 0.031397
1 0.489994 0.710143 0.038319 0.015408
1 0.483736 0.139394 0.030543 0.010003
1 0.612637 0.684419 0.058722 0.020206
1 0.615841 0.699957 0.062196 0.023209
1 0.584129 0.882918 0.022100 0.034471
1 0.566258 0.885323 0.019706 0.033483
1 0.675861 0.179546 0.062022 0.013656
