1 0.839979 0.561075 0.029528 0.025277
1 0.847732 0.527056 0.030187 0.020249
1 0.742520 0.688923 0.024851 0.036986
1 0.841889 0.614278 0.026038 0.031977
1 0.774204 0.617251 0.026584 0.031380
1 0.839788 0.588839 0.024735 0.030543
1 0.842120 0.640515 0.022572 0.038181
1 0.348650 0.598750 0.016806 0.044339
1 0.155430 0.309306 0.053736 0.030808
1 0.141282 0.268944 0.051410 0.028251
1 0.772384 0.599439 0.021978 0.025882
1 0.806473 0.659384 0.014704 0.035330
1 0.843929 0.544698 0.026118 0.021365
1 0.333444 0.603690 0.015618 0.038468
1 0.850748 0.495892 0.025876 0.019513
1 0.779885 0.629477 0.025232 0.027732
1 0.378909 0.599770 0.018561 0.057115
1 0.626658 0.660516 0.027255 0.043068
1 0.708928 0.699448 0.021887 0.029826
1 0.389308 0.273382 0.021400 0.039183
1 0.768189 0.583867 0.019979 0.026600
1 0.783494 0.645214 0.028983 0.031478
1 0.159892 0.327997 0.051221 0.027378
1 0.467062 0.045649 0.014673 0.041216
1 0.719066 0.616059 0.029219 0.031469
1 0.694325 0.702808 0.022476 0.030449
1 0.767044 0.672178 0.024099 0.030307
1 0.302700 0.195834 0.050642 0.026532
0 0.676138 0.862241 0.010853 0.024554
1 0.794894 0.591400 0.015562 0.034719
1 0.598080 0.491426 0.034468 0.023817
1 0.725890 0.647093 0.025864 0.029422
1 0.662948 0.667894 0.032631 0.019128
1 0.695846 0.612775 0.013567 0.038230
1 0.342689 0.479020 0.043817 0.029642
1 0.820233 0.395014 0.024457 0.035520
1 0.322367 0.055732 0.024046 0.081539
1 0.662462 0.710191 0.020927 0.031294
1 0.831814 0.648636 0.019068 0.037459
1 0.722948 0.630661 0.029944 0.031286
