1 0.262337 0.199431 0.022879 0.015912
1 0.259806 0.215615 0.021112 0.017361
1 0.696670 0.607339 0.025160 0.010448
1 0.785819 0.645566 0.021884 0.012369
1 0.210142 0.221422 0.022462 0.014802
1 0.604951 0.510915 0.019768 0.012317
1 0.277211 0.701191 0.010565 0.027952
1 0.784209 0.581860 0.017804 0.027038
1 0.578576 0.182702 0.017601 0.030724
1 0.270106 0.135774 0.019282 0.015773
1 0.319086 0.250934 0.009872 0.029282
1 0.272473 0.142964 0.019965 0.013254
1 0.790827 0.589119 0.017743 0.025896
1 0.511644 0.174191 0.024299 0.012769
1 0.149006 0.519623 0.018056 0.023959
1 0.311018 0.248500 0.009540 0.030696
1 0.779811 0.670875 0.023139 0.009510
1 0.205922 0.232674 0.016328 0.014823
1 0.301718 0.107797 0.020922 0.011536
1 0.270609 0.806120 0.021249 0.009543
1 0.263618 0.171585 0.021989 0.018499
1 0.095032 0.833607 0.008676 0.029142
1 0.069889 0.806798 0.007940 0.026897
1 0.481748 0.152286 0.020844 0.010466
