1 0.446765 0.236886 0.037580 0.047911
1 0.513032 0.319670 0.041918 0.051119
1 0.468021 0.263943 0.040294 0.050205
1 0.277634 0.387708 0.045924 0.057957
1 0.428699 0.581034 0.048783 0.056740
1 0.414171 0.195306 0.039867 0.048581
1 0.268607 0.369531 0.041139 0.047932
1 0.787913 0.599425 0.034445 0.041828
1 0.448835 0.079135 0.013962 0.076284
1 0.437312 0.812147 0.034803 0.015366
1 0.778078 0.446614 0.049973 0.014750
1 0.589612 0.850805 0.048731 0.060669
1 0.532654 0.349494 0.040858 0.054240
1 0.543198 0.363464 0.043911 0.055441
1 0.329936 0.431732 0.029050 0.035741
1 0.648437 0.291762 0.060453 0.015764
1 0.472039 0.844860 0.034937 0.013800
1 0.343051 0.690981 0.036358 0.012707
1 0.524839 0.916742 0.037301 0.014464
1 0.317024 0.420409 0.034486 0.041561
1 0.254837 0.359417 0.046732 0.058253
1 0.287480 0.400411 0.046971 0.056097
1 0.502452 0.898466 0.056581 0.014015
1 0.524501 0.719727 0.035287 0.042936
1 0.125968 0.502409 0.035260 0.043463
1 0.476704 0.282450 0.044614 0.056458
1 0.311814 0.637493 0.030342 0.012939
0 0.056812 0.366384 0.015450 0.021803
1 0.341324 0.444185 0.028301 0.034315
1 0.786825 0.463851 0.061158 0.013967
1 0.306109 0.406482 0.035060 0.042503
1 0.529869 0.733601 0.028374 0.034735
1 0.320452 0.656769 0.030953 0.014592
1 0.851740 0.551942 0.062267 0.015217
1 0.394240 0.759507 0.057451 0.015640
1 0.250041 0.337914 0.036306 0.042490
1 0.552730 0.378832 0.045632 0.054221
1 0.338932 0.672397 0.030624 0.013941
1 0.885899 0.586587 0.052035 0.015651
1 0.594124 0.434301 0.035647 0.046549
1 0.743342 0.413000 0.058689 0.015065
0 0.245331 0.824841 0.015157 0.019269
0 0.682005 0.591396 0.014358 0.019927
0 0.133116 0.399900 0.016180 0.019375
1 0.392342 0.741906 0.032565 0.014544
1 0.840404 0.533482 0.061539 0.014933
1 0.672436 0.325356 0.063529 0.015842
1 0.496073 0.883191 0.039532 0.013181
0 0.018066 0.257958 0.015627 0.022254
1 0.483498 0.300497 0.044960 0.056059
1 0.475785 0.283215 0.043444 0.055580
1 0.796729 0.480767 0.062932 0.015554
0 0.592174 0.217095 0.017091 0.022859
