2 0.279761 0.492653 0.078970 0.067076
2 0.589786 0.385338 0.076166 0.065601
2 0.487967 0.797131 0.066580 0.061216
2 0.125200 0.124677 0.045334 0.042273
2 0.144836 0.277861 0.062995 0.052404
2 0.126322 0.245490 0.040592 0.035977
2 0.553467 0.893586 0.066180 0.064500
2 0.440406 0.253368 0.045521 0.037115
2 0.716948 0.574075 0.073021 0.066283
2 0.366161 0.214513 0.042885 0.039820
2 0.202091 0.051755 0.042790 0.038198
2 0.625442 0.641732 0.054480 0.051593
2 0.739805 0.623633 0.040746 0.035986
2 0.081174 0.199186 0.039554 0.037606
