2 0.309402 0.165396 0.120214 0.069725
2 0.459323 0.553888 0.072942 0.046709
2 0.309033 0.753018 0.057449 0.036694
2 0.590420 0.637885 0.050632 0.029950
2 0.245200 0.707152 0.066349 0.043025
2 0.183373 0.619292 0.058513 0.039670
2 0.354582 0.790565 0.051704 0.033468
2 0.206664 0.546284 0.090515 0.058676
2 0.281768 0.115867 0.121089 0.078137
2 0.617508 0.485125 0.059484 0.039360
2 0.178084 0.653175 0.041280 0.027397
2 0.330458 0.772021 0.036768 0.024028
2 0.260346 0.194579 0.077396 0.056168
2 0.689721 0.923782 0.064071 0.044958
2 0.275025 0.730147 0.052488 0.033031
2 0.721888 0.541645 0.031459 0.021656
