2 0.844008 0.894627 0.016693 0.016412
2 0.782810 0.974049 0.016557 0.017384
2 0.901186 0.857102 0.014890 0.014904
2 0.845868 0.938090 0.016741 0.015671
2 0.826495 0.751753 0.016462 0.016845
2 0.847737 0.866975 0.017312 0.015887
2 0.783741 0.775116 0.013042 0.014319
2 0.619733 0.726408 0.016977 0.017230
2 0.590962 0.825428 0.017209 0.016215
2 0.769655 0.777650 0.014763 0.016495
2 0.816668 0.763222 0.014593 0.015354
2 0.630277 0.782536 0.016412 0.015520
2 0.605573 0.745333 0.016342 0.016530
2 0.897223 0.745020 0.016262 0.016646
2 0.516404 0.817153 0.023940 0.021803
