1 0.383724 0.334861 0.083115 0.018579
1 0.416905 0.786122 0.073039 0.022205
1 0.599985 0.885823 0.069327 0.019731
1 0.637740 0.793742 0.070220 0.021712
1 0.619672 0.833040 0.069395 0.020974
1 0.407907 0.247193 0.086501 0.021141
1 0.404923 0.265237 0.082115 0.020001
1 0.658006 0.743669 0.063770 0.018995
1 0.655101 0.756724 0.071179 0.019925
1 0.624250 0.819500 0.071984 0.021705
1 0.418138 0.880398 0.059052 0.019840
1 0.605220 0.871082 0.069898 0.021093
1 0.758603 0.815564 0.034242 0.044053
1 0.577582 0.771612 0.034526 0.044398
1 0.609847 0.858021 0.069192 0.020846
1 0.614656 0.845526 0.070212 0.021081
1 0.364819 0.404740 0.080465 0.021889
1 0.579236 0.727245 0.036320 0.040123
1 0.727644 0.761258 0.068175 0.019644
1 0.410494 0.212757 0.087281 0.019174
1 0.630897 0.806502 0.070753 0.022572
1 0.720271 0.785684 0.069452 0.020393
1 0.643397 0.780803 0.071307 0.020047
1 0.851465 0.826684 0.065854 0.017206
1 0.803389 0.816983 0.030135 0.042339
1 0.849033 0.841144 0.055672 0.017200
1 0.554146 0.769054 0.033013 0.043737
1 0.682125 0.884528 0.060319 0.019722
1 0.408171 0.816501 0.069315 0.020567
1 0.774699 0.760674 0.029309 0.044304
1 0.864158 0.814526 0.053727 0.016578
1 0.865275 0.779690 0.066543 0.018797
1 0.698041 0.840276 0.072337 0.020083
1 0.782036 0.815362 0.030569 0.041834
1 0.370571 0.368858 0.066404 0.020641
1 0.527393 0.771869 0.032420 0.045503
1 0.360301 0.424196 0.079785 0.023724
1 0.224219 0.346260 0.054108 0.012667
1 0.436770 0.706264 0.066222 0.020384
1 0.691124 0.856090 0.070083 0.020216
1 0.396550 0.829658 0.077821 0.024006
1 0.214995 0.418227 0.059366 0.016736
1 0.401236 0.318441 0.063682 0.019419
1 0.660384 0.729847 0.058093 0.018174
1 0.555761 0.724923 0.030850 0.039753
1 0.700380 0.826129 0.070255 0.020055
1 0.413747 0.231451 0.088129 0.022676
1 0.390913 0.844943 0.071175 0.022475
1 0.229909 0.332176 0.052477 0.013825
1 0.798697 0.759089 0.032885 0.044774
1 0.216209 0.386684 0.051580 0.017111
1 0.871369 0.765643 0.069671 0.020448
1 0.684584 0.870194 0.066260 0.022198
1 0.239976 0.275355 0.054194 0.014258
1 0.863952 0.796638 0.073504 0.019339
1 0.530747 0.722373 0.036966 0.045625
1 0.471460 0.902654 0.073884 0.020991
1 0.210586 0.432532 0.059908 0.015443
1 0.255993 0.188040 0.045245 0.013545
1 0.241485 0.245225 0.051002 0.012103
1 0.411792 0.801276 0.068149 0.022952
1 0.423610 0.771963 0.074615 0.020509
1 0.402376 0.300517 0.069884 0.019334
1 0.845601 0.854532 0.043720 0.014894
1 0.389549 0.860454 0.067914 0.019576
1 0.712916 0.798698 0.067717 0.020309
1 0.874078 0.751005 0.062031 0.018925
1 0.378469 0.351783 0.045606 0.012091
1 0.731909 0.872749 0.027878 0.037422
1 0.248956 0.228793 0.057469 0.017392
1 0.411832 0.284312 0.061767 0.018398
1 0.373068 0.387815 0.048164 0.014539
1 0.189741 0.498162 0.042341 0.012379
1 0.411557 0.231178 0.086476 0.022493
1 0.705515 0.811058 0.068525 0.020693
1 0.650812 0.768511 0.070373 0.019180
