1 0.755454 0.478436 0.045690 0.062674
1 0.736682 0.488376 0.043919 0.058222
1 0.899562 0.229221 0.053739 0.018282
1 0.533098 0.368372 0.038953 0.047877
1 0.515697 0.374638 0.039091 0.048953
1 0.745837 0.552742 0.046419 0.072990
1 0.636526 0.540277 0.051404 0.071066
1 0.920734 0.269015 0.049034 0.015269
1 0.645619 0.469228 0.051945 0.071042
1 0.666941 0.596794 0.046448 0.063686
1 0.603150 0.330577 0.036772 0.042089
1 0.713438 0.587654 0.044438 0.057588
1 0.911047 0.248270 0.047066 0.015298
1 0.687901 0.587598 0.044641 0.061858
1 0.752313 0.418291 0.060924 0.084717
1 0.697886 0.513487 0.052748 0.068692
1 0.708909 0.488079 0.049691 0.069008
1 0.547381 0.355924 0.036081 0.043612
1 0.785218 0.471233 0.052666 0.073562
1 0.702795 0.430696 0.050713 0.074322
1 0.565079 0.347764 0.035221 0.044893
0 0.922788 0.154324 0.029187 0.035357
1 0.650596 0.294813 0.082802 0.055265
1 0.554010 0.305301 0.051418 0.035824
1 0.813727 0.770892 0.067430 0.037128
1 0.732331 0.567737 0.046248 0.056226
1 0.388935 0.274367 0.039593 0.048915
1 0.686344 0.539675 0.046359 0.062683
1 0.333149 0.288516 0.059289 0.040890
1 0.770569 0.552846 0.043671 0.058040
1 0.817202 0.525191 0.036708 0.042178
1 0.831979 0.550111 0.039751 0.041951
1 0.584200 0.341527 0.041310 0.051192
1 0.975688 0.370007 0.041252 0.015997
