1 0.469867 0.469258 0.091203 0.054784
1 0.689606 0.486986 0.070127 0.069698
1 0.754255 0.757202 0.072374 0.045037
1 0.730004 0.638814 0.065139 0.069495
1 0.371101 0.481306 0.089442 0.054877
1 0.234482 0.615852 0.086397 0.050250
1 0.702291 0.698252 0.066602 0.043557
1 0.749795 0.561214 0.072523 0.071035
1 0.151613 0.653169 0.087689 0.050130
1 0.656093 0.636305 0.084724 0.050917
1 0.293265 0.520970 0.091465 0.052468
1 0.674596 0.658127 0.080572 0.048351
1 0.144112 0.627041 0.090283 0.051358
1 0.776289 0.643015 0.068212 0.070362
1 0.142099 0.597680 0.087827 0.058883
1 0.653046 0.585166 0.067105 0.063391
1 0.821407 0.704126 0.065675 0.066977
1 0.495714 0.521183 0.090760 0.050121
1 0.567636 0.522590 0.093183 0.051139
1 0.223853 0.587934 0.092211 0.055787
1 0.542565 0.470062 0.061108 0.071685
1 0.635650 0.417871 0.067771 0.065807
1 0.780070 0.701683 0.070384 0.068824
1 0.689968 0.677750 0.068697 0.043870
1 0.390225 0.542742 0.088634 0.053691
1 0.827824 0.764416 0.070713 0.067161
1 0.251562 0.636522 0.088434 0.053504
1 0.388364 0.506259 0.090803 0.055817
1 0.583959 0.412701 0.081330 0.059307
1 0.736862 0.737816 0.070040 0.043707
1 0.637731 0.515323 0.064895 0.067570
1 0.455527 0.443741 0.093864 0.055231
1 0.470978 0.501707 0.094648 0.053610
1 0.676163 0.515850 0.070573 0.066486
1 0.307450 0.546121 0.091105 0.053594
1 0.719746 0.717868 0.069193 0.043645
1 0.844138 0.680028 0.069242 0.068703
1 0.628912 0.593847 0.058628 0.059752
1 0.684775 0.576262 0.072238 0.072945
1 0.767823 0.778014 0.067116 0.043942
1 0.725326 0.576759 0.070010 0.078473
1 0.799145 0.623187 0.073368 0.069737
0 0.277365 0.296413 0.034037 0.033339
1 0.892155 0.741573 0.066406 0.064109
1 0.875846 0.757925 0.045394 0.048241
0 0.192673 0.335062 0.032757 0.032218
1 0.217111 0.558781 0.084641 0.048964
0 0.291675 0.375657 0.030292 0.031038
0 0.326260 0.267405 0.029721 0.031085
0 0.240481 0.311673 0.030275 0.031000
0 0.309533 0.366316 0.030850 0.030545
0 0.347932 0.263572 0.032249 0.031654
1 0.413085 0.560035 0.086073 0.051748
1 0.589934 0.452744 0.066952 0.066717
0 0.295729 0.287668 0.033650 0.033335
