1 0.644810 0.641745 0.058838 0.016560
1 0.648341 0.621756 0.059319 0.018072
1 0.777273 0.220015 0.060317 0.017201
1 0.726585 0.810428 0.032715 0.035481
1 0.725849 0.398772 0.059261 0.017865
1 0.747116 0.321551 0.058613 0.017900
1 0.754367 0.286830 0.058477 0.017900
1 0.498040 0.794865 0.026739 0.033787
1 0.660964 0.598314 0.060206 0.017306
1 0.245618 0.778819 0.028766 0.034765
1 0.765795 0.764856 0.028794 0.032864
1 0.750937 0.309806 0.058916 0.017924
1 0.770323 0.241990 0.059373 0.017615
1 0.656350 0.610573 0.059027 0.017158
1 0.482100 0.628794 0.058189 0.019161
1 0.697187 0.292007 0.039062 0.032327
1 0.866676 0.781692 0.059722 0.029581
1 0.422536 0.793470 0.027284 0.031560
1 0.538920 0.600144 0.052794 0.017653
0 0.443269 0.744851 0.020122 0.022031
1 0.713889 0.422921 0.060409 0.017378
0 0.146577 0.537533 0.019033 0.020682
0 0.090716 0.382036 0.019833 0.023087
0 0.125283 0.534425 0.017664 0.020099
1 0.763226 0.263991 0.057292 0.016704
0 0.215692 0.713905 0.024156 0.025088
1 0.538946 0.801114 0.023000 0.030186
1 0.766866 0.252906 0.058481 0.016569
0 0.925876 0.908645 0.031751 0.021053
0 0.596809 0.354829 0.038407 0.014174
1 0.309717 0.783604 0.025440 0.036208
0 0.073746 0.379002 0.018053 0.021674
0 0.948548 0.918167 0.031583 0.021315
0 0.544497 0.466790 0.039363 0.014312
1 0.719646 0.410912 0.059285 0.017578
1 0.698814 0.753679 0.027249 0.029669
1 0.099769 0.257693 0.018846 0.035791
0 0.021469 0.457010 0.020319 0.022811
1 0.673483 0.578633 0.049069 0.014525
