0 0.578065 0.583160 0.023653 0.042090
0 0.771167 0.475175 0.034892 0.042110
0 0.731705 0.708958 0.042021 0.043413
0 0.746832 0.466526 0.031678 0.040596
0 0.561563 0.522470 0.033811 0.043262
0 0.556724 0.578846 0.024322 0.040635
0 0.415566 0.641226 0.026361 0.042630
0 0.016228 0.785248 0.021277 0.038598
0 0.662692 0.404776 0.039895 0.039813
0 0.220517 0.294431 0.023039 0.035660
0 0.637357 0.541624 0.026774 0.039915
0 0.506611 0.568769 0.026850 0.044295
0 0.771115 0.682972 0.042590 0.047435
0 0.537188 0.665776 0.031130 0.043543
0 0.494435 0.771711 0.020531 0.039991
0 0.726687 0.457218 0.026815 0.035899
0 0.416328 0.775943 0.020381 0.039848
0 0.636242 0.594717 0.026869 0.039969
0 0.716387 0.564176 0.023007 0.038333
0 0.476273 0.656417 0.027182 0.043078
0 0.458550 0.394164 0.027944 0.043158
0 0.278779 0.310760 0.023403 0.037088
0 0.675656 0.604869 0.021215 0.036106
0 0.788128 0.489484 0.032801 0.037882
0 0.596677 0.427528 0.026481 0.042188
0 0.476150 0.556734 0.019079 0.033394
0 0.454660 0.774261 0.018936 0.039208
0 0.754411 0.696956 0.044633 0.049336
0 0.306846 0.752506 0.044502 0.041759
0 0.555910 0.417720 0.022182 0.041972
0 0.375935 0.528165 0.020427 0.035424
0 0.616461 0.591749 0.022079 0.036099
0 0.540663 0.519395 0.037294 0.046090
0 0.841357 0.575559 0.038458 0.023787
0 0.967561 0.490380 0.042455 0.027123
0 0.055024 0.785360 0.020280 0.037998
0 0.832874 0.550775 0.041422 0.028680
0 0.395161 0.592113 0.038792 0.032265
0 0.394729 0.636516 0.032893 0.043011
0 0.536251 0.573025 0.023868 0.037597
0 0.821374 0.527001 0.041801 0.033947
0 0.484783 0.401600 0.024391 0.039999
0 0.296919 0.313111 0.023178 0.037535
0 0.657176 0.544916 0.030225 0.043909
0 0.677057 0.553093 0.026053 0.042053
0 0.449535 0.607589 0.045783 0.027681
0 0.987664 0.529850 0.024672 0.027844
0 0.957539 0.719587 0.038359 0.039104
0 0.578088 0.529558 0.029163 0.039872
0 0.418656 0.545398 0.020482 0.038541
0 0.599670 0.535883 0.028334 0.037360
0 0.540412 0.611923 0.046594 0.029554
