1 0.244159 0.608181 0.104404 0.036171
1 0.484763 0.855361 0.094074 0.041575
1 0.446043 0.619582 0.089482 0.040376
1 0.408378 0.858165 0.090820 0.037861
1 0.446601 0.856679 0.091090 0.040268
1 0.251097 0.650571 0.107771 0.031802
1 0.694482 0.190309 0.026544 0.044616
1 0.576263 0.788375 0.108996 0.011627
1 0.542924 0.616954 0.088053 0.039803
1 0.251872 0.635831 0.109095 0.031312
1 0.877250 0.360560 0.032106 0.046868
1 0.549186 0.632868 0.088801 0.037857
1 0.550397 0.650464 0.091247 0.041494
1 0.731424 0.192637 0.031494 0.047582
1 0.431097 0.024526 0.040141 0.045876
1 0.710136 0.367181 0.030682 0.046249
1 0.798678 0.194770 0.033542 0.048266
1 0.764575 0.193784 0.030255 0.046966
1 0.842626 0.359930 0.028137 0.046968
1 0.741351 0.366076 0.030972 0.046082
1 0.361124 0.855885 0.083994 0.039151
1 0.586828 0.695534 0.031301 0.047516
1 0.626174 0.841219 0.111328 0.012227
1 0.333685 0.859340 0.074117 0.033344
1 0.646103 0.020085 0.029036 0.039184
1 0.263745 0.074751 0.117877 0.010028
1 0.619424 0.815747 0.109656 0.011790
