1 0.818755 0.607208 0.122661 0.039890
1 0.600161 0.798457 0.120283 0.046120
1 0.159475 0.229833 0.127670 0.047790
1 0.480982 0.651143 0.119913 0.043340
1 0.826753 0.409055 0.121574 0.038409
1 0.839565 0.483344 0.117526 0.039020
1 0.862888 0.122251 0.117423 0.039278
1 0.259728 0.448326 0.118057 0.043878
1 0.822537 0.646200 0.120647 0.038986
1 0.278591 0.273365 0.128939 0.045158
1 0.833804 0.170250 0.125975 0.040602
1 0.267007 0.348291 0.125377 0.046782
1 0.845468 0.363256 0.119433 0.039158
1 0.493340 0.556280 0.132403 0.044755
1 0.141856 0.524742 0.129273 0.045456
1 0.249936 0.466156 0.124168 0.046246
1 0.502490 0.321130 0.114084 0.038721
1 0.231266 0.931092 0.131302 0.048201
1 0.845440 0.500865 0.119886 0.039794
1 0.810242 0.864092 0.116881 0.041440
1 0.827234 0.388208 0.125374 0.037923
1 0.832683 0.289044 0.126517 0.040054
1 0.241647 0.759472 0.131217 0.047605
1 0.817723 0.529633 0.125659 0.040201
1 0.488111 0.754307 0.126854 0.047476
1 0.255100 0.364911 0.124121 0.045106
1 0.839994 0.659693 0.117695 0.040400
1 0.835248 0.620931 0.121278 0.039385
1 0.490613 0.715016 0.139686 0.048317
1 0.122271 0.937147 0.121453 0.047104
1 0.598169 0.754301 0.133472 0.045110
1 0.833679 0.348522 0.117916 0.040599
1 0.502419 0.339362 0.118867 0.041768
1 0.503149 0.360225 0.117882 0.041278
1 0.262449 0.227042 0.131966 0.047034
1 0.852091 0.144162 0.128394 0.039337
1 0.821993 0.723652 0.118486 0.040585
1 0.845243 0.421247 0.118857 0.040953
1 0.605718 0.476260 0.117505 0.041865
1 0.608561 0.438727 0.116255 0.042502
1 0.614041 0.302867 0.108991 0.040188
1 0.837946 0.210425 0.121358 0.042338
1 0.251271 0.545766 0.128986 0.045275
1 0.251158 0.604395 0.127149 0.046480
1 0.594883 0.633339 0.116044 0.043290
1 0.613406 0.321681 0.110624 0.039700
1 0.249008 0.642620 0.127329 0.045249
1 0.604966 0.777554 0.126025 0.044389
1 0.831691 0.329110 0.122466 0.040395
1 0.603395 0.596704 0.119405 0.043493
1 0.498743 0.496939 0.123602 0.043360
1 0.145590 0.487155 0.126963 0.046732
1 0.497848 0.400012 0.116252 0.041726
1 0.501393 0.439193 0.116606 0.040714
1 0.125062 0.915223 0.124413 0.045526
1 0.619428 0.285539 0.117555 0.043912
1 0.832756 0.192754 0.119479 0.043645
1 0.256387 0.528947 0.122499 0.046410
1 0.834687 0.269882 0.124726 0.040881
1 0.622350 0.267049 0.120781 0.044910
1 0.246770 0.704246 0.130803 0.046053
1 0.508314 0.264017 0.112244 0.039573
1 0.834706 0.231275 0.121885 0.042913
1 0.247164 0.302104 0.118295 0.046461
1 0.507887 0.282981 0.111349 0.039636
1 0.250632 0.662426 0.125632 0.045943
1 0.143049 0.325601 0.130456 0.048920
1 0.499515 0.476758 0.122174 0.043582
1 0.253008 0.566668 0.128531 0.046988
1 0.623088 0.246671 0.124120 0.047548
1 0.143947 0.247824 0.134077 0.045973
1 0.129730 0.618754 0.121813 0.043835
1 0.514408 0.164839 0.131171 0.047005
1 0.157628 0.289161 0.125988 0.046168
1 0.237346 0.817447 0.125955 0.043831
1 0.123462 0.678944 0.128189 0.046547
1 0.499396 0.577995 0.122153 0.042048
1 0.512515 0.226622 0.130745 0.045499
1 0.251062 0.624343 0.127598 0.047123
1 0.238414 0.956795 0.127282 0.046280
1 0.267807 0.408854 0.126169 0.046598
1 0.830523 0.547149 0.118787 0.042408
1 0.127235 0.853657 0.123052 0.045405
1 0.509147 0.245570 0.130000 0.044502
1 0.613990 0.382478 0.107713 0.040629
1 0.492738 0.595055 0.126360 0.045182
1 0.251675 0.585650 0.127958 0.047410
1 0.135699 0.664295 0.127179 0.045573
1 0.851133 0.244511 0.124974 0.039469
1 0.832644 0.738559 0.121581 0.042001
1 0.608587 0.419922 0.114988 0.041373
1 0.843155 0.873024 0.093423 0.033578
1 0.145957 0.304943 0.126534 0.047002
1 0.247056 0.801580 0.132582 0.046251
1 0.241064 0.779552 0.129395 0.046697
1 0.135835 0.639339 0.130155 0.046142
1 0.828543 0.780715 0.115498 0.041724
1 0.148654 0.364739 0.127668 0.047401
1 0.140508 0.426263 0.134426 0.045985
1 0.488545 0.613909 0.120897 0.041942
1 0.264318 0.428337 0.120766 0.042619
1 0.512248 0.205638 0.132743 0.048566
1 0.502503 0.381227 0.116906 0.041796
1 0.138051 0.543550 0.127732 0.044991
1 0.124034 0.834086 0.120801 0.043457
1 0.610621 0.340058 0.112506 0.042424
1 0.486372 0.633586 0.124582 0.043481
1 0.818867 0.586875 0.123807 0.040829
1 0.134041 0.562726 0.122588 0.044642
1 0.146347 0.448359 0.124398 0.045844
1 0.817245 0.763055 0.125188 0.041270
1 0.123631 0.815381 0.126454 0.044754
1 0.237781 0.856485 0.122265 0.044016
1 0.152849 0.409976 0.137467 0.049855
1 0.127942 0.719648 0.122461 0.044613
1 0.497167 0.419043 0.112573 0.041180
1 0.131211 0.600442 0.122025 0.044480
1 0.237821 0.836440 0.126575 0.046008
1 0.609269 0.399751 0.113443 0.042337
1 0.500267 0.518721 0.123222 0.042002
1 0.233164 0.911914 0.126084 0.046079
1 0.128171 0.738313 0.123210 0.045413
1 0.132240 0.581649 0.121913 0.044137
1 0.240946 0.894767 0.127328 0.045333
1 0.122877 0.871365 0.117718 0.043127
1 0.262338 0.247246 0.133763 0.047411
1 0.120680 0.794210 0.125044 0.043864
1 0.123343 0.775021 0.123721 0.044167
1 0.515769 0.186293 0.129824 0.047931
1 0.247575 0.681764 0.131594 0.048749
