1 0.345514 0.627849 0.033873 0.029698
1 0.178708 0.482829 0.043860 0.022124
1 0.424758 0.505342 0.033087 0.030204
1 0.583080 0.156544 0.047116 0.017718
1 0.434672 0.399985 0.035763 0.030355
1 0.472327 0.585247 0.033891 0.029700
1 0.290726 0.844711 0.045872 0.017968
1 0.394079 0.597942 0.035940 0.031816
1 0.145827 0.516037 0.040592 0.024420
1 0.260584 0.521741 0.036631 0.031491
1 0.186579 0.631698 0.041406 0.025605
1 0.581021 0.221197 0.041454 0.026322
1 0.290208 0.699060 0.039223 0.026508
1 0.224888 0.555592 0.035779 0.031001
1 0.333567 0.562229 0.034636 0.030891
1 0.524385 0.214350 0.046435 0.017416
1 0.407721 0.440838 0.034304 0.031876
1 0.203637 0.447118 0.035452 0.031022
1 0.309362 0.870274 0.040634 0.022282
1 0.232457 0.417496 0.036027 0.032326
1 0.329392 0.409957 0.036660 0.031581
1 0.338794 0.363653 0.035588 0.031456
1 0.134511 0.885952 0.017657 0.034607
1 0.509342 0.440850 0.036196 0.028036
1 0.486868 0.428638 0.035141 0.030260
1 0.235028 0.833804 0.044642 0.013624
1 0.207028 0.890593 0.014304 0.032438
1 0.572432 0.230076 0.042558 0.026411
1 0.231260 0.892228 0.015691 0.033039
1 0.543411 0.514511 0.034857 0.031941
1 0.219249 0.891038 0.014109 0.031928
1 0.237303 0.561057 0.034961 0.030874
1 0.305135 0.852012 0.041970 0.021779
1 0.691791 0.208024 0.041120 0.036907
1 0.711351 0.223616 0.036323 0.029874
1 0.271000 0.894057 0.016512 0.034714
1 0.731171 0.234640 0.035069 0.031103
1 0.460407 0.468883 0.036007 0.030466
1 0.153767 0.508293 0.043370 0.024151
1 0.250320 0.674807 0.037623 0.029678
1 0.362169 0.377405 0.035906 0.031534
1 0.195286 0.889869 0.014470 0.032986
1 0.631672 0.174081 0.041868 0.025156
1 0.355736 0.632496 0.034205 0.030816
1 0.317657 0.499231 0.034954 0.030709
1 0.267563 0.581205 0.036983 0.031437
1 0.138829 0.852760 0.045429 0.009353
1 0.415162 0.609027 0.036270 0.029721
1 0.172258 0.490657 0.044038 0.023038
1 0.398592 0.655756 0.032278 0.030867
1 0.613717 0.189047 0.040034 0.024425
1 0.465991 0.418121 0.034982 0.030973
1 0.408850 0.551156 0.035374 0.031009
1 0.429283 0.563754 0.035081 0.031028
1 0.273229 0.392124 0.035428 0.030347
1 0.286636 0.835328 0.044511 0.017125
1 0.187101 0.858577 0.049018 0.012519
1 0.257616 0.894424 0.015770 0.034817
1 0.486231 0.539689 0.034745 0.030295
1 0.606421 0.198152 0.043066 0.025959
1 0.170724 0.888289 0.015587 0.033955
1 0.622401 0.181126 0.039527 0.024461
1 0.435494 0.620366 0.034645 0.031783
1 0.163955 0.500185 0.040526 0.024242
1 0.187527 0.834953 0.044388 0.009907
1 0.793261 0.270469 0.038887 0.034910
1 0.513964 0.499164 0.036903 0.030228
0 0.151197 0.656305 0.021308 0.015641
1 0.183706 0.888850 0.015819 0.033157
1 0.519727 0.445974 0.034980 0.031703
1 0.185530 0.845384 0.048222 0.011273
1 0.503021 0.492661 0.034071 0.031281
1 0.762912 0.252818 0.033309 0.031723
1 0.245399 0.893984 0.015004 0.033658
1 0.388001 0.649838 0.034950 0.030978
1 0.159029 0.888275 0.014102 0.033561
0 0.245693 0.734986 0.016401 0.013837
0 0.177696 0.693984 0.017114 0.014263
0 0.833910 0.217662 0.021879 0.017026
1 0.742430 0.241447 0.034413 0.030799
1 0.192895 0.622927 0.037625 0.025703
1 0.480706 0.481900 0.036275 0.030587
1 0.623759 0.182528 0.041623 0.024430
1 0.219812 0.625537 0.039094 0.027515
0 0.064759 0.696689 0.017310 0.014282
1 0.263192 0.386920 0.035337 0.030639
0 0.027045 0.675875 0.018143 0.014443
0 0.131071 0.215708 0.019309 0.013017
1 0.599026 0.204894 0.042011 0.026890
1 0.465986 0.418250 0.035832 0.030691
1 0.475655 0.533172 0.034671 0.030367
0 0.803000 0.203335 0.018119 0.015674
1 0.282746 0.825904 0.045437 0.016040
0 0.214990 0.727950 0.015867 0.012971
0 0.195086 0.682651 0.016500 0.013762
1 0.985142 0.371110 0.029715 0.020745
1 0.237332 0.844976 0.045833 0.013600
1 0.233042 0.862078 0.045936 0.009775
0 0.930063 0.327577 0.019965 0.015095
0 0.205093 0.675125 0.016910 0.014349
0 0.727051 0.384734 0.025513 0.020900
0 0.095077 0.617209 0.017770 0.014765
0 0.788910 0.199933 0.017414 0.015406
0 0.219334 0.263379 0.017334 0.012269
0 0.144845 0.242433 0.017820 0.011106
0 0.155365 0.705123 0.017778 0.013910
