1 0.330591 0.242632 0.104937 0.052389
1 0.192892 0.635689 0.150349 0.064618
1 0.700812 0.388686 0.140628 0.123255
1 0.763649 0.342977 0.091126 0.080098
1 0.537749 0.083240 0.067355 0.113141
1 0.574406 0.096595 0.070398 0.105781
1 0.467198 0.057540 0.067781 0.114861
1 0.502120 0.737327 0.135031 0.105900
1 0.428237 0.881144 0.136100 0.110113
0 0.287275 0.052473 0.058401 0.082186
1 0.616869 0.104431 0.074270 0.105783
1 0.795033 0.277083 0.090435 0.080024
1 0.644393 0.493010 0.135217 0.111461
1 0.539245 0.665921 0.136784 0.108086
1 0.615691 0.525136 0.136080 0.107244
0 0.255069 0.314121 0.068014 0.040555
1 0.561791 0.630133 0.135211 0.104227
0 0.760432 0.507566 0.063625 0.046219
1 0.130345 0.826540 0.124987 0.065909
0 0.296355 0.138779 0.048368 0.079876
