1 0.366779 0.597848 0.038593 0.050917
1 0.335729 0.425057 0.039407 0.045569
1 0.348637 0.504367 0.037792 0.049970
1 0.383482 0.389363 0.040679 0.023270
1 0.530449 0.556307 0.038454 0.049121
1 0.211891 0.391999 0.041690 0.025848
1 0.390691 0.732712 0.037333 0.046785
1 0.704993 0.624731 0.035815 0.047582
1 0.709669 0.664650 0.036497 0.049429
1 0.160454 0.400162 0.041270 0.028687
1 0.690379 0.485828 0.037992 0.049329
1 0.376396 0.655987 0.038043 0.046579
1 0.743370 0.592591 0.034669 0.031883
1 0.391065 0.426799 0.039880 0.021903
1 0.387478 0.713119 0.037721 0.048162
1 0.376827 0.350781 0.042184 0.024820
1 0.587358 0.535868 0.041674 0.027436
1 0.373040 0.635966 0.038828 0.044361
1 0.034316 0.870000 0.038546 0.025613
1 0.380057 0.675287 0.037147 0.046498
1 0.285906 0.813618 0.041886 0.022552
1 0.181935 0.558158 0.042827 0.031370
1 0.321645 0.348204 0.040212 0.047357
1 0.405414 0.522977 0.040608 0.023902
1 0.713898 0.726284 0.035870 0.049395
1 0.341763 0.486970 0.039193 0.048639
1 0.562628 0.707609 0.038121 0.048348
1 0.603832 0.630943 0.042653 0.026163
1 0.171264 0.496124 0.040676 0.029341
1 0.206956 0.691599 0.042055 0.026920
1 0.536926 0.572530 0.038425 0.048803
1 0.294235 0.850475 0.042752 0.026313
1 0.169574 0.458555 0.041818 0.029052
1 0.034075 0.852352 0.037560 0.025313
1 0.243562 0.588263 0.041109 0.030210
1 0.201175 0.654113 0.043406 0.022850
1 0.355780 0.540244 0.041219 0.049009
1 0.591216 0.573698 0.042814 0.027706
1 0.175673 0.515967 0.044082 0.028410
1 0.016695 0.743051 0.033390 0.024228
1 0.548959 0.628726 0.038057 0.048650
1 0.218413 0.750390 0.040884 0.023454
1 0.123765 0.724761 0.019579 0.058009
1 0.362439 0.578763 0.040002 0.046169
1 0.840321 0.641148 0.035763 0.047946
1 0.527619 0.514498 0.038024 0.050517
1 0.418174 0.581096 0.042005 0.021662
1 0.580220 0.802699 0.039006 0.047996
1 0.332560 0.404228 0.039330 0.047682
1 0.165602 0.440188 0.042797 0.027692
1 0.034593 0.609127 0.035493 0.028709
1 0.749212 0.632262 0.032528 0.032295
1 0.424940 0.618748 0.042479 0.024930
1 0.399567 0.791263 0.040619 0.044945
1 0.543957 0.611777 0.038548 0.048578
1 0.836019 0.623633 0.035788 0.048022
1 0.754794 0.694968 0.033119 0.032993
1 0.555193 0.668297 0.039619 0.047287
1 0.055231 0.719100 0.036058 0.021911
1 0.077241 0.843528 0.034752 0.022188
1 0.039239 0.889688 0.038275 0.022709
1 0.236505 0.530732 0.040928 0.029674
1 0.045705 0.908177 0.037433 0.021276
1 0.618956 0.708058 0.043338 0.028576
1 0.695496 0.525144 0.036631 0.048911
1 0.830578 0.563047 0.036851 0.049257
1 0.595004 0.592930 0.043298 0.027131
1 0.741542 0.552499 0.032574 0.030472
1 0.215558 0.731466 0.042754 0.024339
1 0.751361 0.674490 0.033520 0.031968
1 0.054296 0.961218 0.037708 0.024918
1 0.235144 0.511854 0.040693 0.028486
1 0.626753 0.785210 0.031900 0.024505
1 0.739443 0.532202 0.033081 0.029858
1 0.252049 0.628613 0.041787 0.028079
1 0.180691 0.535474 0.043636 0.028625
1 0.026567 0.814688 0.040131 0.025997
1 0.743487 0.573115 0.033057 0.030889
1 0.847521 0.800225 0.031020 0.021918
1 0.070253 0.803965 0.035225 0.020779
1 0.400512 0.484379 0.042698 0.025190
1 0.240877 0.568813 0.042272 0.029041
1 0.693475 0.503908 0.037235 0.050886
1 0.246814 0.904444 0.040354 0.023927
1 0.404156 0.504676 0.041000 0.023600
1 0.257110 0.668265 0.043886 0.032144
1 0.374440 0.330092 0.041335 0.024586
1 0.407413 0.828582 0.040423 0.046564
1 0.228290 0.491369 0.045330 0.030371
1 0.825594 0.545946 0.035547 0.048485
1 0.622824 0.744943 0.034539 0.023544
1 0.588053 0.554197 0.042508 0.026333
1 0.041045 0.646369 0.036557 0.021722
1 0.575138 0.475259 0.042457 0.021725
1 0.237111 0.846527 0.040811 0.021793
1 0.327249 0.367313 0.038498 0.047595
1 0.737357 0.475043 0.030097 0.029312
1 0.017306 0.759903 0.034613 0.025129
1 0.818848 0.530422 0.029409 0.039370
1 0.415150 0.562687 0.042481 0.021896
1 0.079694 0.862399 0.034327 0.024164
1 0.441156 0.715134 0.041319 0.023055
1 0.755601 0.713903 0.032522 0.034796
1 0.060679 0.750810 0.036220 0.024379
1 0.023313 0.797154 0.037948 0.024251
1 0.706987 0.644295 0.036874 0.049437
1 0.558313 0.688951 0.038221 0.045947
1 0.757850 0.736279 0.033349 0.035390
1 0.047837 0.699651 0.034679 0.018365
1 0.294252 0.867601 0.043366 0.025351
1 0.605923 0.650215 0.043104 0.026790
1 0.041988 0.665591 0.035394 0.023230
1 0.699638 0.564707 0.037315 0.049390
1 0.031890 0.834956 0.039185 0.025108
1 0.236765 0.548732 0.041061 0.028497
1 0.338329 0.444220 0.040404 0.045758
1 0.021722 0.552347 0.036140 0.023975
1 0.057300 0.979692 0.038377 0.025831
1 0.017353 0.514972 0.034706 0.025238
1 0.737018 0.511039 0.031857 0.028777
1 0.013380 0.459057 0.026583 0.026086
1 0.018521 0.778106 0.037043 0.024442
1 0.015667 0.496326 0.031335 0.025760
1 0.523471 0.496959 0.038157 0.049510
1 0.073904 0.824217 0.034112 0.020490
1 0.529586 0.533491 0.037965 0.047824
1 0.402665 0.810475 0.038585 0.043954
1 0.633583 0.766968 0.033526 0.022068
1 0.088319 0.898215 0.036639 0.027894
1 0.012701 0.706057 0.025227 0.024997
1 0.614093 0.688478 0.042310 0.026201
1 0.218119 0.432902 0.042926 0.029838
1 0.232675 0.827525 0.041422 0.021552
1 0.020340 0.534763 0.036562 0.025593
1 0.225372 0.790588 0.042404 0.022757
1 0.025197 0.569894 0.034447 0.020999
1 0.452117 0.792508 0.035537 0.021510
1 0.551630 0.649078 0.038516 0.046876
1 0.014663 0.478244 0.029325 0.029496
1 0.426676 0.603459 0.042497 0.026491
1 0.703920 0.603382 0.037245 0.050093
1 0.736723 0.493434 0.032042 0.030747
1 0.439007 0.697251 0.041357 0.022234
1 0.600779 0.612365 0.043518 0.025910
1 0.698116 0.543194 0.036115 0.048954
1 0.701766 0.585020 0.036543 0.046910
1 0.171530 0.479130 0.039456 0.028653
