1 0.325810 0.509678 0.058208 0.029866
1 0.511766 0.519926 0.059139 0.033819
1 0.379462 0.484759 0.055604 0.034954
1 0.649150 0.473228 0.056027 0.032880
1 0.705100 0.171990 0.053737 0.034219
1 0.441102 0.397364 0.041127 0.047724
1 0.654576 0.488867 0.047584 0.028698
1 0.302163 0.699902 0.040241 0.045054
1 0.414942 0.466348 0.053732 0.036362
1 0.196297 0.749311 0.040401 0.045596
1 0.448655 0.452921 0.053086 0.035518
1 0.423236 0.403068 0.039627 0.046054
1 0.316405 0.453855 0.042229 0.046210
1 0.557310 0.335005 0.035364 0.038656
1 0.356917 0.492058 0.048976 0.030487
1 0.169945 0.427771 0.059152 0.037476
1 0.287925 0.470325 0.042894 0.046533
1 0.364280 0.673596 0.038655 0.044711
1 0.596770 0.179340 0.040178 0.046354
1 0.893366 0.423079 0.053686 0.031777
1 0.363939 0.431666 0.039426 0.045050
1 0.462593 0.442330 0.056125 0.033903
1 0.430203 0.458742 0.051771 0.035807
1 0.717203 0.181123 0.053918 0.033184
1 0.347379 0.679637 0.038550 0.045828
1 0.536380 0.407849 0.049840 0.022740
1 0.581731 0.186130 0.041651 0.046753
1 0.457108 0.391001 0.040584 0.046412
1 0.574198 0.329150 0.036228 0.038403
1 0.218651 0.366615 0.042113 0.043736
1 0.643560 0.458364 0.049602 0.031555
1 0.790811 0.486714 0.058786 0.035077
1 0.318929 0.696533 0.035134 0.038807
1 0.273486 0.575242 0.043385 0.046551
1 0.509155 0.281484 0.060158 0.016571
1 0.500084 0.235488 0.040466 0.045944
1 0.138116 0.639725 0.033961 0.038165
1 0.820907 0.455185 0.037834 0.046848
1 0.342389 0.499984 0.045706 0.027033
1 0.591205 0.570775 0.031249 0.030690
1 0.617184 0.434554 0.054896 0.033598
1 0.334022 0.689569 0.035893 0.040068
1 0.547026 0.219222 0.039684 0.042562
1 0.851992 0.363318 0.045607 0.029942
1 0.156509 0.636109 0.042152 0.044159
1 0.286495 0.706595 0.039848 0.045024
1 0.844379 0.351022 0.046765 0.030517
1 0.568365 0.193561 0.039912 0.044234
1 0.602287 0.313077 0.037869 0.039406
1 0.124636 0.651309 0.035118 0.039322
1 0.591487 0.324899 0.042058 0.042605
1 0.285820 0.390044 0.056537 0.018891
1 0.236428 0.359866 0.041569 0.044577
1 0.517426 0.416336 0.056123 0.026667
1 0.289102 0.568795 0.043606 0.047711
1 0.788113 0.279188 0.055078 0.034733
1 0.693861 0.145343 0.045257 0.028124
1 0.611713 0.170998 0.038651 0.041586
1 0.530173 0.532657 0.054381 0.034182
1 0.334081 0.446755 0.043811 0.047668
1 0.170638 0.627604 0.043355 0.047174
1 0.677685 0.121109 0.046694 0.028558
1 0.530039 0.353999 0.043939 0.045514
1 0.153908 0.420139 0.061205 0.039751
1 0.826117 0.326899 0.047951 0.030882
1 0.332123 0.365051 0.052701 0.016474
1 0.911611 0.445175 0.048227 0.029339
1 0.302855 0.462265 0.041122 0.044893
1 0.833556 0.340348 0.052130 0.034711
1 0.500286 0.367465 0.039475 0.046273
1 0.797451 0.292073 0.057365 0.034993
1 0.771198 0.457503 0.054045 0.033049
1 0.601483 0.359962 0.054990 0.014459
1 0.378937 0.425728 0.039773 0.044413
1 0.888091 0.408983 0.048246 0.028162
1 0.414525 0.279275 0.043448 0.048740
1 0.621697 0.308408 0.034851 0.038604
1 0.725158 0.193616 0.054288 0.033343
1 0.358967 0.353176 0.048865 0.013619
1 0.555942 0.203164 0.041151 0.045471
1 0.500196 0.425822 0.057728 0.027172
1 0.700760 0.157407 0.044960 0.027556
1 0.379585 0.665352 0.041801 0.045630
1 0.444209 0.265789 0.042685 0.047440
1 0.259246 0.723086 0.038558 0.043314
1 0.212407 0.604316 0.035544 0.040129
1 0.257553 0.582067 0.040453 0.044298
1 0.905911 0.432650 0.044228 0.028372
1 0.686872 0.132879 0.046325 0.028453
1 0.629881 0.448161 0.054652 0.032780
1 0.200576 0.613412 0.041647 0.045040
1 0.806760 0.196170 0.032174 0.031433
1 0.397435 0.636672 0.045160 0.050539
1 0.398775 0.286174 0.044377 0.049936
1 0.309519 0.326721 0.040301 0.045754
1 0.471290 0.381646 0.040322 0.044284
1 0.780349 0.472133 0.055487 0.033982
1 0.427272 0.327675 0.055203 0.012610
1 0.348886 0.439008 0.039423 0.046554
1 0.572322 0.386229 0.059111 0.023788
1 0.771743 0.151475 0.030543 0.030295
1 0.232190 0.600724 0.041279 0.044446
1 0.763523 0.140083 0.032982 0.032408
1 0.248901 0.350490 0.037807 0.042913
1 0.244379 0.591002 0.042114 0.045804
1 0.471668 0.249634 0.042222 0.046289
1 0.734078 0.205815 0.053908 0.032726
1 0.457400 0.257199 0.041754 0.046672
1 0.482111 0.298895 0.058287 0.012483
1 0.487115 0.376026 0.039757 0.044815
1 0.634106 0.551188 0.038439 0.042468
1 0.255309 0.398364 0.057124 0.025264
0 0.868659 0.160628 0.028209 0.019530
1 0.880040 0.397795 0.050757 0.030330
1 0.486798 0.435862 0.056026 0.029667
1 0.383890 0.339987 0.058477 0.013354
1 0.535564 0.547737 0.055620 0.032184
1 0.552955 0.398515 0.053351 0.023168
1 0.742506 0.217793 0.049184 0.029877
1 0.545885 0.346541 0.042897 0.046622
1 0.280165 0.339192 0.038279 0.041905
1 0.274263 0.717088 0.035529 0.039208
1 0.228562 0.736481 0.038694 0.043798
1 0.293083 0.331849 0.041463 0.044646
1 0.306091 0.377855 0.054385 0.013543
1 0.448458 0.313727 0.046888 0.012314
1 0.212863 0.743064 0.040447 0.045115
0 0.850254 0.510730 0.029943 0.020995
1 0.649147 0.543711 0.039084 0.041713
1 0.322825 0.318842 0.040393 0.044812
1 0.399211 0.287716 0.042156 0.047344
1 0.806180 0.306134 0.056993 0.036151
1 0.383771 0.644026 0.040990 0.042636
1 0.185460 0.619468 0.042242 0.044397
1 0.859218 0.375374 0.047602 0.029315
1 0.338312 0.311820 0.040459 0.045219
0 0.832679 0.238052 0.027542 0.024181
