1 0.671507 0.329086 0.061177 0.041602
1 0.601653 0.336039 0.062431 0.042517
1 0.490456 0.341916 0.060041 0.040219
1 0.566404 0.337386 0.061100 0.040114
1 0.220807 0.484939 0.065067 0.059718
1 0.521994 0.265654 0.080235 0.040500
1 0.637951 0.331699 0.062290 0.041632
1 0.091955 0.396648 0.064492 0.063036
0 0.080007 0.336698 0.027445 0.025269
1 0.306926 0.534334 0.062735 0.060097
1 0.667906 0.397612 0.065272 0.044674
1 0.170038 0.454265 0.062901 0.061621
1 0.602677 0.704967 0.060706 0.059371
1 0.583918 0.693873 0.063758 0.060111
1 0.497821 0.644378 0.061520 0.058216
1 0.515169 0.654505 0.061206 0.057766
1 0.342860 0.554652 0.061452 0.059237
1 0.456597 0.345754 0.059600 0.039764
1 0.125408 0.416483 0.061941 0.060921
1 0.203695 0.473203 0.064031 0.057987
1 0.428479 0.605301 0.060948 0.058997
1 0.567332 0.683679 0.061857 0.059302
1 0.446457 0.615707 0.060743 0.060042
1 0.480336 0.634166 0.061082 0.059229
1 0.462974 0.625032 0.060546 0.061659
1 0.533312 0.663759 0.061744 0.061978
1 0.273213 0.515360 0.061045 0.059708
1 0.550544 0.672920 0.062622 0.061134
1 0.632551 0.404718 0.068136 0.053004
1 0.411080 0.594867 0.061190 0.057708
0 0.807163 0.376709 0.032295 0.022058
1 0.290886 0.525156 0.062204 0.061128
0 0.179439 0.069554 0.028454 0.021421
0 0.088400 0.061879 0.033389 0.026506
1 0.393871 0.583896 0.063230 0.058294
1 0.262899 0.291206 0.084146 0.038859
1 0.187745 0.464974 0.060944 0.058187
1 0.723234 0.359130 0.051510 0.035934
1 0.361001 0.564610 0.059975 0.059219
1 0.627300 0.537482 0.061872 0.041463
0 0.191093 0.266779 0.035538 0.020492
1 0.159571 0.435148 0.065222 0.060125
1 0.777061 0.388170 0.061386 0.041478
1 0.256368 0.504700 0.061884 0.060102
1 0.825253 0.417804 0.049051 0.032957
0 0.694447 0.308160 0.034559 0.021498
0 0.758346 0.348804 0.035315 0.022547
1 0.654711 0.733421 0.060595 0.057512
0 0.170927 0.080804 0.029918 0.024172
0 0.095718 0.345987 0.027859 0.026209
0 0.839080 0.396260 0.033255 0.022445
1 0.237302 0.495265 0.063402 0.060033
1 0.838723 0.447180 0.063797 0.041854
0 0.107891 0.353074 0.030491 0.026479
0 0.218164 0.027377 0.028382 0.022852
1 0.142208 0.427033 0.060482 0.059876
1 0.703299 0.393180 0.062003 0.042215
1 0.377730 0.574900 0.060704 0.061133
0 0.098377 0.051147 0.023179 0.018351
