1 0.338672 0.208833 0.037106 0.059691
1 0.305954 0.210977 0.040734 0.059098
1 0.500996 0.203972 0.041929 0.061177
1 0.812618 0.141114 0.018708 0.061240
1 0.676727 0.824042 0.015142 0.063043
1 0.869264 0.774803 0.016305 0.064458
1 0.239538 0.212070 0.038459 0.059837
1 0.329392 0.336125 0.013347 0.066659
1 0.744206 0.835864 0.016027 0.064153
1 0.703061 0.828668 0.015786 0.065025
1 0.191249 0.210703 0.038885 0.059520
1 0.621444 0.820899 0.015389 0.067309
1 0.272257 0.208434 0.039497 0.061327
1 0.404794 0.205691 0.036376 0.060468
1 0.450142 0.207510 0.038129 0.058503
1 0.634731 0.822199 0.015728 0.065933
1 0.605921 0.813032 0.013821 0.053723
1 0.311564 0.337137 0.013950 0.063096
1 0.253405 0.382373 0.058735 0.019404
1 0.885432 0.770126 0.015327 0.065514
1 0.135812 0.384505 0.015897 0.065330
1 0.772690 0.838723 0.014478 0.064977
1 0.565079 0.810862 0.012910 0.053296
1 0.420029 0.206408 0.040698 0.061613
1 0.568374 0.262352 0.055100 0.019328
1 0.803413 0.841857 0.015193 0.068473
1 0.578619 0.812073 0.013179 0.051688
1 0.533284 0.203274 0.042166 0.060455
0 0.679810 0.673092 0.020514 0.012521
1 0.431970 0.927890 0.041797 0.025244
1 0.845378 0.844111 0.016290 0.069847
1 0.468591 0.205738 0.040030 0.061431
1 0.569195 0.317305 0.054743 0.016481
1 0.568726 0.352996 0.054520 0.017464
1 0.208157 0.211702 0.037591 0.059953
1 0.387751 0.206749 0.037467 0.060794
1 0.787490 0.840244 0.014960 0.067311
0 0.228820 0.706413 0.010903 0.027643
0 0.338485 0.772458 0.010551 0.023846
1 0.375734 0.384806 0.056094 0.016504
0 0.643150 0.648663 0.019624 0.023485
0 0.327488 0.771558 0.010071 0.024930
0 0.272140 0.771523 0.010926 0.025923
1 0.900235 0.951354 0.058490 0.026082
0 0.151979 0.705547 0.010353 0.024267
1 0.716879 0.831631 0.016165 0.067731
1 0.354787 0.207099 0.036279 0.061029
1 0.439501 0.398600 0.043087 0.014572
0 0.294615 0.770114 0.009954 0.023337
0 0.184883 0.709007 0.010981 0.024596
0 0.348710 0.704435 0.010532 0.025307
0 0.217255 0.705410 0.010247 0.026113
0 0.626664 0.630392 0.017096 0.020330
1 0.139561 0.213067 0.041850 0.065790
1 0.751594 0.145232 0.017951 0.055509
1 0.288592 0.208607 0.039419 0.057099
0 0.350734 0.771002 0.011191 0.025112
0 0.634367 0.639890 0.021298 0.023963
0 0.250215 0.704968 0.009542 0.023914
0 0.272359 0.707041 0.010860 0.027067
0 0.098023 0.763902 0.010529 0.023737
0 0.294585 0.704171 0.011504 0.027985
0 0.769177 0.711651 0.022202 0.013745
0 0.677374 0.658571 0.018434 0.010970
0 0.571729 0.697185 0.022126 0.027220
0 0.359730 0.706268 0.010588 0.026563
0 0.229731 0.770609 0.010680 0.024748
0 0.701739 0.658352 0.018346 0.011751
1 0.372274 0.206559 0.037717 0.060359
0 0.195454 0.770678 0.010739 0.025658
0 0.316866 0.770058 0.011052 0.025061
0 0.131682 0.706850 0.011114 0.029305
0 0.745212 0.643882 0.021556 0.012324
0 0.239442 0.704892 0.009871 0.023821
0 0.173739 0.707796 0.009038 0.020887
1 0.307633 0.441237 0.054559 0.017933
0 0.283871 0.770161 0.009415 0.023544
0 0.119013 0.701518 0.010558 0.023376
