1 0.393998 0.234016 0.049789 0.025800
1 0.229148 0.511694 0.019338 0.041903
1 0.628885 0.389909 0.045983 0.024293
1 0.313253 0.652808 0.018767 0.038237
1 0.256188 0.351592 0.049745 0.024618
1 0.338187 0.670916 0.017995 0.041555
1 0.348003 0.307805 0.019597 0.041288
1 0.569163 0.341255 0.071933 0.033656
1 0.271898 0.626978 0.016239 0.038411
1 0.276835 0.713353 0.015460 0.032876
1 0.331671 0.751892 0.014503 0.032087
1 0.515148 0.516786 0.046650 0.022334
1 0.222897 0.678084 0.014670 0.033072
1 0.531073 0.312317 0.049386 0.025019
1 0.258096 0.617911 0.018533 0.038525
1 0.382087 0.694915 0.020370 0.041701
1 0.416146 0.354213 0.023220 0.063426
1 0.294718 0.269235 0.019972 0.040224
1 0.441128 0.372698 0.023601 0.060171
1 0.448018 0.563244 0.048185 0.025964
1 0.545908 0.322874 0.070307 0.034128
1 0.278079 0.454383 0.048875 0.024950
1 0.468183 0.279700 0.047693 0.022604
1 0.349806 0.589840 0.016914 0.040714
1 0.467781 0.279487 0.046085 0.023090
1 0.388499 0.333015 0.024352 0.059778
1 0.454795 0.377633 0.022864 0.059674
1 0.532855 0.429153 0.021343 0.060475
1 0.165769 0.468327 0.018471 0.040688
1 0.481791 0.170557 0.068038 0.033507
0 0.945723 0.938357 0.019169 0.015513
1 0.505720 0.410615 0.020907 0.059831
1 0.452945 0.260289 0.045068 0.025064
1 0.438391 0.253334 0.066040 0.030786
1 0.280043 0.264614 0.021473 0.056445
1 0.519584 0.417682 0.022279 0.060717
1 0.704017 0.313421 0.073406 0.034894
1 0.430413 0.133062 0.071823 0.033466
1 0.495397 0.299632 0.046054 0.025039
0 0.076282 0.219177 0.020132 0.016755
1 0.572872 0.450881 0.022620 0.055763
0 0.077488 0.632764 0.020184 0.017181
0 0.100258 0.813527 0.018355 0.016464
0 0.112343 0.877704 0.018840 0.016918
0 0.067727 0.186144 0.018183 0.016704
0 0.036885 0.166879 0.019213 0.018447
0 0.258919 0.017071 0.017906 0.015851
0 0.938225 0.946424 0.018206 0.014604
0 0.052263 0.204107 0.019021 0.016608
1 0.893646 0.458354 0.020732 0.023816
1 0.680545 0.297488 0.076836 0.035315
1 0.559950 0.443389 0.020698 0.058064
0 0.128918 0.810159 0.018354 0.016925
1 0.817070 0.147279 0.070116 0.034996
1 0.421126 0.122913 0.072013 0.035058
1 0.508793 0.307460 0.050249 0.024758
0 0.070061 0.833322 0.019766 0.017684
0 0.115902 0.823234 0.019268 0.017406
0 0.035265 0.908872 0.023183 0.021450
0 0.111554 0.857782 0.019966 0.017604
0 0.282083 0.927204 0.020028 0.015553
1 0.599813 0.469546 0.022211 0.060555
1 0.603745 0.360837 0.068817 0.031477
0 0.082900 0.779075 0.019375 0.016431
0 0.062608 0.260386 0.019409 0.016673
0 0.121403 0.217312 0.020254 0.021135
0 0.105110 0.208260 0.020759 0.018926
0 0.029358 0.188743 0.018969 0.016885
0 0.104807 0.240096 0.019124 0.016173
0 0.984079 0.984267 0.020207 0.014362
0 0.950140 0.521890 0.018377 0.016373
0 0.076208 0.682937 0.021047 0.016212
1 0.284938 0.634996 0.016995 0.038860
1 0.385614 0.434431 0.049383 0.023538
0 0.131324 0.834818 0.018478 0.016376
1 0.362894 0.320708 0.023053 0.059990
0 0.200219 0.075952 0.019942 0.017166
0 0.935846 0.976376 0.020271 0.015925
