1 0.451830 0.805791 0.055111 0.054043
1 0.419568 0.831368 0.052107 0.049012
1 0.466779 0.793262 0.054616 0.056072
1 0.510309 0.752354 0.058437 0.056732
1 0.479572 0.780981 0.057549 0.058045
1 0.436950 0.820498 0.054127 0.054664
1 0.547479 0.371398 0.100179 0.057727
1 0.493895 0.764567 0.058708 0.057179
1 0.404299 0.843345 0.052408 0.054137
1 0.571253 0.385836 0.094780 0.060964
1 0.391970 0.857336 0.053398 0.054568
1 0.265581 0.198750 0.097053 0.059316
1 0.595071 0.399886 0.093362 0.056926
1 0.201711 0.159133 0.095419 0.057825
1 0.155270 0.131876 0.097643 0.058369
1 0.682753 0.452735 0.094847 0.062269
1 0.724577 0.479770 0.097186 0.061230
1 0.266640 0.890979 0.036319 0.033322
1 0.179196 0.145938 0.097561 0.056890
1 0.419837 0.293310 0.090782 0.058388
1 0.613569 0.412927 0.099143 0.058874
1 0.790087 0.519913 0.096226 0.064966
1 0.440905 0.306258 0.095311 0.059641
1 0.337694 0.487190 0.062359 0.051447
0 0.258263 0.907207 0.026512 0.022403
1 0.288859 0.213816 0.094161 0.061994
1 0.376371 0.265067 0.094045 0.061154
1 0.395017 0.279853 0.092628 0.058333
1 0.766958 0.505562 0.092639 0.060297
