0 0.070794 0.703808 0.021078 0.013840
0 0.097499 0.671555 0.021018 0.014833
0 0.197760 0.552522 0.018720 0.013296
0 0.338868 0.439454 0.021368 0.014988
0 0.181850 0.626598 0.019281 0.012873
0 0.353371 0.421671 0.019294 0.013262
0 0.275680 0.458195 0.018362 0.013380
0 0.328639 0.450877 0.019917 0.014675
0 0.117763 0.645398 0.017673 0.012501
0 0.191560 0.560204 0.019398 0.015319
0 0.203402 0.545504 0.018089 0.012933
0 0.269932 0.522632 0.020844 0.014046
0 0.331712 0.389478 0.020100 0.013599
0 0.254392 0.542376 0.018810 0.013837
0 0.172970 0.581135 0.019770 0.012904
0 0.152569 0.665281 0.018431 0.013298
0 0.127587 0.693771 0.018632 0.013353
0 0.124363 0.638430 0.018098 0.013370
0 0.284544 0.504183 0.019821 0.014591
0 0.393108 0.375589 0.019646 0.013757
0 0.137040 0.682565 0.019920 0.013896
0 0.367748 0.403686 0.017913 0.012536
0 0.277669 0.510855 0.018444 0.013887
0 0.112851 0.653043 0.019330 0.013186
0 0.293963 0.432942 0.018667 0.013871
0 0.137911 0.623003 0.020715 0.014187
0 0.240705 0.560985 0.017480 0.013123
0 0.381785 0.385780 0.020805 0.014116
0 0.308640 0.475435 0.019125 0.015059
