1 0.559103 0.639018 0.105745 0.041298
1 0.676592 0.694691 0.095513 0.044713
1 0.446019 0.648473 0.104541 0.043530
1 0.557531 0.703391 0.109269 0.041098
1 0.922826 0.479325 0.066875 0.037151
1 0.928485 0.563375 0.067032 0.035443
1 0.671570 0.567369 0.106559 0.042870
1 0.669641 0.636090 0.091219 0.039778
1 0.922245 0.523008 0.061057 0.033363
1 0.445846 0.522755 0.094911 0.041731
1 0.922820 0.437450 0.068206 0.039074
1 0.556008 0.571284 0.105913 0.043644
1 0.420083 0.772786 0.092134 0.041913
1 0.244079 0.696146 0.055580 0.030694
1 0.668542 0.511259 0.110531 0.043193
1 0.244167 0.763235 0.056609 0.031133
1 0.616100 0.769757 0.110460 0.046286
0 0.527457 0.213206 0.024927 0.071672
0 0.703141 0.226432 0.028388 0.076109
1 0.684724 0.925816 0.114932 0.035157
1 0.551621 0.520637 0.114640 0.040233
1 0.550709 0.470366 0.113817 0.045976
1 0.241469 0.624407 0.057991 0.032189
0 0.241158 0.479681 0.049082 0.030500
0 0.271665 0.227707 0.025774 0.070822
0 0.857901 0.381962 0.044231 0.030399
0 0.632605 0.392116 0.024713 0.069295
0 0.676356 0.226054 0.028254 0.078309
0 0.391298 0.395989 0.023825 0.066900
0 0.338915 0.207737 0.024274 0.068581
0 0.235114 0.298801 0.047818 0.029199
0 0.726062 0.392627 0.024175 0.070696
1 0.975284 0.474674 0.025765 0.087803
0 0.239443 0.444032 0.047182 0.031678
0 0.417200 0.393294 0.026874 0.075382
1 0.921792 0.402502 0.066428 0.041993
0 0.242475 0.549095 0.048869 0.031613
1 0.047692 0.337009 0.081791 0.040137
1 0.239958 0.409285 0.059487 0.034659
1 0.386168 0.215026 0.022217 0.082258
