1 0.271321 0.505399 0.060981 0.059360
1 0.676927 0.543543 0.075476 0.065097
0 0.196989 0.641945 0.044033 0.041684
1 0.663623 0.563410 0.058017 0.050975
1 0.290508 0.495318 0.051911 0.051094
0 0.925959 0.906786 0.042285 0.031959
0 0.590748 0.911873 0.041219 0.039897
1 0.535788 0.597833 0.110858 0.103191
0 0.654302 0.481804 0.039528 0.030670
0 0.628622 0.950993 0.039968 0.037114
1 0.526720 0.614205 0.084366 0.095324
0 0.078657 0.082228 0.033354 0.032524
0 0.514010 0.351365 0.050074 0.038721
1 0.461464 0.651605 0.126596 0.115192
0 0.163214 0.119305 0.039656 0.031721
0 0.052993 0.109625 0.042269 0.037785
0 0.360560 0.292335 0.034073 0.029359
0 0.260062 0.706380 0.038433 0.038358
0 0.398114 0.270253 0.034256 0.031166
