1 0.716151 0.225950 0.064292 0.032292
1 0.727391 0.317861 0.060133 0.034171
1 0.729172 0.345902 0.060756 0.030331
1 0.722544 0.296284 0.059996 0.032101
1 0.715457 0.249335 0.058519 0.030139
1 0.718068 0.271985 0.057056 0.030812
1 0.762916 0.651494 0.032289 0.067683
1 0.584297 0.343765 0.062875 0.029836
1 0.576118 0.284518 0.064809 0.034324
1 0.712965 0.870543 0.020654 0.065734
1 0.661682 0.874601 0.020320 0.072432
1 0.737258 0.425109 0.054388 0.026279
1 0.570949 0.436120 0.026176 0.077185
1 0.695359 0.875734 0.022469 0.075900
1 0.709132 0.202655 0.058164 0.025944
1 0.644802 0.875893 0.019816 0.072596
1 0.748871 0.856508 0.020636 0.066318
1 0.581206 0.309231 0.058275 0.031136
1 0.732064 0.380211 0.055988 0.024415
1 0.839769 0.831208 0.022345 0.079856
1 0.816164 0.283875 0.024288 0.081216
1 0.710567 0.175798 0.065894 0.030677
1 0.825984 0.547884 0.027358 0.076501
1 0.806568 0.196877 0.022234 0.065549
1 0.625514 0.646207 0.026544 0.080748
1 0.810333 0.559948 0.026764 0.068199
1 0.791588 0.660264 0.022980 0.071886
1 0.735870 0.674646 0.020636 0.078879
1 0.526107 0.667438 0.040554 0.065258
1 0.389570 0.360915 0.076895 0.035656
0 0.460148 0.757160 0.027952 0.037356
1 0.586259 0.364148 0.060921 0.029879
1 0.810253 0.645506 0.025697 0.080371
1 0.828574 0.636575 0.025714 0.069494
1 0.574611 0.262737 0.060124 0.029461
1 0.856052 0.823763 0.023956 0.072805
1 0.831040 0.415667 0.020253 0.065987
1 0.619678 0.420965 0.019478 0.078969
1 0.259339 0.339438 0.034180 0.134646
1 0.786699 0.848494 0.024000 0.064573
