0 0.261947 0.207097 0.021953 0.029479
0 0.491782 0.322671 0.024820 0.033123
0 0.440308 0.470355 0.024150 0.031069
0 0.211087 0.269310 0.023838 0.029999
0 0.145797 0.190377 0.021900 0.027937
0 0.617088 0.751030 0.022460 0.030005
0 0.550758 0.864466 0.021844 0.029888
0 0.572515 0.797269 0.021283 0.028624
0 0.186510 0.335087 0.022262 0.030506
0 0.353161 0.458437 0.023827 0.031232
1 0.762608 0.526170 0.055322 0.058885
0 0.162486 0.399332 0.023762 0.028964
0 0.244376 0.150744 0.022934 0.028533
0 0.340927 0.236311 0.022146 0.031127
0 0.198677 0.304567 0.023376 0.029456
0 0.215124 0.339671 0.025214 0.033769
0 0.232760 0.289413 0.021566 0.029283
0 0.576991 0.867942 0.022874 0.028273
0 0.559158 0.655831 0.023595 0.031511
0 0.542407 0.618087 0.024542 0.032291
0 0.249594 0.496836 0.023174 0.028936
0 0.354901 0.632441 0.023866 0.031073
0 0.647377 0.684369 0.023068 0.032335
0 0.207365 0.096882 0.023352 0.030363
0 0.725394 0.694975 0.023239 0.028158
0 0.180235 0.095143 0.024326 0.029310
0 0.129618 0.307953 0.022343 0.028465
0 0.173558 0.194750 0.023588 0.029446
0 0.482721 0.611825 0.021595 0.027747
0 0.098129 0.408077 0.023610 0.031015
0 0.671906 0.845615 0.021531 0.028505
0 0.534012 0.719984 0.022301 0.028507
0 0.113657 0.355613 0.021956 0.028632
0 0.630274 0.715444 0.024885 0.030833
0 0.786164 0.789740 0.023106 0.027770
0 0.309458 0.251008 0.024247 0.029595
0 0.138755 0.207634 0.022669 0.029981
0 0.264621 0.444980 0.021697 0.027375
0 0.661305 0.791388 0.022338 0.027417
0 0.178127 0.433923 0.021437 0.026277
0 0.208396 0.522562 0.022485 0.029292
0 0.286341 0.398336 0.024136 0.035582
0 0.715651 0.903807 0.020566 0.028939
0 0.135497 0.224607 0.022081 0.029452
0 0.576446 0.607273 0.022723 0.031473
0 0.315198 0.233179 0.022137 0.029249
0 0.189086 0.144347 0.022835 0.028024
0 0.529091 0.738453 0.022776 0.029627
0 0.282811 0.328336 0.020824 0.026351
0 0.183581 0.418537 0.021741 0.027313
0 0.295927 0.280676 0.025299 0.032424
0 0.512523 0.701065 0.022858 0.028103
0 0.734352 0.855165 0.022561 0.029150
0 0.277736 0.158417 0.024374 0.031009
0 0.376260 0.651407 0.020829 0.028559
0 0.596511 0.730840 0.021947 0.028219
0 0.739039 0.836229 0.024408 0.031298
0 0.291375 0.554458 0.022748 0.030708
0 0.380221 0.566898 0.022194 0.028531
0 0.405197 0.565302 0.022769 0.027585
0 0.135352 0.291524 0.023508 0.030107
0 0.576070 0.779176 0.026126 0.035650
0 0.609052 0.697819 0.020505 0.026227
0 0.296030 0.622560 0.023274 0.029184
0 0.364308 0.683806 0.022122 0.029640
0 0.773418 0.571798 0.022015 0.028824
0 0.462740 0.678258 0.023485 0.031358
0 0.167451 0.127065 0.022599 0.028293
0 0.477036 0.629382 0.023311 0.029456
0 0.289004 0.125575 0.022701 0.030278
0 0.349193 0.386847 0.022555 0.026351
0 0.390891 0.534077 0.023181 0.028304
0 0.344076 0.406168 0.024623 0.031129
0 0.484575 0.786352 0.022914 0.033539
0 0.440835 0.726691 0.023485 0.029106
0 0.131569 0.484100 0.021924 0.030090
0 0.651768 0.826880 0.021721 0.029400
0 0.729406 0.679180 0.022530 0.026730
0 0.326567 0.541614 0.021976 0.032116
0 0.748629 0.801751 0.023208 0.030140
0 0.802327 0.742967 0.024911 0.032949
0 0.161217 0.143870 0.023520 0.028621
0 0.370847 0.407002 0.022985 0.027702
0 0.339058 0.680755 0.021254 0.028778
0 0.401484 0.585531 0.023368 0.030855
0 0.407654 0.483454 0.022989 0.030341
0 0.280925 0.585797 0.021967 0.031085
0 0.704504 0.680848 0.023382 0.030444
0 0.151499 0.433788 0.023029 0.029069
0 0.430185 0.757198 0.022489 0.028004
0 0.103974 0.390420 0.023706 0.028806
0 0.771403 0.823438 0.025097 0.034224
0 0.318608 0.557409 0.021779 0.028273
0 0.522732 0.755098 0.023506 0.029712
0 0.235558 0.203806 0.023064 0.029500
0 0.760587 0.854229 0.022452 0.029134
0 0.469249 0.387064 0.022013 0.030178
0 0.455394 0.608935 0.024201 0.030375
0 0.676827 0.828291 0.023015 0.030366
0 0.218196 0.063753 0.021897 0.029565
0 0.243030 0.511961 0.021710 0.029190
0 0.180476 0.349503 0.021380 0.027786
0 0.347675 0.473864 0.022343 0.027161
0 0.361456 0.615487 0.021388 0.028786
0 0.556651 0.847174 0.021614 0.030143
0 0.166942 0.212228 0.023272 0.032255
0 0.144072 0.277379 0.020401 0.029823
0 0.633366 0.874041 0.020810 0.027886
0 0.723624 0.888477 0.022048 0.029914
0 0.495944 0.577785 0.024572 0.032683
0 0.483431 0.526734 0.023116 0.028881
0 0.304982 0.522346 0.022790 0.028571
0 0.088859 0.424148 0.023021 0.032692
0 0.780808 0.805353 0.022232 0.028808
0 0.239378 0.443950 0.022479 0.026524
0 0.696472 0.778498 0.023450 0.028102
0 0.154789 0.243189 0.020253 0.026554
0 0.270689 0.428651 0.022416 0.029150
0 0.178207 0.176237 0.022800 0.027802
0 0.242011 0.170198 0.023013 0.025954
0 0.124866 0.325563 0.023014 0.029204
0 0.592010 0.746116 0.020928 0.029548
0 0.268751 0.362161 0.023104 0.030632
0 0.395081 0.261189 0.023353 0.030423
0 0.286689 0.311100 0.021766 0.028122
0 0.093207 0.338678 0.023178 0.028821
0 0.313282 0.571278 0.021090 0.028678
0 0.249636 0.239820 0.023744 0.031357
0 0.226250 0.560822 0.022967 0.028864
0 0.159026 0.488062 0.023528 0.029813
0 0.082155 0.370710 0.021706 0.030142
0 0.214633 0.506779 0.021519 0.028116
0 0.196271 0.387625 0.023519 0.030694
0 0.518538 0.773044 0.022953 0.028788
0 0.444606 0.707967 0.021320 0.030305
0 0.840271 0.748085 0.019020 0.033250
0 0.374207 0.582728 0.022283 0.028608
0 0.384992 0.550758 0.021215 0.026080
0 0.223434 0.492404 0.021972 0.029488
0 0.467313 0.663239 0.020746 0.027755
0 0.366110 0.425316 0.024262 0.031515
0 0.542531 0.367114 0.023083 0.028111
0 0.647271 0.842952 0.020186 0.029458
0 0.526893 0.669501 0.023230 0.032279
0 0.158141 0.161313 0.022124 0.027177
1 0.265552 0.898821 0.036117 0.089030
0 0.313342 0.313080 0.020747 0.029401
0 0.098355 0.321969 0.022408 0.027698
0 0.536177 0.638148 0.021940 0.027364
0 0.186544 0.076240 0.022204 0.026281
0 0.561002 0.827703 0.022916 0.029191
0 0.697696 0.696505 0.022661 0.029204
0 0.174432 0.529043 0.023389 0.019508
0 0.128827 0.241135 0.022810 0.029778
0 0.151271 0.259743 0.022457 0.031813
0 0.510768 0.785982 0.021277 0.025939
0 0.667453 0.771731 0.022107 0.029530
0 0.289839 0.639262 0.022072 0.030862
0 0.306655 0.588621 0.020502 0.029770
0 0.310462 0.505648 0.022966 0.030546
0 0.764187 0.770521 0.022536 0.028559
0 0.336868 0.506774 0.021541 0.026020
0 0.388368 0.617519 0.024126 0.032608
0 0.228388 0.221521 0.025025 0.031721
0 0.277832 0.345760 0.021923 0.029711
0 0.332028 0.524719 0.024166 0.030003
0 0.417649 0.535679 0.022605 0.027668
0 0.619204 0.663744 0.023575 0.031196
0 0.496458 0.829247 0.023820 0.030555
0 0.195412 0.568784 0.026604 0.032881
0 0.744742 0.819850 0.024048 0.029434
0 0.196695 0.129236 0.023480 0.027869
0 0.602976 0.713783 0.021708 0.028373
0 0.360401 0.357326 0.023771 0.028920
0 0.597833 0.796257 0.021570 0.026880
0 0.321484 0.470683 0.023456 0.030887
0 0.165876 0.468270 0.022825 0.029130
0 0.344566 0.663980 0.022553 0.030966
0 0.582869 0.587014 0.021567 0.028038
0 0.621259 0.906101 0.019874 0.026850
0 0.497897 0.752632 0.023455 0.029486
0 0.479447 0.544827 0.023607 0.029483
0 0.656713 0.808308 0.022891 0.028501
0 0.205082 0.541933 0.022408 0.030246
0 0.297700 0.366952 0.021375 0.029788
0 0.138163 0.467865 0.021868 0.029410
0 0.234923 0.463081 0.022765 0.027881
0 0.237022 0.527592 0.022612 0.030672
0 0.237083 0.272759 0.021552 0.028141
0 0.685236 0.485380 0.021784 0.029089
0 0.110048 0.290889 0.022261 0.030449
0 0.200741 0.368539 0.024573 0.031629
0 0.720084 0.712160 0.022531 0.031143
0 0.604529 0.780600 0.021768 0.027408
0 0.410486 0.294967 0.028526 0.035444
0 0.115043 0.272765 0.021571 0.028924
0 0.666041 0.861903 0.022264 0.030537
0 0.053978 0.535247 0.022319 0.027979
0 0.222867 0.581622 0.022979 0.028736
0 0.220867 0.322793 0.023668 0.032948
0 0.759286 0.789341 0.022826 0.032960
0 0.394569 0.598558 0.022475 0.027868
0 0.593230 0.812662 0.022654 0.026956
0 0.261401 0.465162 0.022952 0.031013
0 0.711323 0.918820 0.020984 0.030060
0 0.123945 0.259747 0.021696 0.030003
0 0.491752 0.769460 0.021853 0.031068
0 0.585139 0.764185 0.022809 0.033151
0 0.753058 0.871943 0.020499 0.027073
0 0.256149 0.481016 0.020818 0.028977
0 0.366936 0.599519 0.023901 0.030389
0 0.217679 0.253622 0.021363 0.027293
0 0.083583 0.441593 0.021152 0.028790
0 0.222408 0.239058 0.022224 0.028564
