0 0.745533 0.951091 0.012424 0.036035
0 0.551994 0.897603 0.010888 0.032709
0 0.451932 0.901338 0.011780 0.034350
0 0.382478 0.803248 0.011770 0.037188
0 0.564499 0.901215 0.011423 0.038290
0 0.503718 0.897617 0.012413 0.035431
0 0.451752 0.938801 0.011424 0.034926
0 0.595547 0.093739 0.024847 0.017368
0 0.430826 0.807305 0.011230 0.036489
0 0.489423 0.935910 0.012645 0.036435
0 0.634223 0.951194 0.011393 0.033120
0 0.574912 0.942685 0.011088 0.035296
0 0.502415 0.935623 0.013154 0.037554
0 0.587075 0.945270 0.011756 0.036090
0 0.416052 0.938150 0.011816 0.034015
0 0.380195 0.933491 0.011211 0.031798
0 0.306305 0.925120 0.012378 0.034701
0 0.404604 0.934203 0.011526 0.034605
0 0.462489 0.085956 0.025074 0.017418
0 0.440401 0.898254 0.011280 0.034931
0 0.455533 0.805687 0.011975 0.034820
0 0.489875 0.897410 0.011439 0.033204
0 0.618797 0.170886 0.022255 0.016786
0 0.322003 0.798987 0.012589 0.035090
0 0.392409 0.895895 0.010793 0.035723
0 0.577333 0.811706 0.013110 0.036769
0 0.345744 0.801758 0.011920 0.035550
0 0.392285 0.933659 0.011585 0.032436
