1 0.368070 0.236014 0.058756 0.095420
1 0.438863 0.500813 0.067719 0.094954
1 0.670147 0.496863 0.063309 0.087011
1 0.339867 0.246955 0.060903 0.095407
1 0.522779 0.250230 0.055836 0.093347
1 0.744719 0.262837 0.059957 0.104117
1 0.588343 0.258690 0.055117 0.101748
1 0.737311 0.500229 0.066428 0.091100
1 0.704421 0.500301 0.063941 0.085762
1 0.507403 0.494301 0.070499 0.098424
1 0.680210 0.262985 0.062786 0.105769
1 0.370190 0.499987 0.066018 0.090219
1 0.542375 0.493567 0.065934 0.096461
1 0.308543 0.250871 0.064091 0.107155
1 0.557366 0.259512 0.061216 0.105324
1 0.647693 0.262335 0.061650 0.105367
0 0.736732 0.714912 0.019530 0.045853
0 0.316285 0.707784 0.019846 0.049477
1 0.607823 0.494999 0.064776 0.090040
0 0.491457 0.716017 0.018719 0.046824
0 0.602888 0.722382 0.017358 0.043859
0 0.535835 0.715787 0.017283 0.043857
0 0.646296 0.716511 0.017487 0.042507
0 0.065301 0.137104 0.038311 0.032299
0 0.624020 0.718196 0.019020 0.053787
0 0.741155 0.607361 0.018813 0.041824
0 0.558188 0.719322 0.018011 0.043570
0 0.758764 0.723508 0.016999 0.042599
0 0.925683 0.939044 0.017395 0.045374
0 0.669511 0.716155 0.016977 0.044850
0 0.579680 0.717642 0.017942 0.048675
0 0.856698 0.940098 0.016534 0.039031
0 0.514099 0.717577 0.018528 0.038767
1 0.608156 0.494799 0.064745 0.089819
0 0.628417 0.604045 0.020860 0.055174
0 0.902973 0.941875 0.016519 0.041837
0 0.880581 0.941302 0.016330 0.039969
0 0.356633 0.708481 0.017747 0.043413
0 0.337109 0.711088 0.016486 0.037667
0 0.691695 0.720947 0.016826 0.041720
