2 0.380352 0.356813 0.079346 0.066373
2 0.762397 0.831886 0.044772 0.035192
2 0.570015 0.204645 0.056913 0.047096
2 0.718812 0.710282 0.034667 0.026979
2 0.609608 0.749361 0.048538 0.038793
2 0.554103 0.721405 0.043718 0.032673
2 0.245874 0.493123 0.067243 0.052471
2 0.677067 0.786718 0.047503 0.037728
2 0.794022 0.845763 0.042649 0.034107
2 0.816778 0.862833 0.035312 0.028976
2 0.343501 0.194326 0.025748 0.014173
2 0.219839 0.114522 0.060574 0.048432
2 0.840283 0.720218 0.030127 0.024160
2 0.280552 0.169692 0.029527 0.025299
2 0.594898 0.503994 0.032869 0.029236
2 0.830278 0.793388 0.044158 0.033716
2 0.173445 0.191386 0.025909 0.016123
2 0.177063 0.493779 0.079887 0.060400
2 0.794081 0.710400 0.034589 0.026345
2 0.123350 0.307231 0.037535 0.027614
2 0.598720 0.471390 0.020334 0.021704
2 0.704133 0.803249 0.040872 0.034796
2 0.827397 0.762336 0.041593 0.038104
2 0.581218 0.734700 0.028510 0.021597
2 0.733921 0.817611 0.043965 0.035559
2 0.202233 0.190909 0.024682 0.015577
2 0.816762 0.776286 0.029744 0.025249
2 0.372798 0.195012 0.023415 0.013931
2 0.758825 0.711209 0.030121 0.024670
2 0.338101 0.163445 0.019803 0.013679
2 0.146033 0.192250 0.026720 0.017435
