2 0.696200 0.136110 0.083655 0.076797
2 0.907002 0.225710 0.060527 0.054363
2 0.580819 0.302418 0.074921 0.066332
2 0.699328 0.549570 0.130533 0.117441
2 0.492082 0.832573 0.063027 0.061528
2 0.612012 0.230951 0.136699 0.123136
2 0.795023 0.387003 0.059536 0.054278
2 0.387762 0.553758 0.074932 0.071152
2 0.424785 0.530669 0.092685 0.090068
2 0.465485 0.451971 0.122245 0.114977
2 0.897888 0.295185 0.057271 0.051801
2 0.425372 0.853060 0.107671 0.094132
2 0.889258 0.363376 0.112118 0.108573
2 0.646575 0.189105 0.071931 0.066505
2 0.356681 0.610886 0.079037 0.072940
2 0.500549 0.758780 0.050402 0.050163
2 0.368346 0.695157 0.080268 0.069634
2 0.926035 0.777843 0.072078 0.068432
2 0.524044 0.891010 0.084194 0.072502
2 0.365663 0.743443 0.067337 0.063289
2 0.296663 0.715358 0.188972 0.169528
2 0.530292 0.367507 0.110119 0.102584
2 0.560120 0.890395 0.051661 0.049160
2 0.531317 0.847514 0.046693 0.045375
2 0.567424 0.796593 0.046190 0.048513
2 0.304049 0.761732 0.053371 0.054368
