2 0.781845 0.432110 0.014126 0.030338
2 0.650949 0.291416 0.017000 0.032301
2 0.554596 0.285123 0.017720 0.032467
2 0.488792 0.282400 0.015698 0.031251
2 0.563064 0.181766 0.016077 0.029085
2 0.520050 0.283192 0.013246 0.024091
2 0.450705 0.177113 0.015321 0.022873
2 0.626909 0.186853 0.015543 0.026208
2 0.457680 0.279600 0.015020 0.029553
2 0.758957 0.294614 0.015605 0.027443
2 0.669306 0.501591 0.010702 0.038741
2 0.728118 0.192269 0.013779 0.025261
2 0.871432 0.298654 0.017441 0.027319
2 0.743775 0.191358 0.015585 0.029157
2 0.496524 0.398407 0.014267 0.022573
2 0.425881 0.281404 0.014189 0.030320
2 0.841086 0.793119 0.017543 0.040911
2 0.641651 0.316890 0.017893 0.029950
2 0.121309 0.717350 0.012884 0.039686
2 0.577907 0.315054 0.014056 0.023371
2 0.609041 0.314763 0.016483 0.029539
2 0.743579 0.694420 0.011651 0.036042
2 0.506929 0.283419 0.015104 0.026957
2 0.467056 0.178679 0.014859 0.024670
2 0.720264 0.839274 0.012045 0.038594
2 0.121704 0.760099 0.013550 0.032222
2 0.760475 0.191005 0.016100 0.028523
2 0.734768 0.430699 0.019072 0.031314
2 0.433662 0.308413 0.016247 0.029278
2 0.837947 0.298520 0.016337 0.028551
2 0.447647 0.307610 0.013927 0.026639
2 0.664465 0.769928 0.012416 0.036445
2 0.797859 0.320820 0.016253 0.030125
2 0.465321 0.306758 0.017699 0.034146
2 0.118828 0.880395 0.013548 0.037360
2 0.653055 0.660000 0.015379 0.027823
2 0.669958 0.905356 0.012375 0.037914
2 0.439636 0.281915 0.014296 0.029063
2 0.124747 0.638519 0.012829 0.039845
2 0.418852 0.173631 0.015468 0.023729
2 0.668585 0.460478 0.010107 0.035046
2 0.409380 0.278670 0.014904 0.031117
2 0.657898 0.323386 0.015558 0.031311
2 0.609732 0.184134 0.015364 0.029676
2 0.894759 0.324455 0.014977 0.030629
2 0.764353 0.433731 0.013328 0.026012
2 0.625870 0.315864 0.014605 0.028250
2 0.641040 0.425752 0.012363 0.038800
2 0.326760 0.312186 0.014991 0.038092
2 0.027610 0.470684 0.013377 0.039418
2 0.124119 0.475502 0.013460 0.037494
2 0.123486 0.516409 0.013417 0.030704
2 0.394564 0.816202 0.013756 0.040701
2 0.625324 0.762540 0.011908 0.036039
2 0.393496 0.275138 0.016261 0.031281
2 0.790981 0.293883 0.018861 0.025027
2 0.120077 0.919209 0.014217 0.034809
2 0.667859 0.419083 0.011944 0.035811
2 0.623868 0.839137 0.014425 0.036927
2 0.813097 0.435855 0.015672 0.025097
2 0.839168 0.561607 0.014133 0.043867
2 0.120933 0.800158 0.011749 0.035806
2 0.741502 0.927011 0.014489 0.038401
2 0.544790 0.313487 0.015855 0.027480
2 0.960371 0.839923 0.018232 0.035046
2 0.643342 0.187703 0.014518 0.027122
2 0.040624 0.364165 0.012874 0.033716
2 0.497379 0.177551 0.016964 0.025731
2 0.719779 0.781962 0.012295 0.033453
2 0.435147 0.175782 0.015006 0.020148
2 0.536320 0.283697 0.014830 0.026058
2 0.707143 0.603981 0.010717 0.022993
2 0.450444 0.774218 0.017602 0.037149
2 0.422745 0.703219 0.017377 0.039801
2 0.622881 0.874437 0.014051 0.032658
2 0.623457 0.800221 0.012861 0.035789
2 0.666258 0.692364 0.012227 0.039597
2 0.126914 0.368450 0.012189 0.036582
2 0.651467 0.771161 0.008732 0.033478
2 0.071224 0.417180 0.012169 0.038423
2 0.376675 0.413857 0.013280 0.032492
2 0.666082 0.732184 0.008341 0.032027
2 0.667601 0.545744 0.013634 0.042333
2 0.650981 0.810777 0.009271 0.036208
2 0.328107 0.186103 0.015487 0.028664
2 0.709620 0.661616 0.013651 0.032543
2 0.408945 0.661791 0.012954 0.033945
2 0.711969 0.188715 0.015714 0.028201
2 0.481272 0.309623 0.016267 0.031154
2 0.878390 0.323750 0.015770 0.030630
2 0.741778 0.288615 0.015679 0.026258
2 0.560670 0.314862 0.013795 0.027920
2 0.709017 0.720668 0.011439 0.037718
2 0.739845 0.868823 0.011660 0.036399
2 0.709706 0.662496 0.013793 0.034409
2 0.651653 0.731442 0.010135 0.034257
2 0.456978 0.643455 0.014208 0.030345
2 0.051965 0.272679 0.017027 0.041951
2 0.718485 0.312381 0.015600 0.026571
2 0.641651 0.478281 0.010998 0.034402
2 0.123740 0.599505 0.010430 0.032977
2 0.471588 0.647792 0.017000 0.035718
2 0.663848 0.811263 0.012756 0.033835
2 0.504573 0.282755 0.015097 0.028333
2 0.421674 0.431170 0.014454 0.030783
2 0.742198 0.634530 0.014247 0.039491
2 0.835357 0.750264 0.012897 0.038428
2 0.496334 0.308203 0.016556 0.033597
2 0.830106 0.321838 0.017338 0.024149
2 0.451975 0.405288 0.013853 0.023326
2 0.840833 0.835943 0.014682 0.042486
2 0.327542 0.265680 0.015701 0.028690
2 0.427722 0.618891 0.014619 0.034091
2 0.043192 0.400600 0.013968 0.038714
2 0.692152 0.851194 0.013339 0.036179
2 0.742284 0.752157 0.010973 0.033548
2 0.463527 0.481952 0.015243 0.039642
2 0.309479 0.292910 0.015897 0.044352
