1 0.778475 0.759374 0.022629 0.030875
1 0.821000 0.537674 0.018413 0.040940
1 0.859987 0.451331 0.025290 0.034282
1 0.377577 0.555506 0.032432 0.042345
1 0.490478 0.543458 0.032563 0.041779
1 0.489520 0.629796 0.022716 0.032564
1 0.495151 0.208182 0.024055 0.031032
1 0.932472 0.788535 0.021342 0.053116
1 0.429692 0.697131 0.033479 0.043119
1 0.902258 0.818568 0.022491 0.050569
1 0.773008 0.734573 0.030087 0.041791
1 0.351626 0.691493 0.025255 0.034343
1 0.123021 0.055015 0.020449 0.030110
1 0.396451 0.602963 0.033689 0.042122
1 0.410464 0.666822 0.022757 0.031153
1 0.696704 0.514821 0.017091 0.040565
1 0.872984 0.493389 0.019828 0.026232
1 0.876935 0.506620 0.017715 0.024898
1 0.541538 0.321952 0.018170 0.028682
1 0.758925 0.671080 0.018931 0.027498
1 0.424919 0.683927 0.032624 0.041018
1 0.413927 0.640161 0.025516 0.032764
1 0.634911 0.593301 0.023513 0.054592
1 0.366883 0.890085 0.020390 0.025847
1 0.329130 0.302653 0.015728 0.035511
1 0.507454 0.584160 0.032569 0.042249
1 0.778178 0.590501 0.018450 0.041866
1 0.845049 0.414554 0.022139 0.030325
1 0.901595 0.553981 0.022148 0.030710
1 0.718967 0.656879 0.019265 0.041076
1 0.708992 0.491131 0.015777 0.033025
1 0.395127 0.587136 0.033074 0.042335
1 0.764895 0.682025 0.018023 0.027621
1 0.808160 0.393191 0.016291 0.033885
1 0.341922 0.665241 0.024057 0.031760
1 0.725009 0.642091 0.019052 0.040542
1 0.483258 0.423808 0.017012 0.037671
1 0.519046 0.264639 0.020065 0.027258
1 0.346017 0.679019 0.025079 0.031793
1 0.282490 0.800768 0.019874 0.042561
1 0.748539 0.620562 0.022242 0.047133
1 0.795989 0.416940 0.017575 0.038083
1 0.766173 0.613204 0.019804 0.047395
1 0.848610 0.427427 0.021831 0.030118
1 0.232346 0.378181 0.018075 0.018917
1 0.107216 0.903544 0.018101 0.043365
1 0.642843 0.586172 0.022613 0.051447
1 0.506844 0.564189 0.027715 0.033525
1 0.894320 0.543370 0.023717 0.033170
1 0.747887 0.456536 0.015645 0.035076
1 0.515891 0.250276 0.017547 0.024675
1 0.267093 0.813896 0.017742 0.040416
1 0.265597 0.840757 0.027541 0.060587
1 0.814153 0.547567 0.018752 0.043135
1 0.306919 0.907424 0.036604 0.045079
1 0.473619 0.500110 0.034357 0.044181
1 0.606977 0.628553 0.022313 0.055432
1 0.185576 0.319559 0.019593 0.025242
1 0.238427 0.865840 0.018064 0.038138
1 0.916781 0.802901 0.015831 0.033856
1 0.390715 0.235820 0.017663 0.036186
1 0.246166 0.834583 0.019272 0.042030
1 0.331651 0.432374 0.031754 0.040343
1 0.684491 0.539263 0.015883 0.036850
1 0.807735 0.562694 0.025409 0.055761
1 0.352997 0.740513 0.021919 0.056681
1 0.306100 0.793801 0.025302 0.055634
1 0.478533 0.177304 0.020890 0.026740
1 0.741060 0.466751 0.018842 0.044267
1 0.230229 0.366244 0.019914 0.019085
1 0.438118 0.954182 0.025061 0.055770
1 0.790749 0.573321 0.018454 0.043572
1 0.376152 0.252021 0.017270 0.036445
1 0.610989 0.611991 0.021290 0.051417
1 0.550129 0.347425 0.019334 0.028360
1 0.502807 0.549476 0.025040 0.034166
1 0.621094 0.611165 0.019522 0.046984
1 0.856603 0.435642 0.023729 0.031656
1 0.275467 0.809191 0.017133 0.039425
1 0.317263 0.574460 0.023289 0.057285
1 0.881758 0.519143 0.018138 0.026413
1 0.564693 0.378124 0.016132 0.024294
1 0.880464 0.845437 0.022761 0.053965
1 0.480033 0.514786 0.033441 0.043544
1 0.771081 0.433631 0.015012 0.032228
1 0.645629 0.728592 0.021256 0.053810
1 0.566812 0.663322 0.023832 0.057173
1 0.844838 0.414872 0.022976 0.031805
1 0.596391 0.630596 0.019388 0.049527
1 0.489325 0.525299 0.027880 0.035850
1 0.889021 0.529919 0.020240 0.028543
1 0.118289 0.158104 0.025262 0.017660
1 0.813639 0.379700 0.015550 0.029601
1 0.126872 0.313844 0.016716 0.026537
1 0.319835 0.773012 0.025209 0.056013
1 0.297535 0.803988 0.027055 0.057481
1 0.337159 0.655326 0.023999 0.031847
1 0.157967 0.402046 0.013715 0.029207
1 0.564630 0.817182 0.025180 0.050019
1 0.761973 0.439265 0.015598 0.033521
1 0.529309 0.854967 0.024951 0.048980
1 0.101331 0.357972 0.016483 0.027114
1 0.540839 0.842612 0.024770 0.050004
1 0.553473 0.678593 0.024687 0.055667
1 0.475687 0.147298 0.019418 0.028031
1 0.326153 0.418578 0.029818 0.040581
1 0.921332 0.606911 0.030057 0.040057
1 0.145780 0.276793 0.016593 0.028075
1 0.100163 0.914541 0.017578 0.040285
1 0.386467 0.569141 0.034886 0.043880
1 0.918026 0.591566 0.030152 0.037895
1 0.602924 0.775956 0.025076 0.050490
1 0.822146 0.907281 0.022863 0.053565
1 0.112124 0.337906 0.016684 0.025062
1 0.983564 0.928128 0.022558 0.055573
1 0.569370 0.390542 0.016674 0.024976
1 0.500059 0.220935 0.025864 0.033879
1 0.862024 0.468891 0.021725 0.030014
1 0.082576 0.389224 0.017402 0.027652
1 0.321009 0.405885 0.031387 0.041845
1 0.127939 0.148517 0.029988 0.021526
1 0.114830 0.171167 0.026161 0.015663
1 0.131968 0.303943 0.018128 0.027961
1 0.590374 0.789150 0.023495 0.048706
1 0.522697 0.863223 0.024933 0.047068
1 0.735049 0.476695 0.017942 0.041507
1 0.133841 0.137436 0.025735 0.018552
1 0.492072 0.897633 0.027121 0.049971
1 0.227986 0.869216 0.019009 0.038304
