1 0.451632 0.834423 0.041078 0.065602
1 0.497858 0.837200 0.036369 0.065046
1 0.740013 0.808972 0.038906 0.071648
1 0.189682 0.867967 0.037607 0.066879
1 0.367101 0.850332 0.035609 0.064755
1 0.519611 0.833025 0.034781 0.064027
1 0.475228 0.838636 0.037706 0.065818
1 0.584731 0.826194 0.042544 0.070010
1 0.848438 0.792766 0.041030 0.072052
1 0.608923 0.824393 0.037015 0.062101
1 0.253824 0.862501 0.036985 0.069314
1 0.342932 0.849454 0.036548 0.064965
1 0.339887 0.690063 0.051591 0.032398
1 0.298153 0.854534 0.042242 0.075753
1 0.805268 0.800358 0.037415 0.062873
1 0.695905 0.813800 0.036920 0.061130
1 0.121745 0.873106 0.037457 0.066374
1 0.408942 0.847972 0.037972 0.063619
1 0.430735 0.844696 0.037455 0.066167
1 0.320958 0.853153 0.042551 0.073339
1 0.872190 0.791131 0.037380 0.063636
1 0.386161 0.847229 0.035151 0.064987
1 0.563913 0.828694 0.037047 0.060907
1 0.542885 0.832110 0.037393 0.063406
1 0.828625 0.797245 0.039444 0.069557
1 0.653062 0.821517 0.037354 0.062962
1 0.604030 0.660630 0.018994 0.064436
1 0.673862 0.817446 0.035642 0.061437
1 0.235340 0.866974 0.036532 0.066977
1 0.275035 0.859225 0.042888 0.074297
1 0.782554 0.801983 0.038501 0.064785
1 0.290000 0.732635 0.029211 0.065457
1 0.669166 0.657306 0.020384 0.070511
1 0.629970 0.822641 0.036984 0.063348
1 0.718565 0.810591 0.036015 0.063487
1 0.100282 0.875016 0.035770 0.065741
1 0.649724 0.657008 0.020565 0.069199
1 0.688566 0.656952 0.020202 0.071794
1 0.622004 0.660213 0.017163 0.066639
1 0.584471 0.662559 0.019919 0.065639
1 0.143589 0.871185 0.037344 0.066854
1 0.923008 0.794215 0.032641 0.049623
1 0.763632 0.808637 0.035329 0.064045
0 0.973361 0.649336 0.022488 0.016369
1 0.463141 0.675727 0.021526 0.061306
1 0.700295 0.911014 0.056559 0.019677
