2 0.661442 0.813379 0.057620 0.059726
2 0.520768 0.814924 0.052156 0.054423
2 0.338372 0.397510 0.043149 0.046268
2 0.048975 0.147828 0.052307 0.055123
2 0.746179 0.668851 0.052613 0.055137
2 0.052677 0.092719 0.046241 0.048805
2 0.080413 0.121178 0.045117 0.047565
2 0.532331 0.847496 0.028733 0.032245
2 0.513410 0.246864 0.042302 0.045225
2 0.446962 0.919649 0.028317 0.031385
2 0.334861 0.937697 0.052082 0.055857
2 0.071772 0.061926 0.029715 0.033172
2 0.301533 0.870814 0.024571 0.029216
2 0.042508 0.059818 0.029281 0.029678
2 0.673920 0.724101 0.028443 0.030761
2 0.757276 0.731487 0.026590 0.027106
2 0.801322 0.693976 0.029662 0.031580
2 0.875610 0.695498 0.035442 0.037276
2 0.322499 0.827301 0.027161 0.027414
2 0.370694 0.377197 0.022869 0.027591
2 0.268852 0.893250 0.048579 0.049586
2 0.021183 0.077556 0.033656 0.033736
2 0.752658 0.569080 0.035501 0.044555
