11 0.516406 0.725781 0.082812 0.073438
11 0.430469 0.410156 0.085938 0.076563
11 0.044531 0.918750 0.085938 0.075000
10 0.218750 0.196875 0.065625 0.040625
11 0.089063 0.973437 0.084375 0.050000
10 0.582031 0.840625 0.060937 0.050000
10 0.642969 0.924219 0.057813 0.057813
11 0.033594 0.882031 0.064062 0.064062
11 0.069531 0.956250 0.085938 0.075000
10 0.624219 0.896094 0.064062 0.057813
10 0.478906 0.577344 0.057813 0.048438
10 0.458594 0.546875 0.057813 0.046875
10 0.600781 0.867188 0.064062 0.053125
10 0.509375 0.639844 0.059375 0.045312
10 0.442969 0.511719 0.057813 0.048438
10 0.497656 0.607812 0.057813 0.046875
