10 0.529687 0.759375 0.075000 0.043750
10 0.937500 0.489844 0.062500 0.051562
11 0.141406 0.518750 0.057813 0.103125
11 0.273438 0.861719 0.162500 0.064062
11 0.337500 0.556250 0.137500 0.065625
11 0.202344 0.984375 0.076563 0.031250
11 0.374219 0.440625 0.145313 0.068750
11 0.327344 0.604688 0.139063 0.071875
11 0.352344 0.522656 0.139063 0.064062
11 0.094531 0.492188 0.064062 0.125000
11 0.363281 0.480469 0.135937 0.064062
11 0.257812 0.908594 0.131250 0.070312
10 0.985156 0.191406 0.029687 0.042188
11 0.298438 0.733594 0.146875 0.070312
11 0.250000 0.953125 0.143750 0.068750
11 0.307812 0.683594 0.146875 0.067187
11 0.284375 0.782813 0.137500 0.075000
10 0.981250 0.226562 0.037500 0.046875
11 0.425781 0.235937 0.135937 0.059375
11 0.041406 0.499219 0.051562 0.107813
10 0.971094 0.308594 0.054688 0.039062
11 0.384375 0.391406 0.134375 0.073438
11 0.317969 0.642969 0.142187 0.073438
10 0.976562 0.270313 0.046875 0.040625
10 0.875781 0.797656 0.064062 0.042188
11 0.396094 0.342969 0.135937 0.076563
10 0.969531 0.347656 0.060937 0.035937
10 0.926562 0.546094 0.059375 0.039062
10 0.932813 0.506250 0.059375 0.040625
10 0.959375 0.387500 0.059375 0.040625
10 0.900000 0.668750 0.062500 0.040625
10 0.885938 0.750000 0.059375 0.037500
10 0.951562 0.428125 0.062500 0.040625
10 0.917188 0.585938 0.062500 0.040625
10 0.942969 0.466406 0.060937 0.042188
10 0.892188 0.709375 0.062500 0.040625
11 0.276562 0.818750 0.137500 0.075000
10 0.447656 0.740625 0.070312 0.053125
