11 0.012500 0.467187 0.021875 0.090625
11 0.039062 0.443750 0.050000 0.096875
11 0.248438 0.530469 0.046875 0.098437
11 0.910156 0.500000 0.073438 0.071875
11 0.662500 0.757812 0.237500 0.059375
11 0.967187 0.866406 0.059375 0.039062
11 0.305469 0.296875 0.045312 0.096875
11 0.960938 0.470313 0.071875 0.071875
11 0.350781 0.277344 0.042188 0.092188
11 0.743750 0.631250 0.225000 0.071875
11 0.782813 0.966406 0.084375 0.054688
11 0.222656 0.346094 0.054688 0.098437
11 0.755469 0.981250 0.098437 0.037500
11 0.046094 0.947656 0.051562 0.104688
11 0.428906 0.260156 0.039062 0.089063
11 0.085938 0.938281 0.056250 0.123438
11 0.133594 0.927344 0.070312 0.145313
11 0.170313 0.578906 0.059375 0.154688
11 0.055469 0.684375 0.064062 0.137500
11 0.019531 0.718750 0.035937 0.146875
11 0.738281 0.712500 0.095312 0.050000
11 0.682813 0.664062 0.225000 0.071875
11 0.094531 0.086719 0.145313 0.170313
