11 0.475000 0.267188 0.093750 0.096875
11 0.496875 0.298438 0.093750 0.096875
11 0.903125 0.954688 0.109375 0.087500
11 0.932813 0.914062 0.109375 0.087500
10 0.628125 0.855469 0.056250 0.070312
10 0.520312 0.939844 0.056250 0.070312
10 0.437500 0.944531 0.056250 0.070312
10 0.381250 0.902344 0.056250 0.070312
10 0.234375 0.699219 0.056250 0.070312
10 0.171875 0.613281 0.056250 0.070312
10 0.143750 0.532031 0.056250 0.070312
10 0.245312 0.503906 0.056250 0.070312
10 0.587500 0.328906 0.062500 0.060937
10 0.639844 0.703125 0.060937 0.056250
11 0.255469 0.947656 0.132812 0.095312
11 0.303906 0.967187 0.079687 0.056250
