10 0.664062 0.679688 0.059375 0.106250
11 0.200000 0.582031 0.118750 0.051562
11 0.605469 0.674219 0.048438 0.098437
11 0.975781 0.748437 0.048438 0.112500
11 0.499219 0.669531 0.048438 0.126562
11 0.410938 0.171094 0.037500 0.110937
10 0.141406 0.100781 0.067187 0.039062
11 0.549219 0.659375 0.045312 0.109375
10 0.185156 0.628906 0.073438 0.045312
11 0.207031 0.427344 0.107813 0.051562
11 0.384375 0.679688 0.037500 0.112500
11 0.182812 0.471875 0.162500 0.053125
11 0.140625 0.217969 0.112500 0.051562
11 0.140625 0.310156 0.112500 0.048438
11 0.141406 0.031250 0.101562 0.040625
11 0.455469 0.167969 0.039062 0.101562
11 0.139844 0.261719 0.114062 0.054688
10 0.714844 0.660156 0.042188 0.073438
10 0.712500 0.734375 0.056250 0.068750
11 0.504687 0.167187 0.040625 0.100000
11 0.186719 0.364844 0.114062 0.051562
11 0.139844 0.172656 0.110937 0.048438
