11 0.734375 0.023438 0.078125 0.043750
10 0.892188 0.654687 0.062500 0.065625
10 0.474219 0.198437 0.048438 0.059375
11 0.489844 0.684375 0.073438 0.100000
11 0.527344 0.665625 0.073438 0.093750
11 0.265625 0.043750 0.096875 0.062500
11 0.282813 0.604688 0.103125 0.100000
11 0.694531 0.035937 0.082812 0.068750
11 0.457031 0.708594 0.073438 0.098437
10 0.067969 0.174219 0.060937 0.067187
11 0.359375 0.578125 0.090625 0.121875
11 0.405469 0.542188 0.092188 0.118750
10 0.530469 0.157031 0.048438 0.060937
10 0.333594 0.298438 0.048438 0.059375
10 0.361719 0.278125 0.048438 0.059375
11 0.660937 0.047656 0.087500 0.092188
