11 0.492188 0.053125 0.156250 0.087500
11 0.380469 0.568750 0.135937 0.078125
10 0.800000 0.883594 0.062500 0.048438
11 0.617188 0.463281 0.125000 0.064062
11 0.191406 0.041406 0.139063 0.076563
11 0.260156 0.235937 0.142187 0.071875
11 0.213281 0.110937 0.139063 0.075000
11 0.288281 0.301563 0.142187 0.078125
11 0.332031 0.436719 0.139063 0.079687
11 0.235937 0.174219 0.134375 0.079687
11 0.576562 0.313281 0.128125 0.073438
11 0.554688 0.243750 0.128125 0.078125
11 0.598437 0.391406 0.118750 0.070312
11 0.306250 0.368750 0.137500 0.081250
10 0.829688 0.967969 0.062500 0.048438
10 0.787500 0.849219 0.062500 0.048438
10 0.779687 0.816406 0.062500 0.048438
