10 0.383594 0.140625 0.039062 0.065625
10 0.478125 0.521875 0.043750 0.062500
10 0.441406 0.503906 0.045312 0.060937
10 0.327344 0.348438 0.045312 0.059375
10 0.355469 0.715625 0.054688 0.062500
11 0.360938 0.474219 0.065625 0.098437
11 0.342187 0.132031 0.043750 0.079687
10 0.664062 0.614062 0.043750 0.062500
10 0.632812 0.598437 0.046875 0.062500
11 0.570312 0.892188 0.087500 0.096875
11 0.314844 0.461719 0.057813 0.085938
11 0.490625 0.829688 0.087500 0.096875
11 0.893750 0.532031 0.078125 0.067187
11 0.959375 0.344531 0.081250 0.076563
11 0.678906 0.237500 0.067187 0.106250
10 0.257031 0.318750 0.039062 0.056250
10 0.361719 0.360938 0.045312 0.059375
10 0.391406 0.378125 0.045312 0.059375
10 0.427344 0.396875 0.045312 0.059375
10 0.413281 0.490625 0.045312 0.059375
10 0.330469 0.693750 0.045312 0.059375
