11 0.664844 0.671094 0.060937 0.098437
11 0.852344 0.924219 0.104688 0.076563
11 0.864844 0.963281 0.107813 0.064062
11 0.947656 0.882812 0.104688 0.062500
11 0.957812 0.930469 0.084375 0.054688
11 0.971875 0.978125 0.056250 0.040625
11 0.588281 0.691406 0.060937 0.098437
11 0.550781 0.705469 0.060937 0.098437
11 0.505469 0.722656 0.060937 0.098437
11 0.688281 0.778125 0.064062 0.093750
11 0.533594 0.937500 0.067187 0.096875
11 0.610156 0.908594 0.060937 0.098437
11 0.647656 0.900781 0.060937 0.098437
11 0.688281 0.886719 0.060937 0.098437
11 0.717969 0.875781 0.060937 0.098437
11 0.492969 0.951562 0.067187 0.096875
11 0.432031 0.961719 0.057813 0.076563
11 0.389062 0.967969 0.050000 0.064062
11 0.647656 0.784375 0.064062 0.093750
11 0.608594 0.796875 0.064062 0.093750
11 0.574219 0.804688 0.064062 0.093750
11 0.493750 0.834375 0.071875 0.090625
11 0.462500 0.842187 0.071875 0.090625
11 0.401562 0.864062 0.071875 0.090625
11 0.365625 0.873437 0.071875 0.090625
11 0.632031 0.682031 0.060937 0.098437
