1 0.339271 0.819670 0.034073 0.068277
1 0.492413 0.577876 0.076506 0.031586
1 0.566493 0.794587 0.079163 0.031118
1 0.286230 0.422942 0.071557 0.026685
1 0.363034 0.638057 0.020229 0.067036
1 0.340388 0.631707 0.024438 0.055056
1 0.251920 0.791733 0.028808 0.065433
1 0.604932 0.447774 0.074304 0.038393
1 0.274551 0.851743 0.063266 0.034164
0 0.713698 0.064835 0.035558 0.024651
1 0.466469 0.322679 0.043353 0.076495
1 0.563329 0.863073 0.029908 0.070926
1 0.275514 0.470655 0.073868 0.032325
1 0.719309 0.421396 0.043159 0.074881
1 0.276628 0.801426 0.028399 0.071894
1 0.056506 0.664409 0.031688 0.076144
1 0.427838 0.703548 0.025161 0.073182
1 0.415101 0.446161 0.036160 0.066689
1 0.607292 0.666610 0.027408 0.064603
1 0.673925 0.395076 0.045873 0.075722
1 0.284414 0.444830 0.079994 0.029347
1 0.157469 0.388030 0.065100 0.026029
1 0.545478 0.340145 0.041563 0.076567
1 0.566319 0.590210 0.054259 0.030611
1 0.620870 0.610751 0.056853 0.040627
1 0.583048 0.672883 0.025091 0.069915
1 0.517558 0.660937 0.028038 0.065862
1 0.058901 0.341657 0.025316 0.072251
1 0.160031 0.413361 0.064854 0.022919
1 0.312079 0.692633 0.023053 0.049379
1 0.270661 0.492282 0.071243 0.034413
1 0.231432 0.310791 0.076590 0.045860
1 0.646800 0.840733 0.071825 0.038208
1 0.493073 0.654114 0.025395 0.072325
1 0.594892 0.734891 0.027302 0.064588
1 0.297334 0.809941 0.029691 0.065175
1 0.539926 0.663521 0.022337 0.056439
1 0.504896 0.331128 0.045995 0.080675
1 0.231151 0.783149 0.022185 0.073110
1 0.420950 0.839453 0.023745 0.050868
1 0.506542 0.735017 0.027185 0.074094
0 0.260597 0.598695 0.034270 0.016759
1 0.209638 0.773241 0.019146 0.066547
1 0.098732 0.674379 0.027721 0.058591
1 0.524626 0.532709 0.032603 0.053889
1 0.619185 0.371268 0.046951 0.076268
1 0.794225 0.537277 0.071308 0.045978
1 0.318763 0.815981 0.032233 0.061928
1 0.446963 0.702579 0.021895 0.075060
1 0.712472 0.801786 0.078822 0.024258
1 0.524897 0.532030 0.031677 0.053266
1 0.290516 0.681394 0.031184 0.077060
0 0.698246 0.095110 0.043492 0.028084
0 0.215801 0.614250 0.032055 0.017099
1 0.501459 0.854429 0.033220 0.071219
1 0.253211 0.653899 0.046169 0.023606
1 0.731202 0.642714 0.074218 0.032341
1 0.617399 0.507314 0.033349 0.052856
1 0.412420 0.639084 0.024849 0.067474
1 0.380576 0.709400 0.024613 0.062464
0 0.333505 0.479393 0.035550 0.017158
1 0.480359 0.849589 0.031206 0.073915
1 0.474009 0.649320 0.028219 0.069002
1 0.135585 0.276574 0.050288 0.037495
0 0.478416 0.469762 0.027157 0.042037
0 0.787612 0.433787 0.028929 0.037226
1 0.766587 0.192396 0.074036 0.042162
0 0.328697 0.496116 0.037423 0.018372
1 0.421206 0.519640 0.033709 0.067355
1 0.291998 0.404202 0.051110 0.024608
1 0.163477 0.346174 0.070948 0.026118
0 0.343905 0.425883 0.033091 0.015461
1 0.403899 0.710984 0.022664 0.057503
1 0.113853 0.738370 0.026307 0.072008
1 0.806295 0.459596 0.042883 0.072404
0 0.558406 0.367596 0.028489 0.036685
0 0.720273 0.031272 0.048712 0.029749
1 0.446975 0.303976 0.037501 0.077897
1 0.619577 0.563151 0.029534 0.044844
0 0.773170 0.471629 0.027056 0.037186
0 0.696951 0.114744 0.043322 0.030000
0 0.327913 0.514541 0.048199 0.018434
1 0.548726 0.531539 0.030590 0.063493
1 0.296335 0.616106 0.024280 0.056828
1 0.397938 0.840060 0.028088 0.051591
1 0.598682 0.557625 0.031722 0.050731
1 0.358576 0.827412 0.030077 0.051797
0 0.347326 0.444147 0.040787 0.017792
1 0.034840 0.342916 0.027929 0.062679
1 0.762512 0.445877 0.051009 0.075280
0 0.251933 0.672858 0.033066 0.017005
1 0.334257 0.694235 0.024260 0.051630
1 0.487808 0.522390 0.034216 0.064796
1 0.599135 0.501293 0.032905 0.050770
1 0.521670 0.858337 0.029495 0.055977
1 0.665651 0.557691 0.067660 0.109047
0 0.127505 0.321219 0.040151 0.019533
1 0.595258 0.370544 0.039930 0.069622
0 0.778943 0.573586 0.033544 0.032987
1 0.561937 0.660184 0.022977 0.047118
0 0.422580 0.567164 0.039871 0.018730
1 0.586152 0.874922 0.035806 0.069579
1 0.400168 0.523266 0.025276 0.044374
1 0.581580 0.545870 0.029393 0.043169
1 0.397908 0.840042 0.028141 0.051595
1 0.441904 0.451647 0.028892 0.045435
1 0.503846 0.468800 0.026962 0.043961
1 0.386219 0.637675 0.020372 0.062566
1 0.566233 0.478715 0.032381 0.043943
0 0.257213 0.038828 0.030538 0.042989
1 0.694464 0.418133 0.041790 0.067266
1 0.161329 0.366237 0.064031 0.025754
1 0.553813 0.723957 0.025476 0.070605
0 0.123367 0.654691 0.024496 0.048418
1 0.561473 0.546352 0.029477 0.042474
1 0.505428 0.529813 0.024305 0.039536
1 0.046757 0.182076 0.041437 0.073845
