0 0.746624 0.108301 0.041754 0.023271
0 0.753028 0.090290 0.045841 0.025712
0 0.660764 0.017973 0.047304 0.025403
0 0.638415 0.069244 0.048278 0.026788
0 0.650041 0.033233 0.046421 0.026965
0 0.592234 0.020289 0.052635 0.029137
0 0.765658 0.073528 0.045298 0.025783
0 0.978775 0.200428 0.042451 0.042195
0 0.643043 0.050619 0.045925 0.028066
0 0.795630 0.010757 0.057798 0.021513
0 0.794975 0.026263 0.043546 0.023242
0 0.773050 0.057110 0.048340 0.026537
0 0.685376 0.099872 0.024307 0.031253
0 0.598921 0.007361 0.051552 0.014722
0 0.665783 0.007066 0.049125 0.014131
