0 0.222893 0.575361 0.030487 0.031702
0 0.302570 0.925697 0.030799 0.029218
0 0.243689 0.790507 0.035501 0.032605
0 0.356183 0.498154 0.028321 0.032344
0 0.521106 0.770769 0.031327 0.029684
0 0.556690 0.685904 0.030576 0.028116
0 0.271737 0.837717 0.029709 0.027712
0 0.429402 0.654888 0.028356 0.028905
0 0.546127 0.838232 0.029236 0.029526
0 0.439846 0.668864 0.028641 0.027993
0 0.483779 0.686296 0.033655 0.029329
0 0.464611 0.482326 0.033103 0.034655
0 0.577951 0.905879 0.030195 0.029193
0 0.528508 0.788556 0.032055 0.029889
0 0.558795 0.938328 0.030879 0.030209
0 0.488693 0.939352 0.030607 0.029373
0 0.444328 0.963498 0.033524 0.031475
0 0.539358 0.820709 0.030245 0.029859
0 0.570848 0.888115 0.033663 0.030234
0 0.447668 0.685657 0.032776 0.029987
0 0.586872 0.749000 0.032081 0.030695
0 0.315211 0.876050 0.030362 0.028084
0 0.571034 0.718521 0.031528 0.028665
0 0.423521 0.638907 0.029967 0.029197
0 0.604805 0.953424 0.030468 0.027605
0 0.252108 0.807259 0.030066 0.028691
0 0.543468 0.650696 0.029529 0.027594
0 0.594496 0.766550 0.034625 0.030380
0 0.613776 0.818268 0.029684 0.028565
0 0.382678 0.707040 0.029555 0.029449
0 0.500251 0.804112 0.029632 0.027781
0 0.357592 0.784868 0.030107 0.028196
0 0.339389 0.921238 0.034887 0.031906
0 0.310888 0.941214 0.029248 0.028131
0 0.619591 0.837502 0.028998 0.028430
0 0.287655 0.807692 0.034706 0.032488
0 0.304977 0.836878 0.030346 0.030597
0 0.255980 0.555611 0.032501 0.034249
0 0.318482 0.956604 0.029880 0.028391
0 0.556269 0.854389 0.036282 0.031903
0 0.290149 0.893523 0.029954 0.029135
0 0.526579 0.873433 0.029463 0.029487
0 0.495337 0.719142 0.031565 0.030351
0 0.663227 0.937806 0.031480 0.029638
0 0.576264 0.735004 0.029306 0.028763
0 0.349057 0.938724 0.030134 0.027717
0 0.353713 0.957295 0.030865 0.028720
0 0.577108 0.970140 0.030099 0.029386
0 0.513407 0.838638 0.031327 0.030297
0 0.562531 0.702359 0.028563 0.026222
0 0.401005 0.883494 0.034305 0.032496
0 0.434489 0.948680 0.032111 0.029443
0 0.329702 0.907514 0.030317 0.029349
0 0.296299 0.909819 0.030298 0.028834
0 0.409829 0.460741 0.023864 0.032140
0 0.238822 0.772369 0.031789 0.028295
0 0.550188 0.668136 0.028907 0.027357
0 0.280735 0.789761 0.032730 0.030787
0 0.361260 0.973940 0.034750 0.032328
0 0.510653 0.754267 0.030635 0.029736
0 0.606612 0.801048 0.033362 0.035501
0 0.373667 0.689821 0.029767 0.031588
0 0.525632 0.618193 0.031367 0.029798
0 0.349486 0.770356 0.032584 0.030841
0 0.492570 0.787017 0.034072 0.032663
0 0.587343 0.922512 0.031904 0.031781
0 0.488078 0.533611 0.025996 0.028588
0 0.285259 0.873039 0.031312 0.029498
0 0.461827 0.721408 0.031053 0.028547
0 0.471791 0.904221 0.034135 0.030878
0 0.461287 0.637173 0.036055 0.034757
0 0.567966 0.955182 0.029922 0.027505
0 0.322570 0.892401 0.030888 0.030183
0 0.356491 0.498623 0.027445 0.031366
0 0.449572 0.981036 0.035486 0.033494
0 0.601265 0.783532 0.028406 0.025145
0 0.489032 0.704262 0.030493 0.028352
0 0.416558 0.621115 0.032791 0.031554
0 0.278949 0.854590 0.031453 0.029997
0 0.564722 0.871786 0.034067 0.031172
0 0.630016 0.852397 0.030109 0.027127
0 0.536404 0.633424 0.027977 0.027345
0 0.552310 0.922322 0.032333 0.030002
0 0.443933 0.838178 0.030004 0.029015
0 0.397590 0.739011 0.027961 0.029358
0 0.324327 0.975724 0.034710 0.033125
0 0.495743 0.956587 0.030369 0.026504
0 0.655296 0.920872 0.030973 0.029690
0 0.364597 0.801675 0.029398 0.029717
0 0.506410 0.821034 0.030190 0.029395
0 0.503058 0.736348 0.033244 0.030869
0 0.391161 0.549862 0.032384 0.029719
0 0.542685 0.904811 0.030576 0.030319
0 0.137625 0.627139 0.030761 0.031375
0 0.500338 0.804538 0.029364 0.027802
0 0.562388 0.702874 0.029101 0.026596
0 0.501855 0.973411 0.032844 0.027599
0 0.386254 0.477994 0.031671 0.031822
0 0.280658 0.790267 0.033003 0.031794
0 0.468831 0.738919 0.032069 0.030966
0 0.426913 0.933414 0.031186 0.029140
0 0.368715 0.486263 0.025654 0.030624
0 0.398449 0.738030 0.028990 0.030239
0 0.469001 0.738631 0.031817 0.029478
0 0.333512 0.987559 0.030012 0.024882
0 0.323299 0.891692 0.032657 0.030085
