1 0.541413 0.626901 0.085845 0.049982
1 0.456601 0.717738 0.091410 0.047122
1 0.512974 0.555088 0.086830 0.048776
1 0.413607 0.545654 0.088579 0.050982
1 0.463389 0.404199 0.087414 0.046680
1 0.524273 0.591065 0.085753 0.048647
1 0.430103 0.605399 0.082925 0.046584
1 0.455794 0.376094 0.090107 0.046099
1 0.489275 0.783025 0.086414 0.047814
1 0.457176 0.694041 0.085584 0.044963
1 0.439712 0.634688 0.087075 0.047374
1 0.445133 0.345756 0.090477 0.049693
1 0.495493 0.137233 0.044763 0.067411
1 0.347109 0.330109 0.084685 0.046789
1 0.585191 0.772413 0.089056 0.048097
1 0.686124 0.525671 0.085987 0.027788
1 0.388340 0.475095 0.083990 0.045016
1 0.381265 0.445561 0.087015 0.047941
1 0.478367 0.752627 0.085135 0.046603
0 0.913186 0.966473 0.031395 0.033699
1 0.117392 0.202425 0.041680 0.061475
1 0.089529 0.215795 0.043066 0.068876
1 0.419661 0.574753 0.086567 0.046207
1 0.513602 0.870991 0.091077 0.049484
0 0.902076 0.382300 0.057139 0.032918
0 0.927238 0.459580 0.054351 0.031884
1 0.365210 0.414252 0.088300 0.045124
1 0.955940 0.061951 0.039874 0.052534
0 0.349187 0.835422 0.036302 0.036754
1 0.568497 0.714446 0.087875 0.048284
1 0.237618 0.183186 0.046766 0.067102
1 0.594273 0.800984 0.085617 0.044122
1 0.699336 0.104177 0.047175 0.068217
1 0.467047 0.141051 0.047060 0.069193
1 0.361073 0.388034 0.097824 0.047482
1 0.613377 0.656253 0.040011 0.055093
0 0.883133 0.305415 0.063224 0.036126
1 0.320079 0.165900 0.039996 0.058168
1 0.508773 0.841464 0.085563 0.046335
0 0.886001 0.594080 0.054014 0.036388
1 0.782926 0.088358 0.043684 0.068791
1 0.553244 0.657177 0.085276 0.045231
1 0.871129 0.072778 0.040631 0.068831
0 0.841059 0.967715 0.040764 0.045775
1 0.724860 0.664136 0.087056 0.034505
1 0.815171 0.084679 0.042312 0.066784
1 0.549074 0.126637 0.036348 0.060137
1 0.670302 0.493210 0.088645 0.038241
1 0.497779 0.519549 0.076339 0.042186
1 0.599669 0.830622 0.084558 0.046075
1 0.636551 0.408721 0.089700 0.039736
1 0.901687 0.072797 0.042877 0.061077
0 0.896696 0.357111 0.056307 0.029402
0 0.858389 0.419203 0.046121 0.042408
1 0.649829 0.444119 0.081476 0.029048
1 0.636742 0.112060 0.043969 0.069667
1 0.177746 0.192353 0.044077 0.067300
0 0.861057 0.454996 0.049092 0.044150
1 0.693428 0.549765 0.090587 0.035169
0 0.817410 0.659560 0.053791 0.024063
0 0.864596 0.253345 0.060599 0.034342
1 0.505791 0.894877 0.069097 0.040905
1 0.985416 0.057141 0.028880 0.042128
0 0.755559 0.471974 0.062784 0.035829
0 0.830029 0.345436 0.047105 0.041631
1 0.438950 0.152201 0.045897 0.062198
1 0.605717 0.116092 0.042069 0.065168
0 0.839859 0.367885 0.045956 0.044686
1 0.577482 0.118238 0.044377 0.067607
0 0.804517 0.271221 0.046961 0.046066
1 0.291449 0.178457 0.041174 0.061179
1 0.497652 0.812738 0.085012 0.047585
1 0.728407 0.097688 0.044477 0.067320
1 0.358284 0.361852 0.090260 0.048443
1 0.410938 0.155306 0.042180 0.061420
0 0.113278 0.904972 0.051255 0.026105
1 0.762262 0.787244 0.079889 0.051327
1 0.494599 0.492725 0.088777 0.046696
0 0.737083 0.421389 0.061388 0.033567
1 0.352774 0.159177 0.044146 0.062896
1 0.749917 0.738254 0.083539 0.043128
1 0.452012 0.665114 0.084355 0.045890
0 0.732571 0.979158 0.035794 0.032700
0 0.920950 0.584442 0.056163 0.039115
1 0.600963 0.700807 0.084135 0.043815
