0 0.039033 0.398698 0.022567 0.022863
0 0.746907 0.171713 0.022639 0.018943
0 0.509060 0.090036 0.021561 0.025605
0 0.655920 0.678046 0.022530 0.023334
0 0.709792 0.897703 0.021182 0.023631
0 0.634583 0.597158 0.021677 0.023930
0 0.659889 0.921754 0.019756 0.024611
0 0.498428 0.264770 0.021808 0.025975
0 0.511020 0.328938 0.019619 0.023516
0 0.615300 0.510629 0.022990 0.024567
0 0.662446 0.939665 0.020773 0.025036
0 0.638839 0.613511 0.021868 0.024414
0 0.605857 0.696191 0.020138 0.023936
0 0.652325 0.195078 0.022290 0.018463
0 0.527003 0.155928 0.024140 0.025983
0 0.827608 0.973551 0.020549 0.020254
0 0.943913 0.947911 0.025373 0.022312
0 0.048342 0.431267 0.021837 0.022763
0 0.627253 0.560159 0.024482 0.026161
0 0.622312 0.203470 0.020492 0.018108
0 0.447999 0.579920 0.020422 0.026815
0 0.544430 0.440617 0.021257 0.022701
0 0.618871 0.753534 0.020659 0.023219
0 0.976861 0.938153 0.021086 0.021995
0 0.652989 0.884559 0.023536 0.026703
0 0.532104 0.172448 0.022367 0.024584
0 0.795250 0.984429 0.021659 0.019942
0 0.645474 0.871721 0.019661 0.023130
0 0.647108 0.643203 0.021893 0.024682
0 0.515411 0.103752 0.020434 0.021347
0 0.044274 0.409886 0.023835 0.026537
0 0.537554 0.426895 0.020279 0.024187
0 0.400787 0.592428 0.020038 0.027941
0 0.530005 0.394075 0.020898 0.025067
0 0.638014 0.838595 0.018858 0.023460
0 0.420135 0.612564 0.017918 0.024199
0 0.600387 0.680993 0.019901 0.024894
0 0.927081 0.950466 0.020297 0.018917
0 0.658514 0.694104 0.021113 0.022487
0 0.908537 0.954176 0.020499 0.020548
0 0.460009 0.113918 0.021818 0.023616
0 0.642779 0.852582 0.019894 0.023752
0 0.652964 0.906908 0.018656 0.025565
0 0.957878 0.121247 0.020738 0.017704
0 0.522637 0.359354 0.021431 0.025079
0 0.624499 0.788117 0.017751 0.021764
0 0.812342 0.976826 0.018395 0.019648
0 0.859139 0.145709 0.024741 0.020982
0 0.603059 0.206393 0.024193 0.017742
0 0.536039 0.407918 0.021362 0.023924
0 0.466628 0.600869 0.018782 0.023078
0 0.609620 0.710519 0.021717 0.025347
0 0.480899 0.199543 0.017873 0.019424
0 0.960003 0.942188 0.020552 0.021630
0 0.941464 0.126188 0.020475 0.017614
0 0.526191 0.375069 0.021641 0.026247
0 0.476967 0.576585 0.019243 0.026434
0 0.545473 0.460842 0.021339 0.025275
0 0.899587 0.159865 0.030772 0.021336
0 0.652364 0.886524 0.020993 0.026072
0 0.436842 0.012087 0.024546 0.024175
0 0.595693 0.665249 0.020058 0.023680
0 0.583869 0.376075 0.018586 0.027656
0 0.663663 0.707592 0.022961 0.023070
1 0.428453 0.649552 0.059696 0.026005
0 0.453474 0.601084 0.018603 0.025582
0 0.846735 0.147976 0.019931 0.022413
0 0.517432 0.343253 0.021191 0.026762
0 0.880914 0.199581 0.027767 0.017027
0 0.009922 0.270569 0.019843 0.025334
0 0.616543 0.725455 0.022283 0.021874
0 0.876628 0.141148 0.018404 0.018817
0 0.550270 0.477284 0.019015 0.024607
0 0.990596 0.934274 0.018807 0.019573
0 0.710445 0.182146 0.021776 0.013745
