0 0.473296 0.817663 0.027342 0.018933
0 0.035324 0.824123 0.026572 0.025275
0 0.466088 0.868600 0.027392 0.021481
0 0.435085 0.802057 0.027403 0.020778
0 0.031191 0.755664 0.018767 0.033336
0 0.536987 0.839923 0.028037 0.018614
0 0.261370 0.792925 0.024520 0.018288
0 0.650381 0.879326 0.027397 0.018129
0 0.680860 0.887254 0.026367 0.017996
0 0.271875 0.744545 0.026464 0.020043
0 0.573627 0.855368 0.024161 0.019121
0 0.942912 0.910518 0.028172 0.021235
0 0.808346 0.903132 0.025114 0.016683
0 0.599756 0.864120 0.026108 0.022587
0 0.881235 0.903478 0.026404 0.016213
0 0.015713 0.859693 0.029418 0.022153
0 0.403939 0.795331 0.030084 0.026419
0 0.234167 0.785658 0.026658 0.019400
0 0.777866 0.903434 0.026541 0.017243
0 0.440255 0.857680 0.025297 0.020999
0 0.374666 0.834130 0.027036 0.020590
0 0.338622 0.767429 0.031809 0.021996
0 0.302038 0.754936 0.027643 0.022585
0 0.896219 0.942554 0.024113 0.015295
0 0.682095 0.909069 0.027535 0.020303
0 0.011988 0.875988 0.023975 0.021491
0 0.154027 0.643157 0.019218 0.037344
0 0.839796 0.925464 0.026528 0.016312
