0 0.015126 0.191064 0.019295 0.024532
0 0.043447 0.191520 0.019602 0.025980
0 0.100816 0.273602 0.026269 0.025491
0 0.011713 0.252471 0.023341 0.024387
0 0.045797 0.728365 0.025721 0.015017
0 0.028510 0.255204 0.024465 0.025998
0 0.042638 0.259274 0.019484 0.022787
0 0.056401 0.263946 0.024138 0.023940
0 0.489561 0.024307 0.025221 0.019401
0 0.119826 0.209069 0.016511 0.022303
0 0.028702 0.665533 0.025957 0.019376
0 0.032115 0.679285 0.024500 0.017680
0 0.027723 0.782164 0.025842 0.019653
0 0.038455 0.692136 0.027752 0.016584
0 0.147205 0.281455 0.025449 0.026082
0 0.450361 0.149688 0.020483 0.024473
0 0.032423 0.770372 0.023792 0.018678
0 0.552449 0.112075 0.026477 0.018795
