0 0.363652 0.188946 0.045191 0.037205
0 0.100841 0.463155 0.039298 0.034279
0 0.917015 0.666812 0.043691 0.034808
0 0.416298 0.152548 0.042731 0.034102
0 0.644873 0.178718 0.046566 0.036567
0 0.052283 0.497591 0.037085 0.032637
0 0.616323 0.290335 0.039364 0.032858
0 0.176295 0.413930 0.037162 0.031770
0 0.055693 0.611015 0.042771 0.029439
0 0.161635 0.707697 0.040090 0.030632
0 0.141739 0.323912 0.040305 0.033930
0 0.725436 0.389711 0.047141 0.033025
0 0.688886 0.220761 0.040285 0.031785
0 0.088028 0.357793 0.039449 0.036476
0 0.205642 0.752427 0.043201 0.032250
0 0.249290 0.371097 0.039564 0.034692
0 0.040354 0.595552 0.043129 0.031470
0 0.453655 0.128518 0.040443 0.034865
0 0.173721 0.722595 0.043337 0.032265
0 0.029031 0.582192 0.039818 0.030540
0 0.822701 0.414866 0.038680 0.040989
0 0.985996 0.600964 0.028009 0.040582
0 0.498162 0.177385 0.044450 0.021889
0 0.955828 0.473142 0.044447 0.035678
0 0.086414 0.638163 0.041018 0.032175
0 0.571563 0.248506 0.044594 0.031759
0 0.758627 0.414290 0.046584 0.034917
0 0.142001 0.324658 0.039246 0.032724
0 0.159168 0.313217 0.040217 0.036551
0 0.289201 0.229161 0.042202 0.036912
0 0.814436 0.476049 0.045802 0.034474
0 0.737202 0.404025 0.044702 0.033198
0 0.705951 0.374569 0.043547 0.034429
0 0.867627 0.320053 0.047442 0.039258
0 0.189203 0.736809 0.044557 0.033085
0 0.284584 0.339997 0.041262 0.034484
0 0.214239 0.280120 0.043171 0.037042
0 0.118847 0.451037 0.042505 0.032807
0 0.377248 0.173358 0.040771 0.034067
0 0.799035 0.459542 0.043114 0.033342
0 0.064808 0.486587 0.034349 0.031770
0 0.229052 0.381545 0.041168 0.034959
0 0.068197 0.625515 0.046879 0.033361
0 0.173719 0.722966 0.042678 0.031794
0 0.767123 0.431341 0.048924 0.036339
0 0.142672 0.437674 0.044904 0.036534
0 0.435894 0.137635 0.037606 0.031544
0 0.970083 0.491374 0.055090 0.041774
0 0.102941 0.654440 0.042271 0.033064
0 0.937511 0.682057 0.045501 0.033127
0 0.141755 0.435893 0.042221 0.034851
0 0.232967 0.782976 0.047698 0.038652
0 0.783521 0.443850 0.045819 0.033602
