0 0.735134 0.283145 0.026051 0.021645
0 0.609349 0.183511 0.030722 0.017073
0 0.627755 0.200826 0.029765 0.016130
0 0.747506 0.273844 0.025362 0.020051
0 0.598262 0.164282 0.027483 0.016870
0 0.537470 0.101484 0.031150 0.017585
0 0.646898 0.287973 0.025519 0.021551
0 0.516893 0.158082 0.029759 0.013756
0 0.585577 0.246972 0.031905 0.020460
0 0.700511 0.142179 0.027514 0.016283
0 0.764419 0.266760 0.026448 0.018375
0 0.719308 0.217312 0.031830 0.014650
0 0.786789 0.164495 0.030125 0.012967
0 0.571286 0.180799 0.018805 0.020267
0 0.559203 0.083734 0.024786 0.015672
0 0.630218 0.283209 0.027373 0.021449
0 0.728155 0.204778 0.040309 0.013271
0 0.785038 0.246174 0.029337 0.016431
0 0.712054 0.161116 0.029820 0.016094
0 0.791801 0.235625 0.031144 0.015360
0 0.719503 0.184561 0.030363 0.012192
0 0.778682 0.257758 0.033676 0.020683
0 0.606607 0.265051 0.028953 0.021301
0 0.654278 0.223964 0.034276 0.018747
0 0.517558 0.123594 0.034240 0.011845
0 0.795541 0.193865 0.035206 0.010823
0 0.613826 0.016945 0.022171 0.022788
0 0.594859 0.256905 0.027957 0.019040
0 0.546532 0.091917 0.024821 0.015130
