0 0.947297 0.239562 0.013262 0.009839
0 0.197301 0.357469 0.012634 0.010250
0 0.106554 0.409979 0.011240 0.011025
0 0.911198 0.289248 0.017711 0.011106
0 0.936712 0.197494 0.014601 0.010312
0 0.106086 0.396185 0.012968 0.010205
0 0.088009 0.503890 0.008071 0.012105
0 0.231170 0.416520 0.007107 0.013957
0 0.892496 0.704125 0.018620 0.020861
0 0.265773 0.391719 0.007938 0.012402
0 0.125769 0.428372 0.012218 0.010332
0 0.663231 0.926094 0.011250 0.008428
0 0.063525 0.506114 0.008238 0.012812
0 0.095018 0.446480 0.010009 0.008034
0 0.239672 0.410353 0.007281 0.012492
0 0.969377 0.192208 0.013107 0.007124
0 0.938617 0.217068 0.014225 0.009203
0 0.068881 0.466016 0.012763 0.012476
0 0.110280 0.487630 0.009075 0.013903
0 0.076565 0.510323 0.007640 0.013143
0 0.237086 0.480119 0.007649 0.010950
0 0.085336 0.452559 0.012454 0.010980
0 0.260689 0.346360 0.008735 0.013332
0 0.931517 0.345381 0.014231 0.013447
0 0.004219 0.531732 0.008438 0.014180
0 0.928860 0.176037 0.008903 0.012610
0 0.050491 0.532839 0.011826 0.010143
0 0.161744 0.407082 0.012487 0.009929
0 0.227077 0.445854 0.009196 0.009928
0 0.896526 0.251646 0.012287 0.006953
0 0.078929 0.458075 0.012589 0.011491
0 0.911243 0.626004 0.013224 0.007457
0 0.100370 0.497167 0.008282 0.011864
0 0.953919 0.156545 0.009933 0.012635
0 0.234920 0.454638 0.009491 0.010980
0 0.006115 0.028211 0.010966 0.008289
0 0.294954 0.304469 0.013340 0.008340
0 0.283647 0.384297 0.007519 0.012092
0 0.990282 0.203167 0.009357 0.012026
0 0.286389 0.367923 0.007938 0.011855
