0 0.876295 0.135380 0.011476 0.013427
0 0.134340 0.628776 0.010449 0.014126
0 0.625165 0.393282 0.012907 0.016984
0 0.850459 0.172005 0.011176 0.013712
0 0.728648 0.532412 0.012287 0.017174
0 0.583486 0.257981 0.011537 0.013871
0 0.285288 0.320393 0.013449 0.017722
0 0.254674 0.751362 0.010883 0.013290
0 0.946522 0.608535 0.012189 0.017358
0 0.724226 0.879305 0.012976 0.016996
0 0.918289 0.643497 0.011670 0.014267
0 0.653861 0.435057 0.012757 0.014619
0 0.117900 0.574108 0.012893 0.015888
0 0.974181 0.575715 0.010879 0.014419
0 0.327029 0.366475 0.011944 0.011580
0 0.849741 0.171872 0.010147 0.012664
