1 0.467102 0.434550 0.018940 0.024796
1 0.603404 0.250259 0.033072 0.020911
1 0.657353 0.245425 0.032546 0.023495
1 0.857632 0.800597 0.017496 0.030033
1 0.178003 0.407141 0.031179 0.022348
1 0.609721 0.816284 0.039497 0.009466
1 0.862708 0.533268 0.031885 0.008371
1 0.391547 0.320478 0.043956 0.013635
1 0.353020 0.380067 0.033766 0.011910
1 0.610861 0.835420 0.040472 0.010306
1 0.394620 0.310094 0.048019 0.015051
1 0.496371 0.440005 0.017252 0.024980
1 0.383039 0.614072 0.021662 0.033997
1 0.797466 0.233933 0.029187 0.022916
1 0.842191 0.439144 0.032817 0.007380
1 0.678779 0.857919 0.029399 0.006214
1 0.372034 0.370361 0.033694 0.009364
1 0.843000 0.446224 0.032935 0.007058
1 0.675467 0.246109 0.033926 0.024418
1 0.382715 0.641420 0.039558 0.008440
1 0.490777 0.346894 0.012594 0.025123
1 0.454926 0.431821 0.018866 0.024904
1 0.599750 0.341675 0.027607 0.006961
1 0.873792 0.573347 0.030955 0.007325
1 0.586659 0.889813 0.036316 0.007290
1 0.700112 0.802510 0.029625 0.007288
1 0.318894 0.239877 0.025506 0.024520
1 0.375332 0.659797 0.042578 0.009674
1 0.188054 0.415617 0.029531 0.025075
1 0.389272 0.333963 0.039688 0.011391
1 0.861962 0.526035 0.030599 0.007263
1 0.806730 0.239351 0.032361 0.018245
1 0.655792 0.289835 0.022415 0.012317
1 0.834973 0.413687 0.031229 0.007277
1 0.534227 0.851381 0.026203 0.009287
1 0.474926 0.435825 0.015719 0.025134
1 0.362376 0.616876 0.014030 0.021489
1 0.864370 0.540866 0.031554 0.008265
1 0.525409 0.467457 0.015455 0.023136
1 0.816035 0.333506 0.032046 0.007131
1 0.484167 0.437560 0.019312 0.025853
1 0.355847 0.722546 0.024866 0.006713
1 0.584134 0.879915 0.036279 0.007582
1 0.838214 0.426325 0.034204 0.007964
1 0.631743 0.901023 0.039029 0.010763
1 0.770047 0.234742 0.028574 0.022728
1 0.531229 0.339159 0.013683 0.023949
1 0.855393 0.495384 0.032151 0.008948
1 0.628513 0.893277 0.037182 0.007549
1 0.279410 0.283296 0.024483 0.005495
1 0.595906 0.928048 0.042325 0.010503
1 0.374498 0.359143 0.045171 0.012748
1 0.853944 0.485388 0.035458 0.008562
1 0.834290 0.407708 0.032296 0.007352
1 0.565547 0.862975 0.024024 0.007327
1 0.533006 0.747493 0.029937 0.007758
1 0.623034 0.457336 0.031427 0.008428
1 0.598684 0.921701 0.038828 0.008531
1 0.370229 0.575983 0.013560 0.020123
1 0.872465 0.739501 0.011527 0.021738
1 0.711973 0.240877 0.039011 0.025051
1 0.330532 0.663298 0.017499 0.021854
1 0.587666 0.915506 0.025727 0.008820
1 0.444188 0.429022 0.019957 0.023889
0 0.845317 0.103439 0.009566 0.008497
0 0.899858 0.198249 0.013124 0.009518
1 0.761890 0.864087 0.014263 0.014544
1 0.640411 0.502065 0.019526 0.006919
1 0.827550 0.380113 0.032617 0.007399
1 0.449000 0.635510 0.020938 0.007282
1 0.618846 0.303781 0.031091 0.015576
1 0.677405 0.298448 0.018605 0.012261
1 0.346045 0.615197 0.014900 0.018557
1 0.875835 0.801546 0.013025 0.022107
1 0.531910 0.709665 0.027905 0.007344
1 0.654046 0.569452 0.022299 0.007100
1 0.850391 0.473975 0.034150 0.007988
1 0.861548 0.520100 0.031086 0.006864
1 0.668139 0.878126 0.014030 0.017939
1 0.750196 0.235989 0.031871 0.023392
1 0.871829 0.566743 0.033516 0.006456
1 0.847200 0.459611 0.035776 0.008277
1 0.612264 0.847960 0.042575 0.009075
1 0.529677 0.704917 0.030946 0.008538
