1 0.752719 0.548205 0.048764 0.044027
1 0.760549 0.623662 0.050893 0.045204
1 0.755174 0.674074 0.043729 0.055803
1 0.877182 0.285622 0.037788 0.056216
1 0.808283 0.393718 0.019743 0.058548
1 0.735156 0.401449 0.048116 0.046241
1 0.754590 0.572683 0.046093 0.045870
1 0.843089 0.613786 0.042363 0.049493
1 0.496808 0.205182 0.059911 0.069494
1 0.743994 0.453002 0.047627 0.043431
1 0.846815 0.713240 0.041030 0.016171
1 0.691405 0.894512 0.049410 0.037866
1 0.807413 0.741215 0.015797 0.051431
1 0.859789 0.477356 0.036328 0.050424
1 0.826492 0.464274 0.036948 0.042708
0 0.208877 0.270235 0.025156 0.029636
0 0.414552 0.362621 0.019405 0.030183
1 0.322742 0.978923 0.042658 0.031275
0 0.233112 0.253665 0.027008 0.028525
1 0.554290 0.193725 0.048053 0.065934
1 0.511118 0.195203 0.047023 0.065757
0 0.370635 0.048164 0.024407 0.026036
1 0.828514 0.512632 0.039898 0.049090
1 0.836551 0.573505 0.039883 0.046671
1 0.434737 0.215666 0.047460 0.063284
0 0.064429 0.396444 0.024396 0.028455
1 0.850573 0.730999 0.039810 0.018005
1 0.735062 0.871442 0.034966 0.029715
1 0.320039 0.296658 0.059734 0.057532
0 0.156968 0.314307 0.027804 0.031225
1 0.453706 0.209117 0.044044 0.063002
1 0.844967 0.589667 0.036638 0.042371
1 0.872495 0.758262 0.042450 0.028185
0 0.260505 0.185049 0.025916 0.026079
1 0.737555 0.890394 0.039605 0.034619
0 0.183662 0.291030 0.026719 0.029589
1 0.842407 0.675757 0.043200 0.020371
1 0.752214 0.702305 0.041616 0.057184
1 0.350920 0.295918 0.054492 0.046845
1 0.849096 0.693761 0.035914 0.015272
1 0.330110 0.333986 0.097503 0.062702
0 0.022225 0.303058 0.016590 0.031376
0 0.010114 0.315115 0.020228 0.030521
1 0.587013 0.412496 0.075506 0.053776
0 0.029832 0.358479 0.026203 0.028487
0 0.917233 0.548804 0.027976 0.016444
1 0.350840 0.247623 0.042657 0.060952
1 0.745740 0.499089 0.050834 0.047203
1 0.729569 0.848186 0.042786 0.038346
1 0.864981 0.515661 0.036886 0.045087
1 0.745782 0.909851 0.037357 0.043150
1 0.782734 0.754985 0.014657 0.044822
1 0.473188 0.205216 0.046102 0.062654
1 0.366905 0.241478 0.049272 0.068957
1 0.244111 0.293012 0.030440 0.050310
1 0.305458 0.208134 0.038732 0.032350
1 0.836558 0.477095 0.033263 0.043065
1 0.825475 0.388588 0.017511 0.053204
0 0.466065 0.902983 0.023513 0.036163
0 0.104405 0.362514 0.026923 0.038958
0 0.566999 0.136411 0.028102 0.019088
1 0.261570 0.328529 0.059980 0.049969
1 0.859470 0.387984 0.016972 0.045005
1 0.848098 0.264340 0.038980 0.057734
1 0.105672 0.517079 0.030749 0.052616
1 0.180707 0.338378 0.058965 0.055416
1 0.282151 0.271377 0.036521 0.057162
1 0.569240 0.358129 0.077481 0.055656
0 0.509485 0.142615 0.023396 0.017000
1 0.700887 0.580727 0.031050 0.088390
1 0.189919 0.365500 0.085831 0.074295
1 0.831509 0.432940 0.039323 0.047786
1 0.230891 0.302712 0.038026 0.061019
1 0.758439 0.769242 0.017840 0.072557
1 0.384480 0.231257 0.043454 0.061248
1 0.924260 0.444279 0.039916 0.017403
1 0.733290 0.373521 0.043622 0.043514
1 0.745249 0.225694 0.026245 0.049664
1 0.273892 0.430763 0.024661 0.045710
1 0.841770 0.768958 0.032321 0.015952
0 0.916938 0.321264 0.021395 0.032672
0 0.033748 0.168672 0.029518 0.045659
0 0.994217 0.105260 0.011566 0.037726
1 0.475646 0.275467 0.091939 0.061161
1 0.842586 0.643647 0.039792 0.049033
0 0.924518 0.497452 0.031993 0.017400
1 0.404924 0.936745 0.036099 0.037321
0 0.088686 0.134880 0.024208 0.027203
0 0.009526 0.382323 0.019051 0.029649
0 0.303471 0.413409 0.025731 0.047474
