1 0.598549 0.635980 0.026024 0.098974
0 0.141126 0.615782 0.020191 0.064841
1 0.624386 0.645125 0.023428 0.096696
0 0.775032 0.807829 0.041240 0.062998
1 0.449301 0.642603 0.028437 0.107569
1 0.788649 0.661106 0.024860 0.103516
0 0.150302 0.552808 0.040397 0.030504
1 0.489867 0.567866 0.060993 0.031186
1 0.566296 0.639439 0.026587 0.118054
0 0.331208 0.614213 0.019997 0.063669
1 0.765116 0.667222 0.025117 0.088033
0 0.162619 0.609631 0.018541 0.055903
0 0.769108 0.887662 0.017719 0.064447
0 0.118428 0.605072 0.023057 0.062930
0 0.722612 0.160473 0.029805 0.026576
1 0.738504 0.630222 0.026760 0.130783
0 0.308327 0.601719 0.021147 0.064727
1 0.693571 0.647393 0.023410 0.101715
0 0.190845 0.606658 0.021532 0.086955
1 0.473582 0.640641 0.022240 0.100498
1 0.689387 0.555260 0.066171 0.040549
0 0.109529 0.551718 0.034269 0.031913
1 0.644659 0.630032 0.022744 0.081292
1 0.667573 0.645249 0.023813 0.092360
1 0.419548 0.616244 0.030978 0.142274
1 0.257371 0.476742 0.083648 0.047117
