0 0.904051 0.460355 0.030738 0.061818
0 0.875824 0.461734 0.025150 0.053021
1 0.248763 0.302331 0.038124 0.106893
1 0.558581 0.265943 0.046112 0.144300
1 0.589885 0.263330 0.041721 0.100468
0 0.844570 0.469346 0.033806 0.070803
1 0.660239 0.245787 0.039451 0.136119
0 0.930784 0.574893 0.063568 0.042982
1 0.215618 0.302354 0.035394 0.087283
0 0.409314 0.933954 0.057139 0.036117
1 0.456196 0.552759 0.131349 0.054075
1 0.686072 0.516917 0.038600 0.137146
0 0.945967 0.455950 0.037161 0.068496
1 0.691610 0.414806 0.104795 0.043291
1 0.757914 0.222484 0.033708 0.083616
0 0.821784 0.480957 0.025042 0.058772
1 0.412651 0.653619 0.081235 0.047011
1 0.723390 0.510384 0.042788 0.141668
1 0.725585 0.218213 0.049385 0.130894
1 0.264229 0.455689 0.125681 0.057009
1 0.788129 0.214872 0.042242 0.107782
1 0.819181 0.203410 0.044361 0.117904
1 0.906860 0.396938 0.114778 0.049657
1 0.624516 0.239209 0.037471 0.133642
1 0.351769 0.285912 0.040298 0.111407
1 0.455446 0.270606 0.043838 0.123738
1 0.786592 0.367566 0.119192 0.049104
0 0.296471 0.934131 0.025455 0.063723
1 0.907315 0.353244 0.134072 0.054515
1 0.853514 0.202365 0.048903 0.121531
1 0.883709 0.194670 0.043317 0.081057
1 0.313155 0.823345 0.033380 0.101186
