1 0.752028 0.540127 0.068224 0.050122
1 0.741014 0.810807 0.097196 0.037831
1 0.281458 0.371480 0.072497 0.048191
1 0.579157 0.640583 0.077655 0.052169
1 0.536113 0.341488 0.079256 0.058765
1 0.427542 0.803739 0.076806 0.044759
1 0.318564 0.706756 0.082166 0.047788
1 0.390009 0.208580 0.069265 0.051616
1 0.463993 0.274033 0.067712 0.050337
1 0.721257 0.510651 0.073192 0.055535
1 0.419850 0.235191 0.068589 0.051629
1 0.794902 0.745973 0.101867 0.036871
1 0.692242 0.481680 0.074297 0.055497
1 0.822100 0.693286 0.098472 0.038761
1 0.587674 0.685214 0.082936 0.054354
1 0.162564 0.582119 0.086974 0.051021
1 0.300268 0.694324 0.084831 0.048192
1 0.223133 0.634466 0.087376 0.047491
1 0.740870 0.523039 0.071125 0.050680
1 0.292352 0.390197 0.073284 0.050096
1 0.332137 0.723572 0.084888 0.049040
1 0.576214 0.386813 0.075250 0.054389
1 0.240935 0.646477 0.081439 0.046877
1 0.478311 0.287202 0.069312 0.051161
1 0.141821 0.568729 0.082485 0.048280
1 0.108826 0.544621 0.083692 0.050339
0 0.952939 0.499498 0.035172 0.025977
1 0.381914 0.762293 0.085656 0.049228
1 0.311482 0.403504 0.072706 0.050512
1 0.176030 0.594625 0.080985 0.046675
1 0.769892 0.636150 0.065150 0.053593
0 0.667017 0.126655 0.032703 0.021385
1 0.661136 0.452875 0.072033 0.058447
0 0.508525 0.179457 0.031758 0.024294
0 0.649361 0.277597 0.034011 0.023565
1 0.480025 0.573852 0.112295 0.072209
1 0.814846 0.710131 0.101035 0.038134
1 0.447072 0.544144 0.113120 0.076889
1 0.728147 0.828695 0.095275 0.037788
1 0.432921 0.529578 0.104559 0.074540
1 0.532516 0.619379 0.113690 0.072011
1 0.385212 0.486227 0.115626 0.075208
1 0.189333 0.608949 0.083654 0.050006
1 0.803631 0.728491 0.100571 0.035424
1 0.283952 0.681333 0.085442 0.051520
0 0.836211 0.352464 0.030978 0.022536
1 0.375246 0.195877 0.066324 0.049898
1 0.400246 0.500812 0.115769 0.074904
1 0.348054 0.456480 0.111755 0.077603
1 0.617433 0.693705 0.072799 0.050825
1 0.124265 0.488703 0.061297 0.067179
1 0.415846 0.515777 0.108571 0.072746
1 0.463232 0.560426 0.115120 0.075913
0 0.877646 0.463376 0.047337 0.030393
1 0.778710 0.761894 0.101594 0.037962
1 0.492156 0.301214 0.068075 0.049941
1 0.703781 0.498581 0.075744 0.054861
1 0.360431 0.184718 0.066941 0.048044
0 0.436905 0.072832 0.035030 0.027632
0 0.358220 0.043181 0.030297 0.023383
1 0.592960 0.401540 0.075193 0.055980
0 0.948620 0.524172 0.033432 0.024346
1 0.514417 0.599823 0.115167 0.069919
0 0.842093 0.887861 0.029074 0.025367
1 0.368199 0.475341 0.108868 0.078816
0 0.497298 0.864633 0.044954 0.030877
1 0.495752 0.589531 0.116562 0.074178
0 0.837589 0.130402 0.050952 0.025547
1 0.508462 0.314487 0.071005 0.053749
0 0.691326 0.229153 0.032501 0.024745
1 0.729947 0.854707 0.053317 0.025560
1 0.764499 0.553643 0.064948 0.053042
