1 0.327990 0.283499 0.049192 0.048371
1 0.317492 0.424104 0.050905 0.051497
1 0.775292 0.546785 0.034012 0.066351
0 0.845522 0.122772 0.017243 0.021557
1 0.790137 0.324036 0.067373 0.019873
1 0.764321 0.434395 0.035665 0.058410
0 0.748631 0.178385 0.017889 0.022172
1 0.410231 0.317303 0.037419 0.065804
1 0.685009 0.421088 0.030876 0.057828
1 0.735560 0.460576 0.037455 0.066342
1 0.647204 0.582193 0.037694 0.068511
1 0.353862 0.322912 0.052404 0.050203
0 0.860832 0.152143 0.017350 0.023399
1 0.785938 0.384334 0.035396 0.050416
0 0.960650 0.094899 0.025351 0.019269
0 0.897231 0.160756 0.018147 0.020983
1 0.216439 0.400138 0.052232 0.045806
1 0.773735 0.405585 0.032515 0.057560
1 0.791559 0.342306 0.079422 0.022181
1 0.727707 0.389197 0.033619 0.054422
1 0.635249 0.603093 0.033568 0.058629
1 0.751727 0.613474 0.031876 0.069006
1 0.670699 0.542594 0.034712 0.065167
1 0.731550 0.780530 0.027028 0.061641
1 0.784867 0.785029 0.016817 0.059261
1 0.520842 0.637917 0.077521 0.022676
1 0.332592 0.453086 0.053305 0.052117
0 0.762322 0.179296 0.019970 0.023497
0 0.848035 0.147275 0.016784 0.021704
1 0.715544 0.773880 0.027889 0.058214
1 0.933343 0.700917 0.045651 0.019315
1 0.794017 0.548296 0.027835 0.066792
1 0.194587 0.522399 0.064819 0.028270
0 0.803820 0.056310 0.019331 0.024203
1 0.555305 0.659666 0.078580 0.022989
0 0.868908 0.129878 0.018506 0.023942
1 0.770180 0.617296 0.032176 0.067349
1 0.742803 0.373738 0.030643 0.050952
0 0.986157 0.132810 0.027687 0.020650
0 0.905281 0.139632 0.017306 0.022306
1 0.612547 0.533944 0.032609 0.065626
0 0.500199 0.790554 0.027642 0.017977
0 0.735871 0.174242 0.016138 0.020055
1 0.633986 0.496538 0.036126 0.068360
0 0.542384 0.805289 0.026582 0.019492
0 0.926495 0.466163 0.016599 0.021364
0 0.885387 0.209195 0.018189 0.023667
1 0.464547 0.273069 0.048008 0.045297
0 0.918601 0.144084 0.020352 0.025223
0 0.871927 0.205401 0.018122 0.022577
0 0.881216 0.132684 0.017462 0.022647
0 0.979093 0.123577 0.026782 0.019500
0 0.873155 0.154301 0.015867 0.021007
1 0.388177 0.397455 0.057278 0.056749
0 0.787715 0.130939 0.018851 0.022595
0 0.812070 0.138671 0.018275 0.022597
0 0.775197 0.127927 0.017269 0.021661
1 0.789366 0.621818 0.033443 0.066396
0 0.472100 0.704232 0.021517 0.021085
1 0.659351 0.457061 0.034028 0.066206
1 0.690862 0.642032 0.016898 0.064868
0 0.889950 0.455122 0.014872 0.020011
0 0.600622 0.645139 0.024128 0.019337
0 0.833095 0.121016 0.017255 0.023141
0 0.934711 0.054285 0.027208 0.018596
1 0.648791 0.481347 0.034672 0.055342
1 0.813205 0.548980 0.027732 0.067755
1 0.755577 0.778943 0.019700 0.062885
0 0.820209 0.115056 0.019614 0.024857
0 0.797719 0.010014 0.025841 0.016173
0 0.947460 0.072971 0.026553 0.018256
0 0.848449 0.200768 0.016814 0.020567
1 0.721552 0.481525 0.035457 0.065619
0 0.952057 0.081806 0.031266 0.024620
0 0.884809 0.157252 0.016255 0.019971
0 0.824536 0.142503 0.019603 0.024398
1 0.813553 0.548518 0.028779 0.068918
1 0.584416 0.563172 0.031918 0.054560
1 0.708431 0.485430 0.037160 0.068466
0 0.971473 0.112650 0.024844 0.018342
1 0.597202 0.544613 0.029747 0.056222
0 0.939225 0.467887 0.018020 0.022539
1 0.243308 0.329158 0.038345 0.038073
1 0.627549 0.353385 0.050001 0.052205
0 0.148847 0.096420 0.024798 0.012896
1 0.695354 0.775172 0.026421 0.070503
0 0.182317 0.108503 0.023445 0.012573
0 0.989283 0.229904 0.021433 0.025882
0 0.876064 0.454816 0.018789 0.024450
0 0.892126 0.136372 0.016428 0.021993
0 0.928058 0.043718 0.024177 0.016719
0 0.940113 0.738077 0.013620 0.021792
1 0.714162 0.401410 0.033073 0.056167
