0 0.229019 0.397901 0.023818 0.021122
0 0.320245 0.760524 0.030787 0.016905
0 0.646171 0.446575 0.028321 0.024086
1 0.334694 0.306766 0.077990 0.045404
1 0.549370 0.758920 0.035083 0.056718
0 0.447039 0.457559 0.025337 0.022430
0 0.259519 0.407469 0.022889 0.021564
1 0.438680 0.730802 0.030383 0.044660
1 0.660239 0.229344 0.025686 0.057626
0 0.276921 0.408693 0.024539 0.023686
1 0.225425 0.271781 0.072408 0.040442
0 0.372489 0.436108 0.027222 0.020590
0 0.168806 0.322026 0.023637 0.021571
0 0.290520 0.414393 0.024412 0.021813
1 0.346693 0.319822 0.075527 0.045380
1 0.270947 0.295770 0.075313 0.046504
1 0.544894 0.199232 0.027561 0.057061
0 0.242349 0.403650 0.024110 0.020483
0 0.175635 0.926063 0.036598 0.023405
1 0.576911 0.763772 0.028654 0.056486
0 0.153888 0.316786 0.021671 0.019404
0 0.278205 0.675508 0.026039 0.023175
1 0.910789 0.433290 0.087262 0.021465
0 0.134824 0.376551 0.019967 0.017028
0 0.212785 0.334542 0.026929 0.023183
1 0.485715 0.183218 0.024524 0.055412
1 0.852454 0.509850 0.089045 0.020419
0 0.229665 0.339302 0.022779 0.021960
0 0.172406 0.865397 0.032566 0.018069
0 0.181950 0.386657 0.022151 0.019561
0 0.026428 0.885232 0.024201 0.021989
0 0.196468 0.389777 0.023397 0.021771
0 0.111710 0.608164 0.023840 0.020391
1 0.796939 0.621200 0.086231 0.019933
1 0.789441 0.640400 0.079546 0.019608
0 0.233460 0.930235 0.031435 0.018914
1 0.495741 0.743234 0.030583 0.056571
0 0.571729 0.489552 0.023247 0.022387
0 0.283557 0.961825 0.034976 0.021073
1 0.403285 0.166048 0.026566 0.056419
0 0.118368 0.372786 0.020623 0.017420
1 0.637516 0.599010 0.068319 0.050065
0 0.588804 0.434755 0.026998 0.023880
0 0.338570 0.365713 0.021695 0.019258
0 0.429610 0.453184 0.024362 0.021525
0 0.492048 0.470454 0.024386 0.020229
0 0.477413 0.465016 0.021779 0.021352
0 0.902811 0.934370 0.022890 0.020977
0 0.293609 0.680966 0.026958 0.026003
0 0.290590 0.353536 0.028264 0.021994
1 0.665447 0.788739 0.025323 0.057794
1 0.129752 0.962764 0.057462 0.027801
0 0.354859 0.432462 0.023753 0.021131
0 0.093770 0.604463 0.022691 0.019317
1 0.270610 0.059667 0.024014 0.056282
1 0.740664 0.715224 0.089779 0.022238
0 0.384824 0.706224 0.021934 0.020430
0 0.095268 0.898401 0.033245 0.027381
0 0.237422 0.815117 0.033794 0.017608
1 0.376197 0.329777 0.079337 0.045545
0 0.076915 0.895473 0.025497 0.022019
1 0.243074 0.286949 0.075351 0.042139
1 0.254604 0.235076 0.077991 0.043332
0 0.204712 0.838515 0.023963 0.021234
0 0.183467 0.964917 0.033150 0.019562
0 0.319476 0.425110 0.023690 0.019777
0 0.746172 0.472887 0.019693 0.020172
1 0.106645 0.977041 0.060971 0.031455
0 0.152663 0.379675 0.020363 0.018333
1 0.144823 0.952234 0.053454 0.030619
0 0.217789 0.658008 0.025002 0.020359
1 0.101978 0.989371 0.068324 0.021258
0 0.176696 0.646612 0.020566 0.019554
0 0.259203 0.670400 0.026661 0.026997
0 0.019652 0.279508 0.039303 0.021802
