1 0.096919 0.851065 0.011134 0.038136
1 0.650173 0.547195 0.029007 0.034675
1 0.707556 0.725748 0.018501 0.040039
1 0.620327 0.697283 0.020761 0.040005
1 0.885009 0.512424 0.028587 0.039285
1 0.735199 0.717580 0.013719 0.040353
1 0.108147 0.850855 0.011042 0.038121
1 0.641101 0.690989 0.019077 0.039853
1 0.147816 0.847829 0.021138 0.037767
1 0.651482 0.515889 0.029960 0.035089
1 0.650654 0.686960 0.017927 0.039944
1 0.891116 0.287895 0.028381 0.037407
1 0.520073 0.590928 0.010797 0.040260
0 0.669967 0.840687 0.016525 0.015361
1 0.075277 0.813852 0.011796 0.040101
1 0.891965 0.245309 0.026737 0.036351
1 0.184634 0.771499 0.026627 0.038821
1 0.945113 0.304984 0.044586 0.047426
1 0.119814 0.849391 0.010327 0.038568
1 0.308183 0.826154 0.040068 0.009532
1 0.960629 0.227386 0.034973 0.025625
0 0.665075 0.859248 0.012620 0.016350
1 0.886446 0.462457 0.031463 0.037336
1 0.670888 0.681006 0.019017 0.040408
1 0.651717 0.500133 0.030183 0.034216
1 0.948651 0.393408 0.031293 0.032946
1 0.310448 0.814666 0.040245 0.010028
1 0.888284 0.383677 0.028752 0.035812
1 0.890818 0.306769 0.027631 0.036231
1 0.890004 0.325522 0.027444 0.035380
1 0.158987 0.847863 0.020711 0.037216
1 0.649040 0.565720 0.030470 0.034327
1 0.886887 0.442666 0.030328 0.035304
1 0.942996 0.404816 0.046227 0.046601
1 0.682180 0.678886 0.020006 0.041855
1 0.183905 0.846792 0.024092 0.035904
1 0.198376 0.845153 0.026102 0.033659
0 0.534446 0.854828 0.011879 0.016483
1 0.552899 0.590973 0.009729 0.041381
1 0.648713 0.582947 0.030399 0.034272
1 0.685325 0.607299 0.039011 0.009414
1 0.171053 0.846944 0.021773 0.036302
1 0.719283 0.677508 0.014386 0.039379
1 0.314048 0.782350 0.038187 0.010427
0 0.573689 0.857174 0.015068 0.016642
1 0.694297 0.670734 0.013847 0.039332
1 0.769455 0.104420 0.024394 0.026943
1 0.224203 0.845893 0.029414 0.035058
1 0.732911 0.674787 0.012226 0.043200
1 0.541608 0.592613 0.009560 0.041871
0 0.523276 0.852187 0.013267 0.016287
1 0.944787 0.354282 0.048558 0.051100
0 0.973216 0.860318 0.008241 0.015837
1 0.883339 0.492467 0.027384 0.035327
0 0.593730 0.927854 0.008393 0.014605
1 0.931557 0.072852 0.018909 0.024928
0 0.599806 0.858518 0.010304 0.014177
0 0.963593 0.860389 0.009511 0.017997
0 0.487286 0.914046 0.013384 0.015898
1 0.977077 0.132752 0.040248 0.012168
1 0.890953 0.342415 0.027846 0.037527
1 0.315601 0.732708 0.037228 0.009782
0 0.610373 0.857703 0.008688 0.014588
0 0.940681 0.988429 0.015442 0.007950
1 0.888770 0.363771 0.027356 0.035580
0 0.812668 0.867240 0.015258 0.015135
0 0.600053 0.960794 0.008105 0.015956
0 0.907343 0.857881 0.017859 0.011962
0 0.947429 0.818974 0.008442 0.014658
1 0.240065 0.740016 0.020719 0.030277
0 0.550546 0.854278 0.012241 0.016460
0 0.904262 0.882251 0.015623 0.007619
1 0.948112 0.337228 0.048019 0.050089
0 0.780217 0.983390 0.009225 0.015818
0 0.674638 0.860560 0.012275 0.016159
0 0.983353 0.823303 0.009510 0.015752
0 0.904921 0.966809 0.014990 0.017712
1 0.892650 0.265434 0.028068 0.034590
1 0.889030 0.401132 0.029474 0.035821
1 0.313843 0.760237 0.039892 0.008701
0 0.005177 0.602644 0.009007 0.015105
0 0.444183 0.875499 0.016879 0.007335
1 0.955014 0.265250 0.048804 0.044653
1 0.862426 0.060962 0.011305 0.027720
0 0.017729 0.574620 0.008885 0.014619
0 0.178168 0.895096 0.013746 0.007496
0 0.063876 0.621795 0.009071 0.014103
1 0.530850 0.591722 0.010372 0.041555
1 0.700195 0.118818 0.034780 0.025118
1 0.951084 0.164607 0.033306 0.011142
0 0.612764 0.958819 0.007868 0.013770
0 0.724083 0.854087 0.011691 0.014140
1 0.887829 0.422119 0.027334 0.035027
0 0.221761 0.289156 0.012678 0.014812
1 0.629919 0.693655 0.019239 0.042549
0 0.647502 0.932790 0.007639 0.014834
1 0.817327 0.054267 0.012568 0.027954
1 0.315267 0.749351 0.040493 0.009660
0 0.181885 0.291089 0.008590 0.015893
0 0.638110 0.930393 0.008274 0.014527
1 0.949334 0.203923 0.058922 0.031714
0 0.038932 0.384459 0.018410 0.009416
1 0.801406 0.144561 0.011061 0.038871
0 0.057754 0.908183 0.016852 0.007904
1 0.131316 0.847832 0.009977 0.037920
0 0.630160 0.929178 0.007664 0.013844
0 0.965826 0.822675 0.008915 0.016226
0 0.710673 0.824189 0.011636 0.012996
0 0.863932 0.966156 0.011343 0.014508
0 0.966983 0.076545 0.009602 0.014765
0 0.657209 0.931760 0.007532 0.013798
0 0.885749 0.882270 0.015686 0.007999
1 0.227124 0.739728 0.020203 0.029487
0 0.211417 0.289601 0.013704 0.017334
0 0.282567 0.372835 0.020807 0.014155
0 0.082025 0.927329 0.014377 0.006692
1 0.313624 0.770885 0.038606 0.009766
0 0.617672 0.808511 0.016094 0.013245
0 0.620664 0.930526 0.008907 0.016592
0 0.147816 0.896828 0.014996 0.007130
0 0.590915 0.857567 0.012078 0.014333
1 0.313002 0.793165 0.040143 0.010048
0 0.753305 0.817050 0.008674 0.015760
1 0.982179 0.175353 0.023541 0.009123
0 0.627385 0.860955 0.008517 0.014226
0 0.603462 0.928747 0.008225 0.014498
0 0.280914 0.263736 0.008511 0.021433
0 0.035208 0.574874 0.008206 0.013569
0 0.243289 0.979443 0.016613 0.012125
0 0.873273 0.965705 0.011184 0.014645
0 0.550607 0.926044 0.007295 0.013379
0 0.534893 0.924379 0.008694 0.014476
0 0.621740 0.960661 0.007742 0.013916
1 0.958534 0.239496 0.035965 0.026393
0 0.159421 0.292586 0.011102 0.016046
1 0.979127 0.165083 0.024355 0.008747
0 0.911856 0.831426 0.017256 0.009306
0 0.728240 0.819700 0.010952 0.014330
0 0.190931 0.290716 0.009185 0.015258
0 0.437749 0.843574 0.008175 0.015361
0 0.022663 0.601792 0.008672 0.017258
0 0.718746 0.821847 0.011168 0.013619
0 0.720426 0.821172 0.011346 0.014119
0 0.037925 0.911350 0.017790 0.009378
0 0.761492 0.818676 0.008793 0.015949
0 0.722428 0.841808 0.015436 0.012396
1 0.648171 0.582030 0.030193 0.034265
0 0.014101 0.602654 0.008312 0.015119
0 0.803176 0.851182 0.009671 0.016333
0 0.585277 0.927314 0.008121 0.014730
1 0.947674 0.210552 0.059738 0.031678
0 0.686600 0.860022 0.012457 0.016267
0 0.181322 0.903619 0.016155 0.008308
1 0.948224 0.289583 0.045263 0.045912
0 0.988200 0.885140 0.017191 0.007014
1 0.086176 0.850212 0.010978 0.037929
1 0.948489 0.307374 0.044336 0.044855
0 0.310995 0.881833 0.014837 0.007564
0 0.283380 0.975710 0.016554 0.010353
1 0.945507 0.286038 0.045786 0.042448
