1 0.292612 0.883247 0.039732 0.019282
1 0.407993 0.672910 0.038277 0.019102
1 0.405696 0.827578 0.039847 0.019576
1 0.406025 0.789275 0.039369 0.020457
1 0.369696 0.539648 0.043182 0.021401
1 0.405975 0.808784 0.039782 0.020489
1 0.408609 0.652631 0.039738 0.018580
1 0.406352 0.769095 0.039101 0.018000
1 0.406930 0.749723 0.039329 0.018993
1 0.295090 0.663902 0.039459 0.018931
1 0.407358 0.710967 0.038660 0.018724
1 0.264258 0.416111 0.013532 0.067647
1 0.295603 0.684530 0.038647 0.018537
1 0.295509 0.643790 0.039384 0.019232
1 0.410010 0.897109 0.047042 0.020751
1 0.296394 0.605819 0.039377 0.018322
1 0.405178 0.846605 0.037171 0.017682
1 0.839301 0.470991 0.013460 0.070207
1 0.409088 0.596120 0.038805 0.018295
1 0.406837 0.729878 0.038385 0.017917
1 0.407763 0.691527 0.038247 0.017517
1 0.408892 0.634021 0.038864 0.018048
1 0.294213 0.784206 0.038273 0.019240
1 0.364697 0.692752 0.039712 0.020023
1 0.296851 0.527017 0.038027 0.018049
1 0.364707 0.790706 0.040173 0.018624
1 0.409101 0.577327 0.038951 0.018393
1 0.498787 0.864936 0.043385 0.027182
1 0.409190 0.558492 0.039553 0.019020
1 0.502139 0.571374 0.041481 0.020112
1 0.793797 0.469351 0.013904 0.067521
1 0.499384 0.822991 0.041894 0.021605
1 0.296650 0.546761 0.038190 0.018351
1 0.342294 0.415431 0.011874 0.061470
1 0.808565 0.471632 0.013454 0.065010
1 0.367489 0.415618 0.012175 0.062635
1 0.500901 0.758498 0.041999 0.021913
1 0.439598 0.832462 0.013758 0.064919
1 0.294186 0.744413 0.038288 0.017161
1 0.500801 0.695624 0.040916 0.020933
1 0.294445 0.803747 0.040148 0.019610
1 0.365105 0.751837 0.039249 0.018827
1 0.297401 0.507633 0.038090 0.018494
1 0.293916 0.723848 0.038331 0.019742
1 0.364221 0.829239 0.040827 0.018575
1 0.294137 0.824226 0.040619 0.020003
1 0.823573 0.470734 0.013416 0.067043
1 0.407259 0.415991 0.011926 0.064629
1 0.502806 0.592203 0.040596 0.020445
1 0.295159 0.704112 0.038641 0.018748
1 0.504010 0.550109 0.044150 0.019271
1 0.409340 0.614523 0.039210 0.018282
1 0.748070 0.469269 0.013398 0.064438
1 0.364606 0.810251 0.041725 0.018658
1 0.502472 0.653897 0.041606 0.019954
1 0.364950 0.732035 0.039885 0.019672
1 0.501471 0.633482 0.040572 0.020275
1 0.502083 0.674755 0.041070 0.019323
1 0.304021 0.414552 0.011959 0.059041
1 0.460326 0.839913 0.012550 0.062505
1 0.316659 0.414667 0.012243 0.060015
1 0.277677 0.412768 0.013273 0.067915
1 0.394158 0.416452 0.012796 0.064934
1 0.368286 0.559543 0.042731 0.018810
1 0.502341 0.613609 0.041133 0.020098
1 0.293857 0.765296 0.037472 0.018475
1 0.366930 0.634700 0.042751 0.018236
1 0.365322 0.771607 0.039078 0.017576
0 0.897291 0.355593 0.020070 0.016137
1 0.296099 0.625163 0.039016 0.019928
1 0.329233 0.414130 0.011759 0.060405
1 0.292944 0.843428 0.040167 0.018422
0 0.488812 0.960843 0.023356 0.041763
1 0.392952 0.867891 0.038951 0.019574
1 0.503970 0.530321 0.043571 0.020797
1 0.381799 0.416397 0.012371 0.063249
1 0.503441 0.508853 0.042830 0.022422
1 0.499410 0.842810 0.041751 0.022827
1 0.368223 0.615568 0.041029 0.018292
1 0.499968 0.780586 0.041287 0.020935
1 0.853241 0.471035 0.013575 0.071738
1 0.368686 0.578294 0.040941 0.019872
1 0.367774 0.596888 0.041469 0.018835
1 0.762842 0.472238 0.013929 0.060823
