0 0.089853 0.471342 0.016604 0.013997
0 0.062023 0.992164 0.017641 0.015546
0 0.104891 0.455093 0.017700 0.014351
0 0.019992 0.908914 0.021065 0.017672
0 0.070868 0.228312 0.007278 0.012660
0 0.413672 0.138594 0.015067 0.007324
0 0.017405 0.961222 0.018128 0.014479
0 0.437714 0.119543 0.018053 0.007978
0 0.246212 0.116538 0.015522 0.006777
0 0.061947 0.227061 0.007622 0.012818
0 0.067475 0.494226 0.016443 0.013206
0 0.033879 0.190202 0.008300 0.013781
0 0.946319 0.921600 0.012464 0.015468
0 0.034785 0.622383 0.013946 0.011847
0 0.049981 0.189362 0.006965 0.012878
0 0.070554 0.244895 0.007162 0.012710
0 0.029704 0.603469 0.014697 0.011962
0 0.057795 0.189342 0.007171 0.013365
0 0.008253 0.654131 0.014775 0.014362
0 0.915923 0.934899 0.012750 0.014551
0 0.055085 0.573112 0.014664 0.013258
0 0.009551 0.190943 0.007217 0.013005
0 0.056049 0.598555 0.014162 0.013420
0 0.101592 0.147932 0.016867 0.007632
0 0.029815 0.629091 0.014685 0.011907
0 0.041468 0.614331 0.014820 0.012471
0 0.013549 0.229414 0.007341 0.012293
0 0.030682 0.539461 0.015334 0.014272
0 0.050023 0.580310 0.015841 0.015011
0 0.014765 0.646943 0.013753 0.012024
0 0.029788 0.228747 0.006913 0.012506
0 0.017792 0.191740 0.008219 0.015729
0 0.041362 0.189385 0.007701 0.013528
0 0.199110 0.008714 0.007554 0.014510
0 0.017451 0.617987 0.014794 0.013257
0 0.022147 0.547613 0.015209 0.014063
0 0.046324 0.608753 0.015492 0.014411
0 0.010693 0.626945 0.016512 0.013814
0 0.479594 0.146522 0.016766 0.007145
0 0.495794 0.108127 0.016438 0.007448
0 0.039531 0.283081 0.015260 0.012039
0 0.081381 0.188119 0.007796 0.013674
0 0.129264 0.119642 0.016172 0.006775
0 0.037763 0.228384 0.007389 0.013256
0 0.016765 0.555938 0.016475 0.014667
0 0.067782 0.585452 0.013649 0.013346
0 0.023760 0.611278 0.014267 0.012321
0 0.061663 0.591281 0.012439 0.011578
