0 0.049506 0.183977 0.017693 0.020904
1 0.255718 0.966872 0.026504 0.032477
0 0.139503 0.204749 0.016097 0.020009
0 0.101018 0.284903 0.015192 0.017121
0 0.154957 0.194984 0.015514 0.018342
0 0.218765 0.205873 0.015628 0.018126
0 0.093633 0.214958 0.017545 0.019685
1 0.274438 0.953952 0.027310 0.035094
0 0.131056 0.210194 0.017277 0.021197
0 0.029126 0.278536 0.016422 0.019046
0 0.050278 0.260726 0.016486 0.018298
0 0.095122 0.234341 0.015448 0.018227
0 0.052023 0.236515 0.016680 0.019522
0 0.032840 0.329323 0.015128 0.018292
0 0.863430 0.964509 0.019170 0.017550
0 0.041332 0.246124 0.015405 0.017864
0 0.203883 0.214817 0.014624 0.018810
0 0.206590 0.161090 0.016965 0.022389
0 0.078699 0.243098 0.016361 0.018188
0 0.085479 0.295254 0.015146 0.016633
0 0.021996 0.284588 0.015351 0.018873
0 0.063484 0.252484 0.014441 0.018068
0 0.221197 0.151910 0.016356 0.019246
1 0.236900 0.976324 0.022825 0.022889
0 0.076683 0.298720 0.014810 0.016691
0 0.304680 0.919675 0.017890 0.015226
0 0.070943 0.247745 0.015910 0.017874
0 0.104020 0.230116 0.014783 0.016913
0 0.114288 0.275502 0.016231 0.018897
0 0.117209 0.219599 0.015880 0.018607
0 0.039617 0.324195 0.016749 0.018552
0 0.215685 0.157072 0.015018 0.018422
0 0.193365 0.171040 0.015924 0.019174
0 0.905323 0.326608 0.015850 0.014026
0 0.957641 0.301100 0.015491 0.017414
0 0.054025 0.314460 0.014467 0.016312
0 0.093346 0.290555 0.016375 0.018234
0 0.092979 0.290466 0.015859 0.017257
0 0.972527 0.345647 0.015043 0.019220
