0 0.113369 0.614364 0.020184 0.008499
0 0.149321 0.032157 0.018527 0.006904
0 0.338497 0.296958 0.018487 0.008053
0 0.325987 0.304217 0.020440 0.008621
0 0.350515 0.289538 0.020910 0.009526
0 0.089082 0.922255 0.013080 0.010942
0 0.073526 0.715549 0.010031 0.010173
0 0.111080 0.658764 0.014075 0.009155
0 0.108905 0.040846 0.018756 0.008335
0 0.429003 0.333855 0.016822 0.008847
0 0.121912 0.652023 0.014590 0.007606
0 0.495363 0.370478 0.016024 0.009071
0 0.289717 0.327075 0.018773 0.010058
0 0.082612 0.665430 0.018025 0.006522
0 0.064104 0.054670 0.018729 0.008432
