4 0.455680 0.921376 0.076155 0.117936
5 0.279026 0.078317 0.093633 0.125921
4 0.108302 0.395577 0.076779 0.117936
4 0.176030 0.379300 0.074906 0.117322
4 0.247503 0.362408 0.076779 0.116708
4 0.319913 0.345516 0.075531 0.116093
4 0.412609 0.236486 0.076155 0.116708
4 0.469101 0.445025 0.076779 0.118550
4 0.458801 0.750307 0.076155 0.116093
4 0.539638 0.730958 0.075531 0.116708
4 0.517790 0.906634 0.075531 0.116708
4 0.581461 0.891585 0.075531 0.117322
14 0.289638 0.921376 0.136080 0.156020
4 0.710050 0.615172 0.075531 0.118550
4 0.777778 0.599509 0.076155 0.116708
4 0.840824 0.584767 0.076155 0.116708
5 0.202559 0.096437 0.094257 0.125307