13 0.752493 0.513453 0.155983 0.348879
13 0.589387 0.507623 0.157407 0.346188
4 0.172721 0.597309 0.032051 0.082511
4 0.222934 0.599552 0.032764 0.083408
4 0.271724 0.601794 0.033476 0.082511
4 0.220085 0.722870 0.032764 0.082511
4 0.268519 0.724664 0.034188 0.082511
4 0.318732 0.726457 0.033476 0.082511
4 0.315883 0.848879 0.033476 0.081614
4 0.365028 0.852018 0.033476 0.082511
5 0.416667 0.725561 0.044160 0.093274
5 0.368590 0.724215 0.042023 0.094170
14 0.470085 0.262780 0.062678 0.043049
5 0.420228 0.853363 0.044160 0.103139
3 0.057692 0.182511 0.106838 0.130045
14 0.509615 0.198655 0.137464 0.081614
14 0.546296 0.102242 0.102564 0.084305
13 0.313390 0.295516 0.183761 0.381166