14 0.927075 0.482317 0.016116 0.047561
14 0.872482 0.501829 0.019742 0.032927
14 0.812853 0.488415 0.021354 0.052439
14 0.782031 0.528659 0.012893 0.062195
14 0.755036 0.501829 0.020951 0.064634
14 0.722200 0.551220 0.015713 0.048780
14 0.700645 0.543902 0.011281 0.056098
14 0.667607 0.554878 0.020145 0.051220
14 0.637994 0.558537 0.010073 0.053659
14 0.580177 0.573780 0.019339 0.054878
14 0.552780 0.611585 0.013699 0.050000
14 0.494561 0.654268 0.017325 0.050000
14 0.433521 0.674390 0.016922 0.051220
14 0.385778 0.680488 0.012490 0.056098
14 0.344682 0.685976 0.026189 0.042683
14 0.264706 0.724390 0.015310 0.070732
14 0.206890 0.769512 0.017325 0.039024
14 0.178485 0.785976 0.020951 0.054878
14 0.062853 0.842073 0.020145 0.035366
14 0.147663 0.787805 0.020548 0.070732
14 0.091056 0.825000 0.020145 0.050000