4 0.801282 0.270485 0.047985 0.177974
4 0.103297 0.549339 0.041758 0.171806
4 0.183333 0.518943 0.042125 0.172687
4 0.224725 0.504846 0.041392 0.172687
4 0.121062 0.812775 0.042125 0.173568
4 0.198352 0.766960 0.041392 0.173568
4 0.239560 0.752863 0.041758 0.175330
4 0.527289 0.659912 0.060440 0.181498
4 0.564103 0.613216 0.060806 0.181498
4 0.478205 0.439648 0.060440 0.181498
4 0.514469 0.392952 0.059707 0.179736
4 0.868498 0.488106 0.047619 0.177974
4 0.826007 0.512335 0.048352 0.178855
4 0.843407 0.244493 0.047253 0.178855
4 0.062454 0.563436 0.042125 0.173568