4 0.114354 0.452297 0.027751 0.036128
13 0.376794 0.251315 0.207177 0.116100
4 0.275120 0.530516 0.028708 0.036829
4 0.240191 0.533497 0.027751 0.035075
4 0.192823 0.507892 0.026794 0.036478
4 0.159809 0.510873 0.026794 0.036128
4 0.126316 0.513329 0.026794 0.036829
4 0.144737 0.368818 0.028230 0.036128
4 0.148565 0.449316 0.027273 0.036478
4 0.068660 0.455630 0.028230 0.035777
4 0.033971 0.458436 0.028708 0.037180
4 0.082536 0.232199 0.027273 0.037180
4 0.045215 0.295510 0.026316 0.036128
4 0.090909 0.291652 0.027751 0.036128
4 0.125120 0.289372 0.028230 0.037180
4 0.444258 0.402841 0.047368 0.036829
4 0.473445 0.387057 0.046411 0.037531
4 0.502392 0.371624 0.045933 0.037531
4 0.532057 0.356015 0.046890 0.038583
4 0.433732 0.155209 0.028230 0.036128
4 0.397608 0.158892 0.028708 0.036478
4 0.386364 0.102420 0.028230 0.036478
4 0.375598 0.049982 0.029665 0.036829
13 0.156220 0.080849 0.158373 0.160996
14 0.223923 0.364960 0.021053 0.029814
4 0.525837 0.562259 0.046890 0.036478
4 0.500478 0.439670 0.046890 0.038232
4 0.528947 0.424237 0.046411 0.036829
4 0.470335 0.455279 0.044976 0.037180