4 0.454714 0.304410 0.036547 0.036341
4 0.411282 0.304410 0.037606 0.036341
5 0.359110 0.128011 0.064619 0.095958
5 0.291578 0.127603 0.066208 0.095958
5 0.224576 0.126786 0.063559 0.096774
5 0.158369 0.126786 0.065678 0.094324
5 0.360964 0.228256 0.066208 0.093099
5 0.430614 0.228869 0.065678 0.093508
5 0.295021 0.228256 0.061441 0.091466
5 0.230138 0.227848 0.061970 0.092283
5 0.162871 0.227031 0.066208 0.090649
5 0.259799 0.326051 0.066208 0.091058
13 0.699682 0.644140 0.281780 0.328706
6 0.701536 0.637403 0.367055 0.535729
5 0.686970 0.266027 0.058263 0.086158
5 0.624206 0.266027 0.057733 0.086974
5 0.748941 0.265414 0.055085 0.084933
5 0.809322 0.264802 0.054025 0.083708
4 0.251589 0.398122 0.037076 0.037566
5 0.429555 0.128011 0.070975 0.095141