1 0.436487 0.281530 0.035815 0.103318
1 0.721045 0.828506 0.023311 0.100903
1 0.205510 0.430728 0.055284 0.043361
1 0.270157 0.305942 0.029754 0.084157
1 0.474333 0.274930 0.033379 0.103937
1 0.299137 0.308482 0.032356 0.093182
1 0.577452 0.252020 0.036620 0.102759
1 0.529049 0.266069 0.032469 0.105502
1 0.191805 0.359635 0.056604 0.045243
1 0.258547 0.780039 0.054642 0.045633
1 0.504405 0.580670 0.082068 0.024226
1 0.710930 0.536892 0.086912 0.051493
1 0.671512 0.841326 0.024277 0.087397
1 0.229417 0.478532 0.089867 0.070932
1 0.325522 0.303648 0.032002 0.101307
1 0.528527 0.499037 0.055742 0.025119
1 0.265286 0.819037 0.053796 0.027232
1 0.450788 0.494648 0.053910 0.024091
1 0.462057 0.525688 0.053828 0.026219
1 0.193248 0.299186 0.055238 0.046055
1 0.247817 0.673116 0.054645 0.043865
1 0.349815 0.298224 0.031801 0.105031
1 0.578890 0.927873 0.053882 0.024646
1 0.697960 0.843919 0.023230 0.062942
1 0.020287 0.925038 0.040574 0.021837
0 0.950859 0.947653 0.023793 0.035246
0 0.842645 0.430573 0.026441 0.040360
1 0.441042 0.466088 0.053930 0.025126
1 0.021381 0.855340 0.039231 0.021987
1 0.226397 0.599652 0.051860 0.046201
1 0.548387 0.552911 0.052958 0.024707
0 0.963393 0.631940 0.029917 0.042551
1 0.020118 0.879715 0.040190 0.022581
0 0.875503 0.515437 0.030189 0.043777
1 0.019361 0.902933 0.038636 0.019947
1 0.199285 0.395824 0.056630 0.048239
