1 0.748410 0.182773 0.097424 0.022949
1 0.178342 0.508951 0.106904 0.023090
1 0.151626 0.708017 0.108534 0.022932
1 0.177851 0.559414 0.085752 0.021440
1 0.752385 0.152363 0.097231 0.022940
1 0.177169 0.634238 0.109257 0.024064
1 0.201095 0.410387 0.095778 0.021503
1 0.174639 0.734370 0.101937 0.022091
1 0.181238 0.532851 0.097064 0.022626
1 0.175025 0.776955 0.083748 0.019672
1 0.562631 0.409264 0.101176 0.023671
1 0.751373 0.124213 0.111655 0.023333
1 0.743734 0.281192 0.098460 0.022045
1 0.192623 0.483440 0.115058 0.021443
1 0.183168 0.436146 0.112938 0.022490
0 0.895128 0.675007 0.019689 0.038535
0 0.953863 0.595340 0.019068 0.033072
1 0.178469 0.610162 0.119359 0.023303
1 0.739769 0.097983 0.136592 0.024985
0 0.877393 0.671090 0.018642 0.034733
