1 0.276528 0.607053 0.070422 0.060429
1 0.376404 0.657361 0.079105 0.084661
1 0.290981 0.623080 0.066738 0.061125
1 0.313874 0.632199 0.053618 0.058343
1 0.694320 0.647275 0.083784 0.036830
1 0.490585 0.708750 0.050016 0.065351
1 0.235159 0.568354 0.086930 0.068306
1 0.172210 0.563601 0.074100 0.056246
1 0.450044 0.698684 0.050710 0.064591
1 0.388784 0.496437 0.067948 0.053770
1 0.339778 0.638149 0.069683 0.078642
1 0.471868 0.451264 0.046797 0.037429
1 0.216448 0.555483 0.088291 0.080114
1 0.470490 0.705839 0.052143 0.064542
1 0.395551 0.670474 0.065254 0.076777
1 0.763541 0.836693 0.110426 0.042665
0 0.536466 0.384437 0.042209 0.024681
1 0.432684 0.466018 0.083253 0.064185
1 0.895045 0.049201 0.083346 0.068922
0 0.938901 0.186953 0.032290 0.020086
1 0.185720 0.440872 0.105736 0.072814
1 0.508592 0.713907 0.046689 0.062150
1 0.460328 0.216446 0.071024 0.087175
1 0.162411 0.539406 0.092539 0.064085
1 0.752686 0.799923 0.110799 0.039002
1 0.194201 0.397873 0.071037 0.045417
0 0.884878 0.107609 0.028243 0.017155
1 0.608933 0.839717 0.087987 0.040074
0 0.589478 0.562346 0.030551 0.018381
1 0.686576 0.669433 0.105557 0.047501
1 0.431157 0.686510 0.061683 0.076237
0 0.910355 0.143861 0.028569 0.017669
1 0.228948 0.699895 0.078790 0.040871
1 0.959301 0.052956 0.080348 0.066547
1 0.233826 0.374374 0.099413 0.062990
0 0.923515 0.166964 0.028774 0.018495
1 0.176829 0.449879 0.102042 0.064329
0 0.460669 0.275336 0.024121 0.021254
0 0.386981 0.800516 0.030941 0.027819
1 0.666517 0.820917 0.092805 0.036822
0 0.871794 0.087346 0.031708 0.018805
0 0.214172 0.188421 0.024349 0.022730
0 0.616493 0.588291 0.029941 0.018110
1 0.774294 0.903190 0.082750 0.041827
