2 0.219988 0.823179 0.078228 0.047422
2 0.466279 0.576364 0.114604 0.061082
2 0.503244 0.685620 0.064143 0.032930
2 0.635223 0.410213 0.096040 0.054474
2 0.553295 0.495559 0.112188 0.061846
2 0.435833 0.755410 0.050548 0.027742
2 0.275813 0.350395 0.049074 0.027524
2 0.680101 0.372050 0.081553 0.045466
2 0.354325 0.700435 0.061026 0.033847
2 0.366866 0.427174 0.041420 0.023327
2 0.482019 0.707246 0.063710 0.032864
2 0.367041 0.824589 0.040011 0.022235
2 0.717164 0.331006 0.097371 0.057791
2 0.853592 0.208332 0.083311 0.045948
2 0.602708 0.456335 0.076273 0.044026
2 0.782383 0.410608 0.045015 0.024227
2 0.728491 0.020633 0.039377 0.024113
2 0.221756 0.525689 0.045368 0.025813
