1 0.134218 0.938231 0.049607 0.017868
1 0.328732 0.580236 0.040166 0.012125
1 0.206715 0.359686 0.036753 0.012691
1 0.350625 0.799432 0.014272 0.078570
1 0.446797 0.342082 0.044460 0.012878
1 0.208386 0.374496 0.038040 0.011598
1 0.313174 0.633053 0.043853 0.013885
0 0.758181 0.564146 0.017846 0.018364
1 0.360830 0.510192 0.047527 0.013203
0 0.065651 0.786111 0.017298 0.015861
0 0.828753 0.645821 0.008119 0.017352
1 0.748621 0.319778 0.033749 0.011103
0 0.783573 0.534679 0.017059 0.016133
1 0.388068 0.799320 0.013791 0.079947
0 0.189686 0.846290 0.015439 0.020282
1 0.166869 0.359964 0.034061 0.012574
1 0.367668 0.582329 0.036025 0.011230
0 0.834152 0.673012 0.016013 0.018478
1 0.326307 0.592888 0.039932 0.012759
0 0.746664 0.579537 0.018142 0.016763
0 0.772702 0.549293 0.017020 0.016132
0 0.765610 0.802642 0.009061 0.018911
0 0.794797 0.698063 0.010855 0.019010
1 0.716037 0.346365 0.080257 0.015319
1 0.323875 0.606366 0.041872 0.013523
1 0.350278 0.467175 0.062582 0.014250
0 0.871160 0.428008 0.018528 0.018398
0 0.740409 0.586819 0.015636 0.015376
0 0.745297 0.855839 0.009866 0.019513
0 0.751884 0.675956 0.015007 0.019469
0 0.896213 0.491618 0.016970 0.016163
0 0.047341 0.419160 0.008873 0.019044
0 0.789458 0.526858 0.018099 0.016304
0 0.800535 0.591984 0.015034 0.015241
1 0.329546 0.564936 0.042007 0.012970
0 0.161190 0.729080 0.017964 0.009311
0 0.947187 0.860898 0.008916 0.018803
0 0.035181 0.796430 0.018002 0.015750
0 0.819177 0.645849 0.008992 0.018283
0 0.697690 0.739376 0.014602 0.020087
0 0.112324 0.757069 0.019693 0.016231
0 0.718276 0.662923 0.016368 0.025627
0 0.811451 0.803756 0.009052 0.019060
0 0.775288 0.804536 0.009939 0.019385
0 0.688509 0.852245 0.009211 0.018231
0 0.177854 0.845959 0.016020 0.020552
0 0.878513 0.731383 0.016583 0.020066
1 0.406284 0.196550 0.014607 0.064748
0 0.821759 0.804333 0.008987 0.018838
0 0.135456 0.843128 0.016608 0.021806
0 0.067240 0.811057 0.017508 0.016577
1 0.367819 0.596056 0.035876 0.010747
0 0.916669 0.377307 0.020191 0.019201
1 0.334727 0.395468 0.053673 0.015275
1 0.403464 0.340717 0.036431 0.014152
0 0.794663 0.518361 0.017646 0.015821
0 0.678789 0.852168 0.009126 0.018675
0 0.537513 0.929895 0.009534 0.019439
0 0.030645 0.419094 0.010029 0.021859
0 0.015430 0.845230 0.019789 0.016798
0 0.066712 0.859013 0.018181 0.017949
0 0.763196 0.856724 0.009911 0.018709
0 0.062897 0.469066 0.009101 0.019391
0 0.853109 0.559783 0.015101 0.015614
0 0.872947 0.523439 0.015306 0.015354
0 0.879662 0.420126 0.018027 0.017952
