0 0.371215 0.408523 0.042827 0.043298
0 0.576840 0.328935 0.034869 0.038793
0 0.582643 0.475099 0.035260 0.035610
0 0.396871 0.503677 0.038009 0.041856
0 0.550774 0.477306 0.036770 0.039156
0 0.665379 0.511647 0.041345 0.044457
0 0.486537 0.484235 0.035226 0.037198
0 0.650675 0.364663 0.036905 0.038683
0 0.560227 0.378339 0.038264 0.035263
0 0.333996 0.547009 0.043790 0.043893
0 0.478925 0.346489 0.037671 0.042494
0 0.613861 0.473728 0.034223 0.034291
0 0.547085 0.338229 0.035072 0.041195
0 0.526281 0.387590 0.038922 0.039162
0 0.593953 0.513045 0.035127 0.038877
0 0.530136 0.522075 0.036797 0.038354
0 0.454971 0.489473 0.037760 0.039686
0 0.587365 0.373498 0.035611 0.033824
0 0.682041 0.362054 0.038423 0.042464
0 0.627287 0.512963 0.039578 0.042265
0 0.680229 0.466244 0.037777 0.039189
0 0.394839 0.953905 0.047919 0.037849
0 0.520165 0.481920 0.040499 0.040478
0 0.431421 0.540306 0.033838 0.042839
0 0.639453 0.322818 0.036563 0.039638
0 0.561432 0.518082 0.039221 0.040761
0 0.459554 0.628598 0.036962 0.045253
0 0.332405 0.412823 0.037441 0.040525
0 0.515346 0.345596 0.039224 0.041521
0 0.673403 0.318680 0.033260 0.040363
0 0.353398 0.362631 0.041168 0.045345
0 0.497615 0.529142 0.041078 0.044043
0 0.618388 0.370396 0.036629 0.041128
0 0.549109 0.608599 0.037110 0.034187
