2 0.458801 0.506717 0.039103 0.045476
2 0.519607 0.389096 0.040830 0.046866
2 0.532849 0.488810 0.039658 0.047750
2 0.431993 0.310479 0.045891 0.057643
2 0.763331 0.078154 0.039459 0.047381
2 0.376873 0.592435 0.030235 0.037374
2 0.634844 0.825511 0.023253 0.024159
2 0.782978 0.389796 0.029707 0.031525
2 0.790327 0.425339 0.023854 0.026203
2 0.540155 0.531810 0.035751 0.039016
2 0.531615 0.287865 0.041260 0.053220
2 0.466374 0.748309 0.024572 0.024824
2 0.353552 0.515450 0.033526 0.036919
2 0.774375 0.320955 0.029169 0.032288
2 0.511313 0.344803 0.027019 0.030619
2 0.467014 0.568315 0.041707 0.052315
2 0.482754 0.302875 0.050379 0.063286
2 0.367978 0.556344 0.033237 0.033197
2 0.802072 0.494117 0.024904 0.028976
2 0.622956 0.770646 0.018598 0.017394
