2 0.897971 0.320528 0.024895 0.050717
2 0.831486 0.472037 0.023685 0.051788
2 0.641836 0.759106 0.025656 0.053717
2 0.077207 0.784189 0.032748 0.068266
2 0.571205 0.610017 0.025509 0.056756
2 0.488827 0.485894 0.026828 0.053047
2 0.515388 0.531886 0.028738 0.058110
2 0.953398 0.334522 0.022687 0.046704
2 0.388111 0.309407 0.027335 0.055090
2 0.463638 0.439850 0.027362 0.054405
2 0.179495 0.542278 0.024891 0.050659
2 0.915475 0.280552 0.023492 0.049364
2 0.646613 0.801177 0.022524 0.046834
2 0.958131 0.371462 0.024597 0.051932
2 0.594299 0.716363 0.028588 0.056129
2 0.158666 0.597807 0.024070 0.049613
2 0.438061 0.395886 0.025625 0.050636
2 0.138437 0.643836 0.024119 0.051204
2 0.118858 0.686500 0.025310 0.050701
2 0.441887 0.439454 0.027211 0.055884
2 0.100523 0.730925 0.026799 0.054344
2 0.848192 0.433934 0.023677 0.051217
2 0.926630 0.398367 0.023356 0.048040
2 0.726194 0.863135 0.036577 0.076339
2 0.915714 0.474531 0.022524 0.047755
2 0.542472 0.623013 0.029688 0.059808
2 0.812686 0.654445 0.031509 0.059891
2 0.491680 0.531570 0.029707 0.057138
2 0.589294 0.667849 0.027173 0.057044
2 0.518056 0.577056 0.027329 0.055295
2 0.899091 0.508635 0.023298 0.048751
2 0.612502 0.550052 0.021865 0.041505
