2 0.203617 0.166552 0.039790 0.101938
2 0.599093 0.194496 0.043443 0.112749
2 0.759057 0.827408 0.052782 0.128142
2 0.373671 0.177098 0.043441 0.110958
2 0.708959 0.475687 0.063144 0.135724
2 0.486926 0.181442 0.043897 0.108458
2 0.261600 0.173520 0.042620 0.112726
2 0.582628 0.799327 0.042284 0.110746
2 0.146494 0.155147 0.045190 0.115681
2 0.359375 0.795570 0.038391 0.100894
2 0.701770 0.823281 0.053196 0.125240
2 0.879204 0.494562 0.057041 0.130962
2 0.544308 0.199281 0.042863 0.114557
2 0.533180 0.813762 0.044525 0.111226
2 0.769560 0.202994 0.055283 0.131485
2 0.534303 0.459183 0.047800 0.107279
2 0.935103 0.498437 0.056822 0.130818
