2 0.257997 0.397581 0.072515 0.169425
2 0.678073 0.285892 0.033380 0.054516
2 0.249903 0.783188 0.037502 0.062920
2 0.376797 0.683917 0.032414 0.059241
2 0.538382 0.677735 0.032576 0.058392
2 0.723134 0.681084 0.033535 0.056755
2 0.328810 0.681508 0.035649 0.060338
2 0.076654 0.804280 0.037256 0.062052
2 0.539918 0.455022 0.038785 0.074703
2 0.838970 0.513010 0.037910 0.060552
2 0.721997 0.287556 0.037385 0.060703
2 0.909280 0.451851 0.042677 0.075816
2 0.218410 0.669635 0.044244 0.083407
2 0.657720 0.503517 0.033298 0.067331
2 0.908415 0.679371 0.028493 0.057724
2 0.677154 0.678071 0.028332 0.054990
2 0.864601 0.466570 0.030961 0.057165
2 0.304995 0.331694 0.054945 0.133088
2 0.747635 0.505786 0.034382 0.060809
2 0.631117 0.681301 0.037654 0.067087
2 0.403129 0.316580 0.028296 0.082802
2 0.888221 0.513634 0.037531 0.059169
2 0.629188 0.462736 0.028032 0.053726
2 0.608540 0.508796 0.034377 0.059966
2 0.274259 0.674360 0.039261 0.076340
2 0.305744 0.739280 0.033903 0.061335
2 0.768787 0.679462 0.037495 0.059621
2 0.378579 0.352735 0.029905 0.083612
2 0.274290 0.673552 0.038532 0.075770
2 0.631349 0.290735 0.033492 0.061227
