2 0.152745 0.398910 0.060903 0.064367
2 0.179529 0.456414 0.058973 0.062088
2 0.456397 0.648471 0.125136 0.133181
2 0.671155 0.578189 0.135847 0.152568
2 0.405722 0.556517 0.093949 0.109552
2 0.449155 0.321842 0.064736 0.062173
2 0.518388 0.546829 0.131548 0.159732
2 0.567469 0.433956 0.143770 0.166292
2 0.392209 0.313606 0.098378 0.106301
2 0.412625 0.376938 0.056277 0.070421
2 0.358972 0.153846 0.153045 0.173662
2 0.389642 0.494012 0.032170 0.037849
2 0.589904 0.630332 0.122247 0.140292
2 0.470968 0.147897 0.086015 0.098599
2 0.548766 0.323732 0.104277 0.118772
2 0.818095 0.280886 0.038840 0.041513
2 0.527478 0.256375 0.085793 0.107572
2 0.357597 0.476478 0.047111 0.054210
2 0.453751 0.460804 0.091151 0.100790
