2 0.380265 0.361272 0.051214 0.028669
2 0.290030 0.338905 0.047433 0.027782
2 0.316524 0.584127 0.049195 0.031042
2 0.163657 0.463862 0.044023 0.027924
2 0.775703 0.707864 0.034717 0.025850
2 0.212536 0.444170 0.047764 0.026105
2 0.334728 0.273784 0.049339 0.030455
2 0.674896 0.556435 0.039501 0.020313
2 0.289065 0.560205 0.041524 0.025731
2 0.393548 0.215748 0.049069 0.024573
2 0.325775 0.314405 0.051928 0.029802
2 0.565672 0.730145 0.048521 0.027490
2 0.459659 0.215126 0.056283 0.031141
2 0.607785 0.520549 0.043927 0.022061
1 0.937339 0.071062 0.052441 0.022178
2 0.350334 0.379951 0.046592 0.028233
2 0.665379 0.578586 0.044807 0.022178
2 0.381046 0.630496 0.049563 0.030261
1 0.912091 0.359156 0.029512 0.030551
2 0.686378 0.785167 0.054333 0.029288
2 0.605436 0.749740 0.052999 0.029347
2 0.249429 0.429331 0.044165 0.028257
1 0.867170 0.372856 0.039055 0.039681
1 0.810270 0.307983 0.027805 0.031797
2 0.359408 0.246770 0.030155 0.026097
1 0.845255 0.301076 0.027678 0.033232
1 0.911394 0.287124 0.032284 0.036685
2 0.700722 0.499598 0.046099 0.019987
1 0.982971 0.346449 0.028488 0.035133
1 0.828046 0.303283 0.029027 0.034915
