2 0.703575 0.165873 0.035723 0.023823
2 0.341319 0.657243 0.035743 0.022346
2 0.279627 0.638830 0.036994 0.023508
2 0.438062 0.631795 0.039869 0.027094
2 0.127039 0.912081 0.038423 0.025661
2 0.503181 0.506707 0.034901 0.023100
2 0.270472 0.830316 0.040153 0.024446
2 0.878856 0.097409 0.040876 0.026724
2 0.836324 0.149422 0.037252 0.023851
2 0.350467 0.602214 0.035813 0.021252
2 0.791516 0.061928 0.036416 0.024921
2 0.415323 0.541132 0.037963 0.024723
2 0.514739 0.441814 0.037522 0.025442
2 0.327782 0.714698 0.038438 0.025908
2 0.446009 0.554361 0.032542 0.023267
2 0.090662 0.583892 0.035017 0.020374
2 0.184047 0.815023 0.036717 0.025360
2 0.137859 0.503901 0.042559 0.030251
2 0.677115 0.314902 0.036076 0.024113
2 0.098376 0.898783 0.042501 0.029157
2 0.305146 0.589978 0.035916 0.023770
2 0.661911 0.360543 0.042062 0.027320
2 0.504192 0.482010 0.029866 0.022113
2 0.300347 0.724264 0.037697 0.024673
2 0.619098 0.411193 0.031560 0.019023
2 0.186746 0.551172 0.037996 0.025717
2 0.227466 0.884660 0.037640 0.023915
2 0.357373 0.727264 0.039444 0.024253
2 0.385741 0.527375 0.034774 0.023743
2 0.706637 0.308024 0.036162 0.021510
2 0.029442 0.565911 0.037035 0.023138
2 0.171086 0.880938 0.037404 0.024120
2 0.504536 0.526119 0.035693 0.023261
2 0.279333 0.588633 0.033218 0.020706
2 0.475279 0.511849 0.030979 0.022926
2 0.208881 0.809157 0.033671 0.020756
2 0.137533 0.849951 0.032946 0.022464
2 0.546927 0.453281 0.036905 0.023279
2 0.217094 0.618994 0.033462 0.021204
2 0.674273 0.295914 0.034640 0.023186
2 0.227818 0.763748 0.032193 0.020719
2 0.180669 0.796423 0.033858 0.023728
2 0.167953 0.860183 0.037151 0.023641
2 0.852808 0.036103 0.032269 0.021230
2 0.372076 0.668387 0.033753 0.021422
2 0.323980 0.536949 0.033954 0.021410
2 0.441855 0.480737 0.037695 0.024933
2 0.720686 0.262364 0.037529 0.026818
2 0.443289 0.501019 0.033867 0.022232
2 0.139090 0.868719 0.035151 0.021255
2 0.210748 0.945088 0.036069 0.022053
2 0.909311 0.060109 0.036356 0.022722
2 0.222440 0.563994 0.031195 0.019991
2 0.264177 0.517933 0.038389 0.023828
2 0.823822 0.023915 0.032929 0.021205
2 0.355710 0.546519 0.032041 0.022179
2 0.074363 0.458070 0.040115 0.025632
2 0.392010 0.614598 0.034417 0.021770
2 0.238194 0.576600 0.034915 0.022377
2 0.519465 0.462606 0.032330 0.022473
2 0.123005 0.592393 0.035115 0.018740
2 0.294321 0.527763 0.033347 0.021782
2 0.267441 0.692378 0.038280 0.026802
2 0.560841 0.409157 0.034471 0.022475
2 0.532687 0.518494 0.033879 0.022048
2 0.152853 0.550797 0.037371 0.024767
2 0.384854 0.554349 0.031170 0.022335
2 0.266234 0.578540 0.030822 0.018698
2 0.129171 0.477361 0.039091 0.026497
2 0.676975 0.174594 0.034962 0.022400
2 0.603698 0.335730 0.037221 0.024046
2 0.132584 0.787789 0.019988 0.013748
