1 0.392726 0.219379 0.078979 0.057158
1 0.464566 0.699837 0.087770 0.084911
1 0.307621 0.308220 0.074393 0.066181
0 0.901330 0.205875 0.036393 0.046146
1 0.574667 0.788552 0.065389 0.075791
0 0.083099 0.270353 0.036433 0.044688
0 0.860818 0.177364 0.036923 0.047241
1 0.420901 0.175114 0.059636 0.056740
0 0.351509 0.101740 0.040937 0.045022
0 0.115496 0.230634 0.036364 0.050555
0 0.880771 0.193471 0.044081 0.054594
0 0.047210 0.312398 0.036001 0.046536
1 0.637461 0.830149 0.069441 0.101893
0 0.773283 0.120679 0.039666 0.052416
1 0.653773 0.546928 0.070454 0.085821
0 0.178500 0.152430 0.038007 0.049726
0 0.290677 0.176118 0.046545 0.053200
0 0.137324 0.359398 0.040881 0.051420
0 0.098872 0.402595 0.049886 0.057617
1 0.229877 0.394646 0.092576 0.084704
0 0.434511 0.023907 0.042172 0.037641
0 0.754705 0.105123 0.039022 0.052156
0 0.171545 0.321626 0.041044 0.052592
1 0.551943 0.882169 0.054605 0.057465
