1 0.560469 0.683690 0.106506 0.078118
1 0.506342 0.426917 0.109631 0.080822
1 0.473048 0.369154 0.085110 0.042110
0 0.788680 0.708728 0.065337 0.034474
0 0.803747 0.754277 0.057538 0.036629
0 0.676611 0.783015 0.056042 0.056610
1 0.552285 0.651135 0.107680 0.077188
1 0.515591 0.528032 0.116865 0.078885
0 0.409083 0.912354 0.053668 0.056811
0 0.699486 0.801741 0.052777 0.053824
0 0.463841 0.904637 0.074831 0.061150
0 0.720691 0.823109 0.055630 0.051562
0 0.797962 0.731411 0.064371 0.033048
0 0.339509 0.049378 0.055475 0.030594
0 0.369419 0.119932 0.065500 0.031129
0 0.339948 0.049259 0.054653 0.029273
