1 0.751147 0.476972 0.021081 0.088898
1 0.687802 0.508720 0.023693 0.090681
1 0.663415 0.532546 0.024879 0.097372
1 0.207958 0.314470 0.021737 0.078360
1 0.789127 0.669519 0.024264 0.090494
1 0.724528 0.494908 0.023397 0.094205
1 0.734877 0.695715 0.024769 0.087626
1 0.793963 0.455745 0.022599 0.088271
1 0.764811 0.472523 0.021786 0.089787
1 0.376572 0.800614 0.023598 0.091121
1 0.347560 0.813788 0.023130 0.095252
1 0.402858 0.786514 0.024167 0.092328
1 0.165678 0.303256 0.015576 0.068299
1 0.779025 0.462748 0.021315 0.089363
1 0.647146 0.536546 0.021930 0.095360
1 0.135392 0.318966 0.022589 0.098462
1 0.701623 0.715320 0.023412 0.086301
1 0.753802 0.688856 0.022376 0.089286
1 0.684507 0.721293 0.023120 0.086700
1 0.805558 0.662774 0.023252 0.092867
1 0.772017 0.678931 0.023026 0.086954
1 0.418221 0.778415 0.024153 0.092950
1 0.230593 0.300916 0.027573 0.101394
0 0.550639 0.193924 0.021917 0.026342
0 0.686252 0.075536 0.021253 0.028930
1 0.676796 0.523029 0.025379 0.093311
0 0.698988 0.168594 0.025510 0.030867
1 0.526900 0.787682 0.028763 0.106595
0 0.538227 0.091339 0.020603 0.024635
0 0.448791 0.328837 0.022464 0.030556
0 0.537149 0.068302 0.020884 0.025461
0 0.889798 0.086258 0.022257 0.026930
0 0.605548 0.278714 0.022499 0.030161
1 0.432085 0.758136 0.029099 0.118352
0 0.535393 0.048684 0.022123 0.026179
0 0.554198 0.214676 0.019726 0.024346
0 0.749587 0.063196 0.022504 0.026781
0 0.800911 0.221497 0.022293 0.024155
1 0.149344 0.312783 0.023171 0.097807
0 0.785634 0.084971 0.022524 0.025919
0 0.612933 0.142508 0.022933 0.024667
0 0.505691 0.212096 0.020285 0.025071
0 0.559082 0.564972 0.021645 0.056228
0 0.902388 0.174333 0.020963 0.024150
0 0.451923 0.354474 0.023681 0.028482
0 0.789504 0.126478 0.022663 0.026897
0 0.864648 0.081286 0.020849 0.024755
0 0.935560 0.054123 0.022831 0.028421
0 0.543416 0.130986 0.021810 0.023319
0 0.948268 0.162874 0.021914 0.026545
0 0.275685 0.851377 0.020483 0.037474
0 0.946998 0.140213 0.019661 0.027196
0 0.601514 0.056682 0.020704 0.023132
0 0.796577 0.181738 0.023485 0.027015
0 0.438326 0.212197 0.022391 0.027007
1 0.702725 0.501973 0.025115 0.089791
0 0.752006 0.085733 0.022551 0.025982
0 0.402652 0.105493 0.020735 0.026851
0 0.548687 0.173697 0.021825 0.025827
0 0.607421 0.074827 0.021333 0.025288
0 0.491953 0.063676 0.021042 0.026542
0 0.509105 0.232781 0.020480 0.023285
1 0.172191 0.537696 0.061117 0.048930
0 0.672517 0.190156 0.024927 0.031608
1 0.330855 0.823404 0.025434 0.099466
0 0.763583 0.178568 0.025868 0.029449
0 0.943646 0.117248 0.021072 0.030901
0 0.283031 0.934469 0.020715 0.041712
0 0.560072 0.276812 0.022364 0.030341
0 0.414298 0.200738 0.021717 0.028607
0 0.802694 0.243184 0.022106 0.025429
0 0.557714 0.256031 0.021935 0.030100
0 0.787404 0.105286 0.021835 0.025550
1 0.173120 0.573496 0.061694 0.051216
0 0.566335 0.340748 0.022018 0.026165
0 0.628508 0.311460 0.019835 0.024628
0 0.578894 0.049616 0.019401 0.027940
0 0.541906 0.570784 0.021926 0.056191
0 0.433083 0.166032 0.022148 0.028878
0 0.691161 0.125580 0.020445 0.025057
0 0.522246 0.357692 0.022292 0.029450
0 0.272529 0.823279 0.021484 0.034601
0 0.870543 0.122277 0.019610 0.025795
0 0.600935 0.217113 0.021636 0.031458
0 0.626218 0.291604 0.019861 0.024843
0 0.953765 0.201805 0.019348 0.026549
0 0.606576 0.303586 0.018828 0.026694
1 0.822382 0.655677 0.025406 0.094708
0 0.415454 0.223572 0.021903 0.028970
0 0.586514 0.114956 0.022082 0.029319
0 0.446572 0.304428 0.019917 0.025957
0 0.903943 0.194367 0.020576 0.023741
0 0.614566 0.164169 0.021222 0.025725
0 0.238432 0.170091 0.022468 0.031213
0 0.511237 0.254995 0.020418 0.023591
0 0.562975 0.299393 0.022636 0.031189
0 0.563902 0.318584 0.022268 0.025927
