0 0.271398 0.257832 0.025168 0.035354
0 0.118671 0.587262 0.028712 0.029883
0 0.176487 0.427269 0.028759 0.037885
0 0.081918 0.616613 0.028079 0.028765
0 0.089211 0.948704 0.022409 0.035810
0 0.048974 0.367610 0.028623 0.028719
0 0.978412 0.734666 0.013672 0.030454
0 0.103522 0.984345 0.020164 0.031310
0 0.077565 0.412208 0.032166 0.028484
0 0.180755 0.535121 0.030319 0.028929
0 0.076285 0.902972 0.024097 0.039499
0 0.189437 0.413415 0.035028 0.043627
0 0.920291 0.612222 0.019110 0.031954
0 0.984846 0.814004 0.029857 0.022922
