1 0.673189 0.395740 0.046246 0.074639
1 0.605246 0.447277 0.077113 0.039605
1 0.285132 0.423735 0.073106 0.028595
1 0.160737 0.366145 0.067515 0.028139
1 0.157243 0.387959 0.070038 0.027063
1 0.058532 0.340283 0.025876 0.075607
1 0.501520 0.853496 0.033002 0.073269
1 0.545259 0.340139 0.042752 0.078530
1 0.275113 0.471291 0.075318 0.034252
1 0.284008 0.445179 0.079593 0.029264
1 0.232217 0.310700 0.078858 0.046782
1 0.793554 0.535954 0.071909 0.046692
1 0.567073 0.794496 0.078919 0.030695
1 0.252305 0.790175 0.028636 0.068808
1 0.719371 0.421004 0.044555 0.076378
1 0.398151 0.839580 0.027015 0.052939
1 0.466142 0.322566 0.042824 0.077066
1 0.507445 0.734481 0.026163 0.074345
1 0.415013 0.444703 0.036420 0.069430
1 0.274639 0.851446 0.062513 0.033271
1 0.487697 0.522454 0.033228 0.066364
1 0.585773 0.873742 0.035907 0.072943
1 0.311453 0.692315 0.023249 0.050993
1 0.411807 0.637715 0.025761 0.074921
1 0.480886 0.846352 0.031814 0.081665
1 0.516207 0.660885 0.028100 0.069225
1 0.056704 0.663391 0.032293 0.077608
1 0.297155 0.805727 0.030871 0.071526
1 0.114070 0.737045 0.025135 0.073316
1 0.505270 0.330645 0.042629 0.082159
1 0.301113 0.385574 0.066246 0.031704
1 0.421044 0.839397 0.024257 0.052056
1 0.276751 0.800009 0.028475 0.071768
1 0.660477 0.556377 0.067019 0.113417
1 0.566305 0.590027 0.053544 0.030744
1 0.291341 0.679545 0.030823 0.080917
1 0.620775 0.610656 0.056533 0.041286
1 0.363097 0.636998 0.019788 0.069724
1 0.318367 0.814050 0.033333 0.066010
1 0.252975 0.653764 0.046375 0.022955
1 0.617314 0.507753 0.032413 0.052766
1 0.270615 0.491671 0.073715 0.034688
1 0.403220 0.711332 0.022601 0.056597
1 0.524300 0.532629 0.031760 0.056223
1 0.161499 0.345435 0.072958 0.027775
1 0.427406 0.704256 0.023783 0.071449
1 0.340712 0.631557 0.023969 0.057950
1 0.446436 0.702816 0.019873 0.075079
1 0.546337 0.533834 0.035821 0.068146
1 0.493654 0.654323 0.025878 0.073239
1 0.209296 0.771748 0.019090 0.074339
1 0.539725 0.663958 0.021832 0.057120
1 0.712809 0.801407 0.078634 0.023998
1 0.136657 0.276282 0.053220 0.037429
1 0.647122 0.839994 0.074287 0.037787
1 0.581378 0.545916 0.030089 0.046587
1 0.333795 0.693851 0.022945 0.051728
1 0.291525 0.404102 0.050712 0.025389
1 0.564011 0.862745 0.028950 0.071910
1 0.446805 0.303385 0.037624 0.086865
1 0.442019 0.449177 0.029823 0.049017
1 0.099097 0.674754 0.026107 0.060281
0 0.714098 0.065279 0.035901 0.024730
1 0.553858 0.723761 0.025115 0.071977
1 0.805418 0.458869 0.043219 0.072804
1 0.598714 0.557840 0.030474 0.049610
1 0.160221 0.413573 0.065357 0.023567
1 0.385393 0.637551 0.020872 0.065808
1 0.474105 0.649789 0.027370 0.070001
1 0.618765 0.370619 0.046435 0.077985
1 0.503756 0.468031 0.025515 0.044715
1 0.379414 0.831792 0.025687 0.050916
0 0.329145 0.495972 0.038834 0.018725
0 0.260749 0.598632 0.034262 0.016418
1 0.594342 0.734639 0.026302 0.064678
0 0.333654 0.479419 0.035761 0.018236
1 0.520916 0.858187 0.029830 0.060535
1 0.478452 0.467415 0.026929 0.045760
1 0.381233 0.708779 0.023908 0.062187
1 0.460841 0.456789 0.027768 0.048420
1 0.693541 0.416368 0.042999 0.067240
1 0.504885 0.531070 0.025246 0.042213
1 0.297461 0.109069 0.029359 0.048011
0 0.718800 0.030703 0.047929 0.031068
1 0.399780 0.522296 0.026850 0.044404
1 0.594403 0.368569 0.039498 0.072185
1 0.562310 0.543358 0.031458 0.050663
1 0.358213 0.827464 0.031036 0.053686
0 0.344038 0.425959 0.033397 0.015698
1 0.230823 0.782099 0.020649 0.077891
1 0.566379 0.477941 0.030608 0.043464
