1 0.870142 0.673679 0.046266 0.063084
1 0.108740 0.274284 0.047867 0.035963
1 0.864324 0.641190 0.045795 0.067294
1 0.372714 0.300956 0.048332 0.034828
1 0.116707 0.247980 0.049164 0.041923
1 0.878590 0.698651 0.043537 0.064981
1 0.317116 0.337659 0.046803 0.029000
1 0.173736 0.291160 0.046665 0.035131
1 0.633863 0.290794 0.020165 0.068250
1 0.108990 0.310811 0.049372 0.032166
0 0.803174 0.554883 0.025715 0.045464
1 0.929096 0.751041 0.028561 0.070081
1 0.912462 0.728439 0.033900 0.075669
1 0.304361 0.286366 0.048806 0.036926
1 0.670637 0.292756 0.024224 0.067271
1 0.602059 0.286464 0.018993 0.065143
1 0.651200 0.290968 0.021569 0.069503
1 0.171652 0.318239 0.046698 0.030620
0 0.416967 0.679510 0.028415 0.026333
1 0.854499 0.613156 0.047495 0.063111
1 0.617648 0.288335 0.020070 0.065469
1 0.682413 0.308310 0.020504 0.053002
0 0.763269 0.622912 0.014520 0.042854
0 0.748335 0.404161 0.031808 0.039171
0 0.416378 0.626687 0.030678 0.026122
0 0.790049 0.343532 0.030632 0.027395
0 0.746660 0.621849 0.014588 0.052102
0 0.496053 0.623567 0.014830 0.044937
0 0.841797 0.475423 0.027140 0.020466
0 0.697438 0.453314 0.028948 0.024149
0 0.414266 0.654687 0.027645 0.025141
0 0.624708 0.546283 0.030235 0.021848
