1 0.497357 0.385460 0.064169 0.063478
1 0.660161 0.531296 0.073676 0.079320
1 0.497966 0.298969 0.062628 0.067377
1 0.569269 0.929171 0.083446 0.040013
1 0.525849 0.594983 0.083574 0.070074
1 0.669902 0.593660 0.065610 0.065112
1 0.671104 0.689161 0.080521 0.045689
1 0.372802 0.594446 0.093417 0.044780
1 0.495948 0.413075 0.068311 0.058815
1 0.562333 0.908627 0.083877 0.039760
1 0.747525 0.884282 0.080151 0.037384
1 0.506293 0.448780 0.069918 0.057984
1 0.671641 0.556598 0.065058 0.070439
1 0.755603 0.945679 0.078110 0.035662
1 0.516945 0.372551 0.068444 0.058427
1 0.553490 0.360414 0.056791 0.063480
1 0.520349 0.490701 0.063740 0.064207
1 0.543823 0.750950 0.078987 0.038241
1 0.660362 0.380379 0.055054 0.072963
1 0.257066 0.555950 0.043841 0.080191
1 0.552780 0.887770 0.079329 0.038848
1 0.215706 0.580635 0.038445 0.079504
1 0.636749 0.765278 0.027938 0.092653
1 0.523976 0.627816 0.047351 0.033560
1 0.539586 0.778740 0.075217 0.034206
1 0.681255 0.714037 0.077342 0.041504
1 0.677046 0.902104 0.028354 0.071036
1 0.546466 0.288878 0.031945 0.071128
1 0.756697 0.967420 0.074392 0.033556
1 0.653314 0.503042 0.059141 0.067178
1 0.500961 0.331879 0.062732 0.056568
1 0.346896 0.771022 0.035688 0.082665
1 0.751947 0.924518 0.079624 0.035144
1 0.145343 0.605853 0.038112 0.086740
1 0.579370 0.949221 0.076394 0.038342
1 0.187318 0.777759 0.050926 0.095210
1 0.530134 0.545587 0.067630 0.073895
1 0.384796 0.764422 0.044278 0.074254
1 0.379114 0.675723 0.092896 0.039200
1 0.380715 0.623129 0.085143 0.037297
1 0.410969 0.743378 0.048617 0.114118
1 0.598319 0.265387 0.025109 0.091188
1 0.081692 0.638444 0.029369 0.053250
1 0.573785 0.246626 0.025456 0.059265
1 0.059751 0.648630 0.032121 0.050221
1 0.666165 0.777906 0.021197 0.077341
1 0.739816 0.818569 0.021660 0.063261
1 0.553694 0.887366 0.078444 0.037716
1 0.656812 0.467667 0.063223 0.075427
1 0.549375 0.826194 0.074943 0.031799
