0 0.682688 0.409471 0.027768 0.019361
0 0.674916 0.419553 0.030219 0.020436
0 0.664316 0.431164 0.028196 0.019388
0 0.633961 0.457879 0.028899 0.020140
0 0.700700 0.391314 0.030885 0.021848
0 0.601864 0.487489 0.028183 0.020209
0 0.760656 0.426549 0.031638 0.022853
0 0.722015 0.372233 0.028556 0.019239
0 0.593739 0.498359 0.031359 0.020291
0 0.582981 0.508750 0.031600 0.019299
0 0.740407 0.446098 0.033972 0.021774
0 0.623595 0.468098 0.032096 0.022069
0 0.181535 0.037969 0.026456 0.022566
0 0.750172 0.436686 0.028620 0.019962
