1 0.423564 0.741374 0.131787 0.076678
1 0.376836 0.599490 0.132312 0.080343
1 0.333350 0.464340 0.128328 0.073422
1 0.230708 0.152691 0.136828 0.073882
1 0.419172 0.288981 0.135644 0.070756
1 0.543853 0.700519 0.130011 0.082115
1 0.516728 0.642824 0.135197 0.074123
1 0.357869 0.025806 0.106984 0.050716
1 0.621874 0.079474 0.118756 0.117701
1 0.408791 0.664133 0.132139 0.078382
1 0.652037 0.653146 0.056882 0.117480
1 0.309343 0.426798 0.077925 0.048365
1 0.330512 0.051170 0.112121 0.062823
1 0.488595 0.964268 0.128627 0.069045
1 0.595280 0.819616 0.070647 0.042950
1 0.563171 0.831021 0.128625 0.078311
1 0.269760 0.239539 0.131522 0.081760
1 0.472222 0.501270 0.133273 0.074703
1 0.485905 0.940274 0.112716 0.059053
1 0.276715 0.270206 0.132538 0.074783
1 0.450154 0.400893 0.129604 0.066736
1 0.663606 0.274156 0.103423 0.111336
1 0.241728 0.160511 0.114393 0.063700
1 0.784356 0.670353 0.102301 0.107485
1 0.221322 0.076147 0.131259 0.070432
1 0.431930 0.364604 0.127042 0.075373
1 0.356923 0.543787 0.134339 0.080551
1 0.391284 0.181096 0.127703 0.065028
1 0.393430 0.203198 0.119986 0.063375
1 0.648354 0.164448 0.092276 0.118977
1 0.458943 0.446303 0.121516 0.061840
1 0.731821 0.524203 0.097042 0.113039
1 0.361870 0.117385 0.108260 0.061106
1 0.464464 0.496618 0.112800 0.063998
1 0.480828 0.528817 0.109653 0.062036
1 0.489165 0.554857 0.118801 0.062460
1 0.417841 0.667196 0.111252 0.070998
1 0.837425 0.863635 0.097547 0.111863
1 0.198642 0.933627 0.146302 0.054816
1 0.354923 0.088314 0.139281 0.075284
