0 0.119637 0.142080 0.022384 0.033556
0 0.076988 0.188651 0.020597 0.029897
0 0.210977 0.035875 0.020468 0.033063
0 0.201506 0.740877 0.015556 0.031340
0 0.029643 0.683211 0.021621 0.038564
0 0.128731 0.131698 0.019125 0.032169
0 0.201167 0.049922 0.023520 0.036374
0 0.170963 0.087093 0.021320 0.034222
0 0.055786 0.215047 0.022655 0.034493
0 0.191900 0.714709 0.015855 0.033868
0 0.168441 0.802377 0.025892 0.018244
0 0.069363 0.201371 0.023006 0.032159
0 0.150778 0.107002 0.020450 0.031867
0 0.129817 0.719071 0.023947 0.018275
0 0.028031 0.248457 0.018150 0.034138
0 0.097028 0.166008 0.021251 0.037582
