2 0.588174 0.724852 0.111254 0.177807
2 0.475208 0.167034 0.069461 0.109853
2 0.507209 0.101648 0.065724 0.114651
2 0.945798 0.622932 0.056699 0.096669
2 0.985303 0.667688 0.029394 0.073070
2 0.664227 0.433467 0.065264 0.117826
2 0.869114 0.189760 0.057855 0.099397
2 0.295097 0.585113 0.111179 0.184359
2 0.274513 0.911613 0.108989 0.165985
2 0.504594 0.319565 0.042452 0.070774
2 0.932843 0.255298 0.045037 0.066802
2 0.679953 0.053733 0.044139 0.077151
2 0.728683 0.475540 0.068713 0.122773
2 0.920828 0.553254 0.050677 0.090615
2 0.921826 0.318057 0.056761 0.081482
2 0.700695 0.857579 0.071300 0.119401
2 0.608142 0.379382 0.068518 0.118007
2 0.197188 0.839552 0.098954 0.161621
2 0.905863 0.215867 0.033556 0.062071
2 0.514142 0.828888 0.104822 0.176373
2 0.118011 0.774427 0.091216 0.137622
2 0.124577 0.770267 0.122852 0.188807
