0 0.305981 0.697092 0.019058 0.047723
0 0.102440 0.577806 0.017633 0.048051
0 0.011990 0.895282 0.019000 0.046793
0 0.251528 0.665768 0.019460 0.045567
0 0.121434 0.720325 0.019595 0.047869
0 0.340791 0.836656 0.018806 0.045209
0 0.202746 0.762166 0.018766 0.046637
0 0.022738 0.845159 0.019851 0.049086
0 0.087615 0.572466 0.016948 0.045406
0 0.009451 0.839090 0.017882 0.044677
0 0.258190 0.795898 0.019187 0.047673
0 0.140568 0.788334 0.019832 0.050562
0 0.071611 0.743445 0.018925 0.047063
0 0.509190 0.806144 0.019615 0.051633
0 0.096525 0.935697 0.018895 0.042366
0 0.209988 0.646466 0.018553 0.045237
0 0.107794 0.713294 0.019995 0.048487
0 0.111669 0.770371 0.019776 0.050473
0 0.065199 0.691679 0.017771 0.047429
0 0.130695 0.592209 0.016840 0.044874
0 0.083283 0.927733 0.019135 0.046434
0 0.207925 0.819793 0.019716 0.049624
0 0.049457 0.862313 0.018676 0.048562
0 0.242925 0.785399 0.019175 0.048993
0 0.025758 0.667372 0.018242 0.047695
0 0.077158 0.872754 0.020623 0.051210
0 0.063317 0.868307 0.018530 0.048831
0 0.197220 0.636890 0.017694 0.042880
0 0.270106 0.978826 0.017670 0.042348
0 0.058280 0.738483 0.018599 0.047437
0 0.027781 0.722179 0.018675 0.044069
0 0.352890 0.847965 0.018576 0.047896
0 0.521838 0.812279 0.018865 0.050643
0 0.010489 0.656907 0.016056 0.044067
0 0.183835 0.631155 0.018253 0.047274
0 0.156681 0.615585 0.019215 0.048601
0 0.056172 0.913334 0.018861 0.045446
0 0.228934 0.777319 0.018550 0.048676
0 0.198272 0.944722 0.018897 0.049342
0 0.084828 0.747959 0.020575 0.048380
0 0.270771 0.805816 0.019150 0.048829
0 0.226604 0.961992 0.020871 0.053083
0 0.079276 0.695612 0.018703 0.049234
0 0.109539 0.947642 0.020034 0.050452
0 0.043446 0.732621 0.018889 0.047030
0 0.215107 0.770653 0.018014 0.046031
0 0.103520 0.892819 0.017745 0.045766
0 0.144343 0.603484 0.019717 0.045160
0 0.291487 0.685429 0.018728 0.047271
0 0.052825 0.687615 0.017110 0.045432
0 0.267327 0.672300 0.018566 0.045285
0 0.237436 0.661110 0.019015 0.042071
0 0.255966 0.975538 0.018912 0.048925
0 0.170636 0.923676 0.021626 0.059531
0 0.284988 0.812975 0.019755 0.050924
0 0.240796 0.965302 0.021169 0.051257
0 0.040828 0.908958 0.019682 0.047119
0 0.133480 0.732639 0.017512 0.044518
0 0.331714 0.886154 0.018378 0.042432
0 0.344758 0.897225 0.020017 0.045697
0 0.175603 0.981251 0.018343 0.037499
0 0.327357 0.834394 0.017339 0.046064
0 0.457492 0.958397 0.016248 0.040712
0 0.126199 0.780018 0.018409 0.049417
0 0.184202 0.938864 0.020445 0.049815
0 0.262764 0.851796 0.018755 0.047052
0 0.099467 0.762756 0.018731 0.047155
0 0.336067 0.709062 0.021131 0.052994
0 0.025959 0.897794 0.018896 0.044216
0 0.526294 0.975888 0.028786 0.032920
0 0.018341 0.528893 0.016944 0.043640
0 0.015255 0.713788 0.018387 0.046854
0 0.359174 0.906812 0.019436 0.050524
0 0.148812 0.738298 0.017509 0.044210
0 0.249409 0.843648 0.019345 0.047857
