0 0.994026 0.788206 0.011648 0.016262
0 0.852372 0.948077 0.016131 0.018322
2 0.469107 0.722334 0.073056 0.074494
0 0.984025 0.735614 0.015897 0.018515
0 0.826981 0.974401 0.015924 0.018796
0 0.940460 0.782821 0.017600 0.021612
0 0.822023 0.981927 0.015323 0.017771
0 0.900243 0.957821 0.019551 0.021892
0 0.958171 0.761020 0.015283 0.017116
0 0.911688 0.881583 0.016664 0.017882
0 0.947704 0.841400 0.016993 0.019750
0 0.971177 0.748141 0.013858 0.016791
0 0.977810 0.742426 0.014934 0.016360
0 0.834083 0.967705 0.016238 0.018131
2 0.576790 0.606748 0.065198 0.068997
0 0.964696 0.753878 0.014834 0.017963
0 0.870142 0.925983 0.018441 0.019725
0 0.969737 0.822988 0.015472 0.017402
0 0.915336 0.805915 0.016385 0.019091
0 0.876660 0.919992 0.015942 0.017564
0 0.821345 0.913523 0.014785 0.017288
0 0.904800 0.821264 0.017995 0.021617
0 0.778880 0.960289 0.016328 0.018436
0 0.807836 0.927425 0.014970 0.016921
0 0.934816 0.853551 0.013517 0.016403
