2 0.851962 0.316078 0.079619 0.091018
2 0.774481 0.475101 0.052518 0.057668
2 0.574765 0.884615 0.064582 0.069814
2 0.681666 0.804812 0.055296 0.061631
2 0.856539 0.498044 0.066038 0.071025
2 0.105362 0.408930 0.055765 0.057641
2 0.747157 0.427532 0.053353 0.058753
2 0.310181 0.266519 0.060470 0.070392
2 0.745540 0.123000 0.036475 0.041578
2 0.088445 0.451338 0.051290 0.054199
2 0.720270 0.148838 0.035887 0.037851
2 0.131535 0.537033 0.047369 0.058188
2 0.256938 0.286342 0.049018 0.055977
2 0.695369 0.165168 0.035326 0.037837
2 0.060074 0.929424 0.093104 0.103453
2 0.044810 0.904847 0.036534 0.042990
