2 0.721625 0.898827 0.090956 0.074153
2 0.642021 0.501396 0.053039 0.044882
2 0.290450 0.342342 0.073412 0.059087
2 0.441794 0.548071 0.038874 0.035144
2 0.626095 0.600939 0.076088 0.063060
2 0.412694 0.860917 0.055909 0.047813
2 0.170051 0.969823 0.064867 0.049073
2 0.482382 0.553779 0.054960 0.045988
2 0.227741 0.927624 0.040071 0.035903
2 0.053430 0.379296 0.058932 0.045556
2 0.195717 0.930155 0.046301 0.037206
2 0.057588 0.928233 0.056700 0.044695
2 0.871773 0.715693 0.069170 0.063828
2 0.475888 0.883337 0.054427 0.047140
2 0.189107 0.156579 0.039744 0.033462
2 0.170478 0.531777 0.041770 0.034231
2 0.187528 0.483732 0.033682 0.027026
2 0.109974 0.949863 0.064205 0.053306
2 0.730028 0.314810 0.068982 0.050652
2 0.224731 0.102114 0.056070 0.044008
2 0.686735 0.809782 0.076401 0.065113
2 0.171027 0.551251 0.038104 0.029361
2 0.268669 0.382626 0.046747 0.036302
2 0.073342 0.339352 0.057657 0.045317
2 0.409719 0.553009 0.036033 0.034176
2 0.224740 0.980683 0.051838 0.038634
2 0.697613 0.514631 0.045834 0.040039
2 0.207204 0.130252 0.047847 0.039091
2 0.433373 0.170527 0.067043 0.060775
2 0.186452 0.569157 0.031743 0.027045
2 0.591851 0.476621 0.074888 0.065733
2 0.208237 0.522680 0.040247 0.030096
2 0.478222 0.165081 0.081030 0.072341
2 0.249469 0.429819 0.060644 0.044866
2 0.199723 0.546147 0.030421 0.024228
2 0.906099 0.488991 0.032336 0.026453
2 0.099792 0.338605 0.028616 0.022082
2 0.187074 0.506516 0.032458 0.026960
2 0.188472 0.131263 0.036506 0.033102
2 0.170024 0.578806 0.035134 0.029202
2 0.209989 0.480500 0.039854 0.033440
2 0.918790 0.462270 0.035971 0.029224
2 0.765467 0.640277 0.036155 0.030263
