2 0.684886 0.375335 0.078150 0.083133
2 0.720402 0.341497 0.070005 0.073197
2 0.522642 0.524229 0.050726 0.054466
2 0.465634 0.573110 0.050395 0.053518
2 0.207522 0.802053 0.052036 0.054494
2 0.495038 0.547226 0.051852 0.053419
2 0.289708 0.730308 0.050777 0.055372
2 0.238539 0.767897 0.052103 0.056509
2 0.313150 0.707250 0.051495 0.055951
2 0.434710 0.597850 0.053628 0.054572
2 0.774518 0.303240 0.040700 0.043478
2 0.874439 0.213489 0.049797 0.055454
2 0.391337 0.637906 0.050231 0.053112
2 0.415364 0.616607 0.052911 0.055861
2 0.155954 0.846678 0.049622 0.054614
