2 0.364806 0.495111 0.017948 0.012601
2 0.411637 0.643921 0.017897 0.013151
2 0.661036 0.600528 0.019999 0.012594
2 0.396248 0.687935 0.019911 0.013115
2 0.461560 0.656973 0.017631 0.013201
2 0.786540 0.401386 0.020720 0.014417
2 0.727430 0.312967 0.020578 0.014526
2 0.721859 0.581704 0.019806 0.013450
2 0.369517 0.545245 0.017321 0.012854
2 0.462486 0.701829 0.017586 0.011725
2 0.351478 0.681729 0.021533 0.013530
2 0.351478 0.677478 0.019027 0.012973
2 0.391626 0.702984 0.017277 0.013471
2 0.366336 0.582988 0.013739 0.010541
2 0.328273 0.661833 0.015435 0.012279
