1 0.503441 0.401748 0.051555 0.035845
1 0.308300 0.470512 0.055274 0.038993
1 0.496834 0.449964 0.057944 0.041962
1 0.376023 0.579862 0.055101 0.042333
1 0.110598 0.708103 0.057857 0.043321
1 0.124600 0.523903 0.055580 0.044112
1 0.385427 0.518315 0.050403 0.039736
1 0.122324 0.546926 0.056364 0.043155
1 0.193779 0.556007 0.056407 0.043005
1 0.564963 0.499031 0.053782 0.043367
1 0.131264 0.386688 0.055006 0.044090
1 0.131844 0.411143 0.054415 0.042654
1 0.202015 0.443318 0.055696 0.043270
1 0.672412 0.529334 0.049685 0.035775
1 0.114539 0.684030 0.056081 0.043941
1 0.296945 0.609099 0.058104 0.038925
1 0.318270 0.349222 0.060710 0.037710
1 0.206987 0.423909 0.053985 0.043716
1 0.664147 0.578939 0.049827 0.035726
1 0.201148 0.466692 0.055374 0.043091
1 0.673658 0.483751 0.049535 0.035631
1 0.488830 0.588245 0.058576 0.040905
1 0.382334 0.607907 0.054642 0.042501
1 0.501884 0.359925 0.050694 0.035868
1 0.484252 0.633251 0.059230 0.039685
1 0.310589 0.446843 0.057557 0.039155
1 0.127564 0.454746 0.057765 0.043558
1 0.310414 0.489537 0.048879 0.034830
1 0.569169 0.429183 0.056627 0.043267
1 0.120023 0.616350 0.055823 0.042289
1 0.484984 0.679089 0.060442 0.040668
1 0.374201 0.627652 0.047277 0.037862
1 0.382716 0.491184 0.052709 0.038882
1 0.369235 0.677118 0.055321 0.042567
1 0.381993 0.538478 0.056391 0.044328
1 0.563866 0.521637 0.054115 0.042473
1 0.480091 0.727197 0.061758 0.039944
1 0.385306 0.424849 0.052810 0.043218
1 0.118448 0.662591 0.057448 0.043578
1 0.671864 0.441420 0.048958 0.035702
1 0.298193 0.584853 0.056980 0.038338
1 0.670590 0.397141 0.058960 0.041698
1 0.668622 0.553204 0.046817 0.035126
1 0.200433 0.489454 0.054874 0.042502
1 0.562568 0.568416 0.055487 0.042847
1 0.665068 0.622122 0.052584 0.036602
1 0.664504 0.666801 0.052495 0.037077
1 0.485030 0.611819 0.057766 0.040808
1 0.128445 0.431771 0.056464 0.042902
1 0.187057 0.696094 0.056888 0.042579
1 0.387010 0.471586 0.056624 0.039481
1 0.186324 0.621828 0.057906 0.042028
1 0.186292 0.671050 0.057877 0.042263
1 0.127307 0.478064 0.057019 0.042941
1 0.379097 0.560277 0.055272 0.041958
1 0.488388 0.653217 0.052922 0.035019
1 0.496313 0.515798 0.050843 0.037495
1 0.559835 0.590497 0.056466 0.043536
1 0.126734 0.501479 0.055602 0.043711
1 0.569499 0.477717 0.055285 0.041787
1 0.496464 0.473199 0.060165 0.044494
1 0.312525 0.398889 0.058798 0.040373
1 0.376506 0.654516 0.047881 0.037782
1 0.681244 0.501347 0.049529 0.034205
1 0.499306 0.427431 0.049656 0.035740
1 0.571794 0.409081 0.054484 0.041659
1 0.490218 0.566691 0.058752 0.040878
1 0.296447 0.654042 0.057024 0.040604
1 0.556894 0.634098 0.053784 0.042054
1 0.203818 0.396105 0.056487 0.042089
1 0.597655 0.380683 0.046481 0.047027
1 0.192248 0.600898 0.054835 0.043983
1 0.565280 0.451073 0.054150 0.042973
1 0.387097 0.401300 0.049047 0.036831
1 0.551204 0.677633 0.045951 0.036883
1 0.389695 0.380811 0.049081 0.034849
1 0.306066 0.427715 0.059360 0.038461
1 0.101309 0.726255 0.056597 0.044189
1 0.197583 0.534947 0.056107 0.043090
1 0.197712 0.511407 0.056450 0.043362
1 0.673302 0.373140 0.055865 0.040045
1 0.190240 0.575845 0.055612 0.043866
1 0.668404 0.598555 0.049385 0.034275
1 0.203154 0.371941 0.057949 0.044833
1 0.555806 0.657645 0.053314 0.042074
1 0.667816 0.641379 0.050996 0.036882
1 0.499173 0.493387 0.051142 0.036931
1 0.301768 0.560827 0.057010 0.039667
1 0.191435 0.650562 0.055013 0.042398
1 0.121027 0.593632 0.056551 0.042026
1 0.135699 0.367148 0.055425 0.040922
1 0.311356 0.528799 0.047382 0.035735
1 0.672412 0.462570 0.050290 0.037468
1 0.308279 0.511962 0.049365 0.035627
1 0.297988 0.630907 0.056707 0.040907
1 0.670688 0.419275 0.056966 0.039769
1 0.490619 0.543021 0.058339 0.040894
1 0.653088 0.741242 0.049230 0.036048
1 0.545983 0.720969 0.045691 0.037220
1 0.560021 0.613638 0.055794 0.041848
1 0.561553 0.544050 0.054851 0.043028
1 0.503587 0.380977 0.052936 0.036140
0 0.666859 0.760861 0.038425 0.017432
1 0.662534 0.689463 0.050793 0.035927
