2 0.435899 0.267789 0.030000 0.029114
2 0.474378 0.244813 0.029991 0.030121
2 0.229504 0.014952 0.024834 0.026483
2 0.445822 0.332774 0.029066 0.029951
2 0.340690 0.083813 0.023067 0.023359
2 0.372655 0.308153 0.028568 0.028945
2 0.337324 0.363767 0.028709 0.026188
2 0.484333 0.307290 0.028885 0.029572
2 0.402376 0.359278 0.028466 0.028631
2 0.509926 0.292996 0.024946 0.027083
2 0.235016 0.472717 0.025123 0.025443
2 0.351523 0.318693 0.024563 0.025178
2 0.321112 0.409114 0.027102 0.025502
2 0.143750 0.088460 0.023430 0.023846
2 0.102823 0.047296 0.023450 0.023041
2 0.289771 0.465659 0.027193 0.027614
2 0.170962 0.130170 0.022669 0.022608
2 0.302240 0.482954 0.026175 0.026344
2 0.383422 0.371503 0.025388 0.024284
2 0.244247 0.489111 0.021346 0.020319
2 0.081430 0.520717 0.011646 0.011905
2 0.154081 0.112638 0.016057 0.015108
2 0.274931 0.433975 0.027759 0.029380
2 0.252730 0.504156 0.021070 0.019170
2 0.044028 0.507551 0.014142 0.018194
2 0.528806 0.283323 0.027856 0.025801
2 0.071310 0.522014 0.009863 0.008651
2 0.033240 0.542096 0.013333 0.014663
2 0.065761 0.530452 0.017830 0.016708
2 0.061855 0.499322 0.015734 0.016918
2 0.209501 0.092896 0.021267 0.021663
2 0.078970 0.489171 0.011985 0.012740
2 0.547522 0.270335 0.025527 0.026585
2 0.364420 0.381951 0.023030 0.024516
2 0.083788 0.515189 0.009417 0.009691
2 0.205929 0.222452 0.016124 0.014417
