2 0.582496 0.812099 0.022437 0.050995
2 0.652581 0.570939 0.024734 0.064051
2 0.188911 0.433754 0.019776 0.042973
2 0.284396 0.475096 0.018313 0.040235
2 0.751975 0.375630 0.020745 0.045416
2 0.751682 0.327741 0.022229 0.049943
2 0.652791 0.736243 0.023963 0.057736
2 0.766967 0.399956 0.020938 0.044836
2 0.653251 0.373714 0.022697 0.052200
2 0.582468 0.764336 0.021238 0.048032
2 0.882702 0.388477 0.016749 0.047808
2 0.766431 0.791714 0.021405 0.049068
2 0.708967 0.573454 0.019108 0.047986
2 0.692933 0.646587 0.022815 0.052319
2 0.164719 0.187129 0.015553 0.035317
2 0.510937 0.537211 0.022221 0.047950
2 0.295335 0.586444 0.023202 0.043546
2 0.751438 0.523529 0.021190 0.047073
2 0.766071 0.851138 0.022925 0.051422
2 0.251416 0.436597 0.020500 0.040934
2 0.128172 0.358555 0.019957 0.039151
2 0.510419 0.684607 0.022043 0.052356
2 0.708723 0.672379 0.019246 0.044401
2 0.749035 0.764375 0.023145 0.047951
2 0.652739 0.629045 0.020510 0.047671
2 0.259008 0.190903 0.013272 0.041975
2 0.582275 0.664284 0.025351 0.057349
2 0.924371 0.566156 0.016228 0.039941
2 0.510561 0.734374 0.022659 0.057137
2 0.710197 0.326043 0.024217 0.051501
2 0.169166 0.429427 0.019714 0.037333
2 0.208676 0.432851 0.021908 0.049259
2 0.882012 0.687147 0.015642 0.039167
2 0.709189 0.721768 0.021077 0.046876
2 0.582762 0.569244 0.019247 0.043922
2 0.212305 0.189830 0.016370 0.044566
2 0.766248 0.548713 0.022344 0.047387
2 0.582561 0.714768 0.022378 0.051418
2 0.653574 0.324523 0.020305 0.046174
2 0.823412 0.895684 0.021830 0.050203
2 0.750983 0.717183 0.021438 0.046843
2 0.825895 0.404339 0.022547 0.058508
2 0.766318 0.641663 0.021120 0.046494
2 0.134136 0.459848 0.016959 0.034403
2 0.751990 0.571647 0.018153 0.041661
2 0.154192 0.458021 0.022075 0.043985
2 0.227424 0.190565 0.013322 0.045194
2 0.766261 0.597023 0.021245 0.048052
2 0.238447 0.367149 0.018277 0.032605
2 0.128124 0.431603 0.018464 0.035847
2 0.526112 0.316339 0.020648 0.052371
2 0.708713 0.623168 0.020821 0.045484
2 0.524656 0.805668 0.019841 0.045401
2 0.766259 0.744761 0.021602 0.043073
2 0.334437 0.398318 0.017723 0.043282
2 0.811217 0.523674 0.021567 0.051339
2 0.177593 0.461646 0.020093 0.037904
2 0.453002 0.718605 0.016295 0.040589
2 0.752247 0.281367 0.020907 0.051060
2 0.525616 0.414549 0.021232 0.049754
2 0.924141 0.415234 0.015312 0.032917
2 0.568474 0.251645 0.021610 0.049716
2 0.651565 0.839093 0.020550 0.050083
2 0.258245 0.555744 0.018867 0.042869
2 0.709777 0.474173 0.018310 0.043154
2 0.751627 0.429657 0.020974 0.051676
2 0.196038 0.185019 0.015760 0.041855
2 0.810652 0.821700 0.021581 0.050056
2 0.092201 0.457422 0.020539 0.047219
2 0.511457 0.489420 0.022972 0.050673
2 0.811126 0.575159 0.021941 0.050203
2 0.749550 0.819112 0.022312 0.047631
2 0.638684 0.447645 0.021584 0.049720
2 0.709775 0.524645 0.021677 0.046970
2 0.768783 0.252376 0.020520 0.048313
2 0.289860 0.193508 0.014945 0.044852
2 0.218998 0.552549 0.021237 0.042269
2 0.109582 0.357099 0.017214 0.037636
2 0.352297 0.436540 0.020087 0.046100
2 0.510287 0.831038 0.019589 0.051739
2 0.525697 0.460827 0.020311 0.048797
2 0.882866 0.338138 0.015785 0.043045
2 0.653261 0.419311 0.020847 0.047496
2 0.695395 0.355589 0.021128 0.052354
2 0.811411 0.672219 0.022083 0.051108
2 0.278159 0.368214 0.018397 0.040178
2 0.509650 0.782921 0.020848 0.047188
2 0.708814 0.869533 0.019662 0.038317
2 0.288433 0.503690 0.019655 0.042642
2 0.638231 0.597762 0.020505 0.048711
2 0.695412 0.256872 0.021038 0.052462
2 0.651305 0.792752 0.021867 0.050372
2 0.184487 0.581958 0.020359 0.042895
2 0.810033 0.869403 0.019805 0.045291
2 0.637365 0.867504 0.024788 0.049028
2 0.811861 0.429818 0.021918 0.050407
2 0.584048 0.616602 0.018859 0.045433
2 0.247526 0.581457 0.019516 0.041970
2 0.279105 0.555008 0.018440 0.037758
2 0.114036 0.458899 0.019904 0.036257
2 0.510627 0.436775 0.021664 0.046434
2 0.227750 0.583330 0.019680 0.034860
2 0.882093 0.640441 0.016983 0.043415
2 0.083056 0.432248 0.021445 0.043557
2 0.582495 0.518510 0.020760 0.049824
2 0.811164 0.328133 0.020868 0.048110
2 0.336182 0.452047 0.018087 0.036130
2 0.196085 0.554172 0.020438 0.040106
2 0.242354 0.186360 0.017811 0.047897
2 0.934678 0.839665 0.015460 0.038646
2 0.526303 0.366529 0.022344 0.049095
2 0.115414 0.224224 0.010030 0.023330
2 0.709940 0.428488 0.020048 0.042538
2 0.073090 0.457376 0.018677 0.039556
2 0.465845 0.588605 0.018476 0.038460
2 0.512830 0.342294 0.017569 0.031952
2 0.294645 0.763451 0.011512 0.023229
2 0.810888 0.622580 0.023185 0.053525
2 0.694665 0.501750 0.022260 0.045893
2 0.582487 0.420334 0.021437 0.051372
2 0.582347 0.272778 0.019067 0.047713
2 0.180059 0.185405 0.015763 0.041839
2 0.637214 0.761692 0.021556 0.047963
2 0.811146 0.280275 0.021889 0.048568
2 0.694761 0.554313 0.019194 0.043478
2 0.125860 0.222452 0.011417 0.026136
2 0.924777 0.467295 0.016197 0.043698
2 0.810659 0.719637 0.020598 0.050972
2 0.768086 0.301583 0.020160 0.046158
2 0.229546 0.432424 0.018808 0.042348
2 0.453115 0.643769 0.015077 0.038611
2 0.466190 0.473789 0.015920 0.035097
2 0.924438 0.758048 0.015082 0.038042
2 0.751396 0.480124 0.019289 0.043749
2 0.525385 0.859355 0.018649 0.050340
2 0.883118 0.588075 0.016376 0.041696
2 0.692399 0.696053 0.019409 0.042239
2 0.767354 0.352958 0.021447 0.044866
2 0.207947 0.582281 0.021314 0.031667
2 0.352405 0.277156 0.017441 0.025577
2 0.653106 0.474339 0.021199 0.048661
2 0.240736 0.465184 0.019475 0.039277
2 0.216953 0.363188 0.016889 0.034192
2 0.766126 0.499955 0.022925 0.048535
2 0.154494 0.360587 0.018325 0.031975
2 0.582702 0.468233 0.021977 0.052001
2 0.270046 0.581035 0.019697 0.036873
2 0.710674 0.278584 0.020332 0.046454
2 0.344624 0.534215 0.012656 0.034427
2 0.525766 0.562349 0.023561 0.054701
2 0.509683 0.634282 0.020794 0.051591
2 0.653994 0.277854 0.021454 0.048283
2 0.258267 0.364481 0.011785 0.037720
2 0.276623 0.780346 0.009341 0.016965
2 0.882391 0.534912 0.014935 0.038882
2 0.569649 0.299700 0.020552 0.046054
2 0.652530 0.523440 0.021420 0.043495
2 0.453196 0.682482 0.015933 0.038418
2 0.305747 0.191140 0.015769 0.047082
2 0.824200 0.794700 0.020706 0.048429
2 0.882392 0.491249 0.015522 0.036523
2 0.272932 0.436670 0.018422 0.040379
2 0.282141 0.762071 0.011390 0.020543
2 0.338970 0.489117 0.013734 0.036186
2 0.468038 0.549590 0.017836 0.035371
2 0.241673 0.272888 0.006323 0.026749
2 0.176134 0.365158 0.017465 0.029408
2 0.824030 0.745599 0.021043 0.049592
2 0.164749 0.225535 0.011850 0.026738
2 0.227133 0.270021 0.006198 0.023255
2 0.881756 0.439629 0.018287 0.042652
2 0.337956 0.838362 0.010256 0.021911
2 0.350957 0.249962 0.014395 0.030238
2 0.637316 0.812671 0.020264 0.048257
2 0.453181 0.758659 0.016367 0.035866
2 0.695627 0.309113 0.022610 0.047461
2 0.694818 0.403537 0.019222 0.047985
2 0.103713 0.432413 0.019801 0.041632
2 0.582206 0.323028 0.020540 0.050362
2 0.525022 0.659610 0.022105 0.052787
2 0.136435 0.224970 0.008966 0.020651
2 0.825331 0.600433 0.019787 0.047588
2 0.220247 0.462652 0.020511 0.040413
2 0.709995 0.379889 0.021359 0.049769
2 0.289961 0.778970 0.010016 0.019664
2 0.365460 0.718313 0.010287 0.025338
2 0.652390 0.677614 0.023239 0.053422
2 0.221492 0.779976 0.007829 0.016598
2 0.283779 0.834004 0.009738 0.020494
2 0.321435 0.198263 0.014799 0.041224
2 0.349574 0.660468 0.012286 0.025927
2 0.924094 0.665865 0.016132 0.040376
2 0.104319 0.222957 0.009903 0.023919
2 0.293645 0.442260 0.019969 0.041734
2 0.115224 0.573701 0.011034 0.027179
2 0.294627 0.318046 0.013671 0.037722
2 0.346986 0.791823 0.011296 0.023926
2 0.765954 0.693228 0.020776 0.053203
2 0.199954 0.462402 0.017779 0.042202
2 0.233579 0.781770 0.007755 0.017059
2 0.114638 0.575877 0.016152 0.034304
2 0.638384 0.707392 0.020331 0.048128
2 0.924589 0.712860 0.014770 0.037151
2 0.935227 0.340008 0.016383 0.042322
2 0.160802 0.580268 0.008239 0.024273
2 0.299169 0.369060 0.018216 0.038878
2 0.297931 0.734327 0.009375 0.018384
2 0.458113 0.338699 0.017529 0.037320
2 0.273946 0.194748 0.018672 0.049072
2 0.882031 0.288503 0.016213 0.036273
2 0.465051 0.627156 0.015667 0.037575
2 0.148208 0.226255 0.009261 0.026420
2 0.265912 0.315833 0.006552 0.022663
2 0.693911 0.497606 0.021217 0.043016
2 0.252114 0.314973 0.008704 0.026145
2 0.273285 0.193659 0.017580 0.046570
2 0.923236 0.615363 0.017494 0.039334
2 0.366516 0.763754 0.010635 0.019978
2 0.178648 0.268493 0.006330 0.024534
2 0.936072 0.390133 0.014178 0.036817
2 0.241203 0.624163 0.012537 0.025680
2 0.751719 0.663717 0.022494 0.050177
2 0.269981 0.761627 0.009784 0.019627
2 0.271838 0.831840 0.008058 0.018892
2 0.335543 0.642624 0.015345 0.028881
2 0.638072 0.651660 0.022978 0.046715
2 0.285521 0.234790 0.007340 0.024563
2 0.578160 0.366372 0.030740 0.063685
2 0.767188 0.447846 0.020476 0.045097
2 0.276486 0.276725 0.008582 0.026609
2 0.227453 0.763588 0.009279 0.022220
2 0.262821 0.619026 0.013629 0.025676
2 0.197627 0.781172 0.009770 0.021407
2 0.185376 0.268809 0.006518 0.026842
2 0.811685 0.379796 0.021385 0.050881
2 0.465412 0.666243 0.016777 0.037991
2 0.365948 0.741101 0.010923 0.021136
2 0.337736 0.809702 0.010391 0.026154
2 0.299906 0.368299 0.019445 0.041353
2 0.695417 0.598411 0.019634 0.044504
2 0.208234 0.780080 0.008083 0.017839
2 0.261749 0.778269 0.010949 0.020276
2 0.191016 0.267675 0.006632 0.028090
2 0.213927 0.763915 0.009533 0.022488
2 0.197563 0.226311 0.014427 0.025575
2 0.825588 0.355388 0.021733 0.051650
2 0.510498 0.587534 0.020633 0.049474
2 0.281345 0.317785 0.010437 0.029822
2 0.881956 0.438597 0.017237 0.039714
2 0.263261 0.469981 0.021557 0.039160
2 0.295554 0.833186 0.011713 0.023131
2 0.140293 0.265241 0.006074 0.022995
2 0.303082 0.275547 0.009304 0.029177
2 0.063932 0.429805 0.011454 0.034396
2 0.935078 0.389469 0.014491 0.038487
2 0.639915 0.298411 0.020389 0.040304
2 0.103283 0.311555 0.008945 0.031312
2 0.707786 0.771945 0.020277 0.049491
2 0.248579 0.832821 0.007296 0.017515
2 0.454225 0.608086 0.017376 0.035774
2 0.284970 0.735975 0.006412 0.019305
2 0.371153 0.719112 0.008922 0.023304
