2 0.838018 0.205983 0.039717 0.051291
2 0.894124 0.157415 0.054364 0.062491
2 0.880135 0.102264 0.054095 0.063136
2 0.288126 0.637412 0.025289 0.027667
2 0.318516 0.709005 0.029323 0.033306
2 0.287474 0.684349 0.025105 0.028411
2 0.088828 0.762359 0.043590 0.051447
2 0.204831 0.618773 0.026100 0.034606
2 0.491435 0.581437 0.023155 0.027640
2 0.631748 0.601023 0.034718 0.040427
2 0.275264 0.794107 0.021805 0.027751
2 0.332106 0.796002 0.017847 0.022670
2 0.142517 0.536598 0.028895 0.035204
2 0.260177 0.771042 0.022735 0.028400
2 0.293284 0.804067 0.019035 0.024649
2 0.311936 0.811575 0.019752 0.025376
2 0.395010 0.649122 0.018454 0.024475
2 0.731765 0.492082 0.027312 0.027976
2 0.373970 0.800778 0.019016 0.021355
2 0.356522 0.714344 0.017972 0.021366
2 0.812836 0.329680 0.054364 0.062933
2 0.812991 0.328451 0.054479 0.062252
2 0.062451 0.622249 0.039988 0.046106
2 0.391986 0.628091 0.020624 0.022752
2 0.284496 0.660428 0.022032 0.023323
2 0.807037 0.375969 0.062421 0.074073
2 0.786776 0.106681 0.061687 0.072872
2 0.222794 0.605312 0.015726 0.015755
