1 0.543596 0.734881 0.040481 0.023895
1 0.626525 0.500871 0.035117 0.045308
1 0.786491 0.255040 0.041859 0.033982
1 0.151456 0.583292 0.030446 0.064080
1 0.798914 0.178705 0.038407 0.030914
1 0.638777 0.530619 0.028706 0.031804
1 0.707846 0.461700 0.034330 0.046524
1 0.104042 0.408704 0.040435 0.028407
1 0.272562 0.529238 0.061463 0.037987
1 0.103917 0.391273 0.039789 0.028658
1 0.166908 0.594208 0.023806 0.054230
1 0.764647 0.295970 0.039002 0.033791
1 0.120105 0.556265 0.027333 0.075897
1 0.792833 0.241419 0.043466 0.037629
1 0.821979 0.214614 0.031596 0.023969
1 0.681307 0.260087 0.038290 0.032836
1 0.630539 0.569612 0.028737 0.035585
1 0.751277 0.195124 0.047081 0.039216
1 0.291884 0.570454 0.040555 0.028350
1 0.754760 0.215753 0.031324 0.027235
1 0.641044 0.582865 0.029544 0.038838
1 0.676772 0.237862 0.043292 0.032400
1 0.055432 0.442931 0.029274 0.016798
1 0.694650 0.574079 0.052288 0.067885
1 0.773843 0.282287 0.036070 0.033011
1 0.088000 0.484063 0.032010 0.020362
1 0.531455 0.749745 0.041652 0.021815
1 0.781620 0.268394 0.038006 0.030598
1 0.749328 0.229591 0.029465 0.024947
1 0.720318 0.384126 0.029319 0.012511
1 0.088306 0.421629 0.045824 0.031258
1 0.282560 0.482694 0.034075 0.024967
1 0.312723 0.496661 0.038358 0.026401
0 0.694268 0.344592 0.017829 0.021466
1 0.610572 0.264763 0.042616 0.038139
0 0.704347 0.351963 0.017125 0.021940
0 0.628014 0.224348 0.027796 0.026857
1 0.242330 0.548161 0.032329 0.024638
1 0.086146 0.464331 0.034215 0.019634
1 0.677715 0.220209 0.039769 0.030820
0 0.692030 0.190230 0.026822 0.026064
0 0.657483 0.189770 0.028046 0.026064
1 0.530331 0.572493 0.041788 0.029220
0 0.970756 0.461018 0.021533 0.018346
1 0.088182 0.421520 0.044822 0.030205
1 0.710767 0.220004 0.039520 0.033845
1 0.673760 0.483380 0.046964 0.059685
0 0.713910 0.709461 0.018922 0.017285
1 0.509977 0.666781 0.029247 0.015302
