1 0.629149 0.762564 0.061164 0.020105
1 0.637138 0.263439 0.055197 0.013080
1 0.565141 0.670846 0.039980 0.021222
1 0.521091 0.888953 0.021932 0.029345
1 0.624387 0.290132 0.052364 0.013917
1 0.679670 0.170943 0.058155 0.010748
1 0.680744 0.875486 0.014859 0.033056
1 0.517480 0.686128 0.035156 0.015174
1 0.367575 0.302713 0.053002 0.012299
1 0.670952 0.186796 0.064746 0.012413
1 0.676115 0.179585 0.061970 0.014551
1 0.394471 0.289503 0.050211 0.012008
1 0.471172 0.129769 0.064941 0.012405
1 0.665711 0.875695 0.015507 0.032877
1 0.648906 0.228236 0.047572 0.011993
1 0.701950 0.756251 0.018111 0.032124
1 0.489935 0.710308 0.038317 0.014887
1 0.355043 0.200309 0.023050 0.031051
1 0.463271 0.161082 0.047142 0.010510
1 0.584777 0.882969 0.021379 0.034088
1 0.618573 0.713423 0.060097 0.021212
1 0.623869 0.731725 0.061427 0.022722
1 0.628138 0.878505 0.015390 0.033330
1 0.647508 0.237797 0.057852 0.013297
1 0.415408 0.254480 0.031697 0.009307
1 0.505319 0.697804 0.041347 0.016570
1 0.660406 0.193348 0.051782 0.010969
1 0.495693 0.703320 0.039869 0.015241
1 0.652075 0.876343 0.013860 0.032831
1 0.626696 0.749839 0.057408 0.018251
1 0.612925 0.684377 0.058558 0.020465
1 0.536765 0.888634 0.020678 0.031669
1 0.364862 0.169185 0.019547 0.020450
1 0.551740 0.886828 0.018440 0.032741
1 0.604483 0.671216 0.058884 0.021686
1 0.626286 0.743141 0.056454 0.018487
1 0.484184 0.139414 0.030608 0.010202
