1 0.478003 0.670237 0.091429 0.029151
1 0.314419 0.545573 0.069482 0.026461
1 0.207215 0.716529 0.088140 0.033282
1 0.314699 0.379665 0.025399 0.059386
1 0.219528 0.565710 0.064925 0.025357
1 0.306663 0.571004 0.072592 0.028970
1 0.523359 0.497820 0.036234 0.075166
1 0.238266 0.385940 0.026591 0.055435
0 0.162498 0.394562 0.022465 0.041000
1 0.309586 0.485216 0.067999 0.019650
1 0.135435 0.388740 0.024594 0.053599
0 0.284980 0.313201 0.021195 0.039036
1 0.368582 0.933645 0.030688 0.058538
0 0.157191 0.320622 0.020879 0.037026
1 0.212971 0.747667 0.105046 0.034910
1 0.360899 0.379618 0.024202 0.060454
