1 0.840157 0.561229 0.029329 0.025631
1 0.842106 0.614301 0.026540 0.032004
1 0.847470 0.526852 0.029919 0.019890
1 0.141401 0.268817 0.051705 0.028746
1 0.742399 0.688830 0.024962 0.036804
1 0.627636 0.659742 0.026870 0.044663
1 0.774430 0.617335 0.026779 0.031743
1 0.155535 0.309172 0.054488 0.030691
1 0.842188 0.640294 0.022668 0.038104
1 0.348474 0.598580 0.017174 0.044147
1 0.839770 0.588791 0.025033 0.030258
1 0.333400 0.603182 0.015190 0.039220
1 0.598176 0.491175 0.034650 0.024246
1 0.159717 0.327908 0.051595 0.027248
1 0.296511 0.306429 0.046419 0.029204
1 0.820300 0.395063 0.024992 0.035977
1 0.303085 0.195689 0.050551 0.028786
1 0.806436 0.659294 0.014402 0.035946
1 0.772304 0.599688 0.022167 0.026421
1 0.378728 0.599547 0.018080 0.056471
1 0.843383 0.544593 0.025369 0.021046
1 0.850666 0.495470 0.025581 0.019455
1 0.600989 0.512724 0.029795 0.016452
1 0.783429 0.645104 0.029698 0.031943
0 0.676109 0.862181 0.011046 0.024353
1 0.779784 0.629244 0.025636 0.027704
1 0.831847 0.649017 0.018973 0.037421
1 0.767000 0.672148 0.024142 0.029537
1 0.467120 0.045212 0.014575 0.041887
1 0.695899 0.613064 0.013231 0.038283
1 0.694371 0.702969 0.022800 0.030651
1 0.544014 0.645772 0.027695 0.035412
1 0.708998 0.699765 0.022160 0.029706
0 0.742062 0.852182 0.011744 0.025998
1 0.466487 0.480381 0.013980 0.036027
1 0.662445 0.710009 0.020595 0.031093
1 0.344622 0.498174 0.037106 0.031067
1 0.794950 0.591338 0.015400 0.035417
1 0.768121 0.584048 0.020166 0.027249
0 0.966995 0.829554 0.010106 0.024677
0 0.976333 0.750839 0.018863 0.022801
1 0.389321 0.273553 0.021267 0.039171
1 0.871304 0.253285 0.015910 0.043136
0 0.799049 0.839231 0.011697 0.026194
1 0.863434 0.726991 0.020843 0.021587
