2 0.422779 0.213015 0.025282 0.013139
2 0.657131 0.713301 0.024899 0.012927
2 0.672572 0.750627 0.024299 0.012697
2 0.651038 0.700801 0.027959 0.013494
2 0.667648 0.737474 0.027211 0.013529
2 0.661762 0.725627 0.026485 0.010854
2 0.479456 0.336782 0.026734 0.012958
2 0.427742 0.225667 0.025891 0.011427
2 0.440186 0.249887 0.027468 0.012225
2 0.453108 0.274004 0.026870 0.011413
2 0.433421 0.237907 0.026314 0.012770
2 0.639212 0.676484 0.023938 0.013309
2 0.625224 0.629010 0.025537 0.013163
2 0.474897 0.323607 0.024703 0.011156
2 0.608231 0.597541 0.022349 0.013175
2 0.493161 0.361792 0.032028 0.013307
2 0.457848 0.285613 0.023310 0.010298
