2 0.655910 0.469865 0.064195 0.045503
2 0.642005 0.711580 0.060878 0.052778
2 0.529553 0.586130 0.097987 0.071625
2 0.750300 0.898470 0.054846 0.040178
2 0.719699 0.700113 0.060324 0.049398
2 0.414623 0.427332 0.105232 0.074982
2 0.569493 0.636352 0.100362 0.068991
2 0.377000 0.193930 0.056435 0.041558
2 0.335653 0.322060 0.100996 0.074872
2 0.501840 0.099024 0.076876 0.060588
2 0.158845 0.130909 0.061089 0.052204
2 0.775628 0.821095 0.053871 0.041915
2 0.229302 0.100582 0.053568 0.042685
2 0.884666 0.772671 0.077479 0.064107
2 0.637602 0.886238 0.056196 0.042684
2 0.349202 0.045538 0.060146 0.048668
