2 0.308322 0.164939 0.126501 0.072197
2 0.590386 0.638094 0.050889 0.030799
2 0.459573 0.553977 0.073870 0.046879
2 0.515903 0.786802 0.054442 0.037497
2 0.354934 0.790056 0.054616 0.035205
2 0.245168 0.707230 0.066680 0.041782
2 0.182482 0.619329 0.060614 0.039493
2 0.207291 0.545762 0.094182 0.060020
2 0.308817 0.752994 0.057817 0.037025
2 0.259511 0.194577 0.079120 0.056421
2 0.330299 0.772416 0.035921 0.023328
2 0.177439 0.653375 0.041256 0.026381
2 0.721586 0.541806 0.031635 0.021377
2 0.689436 0.923754 0.065530 0.045220
