2 0.765715 0.572758 0.025782 0.023259
2 0.901200 0.857228 0.014102 0.014436
2 0.843851 0.894541 0.017180 0.016804
2 0.826644 0.751514 0.016092 0.016127
2 0.782536 0.974274 0.016497 0.016413
2 0.619601 0.726128 0.016919 0.016972
2 0.783741 0.775032 0.012674 0.013948
2 0.845777 0.938130 0.016029 0.015110
2 0.590828 0.825421 0.016274 0.015140
2 0.516120 0.816944 0.025017 0.023771
2 0.769465 0.777661 0.014660 0.015472
2 0.816578 0.763345 0.013848 0.014192
2 0.727343 0.652115 0.024033 0.022593
2 0.641329 0.774391 0.019013 0.018490
