1 0.658473 0.743820 0.063731 0.019392
1 0.417516 0.786175 0.072680 0.022167
1 0.638542 0.793674 0.070543 0.021874
1 0.364746 0.404602 0.081412 0.021909
1 0.599708 0.885665 0.070457 0.019859
1 0.383400 0.334802 0.083855 0.018655
1 0.758056 0.816033 0.035080 0.042689
1 0.624336 0.819655 0.071335 0.021528
1 0.418287 0.880291 0.059526 0.019837
1 0.619934 0.832917 0.069475 0.021078
1 0.408087 0.247149 0.087550 0.021848
1 0.412052 0.231006 0.086137 0.022187
1 0.720329 0.785616 0.070603 0.020671
1 0.610183 0.857855 0.069893 0.020908
1 0.655764 0.756787 0.071003 0.020138
1 0.408986 0.816455 0.068091 0.019979
1 0.605337 0.870868 0.070037 0.021384
1 0.579065 0.727577 0.036644 0.040725
1 0.848828 0.841047 0.055798 0.017513
1 0.224278 0.346243 0.054313 0.012946
1 0.865108 0.779852 0.066225 0.018872
1 0.615106 0.845365 0.070246 0.021101
1 0.437333 0.706560 0.066961 0.021004
1 0.803479 0.817032 0.030111 0.042717
1 0.864164 0.814297 0.055266 0.017082
1 0.370894 0.369108 0.066278 0.020556
1 0.851738 0.826540 0.065730 0.017042
1 0.216586 0.386860 0.052664 0.017326
1 0.405123 0.265169 0.082822 0.020620
1 0.577475 0.771590 0.033342 0.043671
1 0.727848 0.761237 0.068561 0.019632
1 0.214613 0.418174 0.059451 0.016896
1 0.698061 0.840163 0.073132 0.019876
1 0.781928 0.815536 0.030452 0.041210
1 0.396768 0.829855 0.076888 0.023394
1 0.798684 0.758603 0.032956 0.046087
1 0.691036 0.856019 0.070897 0.020888
1 0.774573 0.761052 0.029762 0.044773
1 0.660447 0.729847 0.057348 0.018408
1 0.360254 0.424018 0.079660 0.023510
1 0.700449 0.825869 0.070444 0.020579
1 0.527324 0.771853 0.032706 0.044402
1 0.631140 0.806589 0.071202 0.022292
1 0.469831 0.902433 0.077204 0.021169
1 0.554352 0.769183 0.033072 0.043363
1 0.401848 0.300474 0.069309 0.019065
1 0.210116 0.432544 0.058685 0.015063
1 0.681799 0.884571 0.060836 0.020833
1 0.871209 0.765666 0.069878 0.020656
1 0.555701 0.725526 0.031058 0.039304
1 0.643664 0.780913 0.071033 0.020012
1 0.845144 0.854398 0.043861 0.015089
1 0.255817 0.188242 0.045533 0.013869
1 0.242345 0.500546 0.056743 0.013235
1 0.378312 0.351808 0.044969 0.012167
1 0.731890 0.872218 0.029014 0.038057
1 0.241603 0.245169 0.052088 0.012127
1 0.230101 0.332122 0.054463 0.014948
1 0.372943 0.387735 0.048406 0.015002
1 0.423931 0.771918 0.074149 0.021028
1 0.219140 0.405518 0.054542 0.013204
1 0.873722 0.750953 0.062761 0.018921
1 0.864461 0.796983 0.072113 0.020764
1 0.214814 0.122764 0.033351 0.064057
1 0.684161 0.870116 0.065749 0.022195
1 0.189017 0.498118 0.042826 0.012413
1 0.391348 0.845200 0.071322 0.022168
1 0.821647 0.765331 0.036215 0.044330
1 0.239960 0.275122 0.053885 0.014843
1 0.681330 0.899728 0.048831 0.017608
1 0.713912 0.798816 0.065742 0.020193
0 0.139296 0.738131 0.037365 0.011674
1 0.389557 0.860404 0.068110 0.020593
1 0.400845 0.318286 0.062488 0.019122
1 0.530984 0.723109 0.037620 0.044258
1 0.248890 0.228753 0.057009 0.017358
