1 0.673298 0.056645 0.075124 0.024406
1 0.432659 0.486569 0.114523 0.034217
1 0.422597 0.460191 0.111563 0.037502
1 0.444598 0.509997 0.112690 0.033131
1 0.456087 0.558033 0.106134 0.032627
1 0.666979 0.292541 0.067601 0.071402
1 0.437372 0.737399 0.060623 0.068753
1 0.459651 0.535187 0.115111 0.038567
1 0.406717 0.414557 0.156038 0.049386
1 0.413025 0.670788 0.041070 0.060607
1 0.970850 0.198106 0.058300 0.032914
1 0.415848 0.437035 0.119929 0.036831
0 0.626395 0.844842 0.031227 0.027333
1 0.706758 0.963530 0.038053 0.045079
0 0.928179 0.238150 0.035796 0.034870
0 0.873847 0.195503 0.041382 0.039183
1 0.499355 0.709282 0.059355 0.072206
0 0.761577 0.980917 0.026568 0.024471
