1 0.293007 0.368590 0.073903 0.027235
1 0.637497 0.729897 0.035064 0.042654
1 0.775786 0.699626 0.031534 0.039138
1 0.519623 0.753540 0.036829 0.046659
1 0.752580 0.704784 0.031195 0.041136
1 0.512410 0.593784 0.054132 0.022537
1 0.471131 0.466817 0.055768 0.024501
1 0.543782 0.747897 0.035732 0.042891
1 0.550148 0.529794 0.058113 0.025904
1 0.561634 0.565957 0.059139 0.023943
1 0.475595 0.485841 0.057107 0.024522
1 0.445341 0.393754 0.056439 0.025350
1 0.294685 0.390325 0.066083 0.026445
1 0.290284 0.350043 0.058676 0.023716
1 0.532547 0.475101 0.058415 0.026300
1 0.447529 0.766602 0.033749 0.042995
1 0.518615 0.610184 0.054606 0.024375
1 0.298861 0.408367 0.064727 0.027088
1 0.535518 0.495588 0.056095 0.025987
1 0.492928 0.538953 0.055719 0.022990
1 0.706969 0.714006 0.029008 0.036875
1 0.552719 0.548730 0.058343 0.026160
1 0.525336 0.628947 0.060118 0.024666
1 0.429114 0.355693 0.056181 0.025677
1 0.503369 0.575915 0.055377 0.023501
1 0.495745 0.364071 0.057196 0.024721
1 0.567139 0.742376 0.035476 0.044002
1 0.528429 0.648260 0.056064 0.024257
1 0.570798 0.602014 0.060416 0.024962
1 0.544040 0.513008 0.056327 0.026996
1 0.659956 0.725992 0.038947 0.046012
1 0.424185 0.770038 0.033419 0.038611
1 0.495657 0.755948 0.035482 0.043793
1 0.450495 0.413066 0.057288 0.024742
1 0.263971 0.298472 0.055409 0.021849
1 0.487509 0.345213 0.054197 0.023923
1 0.482240 0.503655 0.054692 0.022927
1 0.423757 0.336999 0.055331 0.025338
1 0.268110 0.222004 0.049690 0.034337
1 0.525540 0.456721 0.056284 0.025024
1 0.575270 0.621991 0.067523 0.027778
1 0.398197 0.774646 0.031726 0.041313
1 0.584341 0.640539 0.059288 0.024443
