1 0.638502 0.612906 0.038397 0.050808
1 0.616304 0.624135 0.041804 0.055358
1 0.703863 0.672651 0.036840 0.054903
1 0.286247 0.638591 0.049952 0.054547
1 0.382620 0.709092 0.044003 0.054403
1 0.678571 0.676077 0.038743 0.057825
1 0.748622 0.524035 0.072723 0.019069
1 0.517572 0.735053 0.041028 0.050344
1 0.800493 0.610450 0.070470 0.019452
1 0.566666 0.717442 0.040460 0.054062
1 0.547411 0.649939 0.045604 0.054067
1 0.665794 0.606135 0.042718 0.051353
1 0.687864 0.599446 0.041754 0.050262
1 0.611151 0.704128 0.038585 0.054200
1 0.523594 0.654487 0.042121 0.051819
1 0.266114 0.653673 0.047135 0.057228
1 0.780405 0.574077 0.079245 0.019638
1 0.587347 0.708174 0.038082 0.054841
1 0.541717 0.726826 0.038815 0.050061
1 0.736083 0.507106 0.069710 0.015656
0 0.486117 0.433555 0.031637 0.029334
1 0.695090 0.436798 0.063565 0.016186
0 0.416171 0.382985 0.028257 0.027746
1 0.311745 0.635379 0.049259 0.053457
1 0.446967 0.755301 0.035457 0.056469
0 0.121379 0.840756 0.030485 0.028988
1 0.023281 0.414923 0.046563 0.038896
0 0.509879 0.400937 0.029796 0.026104
0 0.239297 0.361583 0.028277 0.026127
0 0.128087 0.410607 0.029969 0.026827
1 0.403858 0.455071 0.042747 0.046488
1 0.237616 0.483068 0.056982 0.045180
0 0.143894 0.403985 0.028251 0.026442
0 0.548064 0.548702 0.030829 0.028061
0 0.548838 0.494862 0.028950 0.026640
1 0.426083 0.688488 0.041625 0.053618
1 0.755462 0.542832 0.067397 0.016467
0 0.388807 0.394503 0.026698 0.023442
0 0.058513 0.855681 0.028592 0.026307
0 0.509736 0.487584 0.027480 0.023118
0 0.227224 0.421639 0.021517 0.025838
0 0.492265 0.361206 0.030911 0.028112
0 0.189920 0.382634 0.024613 0.021390
0 0.043931 0.862020 0.028844 0.025468
1 0.599459 0.151191 0.105294 0.062947
0 0.076977 0.784369 0.026290 0.025502
0 0.446582 0.508747 0.025952 0.022051
0 0.267158 0.449380 0.031483 0.025758
1 0.404954 0.695806 0.044780 0.060438
0 0.522445 0.508875 0.024722 0.023992
1 0.500922 0.664949 0.039607 0.049174
0 0.094595 0.807407 0.023975 0.022062
1 0.694857 0.456502 0.069815 0.016070
1 0.241531 0.662316 0.049781 0.056386
0 0.205670 0.374215 0.027944 0.025078
1 0.376280 0.453057 0.043316 0.046130
0 0.582240 0.538621 0.025029 0.023336
1 0.727763 0.663711 0.039857 0.053326
0 0.448168 0.372620 0.029202 0.026686
0 0.601667 0.534386 0.031213 0.028039
0 0.070418 0.846467 0.031202 0.029996
0 0.502548 0.430386 0.028693 0.024284
1 0.450158 0.684027 0.042163 0.054062
1 0.700776 0.100171 0.070367 0.042396
1 0.216682 0.668545 0.049297 0.053991
0 0.334757 0.418731 0.032179 0.028596
1 0.590588 0.633524 0.044559 0.055615
1 0.201524 0.507073 0.045568 0.038376
0 0.371294 0.402962 0.026912 0.027816
1 0.500700 0.665207 0.038461 0.049348
0 0.269006 0.349439 0.028873 0.026324
0 0.573079 0.515177 0.036219 0.021552
1 0.344307 0.772649 0.043323 0.035656
1 0.027235 0.444373 0.054120 0.042892
0 0.346866 0.410871 0.028679 0.025199
0 0.435885 0.520222 0.027786 0.025405
1 0.031884 0.457931 0.063767 0.041724
1 0.025719 0.426165 0.051438 0.042445
0 0.465574 0.507111 0.024623 0.024691
0 0.328054 0.272124 0.021362 0.029121
1 0.618179 0.112553 0.038806 0.026178
