1 0.298640 0.270106 0.069047 0.047946
1 0.305001 0.203229 0.069011 0.051476
1 0.298952 0.236563 0.069543 0.050277
1 0.594151 0.135764 0.056138 0.039956
1 0.313414 0.171602 0.069053 0.051716
1 0.321098 0.140634 0.074424 0.052456
1 0.469417 0.302678 0.052066 0.037406
1 0.441340 0.978478 0.052719 0.036900
1 0.293606 0.298295 0.067837 0.048103
1 0.333027 0.113061 0.066354 0.048447
1 0.713434 0.187116 0.051742 0.038576
1 0.044531 0.812596 0.051262 0.034105
1 0.446339 0.202639 0.049829 0.052611
1 0.857421 0.623156 0.043799 0.092775
0 0.136537 0.842477 0.035409 0.031357
1 0.354849 0.433213 0.041009 0.076033
1 0.932755 0.497947 0.048623 0.117515
1 0.859085 0.359687 0.031952 0.077810
1 0.367883 0.153862 0.042442 0.097582
1 0.333033 0.427815 0.038202 0.072610
1 0.312937 0.420668 0.043921 0.074786
