1 0.583656 0.379351 0.031590 0.037318
1 0.324693 0.657010 0.038858 0.046111
1 0.515585 0.558718 0.033570 0.039358
1 0.700544 0.336762 0.033428 0.046793
1 0.145341 0.637004 0.033985 0.045972
1 0.232312 0.716334 0.039756 0.049124
1 0.271961 0.691780 0.037142 0.046671
1 0.345081 0.646575 0.041924 0.049299
1 0.935231 0.226837 0.028005 0.017934
1 0.311755 0.667079 0.037159 0.046299
1 0.662544 0.518828 0.024258 0.029885
1 0.666823 0.474822 0.025749 0.031368
1 0.815239 0.427733 0.031261 0.039073
1 0.845653 0.248073 0.038762 0.010774
1 0.664333 0.347480 0.050297 0.059845
1 0.814851 0.366071 0.025084 0.029294
1 0.128776 0.646328 0.040916 0.048918
1 0.825610 0.333664 0.023495 0.026656
1 0.682549 0.335077 0.039274 0.054431
1 0.816955 0.298122 0.029572 0.033442
1 0.676392 0.515006 0.024630 0.030412
1 0.965899 0.282213 0.027249 0.015284
1 0.776161 0.447901 0.032660 0.038214
1 0.763367 0.455268 0.033676 0.040370
1 0.651168 0.523170 0.023715 0.031689
1 0.540326 0.535478 0.046085 0.051757
1 0.616404 0.407429 0.032740 0.037367
1 0.595517 0.371293 0.029413 0.037226
1 0.570380 0.385470 0.035054 0.040362
1 0.546857 0.403097 0.032398 0.037199
1 0.911012 0.284867 0.026705 0.030258
1 0.245142 0.708192 0.036347 0.046490
1 0.575368 0.531402 0.026555 0.031387
0 0.116852 0.945594 0.018668 0.022696
1 0.284648 0.683309 0.037986 0.046557
1 0.784141 0.316041 0.023850 0.027965
1 0.905318 0.233025 0.028759 0.028987
0 0.071024 0.965014 0.019517 0.022571
1 0.719351 0.334026 0.035106 0.049337
1 0.173101 0.623744 0.032800 0.046677
1 0.514069 0.431441 0.032944 0.034258
0 0.546529 0.634352 0.025113 0.019539
0 0.080760 0.958723 0.018283 0.023007
1 0.924486 0.206960 0.025423 0.016120
1 0.892807 0.254282 0.022610 0.028287
1 0.832667 0.367159 0.027628 0.030394
1 0.961251 0.271828 0.026328 0.015179
1 0.960680 0.712954 0.032752 0.022505
1 0.191030 0.944741 0.025929 0.031838
1 0.797271 0.314313 0.023574 0.027727
1 0.750920 0.729510 0.024336 0.028158
1 0.897784 0.217930 0.029459 0.028793
0 0.488382 0.678632 0.021354 0.017664
1 0.601439 0.515667 0.043149 0.049703
0 0.128045 0.939489 0.020461 0.022141
1 0.779082 0.286617 0.023949 0.027638
1 0.195366 0.738670 0.037531 0.047553
1 0.258971 0.698607 0.038166 0.048571
1 0.833154 0.233929 0.039219 0.013688
0 0.700101 0.886324 0.019684 0.022711
1 0.897409 0.287585 0.027202 0.032229
1 0.297927 0.675318 0.037744 0.044874
1 0.641117 0.533232 0.023824 0.030716
0 0.047242 0.976743 0.018468 0.021966
1 0.967750 0.426405 0.027628 0.015374
1 0.968608 0.293696 0.027729 0.014538
1 0.171117 0.959359 0.021989 0.027330
1 0.620362 0.500142 0.025739 0.031924
1 0.208912 0.732972 0.037115 0.045830
1 0.093118 0.666812 0.024724 0.028695
0 0.027864 0.988331 0.020330 0.021628
1 0.188097 0.619346 0.033762 0.045044
1 0.837146 0.287556 0.020419 0.024467
0 0.076732 0.911833 0.024208 0.020340
1 0.798759 0.340722 0.023206 0.026435
1 0.859771 0.273749 0.036986 0.011092
1 0.828947 0.272233 0.017699 0.027506
0 0.493494 0.581333 0.020646 0.023907
1 0.526709 0.544521 0.041987 0.048265
1 0.872497 0.287286 0.038191 0.013126
1 0.593122 0.555572 0.034052 0.025237
0 0.053849 0.925069 0.022472 0.017952
1 0.891384 0.541211 0.028791 0.023118
1 0.854873 0.303749 0.023435 0.024138
1 0.878010 0.255134 0.025294 0.034631
1 0.637730 0.487534 0.028781 0.033594
0 0.359075 0.550312 0.017694 0.023891
1 0.227420 0.908192 0.037978 0.051109
0 0.442723 0.612657 0.026312 0.027366
1 0.928972 0.216682 0.025766 0.016610
1 0.622104 0.378047 0.049690 0.060836
0 0.106132 0.968766 0.021129 0.017335
0 0.893818 0.558754 0.020464 0.017309
1 0.945696 0.249400 0.030291 0.017231
0 0.061373 0.988602 0.020501 0.018195
1 0.398005 0.912950 0.032916 0.024174
0 0.096737 0.894365 0.023900 0.016779
1 0.073436 0.752097 0.030394 0.042744
0 0.037548 0.982464 0.019335 0.023612
1 0.952401 0.259619 0.029398 0.015963
0 0.049160 0.948394 0.020554 0.022334
0 0.689485 0.728249 0.018392 0.018976
1 0.701501 0.763558 0.024814 0.029117
1 0.333309 0.781703 0.055294 0.036878
0 0.761530 0.944495 0.023388 0.019191
1 0.816720 0.343081 0.026510 0.029956
0 0.083081 0.978184 0.020955 0.016801
1 0.840985 0.329814 0.031801 0.034868
