1 0.602573 0.232317 0.178889 0.026583
1 0.462866 0.431623 0.171345 0.030629
1 0.550563 0.314658 0.179396 0.027166
1 0.570636 0.288829 0.174245 0.026025
1 0.363614 0.639801 0.197901 0.029542
1 0.375759 0.548062 0.208249 0.035067
1 0.577040 0.260308 0.176353 0.026388
1 0.629587 0.201459 0.184169 0.031045
1 0.642388 0.172511 0.200578 0.030563
1 0.541909 0.343175 0.170787 0.027379
1 0.424965 0.485687 0.146519 0.026492
1 0.378646 0.608860 0.193445 0.030624
1 0.348073 0.581857 0.197875 0.030885
1 0.401939 0.515435 0.171229 0.028206
1 0.313136 0.696355 0.189012 0.028221
1 0.303813 0.724196 0.194558 0.028301
1 0.459221 0.406348 0.163411 0.032224
1 0.340735 0.669936 0.194080 0.028479
