1 0.452387 0.136031 0.029904 0.018074
1 0.436346 0.115810 0.031536 0.016132
1 0.450199 0.269283 0.019989 0.022727
1 0.510853 0.250491 0.030901 0.016909
1 0.503199 0.237108 0.030624 0.015930
1 0.489432 0.215321 0.024537 0.012905
1 0.377693 0.095401 0.021267 0.023650
1 0.475563 0.830377 0.041591 0.018085
1 0.457270 0.145102 0.031744 0.017666
1 0.462054 0.809852 0.039965 0.016866
1 0.528457 0.279417 0.025740 0.014789
1 0.538873 0.220889 0.022907 0.024149
1 0.271094 0.829116 0.032470 0.021017
1 0.469940 0.186685 0.026039 0.013221
1 0.488813 0.206381 0.028033 0.015286
1 0.169010 0.638206 0.031869 0.018343
1 0.479089 0.200485 0.024018 0.013288
0 0.113190 0.889394 0.020174 0.014685
1 0.617353 0.477900 0.020494 0.021713
0 0.166830 0.913775 0.014625 0.016801
1 0.468473 0.820732 0.041745 0.019026
1 0.446697 0.128798 0.024901 0.015479
1 0.278497 0.135644 0.018417 0.021647
1 0.374982 0.991252 0.027903 0.012770
