1 0.289461 0.184576 0.135366 0.056887
1 0.652574 0.518619 0.035057 0.124305
1 0.352946 0.283989 0.034362 0.113300
1 0.265270 0.455464 0.127382 0.055510
1 0.249619 0.301887 0.038861 0.109592
1 0.590090 0.261924 0.039179 0.099875
1 0.457489 0.271512 0.041378 0.119901
1 0.493016 0.266193 0.040121 0.128981
1 0.820012 0.202536 0.043393 0.116982
1 0.422102 0.276422 0.043478 0.111581
0 0.876136 0.460802 0.025216 0.052548
1 0.216147 0.301173 0.035837 0.086212
1 0.722740 0.216389 0.046746 0.128381
1 0.411618 0.652792 0.080398 0.048439
0 0.903346 0.460609 0.030065 0.059866
1 0.721351 0.504210 0.041698 0.135674
1 0.786244 0.369044 0.114568 0.048043
0 0.297096 0.934114 0.024855 0.063532
1 0.657630 0.242569 0.039129 0.129823
0 0.410133 0.934171 0.056836 0.035246
0 0.931148 0.575548 0.065317 0.043675
1 0.684975 0.510529 0.038011 0.133746
1 0.904742 0.356172 0.118878 0.051229
1 0.243769 0.562501 0.094646 0.048422
1 0.625017 0.240158 0.037896 0.126224
1 0.691474 0.415568 0.100769 0.043051
1 0.314858 0.821936 0.033399 0.102828
1 0.472479 0.428319 0.086619 0.042443
0 0.945446 0.456763 0.037546 0.064263
0 0.822070 0.480599 0.024438 0.057480
