2 0.246901 0.555309 0.024626 0.033652
2 0.690481 0.873219 0.024230 0.024049
2 0.323223 0.559438 0.024636 0.026558
2 0.667398 0.875816 0.022206 0.029866
2 0.609681 0.480916 0.024260 0.027943
2 0.602530 0.618453 0.021764 0.024995
2 0.297925 0.558051 0.023317 0.027403
2 0.571321 0.872322 0.021536 0.024277
2 0.455755 0.476449 0.023860 0.029015
2 0.932747 0.847040 0.020379 0.018540
2 0.667111 0.283509 0.019998 0.023366
2 0.277415 0.470263 0.021140 0.025104
2 0.638667 0.483083 0.022924 0.024031
2 0.440375 0.207033 0.021533 0.022588
2 0.468891 0.108796 0.024687 0.028320
2 0.354872 0.562797 0.020783 0.023106
2 0.481769 0.566524 0.039681 0.041422
2 0.632657 0.575045 0.022892 0.027335
2 0.379257 0.474971 0.026485 0.032487
2 0.865820 0.490089 0.021477 0.026463
2 0.635487 0.283744 0.020704 0.022021
2 0.315385 0.854861 0.031230 0.032191
2 0.903810 0.532437 0.016690 0.014702
2 0.332469 0.468511 0.021887 0.024237
2 0.953459 0.216768 0.020476 0.015480
2 0.753278 0.083640 0.021593 0.033452
2 0.428851 0.866718 0.024264 0.027811
2 0.645151 0.875083 0.027034 0.031156
2 0.402997 0.473278 0.024678 0.027611
2 0.357545 0.864275 0.022692 0.027401
2 0.633224 0.214865 0.023627 0.029840
2 0.495134 0.165212 0.023009 0.022407
2 0.589494 0.212623 0.024133 0.026147
2 0.355539 0.471970 0.024581 0.029378
2 0.844050 0.803122 0.018411 0.015087
2 0.381062 0.563320 0.025488 0.031156
2 0.450570 0.866113 0.023256 0.027173
2 0.750841 0.768096 0.011469 0.013089
2 0.432089 0.474651 0.023420 0.026401
2 0.564961 0.212199 0.024690 0.026695
2 0.664356 0.482291 0.022732 0.026322
2 0.651781 0.661665 0.019670 0.016365
2 0.306619 0.471642 0.024047 0.027950
2 0.339955 0.205514 0.022767 0.027061
2 0.842077 0.549253 0.016624 0.021428
2 0.814370 0.456166 0.013084 0.018229
2 0.384302 0.273091 0.021043 0.023100
2 0.483359 0.277266 0.019358 0.022815
2 0.688297 0.486160 0.024423 0.028786
2 0.744802 0.488565 0.020298 0.023011
2 0.406230 0.566577 0.025355 0.027430
2 0.387598 0.207387 0.021214 0.025921
2 0.364303 0.205992 0.024530 0.028568
2 0.885446 0.492122 0.018880 0.021743
2 0.930530 0.821082 0.029444 0.029240
2 0.931629 0.532309 0.019726 0.016717
2 0.444269 0.079669 0.021532 0.024158
2 0.506884 0.290116 0.024032 0.025627
2 0.464802 0.206523 0.019415 0.021123
2 0.708609 0.089983 0.012860 0.016611
2 0.684853 0.574436 0.016076 0.017760
2 0.404204 0.129967 0.021654 0.020233
2 0.918239 0.571793 0.015263 0.017507
2 0.788126 0.423199 0.014666 0.016950
2 0.547213 0.871876 0.029476 0.031142
2 0.352483 0.075154 0.017638 0.019366
2 0.722643 0.487087 0.016790 0.019800
2 0.685751 0.087982 0.016144 0.019710
2 0.765121 0.487869 0.015427 0.021748
2 0.915477 0.514588 0.016010 0.015431
2 0.438141 0.277212 0.022196 0.024752
2 0.789797 0.872551 0.012607 0.011965
2 0.686562 0.362576 0.017943 0.013878
2 0.685865 0.795432 0.023617 0.028968
2 0.330215 0.074575 0.019713 0.021400
2 0.889543 0.571496 0.015831 0.019458
2 0.730964 0.092126 0.015073 0.019902
2 0.761287 0.578354 0.017663 0.020944
2 0.336471 0.271457 0.019987 0.022197
2 0.904725 0.572666 0.015496 0.020041
2 0.957088 0.185716 0.017372 0.013192
2 0.906939 0.550815 0.016388 0.013002
2 0.742550 0.578038 0.015725 0.020465
2 0.796781 0.582240 0.015277 0.017338
2 0.751048 0.781246 0.010345 0.012015
2 0.562157 0.289504 0.023013 0.027222
2 0.610996 0.282332 0.016718 0.019779
2 0.631054 0.087073 0.019444 0.020620
2 0.950675 0.272000 0.022337 0.018613
2 0.722710 0.654477 0.016551 0.019557
2 0.479799 0.827077 0.058217 0.063064
2 0.792036 0.829810 0.010757 0.010433
2 0.593037 0.659385 0.016750 0.014127
2 0.663322 0.576652 0.020656 0.026253
2 0.314895 0.206956 0.026789 0.031121
2 0.459093 0.275296 0.021900 0.026728
2 0.848823 0.456768 0.013281 0.019378
2 0.791025 0.844581 0.012796 0.012151
2 0.585659 0.481592 0.022303 0.024968
2 0.361238 0.272191 0.018785 0.020701
2 0.703654 0.574905 0.015963 0.017619
2 0.767049 0.811401 0.011141 0.012541
2 0.951415 0.244529 0.018789 0.015166
2 0.780723 0.490310 0.015279 0.021636
2 0.510448 0.209903 0.024998 0.030516
2 0.919114 0.588041 0.016316 0.015770
2 0.876887 0.610342 0.017816 0.021056
2 0.829823 0.456315 0.014387 0.020901
2 0.410508 0.273036 0.020839 0.026484
2 0.844746 0.609088 0.019054 0.022197
2 0.805613 0.634989 0.019463 0.023834
2 0.794058 0.785221 0.011070 0.010475
2 0.610115 0.214760 0.022999 0.027096
2 0.654936 0.087518 0.014945 0.020141
2 0.919807 0.602018 0.013562 0.013312
