1 0.245216 0.608279 0.102245 0.036307
1 0.251423 0.650760 0.108690 0.032147
1 0.445643 0.619357 0.089308 0.039750
1 0.446812 0.856762 0.091207 0.040127
1 0.549395 0.632693 0.087560 0.037185
1 0.484409 0.855339 0.093857 0.041689
1 0.543233 0.616556 0.086876 0.039215
1 0.550574 0.650081 0.091612 0.041835
1 0.626425 0.841185 0.112793 0.012521
1 0.259423 0.050241 0.108036 0.013143
1 0.575873 0.788623 0.110032 0.011973
1 0.444558 0.635186 0.087260 0.040232
1 0.877174 0.360631 0.032595 0.046675
1 0.251389 0.636017 0.110082 0.030917
1 0.408235 0.858347 0.088947 0.037546
1 0.587112 0.695718 0.030400 0.047020
1 0.694389 0.190027 0.026294 0.044042
1 0.431003 0.024492 0.039823 0.046455
1 0.798354 0.194652 0.033822 0.048483
1 0.711198 0.368029 0.029618 0.045388
1 0.261893 0.130059 0.098827 0.012890
1 0.741214 0.365978 0.030379 0.046103
1 0.771898 0.363476 0.032227 0.045722
1 0.731121 0.192542 0.031187 0.047673
1 0.842544 0.359842 0.028329 0.046619
1 0.264429 0.074807 0.117642 0.009929
1 0.403602 0.857417 0.086405 0.038734
1 0.249027 0.621725 0.107653 0.034114
1 0.645703 0.019767 0.029384 0.038939
1 0.367539 0.857650 0.091470 0.038839
1 0.618212 0.815504 0.111960 0.011811
1 0.360918 0.855579 0.085280 0.038925
