1 0.599124 0.798349 0.120259 0.046618
1 0.480371 0.651107 0.118360 0.042890
1 0.158229 0.229549 0.128104 0.047417
1 0.863283 0.122221 0.117379 0.039358
1 0.840440 0.483500 0.116927 0.038886
1 0.502286 0.321015 0.113787 0.038621
1 0.261313 0.448577 0.115670 0.043389
1 0.823397 0.646055 0.119661 0.038909
1 0.502215 0.339666 0.117889 0.041293
1 0.488789 0.754424 0.125124 0.046621
1 0.845780 0.363159 0.119657 0.039337
1 0.230998 0.931798 0.129068 0.048261
1 0.809358 0.864318 0.115961 0.041586
1 0.614262 0.303062 0.108698 0.039863
1 0.267249 0.348471 0.125061 0.046799
1 0.851558 0.144225 0.125428 0.038554
1 0.143390 0.325248 0.127360 0.047902
1 0.607336 0.438624 0.113342 0.041535
1 0.840694 0.659832 0.118515 0.040447
1 0.827343 0.408974 0.121058 0.038194
1 0.835197 0.620872 0.121250 0.039257
1 0.262763 0.226984 0.131736 0.046439
1 0.497426 0.399651 0.115517 0.041217
1 0.819269 0.586828 0.123016 0.040356
1 0.256188 0.528783 0.122796 0.045449
1 0.845716 0.501033 0.119243 0.039713
1 0.278924 0.273220 0.128062 0.046015
1 0.818763 0.607315 0.120743 0.039444
1 0.150359 0.408482 0.132500 0.048390
1 0.122144 0.937144 0.123058 0.047601
1 0.613599 0.321826 0.108727 0.039059
1 0.250637 0.466167 0.122585 0.046601
1 0.606086 0.476523 0.113320 0.040639
1 0.144257 0.247531 0.133199 0.045756
1 0.501384 0.439364 0.114640 0.039842
1 0.251354 0.604450 0.126174 0.046618
1 0.140634 0.524610 0.128459 0.045242
1 0.251604 0.545932 0.127707 0.045607
1 0.507898 0.264024 0.110403 0.039296
1 0.834410 0.348135 0.116848 0.040326
1 0.502794 0.360123 0.117255 0.041059
1 0.827868 0.388242 0.123085 0.037583
1 0.253430 0.566702 0.128122 0.046637
1 0.598222 0.753997 0.133996 0.045903
1 0.834207 0.170201 0.124836 0.040215
1 0.498454 0.496869 0.122216 0.043490
1 0.614066 0.382251 0.107360 0.040613
1 0.838665 0.210506 0.120735 0.042386
1 0.595310 0.633132 0.115086 0.043592
1 0.255093 0.364940 0.122443 0.045038
1 0.818462 0.529492 0.124264 0.040078
1 0.143883 0.487330 0.123408 0.046392
1 0.509644 0.245578 0.128056 0.044717
1 0.513274 0.164786 0.131592 0.046593
1 0.241916 0.759963 0.131939 0.047482
1 0.129668 0.618907 0.121751 0.043772
1 0.248634 0.642605 0.126342 0.045366
1 0.252507 0.586251 0.126083 0.046730
1 0.619543 0.285881 0.117322 0.043609
1 0.131057 0.758942 0.125443 0.047199
1 0.126687 0.853571 0.121594 0.045009
1 0.845938 0.421584 0.118583 0.040613
1 0.831162 0.328959 0.120941 0.039712
1 0.832477 0.289344 0.124554 0.038919
1 0.507331 0.282768 0.110002 0.039288
1 0.609941 0.340147 0.110800 0.041928
1 0.514059 0.185801 0.127414 0.046803
1 0.499667 0.578089 0.121644 0.041706
1 0.156393 0.288759 0.125700 0.044763
1 0.511154 0.205832 0.129853 0.047443
1 0.123537 0.679209 0.127539 0.045787
1 0.247344 0.801469 0.131569 0.046058
1 0.604915 0.777923 0.125892 0.044423
1 0.246979 0.302269 0.116184 0.047010
1 0.631463 0.230367 0.123389 0.046445
1 0.491617 0.594803 0.123639 0.044771
1 0.238409 0.957215 0.126774 0.046403
1 0.145564 0.304837 0.124419 0.046476
1 0.488687 0.614109 0.120588 0.042192
1 0.822964 0.723493 0.117517 0.040827
1 0.609563 0.420013 0.111449 0.041013
1 0.499870 0.299530 0.114539 0.041240
1 0.265477 0.428839 0.117370 0.042050
1 0.602774 0.596487 0.119219 0.044365
1 0.125240 0.915623 0.124560 0.045936
1 0.842708 0.873028 0.092948 0.033013
1 0.501027 0.518418 0.120040 0.041836
1 0.146329 0.448026 0.124414 0.045850
1 0.832415 0.192723 0.118848 0.043283
1 0.236978 0.817616 0.126057 0.044278
1 0.512427 0.226664 0.129603 0.044737
1 0.268140 0.409005 0.126941 0.046472
1 0.499402 0.476933 0.122245 0.043549
1 0.135087 0.639623 0.128517 0.046694
1 0.834711 0.231261 0.122216 0.042783
1 0.823789 0.312249 0.120293 0.040487
1 0.246429 0.704000 0.130772 0.046401
1 0.262042 0.247486 0.129200 0.046288
1 0.246905 0.682004 0.129297 0.048079
1 0.251585 0.624727 0.126112 0.046792
1 0.122764 0.815040 0.124345 0.044349
1 0.141758 0.426680 0.133484 0.046378
1 0.130812 0.600426 0.121580 0.044205
1 0.834883 0.269839 0.123588 0.040444
1 0.250683 0.662642 0.123599 0.045477
1 0.240051 0.779700 0.127739 0.046731
1 0.622347 0.246843 0.124962 0.047581
1 0.148055 0.364577 0.126615 0.047049
1 0.496839 0.418680 0.111894 0.040833
1 0.816846 0.763532 0.124612 0.040932
1 0.502111 0.380854 0.116557 0.041461
1 0.828813 0.780654 0.115961 0.041853
1 0.850649 0.244419 0.124652 0.039423
1 0.621925 0.267321 0.121099 0.044726
1 0.131699 0.581643 0.121705 0.044003
1 0.491242 0.715119 0.139765 0.049078
1 0.133809 0.562799 0.122899 0.044791
1 0.127785 0.719624 0.121849 0.044053
1 0.120788 0.890660 0.119506 0.046446
1 0.127606 0.738114 0.121863 0.044841
1 0.237643 0.836893 0.126574 0.046035
1 0.832944 0.738511 0.121003 0.041790
1 0.135781 0.664005 0.128339 0.045378
1 0.147584 0.468928 0.121757 0.044442
1 0.609172 0.399766 0.111008 0.042261
1 0.138121 0.543738 0.126051 0.045376
1 0.147624 0.386351 0.130248 0.047851
1 0.243271 0.723507 0.124356 0.046844
1 0.486553 0.633482 0.123863 0.043798
1 0.830139 0.547057 0.117744 0.042025
1 0.232709 0.912069 0.126868 0.045761
