1 0.415778 0.682140 0.194417 0.118067
1 0.794651 0.315051 0.189789 0.110014
1 0.296611 0.519253 0.189131 0.119079
1 0.758912 0.279354 0.192785 0.109860
1 0.729345 0.240159 0.191416 0.110187
1 0.113351 0.338495 0.192059 0.110541
1 0.144731 0.375232 0.191741 0.111060
1 0.263417 0.482988 0.192947 0.115341
1 0.485062 0.759347 0.190624 0.123066
1 0.703756 0.200614 0.192354 0.112102
1 0.407861 0.631439 0.190354 0.119252
1 0.370250 0.595541 0.189614 0.120074
1 0.200787 0.407574 0.190069 0.118395
1 0.846333 0.397290 0.190772 0.116250
1 0.234060 0.445768 0.189370 0.120633
1 0.595461 0.090882 0.189705 0.112669
1 0.333565 0.559169 0.189273 0.120345
1 0.667590 0.164042 0.190066 0.112959
0 0.129755 0.922914 0.084104 0.073238
1 0.287714 0.309995 0.165361 0.141706
0 0.905690 0.445606 0.080256 0.063415
1 0.509460 0.805845 0.192789 0.122397
1 0.821043 0.354709 0.193701 0.111791
