1 0.242837 0.426702 0.056926 0.048379
1 0.797184 0.725192 0.045247 0.040632
1 0.779035 0.144544 0.060828 0.053445
1 0.187047 0.521428 0.056627 0.048665
1 0.188604 0.589990 0.057596 0.048451
1 0.378913 0.620053 0.054127 0.047251
1 0.753780 0.146856 0.055897 0.050104
1 0.377044 0.807451 0.056724 0.048098
1 0.189252 0.728379 0.056301 0.048241
1 0.186260 0.427905 0.056884 0.047902
1 0.728428 0.148410 0.062260 0.054624
1 0.188020 0.402411 0.061244 0.047380
1 0.247904 0.608087 0.054905 0.047728
1 0.374538 0.369300 0.055868 0.047290
1 0.190995 0.565822 0.058776 0.050159
1 0.374740 0.784987 0.057899 0.047593
1 0.241570 0.290097 0.053759 0.047119
1 0.190546 0.797499 0.055351 0.048259
1 0.191924 0.750202 0.056101 0.051223
1 0.428711 0.854185 0.053565 0.048332
1 0.425553 0.509476 0.052324 0.049775
1 0.241340 0.685904 0.055581 0.046450
1 0.696927 0.096465 0.062143 0.052463
1 0.435145 0.872902 0.054400 0.049586
1 0.189956 0.472710 0.055869 0.048358
1 0.190521 0.612345 0.057770 0.050913
1 0.186143 0.452183 0.056027 0.046553
1 0.380084 0.897281 0.055398 0.048009
1 0.427698 0.718163 0.056244 0.048677
1 0.187399 0.544618 0.057985 0.050244
1 0.332972 0.102077 0.058009 0.047692
1 0.237875 0.522809 0.055522 0.050215
1 0.371576 0.157444 0.056036 0.047125
1 0.238513 0.546817 0.054410 0.049197
1 0.427952 0.740690 0.057863 0.047880
1 0.378171 0.527504 0.058117 0.047787
1 0.187724 0.496632 0.057924 0.048875
1 0.253032 0.697089 0.054363 0.049397
1 0.429021 0.925786 0.054062 0.047154
1 0.239741 0.755112 0.053370 0.048830
1 0.249420 0.629899 0.055696 0.048805
1 0.426100 0.764952 0.059081 0.047281
1 0.247536 0.655039 0.057307 0.047437
1 0.784089 0.713924 0.052524 0.046902
1 0.382693 0.479125 0.054646 0.047744
1 0.679278 0.149862 0.057365 0.050953
1 0.375637 0.736655 0.056903 0.047794
1 0.376716 0.760395 0.056728 0.047977
1 0.237524 0.478184 0.055311 0.047800
1 0.383585 0.918868 0.056449 0.049748
1 0.739558 0.720984 0.057051 0.050055
1 0.374426 0.554604 0.056236 0.047890
1 0.910951 0.698920 0.049978 0.013499
1 0.234969 0.503093 0.055137 0.048222
1 0.629645 0.152926 0.053421 0.047765
1 0.426578 0.812155 0.055783 0.048760
0 0.882914 0.052284 0.029416 0.024691
1 0.377119 0.854768 0.055962 0.048936
1 0.245298 0.587110 0.054260 0.048158
1 0.193107 0.820166 0.056844 0.049576
1 0.378512 0.829165 0.057827 0.050724
1 0.410249 0.146572 0.055133 0.048810
1 0.242766 0.776521 0.056381 0.050351
1 0.339808 0.154587 0.052040 0.045860
1 0.375628 0.736932 0.055822 0.045877
1 0.427547 0.787625 0.057309 0.049218
1 0.131581 0.357217 0.033995 0.055621
1 0.380254 0.944381 0.054623 0.048310
1 0.727534 0.708597 0.045572 0.036609
1 0.385754 0.148989 0.052730 0.050950
