1 0.186012 0.631326 0.041744 0.026185
1 0.424905 0.505302 0.033283 0.030487
1 0.524370 0.214273 0.045560 0.017444
1 0.282451 0.825748 0.045909 0.016606
1 0.333488 0.562292 0.034242 0.030891
1 0.581249 0.221265 0.041367 0.026424
1 0.393950 0.598038 0.036182 0.031688
1 0.472280 0.585271 0.034329 0.030007
1 0.572307 0.230111 0.042432 0.026646
1 0.434703 0.399837 0.036002 0.030293
1 0.345435 0.627975 0.033911 0.029252
1 0.203610 0.447005 0.035196 0.031139
1 0.178790 0.482839 0.043484 0.022362
1 0.260666 0.521787 0.036309 0.031485
1 0.583269 0.156499 0.046236 0.017779
1 0.407848 0.440719 0.034508 0.031652
1 0.290840 0.844905 0.046729 0.018174
1 0.290326 0.699238 0.039120 0.026521
1 0.338859 0.363710 0.035451 0.031651
1 0.329657 0.409975 0.036220 0.031480
1 0.317609 0.499368 0.034862 0.031061
1 0.232576 0.417398 0.036313 0.031920
1 0.711115 0.223644 0.035841 0.029940
1 0.145941 0.515998 0.040396 0.023980
1 0.509381 0.440720 0.037093 0.028612
1 0.355662 0.632561 0.034071 0.030693
1 0.543066 0.514381 0.034703 0.032025
1 0.219653 0.625342 0.039589 0.027833
1 0.267431 0.581250 0.037051 0.031347
1 0.224841 0.555534 0.035075 0.030835
1 0.731206 0.234299 0.035202 0.032129
1 0.234726 0.833936 0.045220 0.013834
1 0.183646 0.889026 0.015416 0.033286
1 0.398464 0.655591 0.032503 0.030737
1 0.305060 0.852084 0.042160 0.022174
1 0.134454 0.886002 0.017415 0.034343
1 0.362056 0.377244 0.035836 0.031340
1 0.219380 0.891337 0.014196 0.032325
1 0.613790 0.189041 0.039864 0.024830
1 0.486619 0.428303 0.036280 0.030530
1 0.273363 0.392033 0.035833 0.030269
1 0.231588 0.892248 0.015360 0.033487
1 0.187355 0.858593 0.049655 0.012771
1 0.286612 0.835400 0.044613 0.017057
1 0.153842 0.508302 0.043053 0.024181
1 0.415037 0.608941 0.036550 0.029909
1 0.793498 0.270455 0.038269 0.034548
1 0.195344 0.890131 0.014419 0.033241
1 0.486139 0.539594 0.035587 0.030537
1 0.530393 0.204951 0.048352 0.017265
1 0.138391 0.852853 0.045511 0.009686
1 0.172361 0.490750 0.043630 0.023388
1 0.309403 0.870285 0.040648 0.022181
1 0.631900 0.174378 0.041356 0.025371
1 0.237416 0.844848 0.046462 0.013831
1 0.409046 0.550311 0.033928 0.030822
1 0.258065 0.894459 0.015748 0.034957
1 0.207395 0.890670 0.014218 0.032397
1 0.466084 0.417993 0.035707 0.031032
1 0.435273 0.620318 0.035273 0.031816
1 0.159164 0.888208 0.014112 0.033077
1 0.188379 0.835088 0.045217 0.010019
1 0.170914 0.888325 0.015440 0.033634
1 0.985295 0.371493 0.029409 0.021255
1 0.192988 0.622752 0.037389 0.025246
1 0.475422 0.532917 0.034814 0.030592
1 0.519651 0.446005 0.036531 0.032520
0 0.064695 0.696607 0.017030 0.014193
0 0.027257 0.675863 0.017821 0.014500
1 0.232546 0.861951 0.046413 0.009783
1 0.237363 0.560783 0.035463 0.030850
1 0.245327 0.893951 0.014966 0.034427
1 0.334416 0.867409 0.035616 0.029809
1 0.185780 0.845240 0.048922 0.011274
1 0.429381 0.563611 0.034760 0.031213
0 0.803032 0.203391 0.017838 0.015251
1 0.122997 0.444693 0.024411 0.020238
1 0.263263 0.386561 0.034443 0.029821
1 0.387894 0.649844 0.035295 0.031111
0 0.151154 0.656264 0.021225 0.015940
0 0.177709 0.694254 0.016134 0.014142
0 0.155454 0.705167 0.017691 0.013812
1 0.622500 0.181220 0.038777 0.024174
1 0.480863 0.481773 0.036038 0.030791
1 0.989033 0.405349 0.021933 0.016763
0 0.195188 0.682452 0.016056 0.013231
1 0.692144 0.207736 0.041353 0.037140
0 0.788887 0.199712 0.017266 0.015116
0 0.245808 0.735016 0.015886 0.013642
0 0.130635 0.215750 0.019207 0.013044
1 0.460603 0.469250 0.036585 0.030519
0 0.214838 0.728065 0.015283 0.013147
1 0.598941 0.204888 0.041680 0.026710
1 0.982323 0.410391 0.027859 0.018679
1 0.606171 0.198206 0.042276 0.025918
0 0.206241 0.733059 0.016848 0.013736
0 0.205194 0.675385 0.016477 0.014360
0 0.184619 0.047484 0.014315 0.013561
0 0.214804 0.671349 0.016156 0.013484
1 0.250528 0.674806 0.037879 0.029506
0 0.833645 0.217625 0.021487 0.016801
0 0.727036 0.384646 0.025384 0.020858
