1 0.904599 0.251469 0.036664 0.036229
1 0.624513 0.315124 0.043274 0.022408
1 0.359365 0.439788 0.027379 0.041549
1 0.889795 0.255408 0.036648 0.038007
1 0.948904 0.236660 0.038375 0.033649
1 0.677574 0.632396 0.027737 0.042048
1 0.682815 0.299566 0.042261 0.020090
1 0.457271 0.414136 0.027712 0.040661
1 0.621714 0.672934 0.026188 0.039111
1 0.501839 0.743096 0.027416 0.042427
1 0.466175 0.452271 0.028427 0.042355
1 0.647730 0.365810 0.030930 0.040772
1 0.597079 0.714561 0.028571 0.042898
1 0.365263 0.458859 0.029763 0.042029
1 0.327534 0.444291 0.030212 0.043110
1 0.424672 0.416768 0.030576 0.042098
1 0.340720 0.503534 0.029891 0.042443
1 0.615104 0.367667 0.029059 0.042705
1 0.574876 0.619556 0.027651 0.041839
1 0.353083 0.558750 0.029515 0.043440
1 0.657857 0.399510 0.028471 0.038104
1 0.452458 0.530648 0.028041 0.042567
1 0.641826 0.478595 0.028497 0.043066
1 0.505291 0.787438 0.041387 0.029242
1 0.633508 0.439960 0.028232 0.042246
1 0.377471 0.516539 0.028386 0.040861
1 0.552357 0.388034 0.027248 0.043463
1 0.809645 0.278690 0.035139 0.036013
1 0.501748 0.603933 0.028382 0.041662
1 0.369371 0.477108 0.027619 0.040887
1 0.525766 0.409570 0.028272 0.040085
1 0.316706 0.695808 0.027279 0.044739
1 0.580397 0.660972 0.030567 0.042578
1 0.481936 0.665988 0.031732 0.043047
1 0.469294 0.606947 0.029663 0.044625
1 0.527866 0.432472 0.028659 0.043257
1 0.695884 0.685598 0.027882 0.044452
1 0.163903 0.496283 0.028092 0.041699
1 0.552524 0.523990 0.027289 0.040827
1 0.716816 0.733012 0.034307 0.017543
1 0.278470 0.682665 0.028625 0.043230
1 0.476340 0.648462 0.029299 0.043205
1 0.624445 0.691554 0.025581 0.042492
1 0.163650 0.631502 0.027518 0.038447
1 0.147287 0.579155 0.028057 0.042642
1 0.670787 0.455860 0.026393 0.040974
1 0.653101 0.381981 0.029883 0.041454
1 0.331983 0.751721 0.025838 0.039778
1 0.474332 0.490277 0.027419 0.040048
1 0.574135 0.483522 0.025868 0.040093
1 0.686315 0.670344 0.027947 0.043783
1 0.482677 0.530268 0.026236 0.040334
1 0.557516 0.408362 0.027944 0.040687
1 0.683116 0.651668 0.026173 0.040996
1 0.602962 0.596337 0.025590 0.039613
1 0.619831 0.384817 0.028467 0.042017
1 0.236396 0.799617 0.025960 0.041687
1 0.209150 0.824947 0.025522 0.041935
1 0.876154 0.260695 0.037061 0.036298
1 0.564694 0.582821 0.028678 0.044565
1 0.697016 0.572138 0.027715 0.040875
1 0.382531 0.535941 0.027476 0.038839
1 0.674830 0.475738 0.025985 0.040211
1 0.171307 0.673909 0.027865 0.042182
1 0.158009 0.615244 0.025990 0.042390
1 0.332910 0.462497 0.028714 0.041269
1 0.699371 0.591832 0.029255 0.040977
1 0.691590 0.553174 0.029334 0.042213
1 0.597938 0.577112 0.027059 0.041709
1 0.688604 0.533414 0.027926 0.043347
1 0.308861 0.655738 0.025803 0.040996
1 0.307444 0.793923 0.028600 0.041182
1 0.490232 0.543242 0.023937 0.034081
1 0.529463 0.719147 0.027662 0.040534
1 0.471961 0.629048 0.029531 0.042185
1 0.376472 0.654704 0.028987 0.041412
1 0.514883 0.662948 0.026821 0.042847
1 0.461567 0.434260 0.027852 0.039871
1 0.466363 0.588945 0.029486 0.044793
1 0.714462 0.643831 0.023399 0.038008
1 0.529210 0.720383 0.028667 0.041757
1 0.932120 0.240019 0.038148 0.034080
1 0.486221 0.684978 0.029559 0.042480
1 0.639182 0.457911 0.027706 0.041345
1 0.386651 0.692045 0.028498 0.041313
1 0.693483 0.770893 0.043595 0.021800
1 0.588119 0.676530 0.029093 0.041725
1 0.706405 0.607488 0.027169 0.039449
1 0.275567 0.523397 0.027818 0.040950
1 0.682081 0.515649 0.026692 0.039355
1 0.542573 0.486445 0.029390 0.043394
1 0.660614 0.419000 0.027291 0.042571
1 0.559786 0.565698 0.030417 0.042865
1 0.283921 0.697632 0.027347 0.045078
1 0.429909 0.435734 0.027492 0.042912
1 0.616007 0.655969 0.025806 0.041369
1 0.165825 0.654893 0.027791 0.040403
1 0.337168 0.480622 0.029168 0.041621
1 0.497739 0.584900 0.027179 0.043706
1 0.593401 0.559463 0.024326 0.038579
0 0.017439 0.048976 0.011916 0.020140
1 0.579390 0.639371 0.029589 0.042044
1 0.459323 0.547831 0.025336 0.037121
1 0.838217 0.269921 0.039765 0.035144
1 0.629856 0.421127 0.026572 0.042537
1 0.757325 0.296446 0.032723 0.041191
1 0.578652 0.502054 0.026849 0.040087
0 0.661226 0.857496 0.010537 0.019096
0 0.690237 0.870832 0.008401 0.017520
1 0.359017 0.577170 0.027949 0.042740
1 0.536267 0.339597 0.042218 0.021912
1 0.680938 0.490089 0.023806 0.033825
1 0.471315 0.471681 0.026121 0.040955
0 0.754553 0.789909 0.012707 0.023196
1 0.398614 0.749875 0.026645 0.043274
0 0.007178 0.050571 0.011761 0.021452
1 0.189184 0.749920 0.027769 0.041838
0 0.685473 0.851832 0.010503 0.018768
1 0.917664 0.245290 0.036051 0.035728
0 0.704297 0.801541 0.008917 0.019695
1 0.368064 0.614265 0.028948 0.038613
1 0.567050 0.440912 0.024513 0.033961
1 0.682653 0.299427 0.042074 0.019814
0 0.832345 0.827336 0.012088 0.020829
1 0.582896 0.521954 0.024370 0.036937
0 0.715153 0.863688 0.009174 0.018782
1 0.271790 0.641508 0.029332 0.041129
1 0.386136 0.555531 0.029592 0.046636
0 0.858722 0.823153 0.009796 0.017994
1 0.648184 0.497255 0.027750 0.041054
1 0.576404 0.328009 0.041381 0.022730
0 0.760068 0.831042 0.011002 0.019348
0 0.702063 0.845599 0.011133 0.019394
0 0.651522 0.858426 0.010129 0.019094
0 0.853620 0.867397 0.011812 0.022181
0 0.747868 0.852906 0.009934 0.018393
0 0.740706 0.899083 0.011899 0.019938
1 0.768425 0.288321 0.034517 0.040077
1 0.656356 0.535120 0.028763 0.042462
1 0.565889 0.443808 0.027190 0.040716
