1 0.428142 0.713035 0.028635 0.044214
1 0.446235 0.510486 0.037723 0.018102
1 0.097849 0.316338 0.036690 0.018321
1 0.099749 0.288027 0.035478 0.018140
1 0.446325 0.495660 0.036340 0.017660
1 0.448485 0.453518 0.035266 0.017607
1 0.447292 0.481916 0.036549 0.018463
1 0.541567 0.766227 0.010733 0.080048
1 0.427453 0.605757 0.028589 0.017385
1 0.094797 0.358551 0.034578 0.019133
1 0.158666 0.530123 0.031363 0.033761
1 0.376960 0.501635 0.037331 0.018231
1 0.381488 0.654663 0.010819 0.055858
1 0.191134 0.455927 0.013102 0.078873
1 0.271482 0.464628 0.012519 0.077518
1 0.509862 0.676048 0.010896 0.079307
1 0.378465 0.473054 0.037428 0.018139
1 0.806636 0.677717 0.010415 0.055475
1 0.388621 0.179918 0.009804 0.052365
1 0.338526 0.496965 0.034838 0.017383
1 0.092409 0.386991 0.035270 0.018258
1 0.281780 0.296408 0.011404 0.077208
1 0.281955 0.610548 0.010777 0.057117
1 0.809217 0.241252 0.009617 0.055924
1 0.391264 0.300382 0.032391 0.017721
1 0.354270 0.651066 0.009743 0.054696
1 0.270817 0.161291 0.010410 0.056652
1 0.816134 0.678755 0.009926 0.054526
1 0.627172 0.215524 0.010725 0.053743
1 0.691597 0.224458 0.009422 0.054564
1 0.308430 0.637209 0.010163 0.052763
1 0.773443 0.234509 0.010155 0.054756
1 0.344620 0.650629 0.009925 0.055204
1 0.523022 0.200469 0.011079 0.051326
1 0.326277 0.646384 0.009454 0.053318
1 0.448242 0.467982 0.035514 0.016038
1 0.379305 0.458932 0.037499 0.017296
1 0.415015 0.184359 0.011512 0.055494
1 0.339992 0.467753 0.035495 0.018540
1 0.338340 0.481676 0.034945 0.018202
1 0.271681 0.295514 0.011612 0.077025
1 0.745419 0.232314 0.009901 0.053191
1 0.764103 0.234315 0.009700 0.054144
1 0.827383 0.243794 0.009369 0.056542
1 0.335362 0.647918 0.010026 0.054923
1 0.726870 0.229357 0.009473 0.056664
1 0.709556 0.225790 0.009348 0.053931
1 0.800129 0.240541 0.009470 0.056026
1 0.202119 0.288195 0.012090 0.078512
1 0.469252 0.192633 0.009342 0.053454
1 0.682131 0.223546 0.009646 0.055392
1 0.249890 0.461374 0.012811 0.081212
1 0.396871 0.180259 0.009505 0.053019
1 0.289347 0.165562 0.009743 0.053665
1 0.441568 0.186471 0.010569 0.054363
1 0.478160 0.193498 0.008973 0.052378
1 0.338217 0.510195 0.035786 0.017936
1 0.240056 0.460363 0.013621 0.080796
1 0.863988 0.249513 0.009682 0.054552
1 0.325618 0.170586 0.009253 0.054917
1 0.882454 0.254379 0.009991 0.054269
1 0.672965 0.221570 0.009667 0.054819
1 0.790818 0.238473 0.009950 0.053949
1 0.201579 0.457640 0.013279 0.081395
1 0.176571 0.367688 0.012067 0.077727
1 0.385163 0.387448 0.028873 0.016247
1 0.375854 0.515589 0.035475 0.017022
1 0.825544 0.680461 0.009486 0.051708
1 0.654562 0.219274 0.009452 0.051931
1 0.700471 0.225228 0.009383 0.054685
1 0.531421 0.765109 0.010188 0.080352
1 0.527431 0.692664 0.010712 0.049333
1 0.166048 0.196459 0.051000 0.042603
1 0.391665 0.286957 0.031435 0.016047
1 0.375814 0.529682 0.035890 0.018004
1 0.281292 0.465651 0.011916 0.079012
1 0.591658 0.243542 0.029108 0.014796
1 0.500175 0.674131 0.010152 0.079264
1 0.460456 0.190774 0.009511 0.053175
1 0.211785 0.290221 0.012342 0.080162
1 0.352322 0.175189 0.009604 0.054372
1 0.563512 0.239898 0.023098 0.014106
1 0.096767 0.343587 0.037566 0.017265
1 0.153446 0.409477 0.012379 0.082608
1 0.846107 0.245929 0.009190 0.054385
1 0.873189 0.251287 0.009912 0.055227
1 0.645383 0.218477 0.009461 0.051888
1 0.389317 0.357538 0.028296 0.016622
1 0.494549 0.775585 0.009241 0.049406
1 0.191874 0.285581 0.011750 0.077953
1 0.550144 0.766219 0.009975 0.079827
1 0.364017 0.310607 0.023148 0.016818
1 0.755053 0.233479 0.009916 0.053019
1 0.444368 0.536296 0.037309 0.016056
1 0.378220 0.487877 0.037647 0.016655
1 0.663510 0.220879 0.009218 0.054274
1 0.522899 0.764538 0.010726 0.079168
1 0.292109 0.299399 0.011568 0.077213
1 0.298729 0.167132 0.009707 0.052283
1 0.979936 0.724608 0.034136 0.016184
1 0.149519 0.322904 0.012482 0.082376
1 0.513136 0.762596 0.011034 0.080405
1 0.370782 0.177395 0.009706 0.053314
1 0.307820 0.168578 0.009550 0.052104
1 0.571914 0.698756 0.008760 0.054520
1 0.390056 0.272386 0.037423 0.015572
1 0.444739 0.525416 0.035581 0.017207
