1 0.253155 0.576843 0.044034 0.050162
1 0.164331 0.667394 0.044853 0.053498
1 0.428708 0.400914 0.044178 0.051782
1 0.192878 0.475196 0.042894 0.051434
1 0.315163 0.676665 0.044787 0.049610
1 0.243921 0.561691 0.043275 0.049716
1 0.120993 0.594087 0.044224 0.049503
1 0.104092 0.567126 0.039199 0.050864
1 0.508444 0.205981 0.027609 0.066139
1 0.130456 0.608850 0.042071 0.050839
1 0.702258 0.107306 0.026536 0.064943
1 0.209081 0.504414 0.043589 0.050671
1 0.654010 0.132260 0.025601 0.063835
1 0.472116 0.223667 0.026782 0.065564
1 0.235888 0.546502 0.042684 0.050699
1 0.195400 0.753291 0.042301 0.049249
1 0.484255 0.216819 0.026430 0.063894
1 0.209931 0.356844 0.025921 0.064584
1 0.713986 0.101174 0.026651 0.063252
1 0.305491 0.662382 0.043570 0.050558
1 0.689976 0.114762 0.027240 0.065479
1 0.113447 0.578661 0.040657 0.047091
1 0.518172 0.695200 0.040161 0.063366
1 0.436963 0.413786 0.044672 0.050595
1 0.269774 0.604637 0.043968 0.050546
1 0.680840 0.353926 0.060732 0.068437
1 0.495702 0.210456 0.024467 0.062140
1 0.460114 0.230107 0.025520 0.064811
1 0.257838 0.332860 0.026755 0.065533
1 0.785601 0.065106 0.026973 0.063831
1 0.852242 0.488786 0.043382 0.049976
1 0.197313 0.363838 0.025712 0.063999
1 0.353016 0.284805 0.026737 0.064435
1 0.340138 0.290263 0.026246 0.064087
1 0.653150 0.312321 0.060849 0.070337
1 0.519712 0.199853 0.026334 0.064678
1 0.218314 0.519123 0.042543 0.050773
1 0.688980 0.368584 0.059724 0.067045
1 0.077097 0.422691 0.026987 0.066230
1 0.811683 0.235162 0.060706 0.066464
1 0.812223 0.533592 0.044274 0.053529
1 0.628432 0.143745 0.025785 0.062313
1 0.466725 0.637506 0.054966 0.084284
1 0.750810 0.302346 0.058732 0.068417
1 0.528566 0.680998 0.038906 0.060789
1 0.232170 0.343203 0.026670 0.065223
1 0.558859 0.656883 0.036910 0.055305
1 0.758957 0.318691 0.059607 0.068861
1 0.712938 0.246073 0.062192 0.069958
1 0.270939 0.328982 0.026619 0.064947
1 0.181681 0.696274 0.045341 0.054013
1 0.221160 0.351298 0.026393 0.063961
1 0.173012 0.374968 0.025727 0.061025
1 0.639207 0.446787 0.058971 0.072738
1 0.423552 0.246976 0.026168 0.064499
1 0.442598 0.773265 0.019478 0.039783
1 0.452090 0.788705 0.020879 0.039819
1 0.160814 0.380372 0.026008 0.064183
1 0.377025 0.272294 0.026298 0.066207
1 0.097366 0.548845 0.038176 0.044756
1 0.720381 0.262033 0.059794 0.069520
1 0.673081 0.337629 0.060255 0.068434
1 0.189776 0.710249 0.045736 0.052963
1 0.771198 0.578267 0.041360 0.051210
0 0.976889 0.632208 0.019687 0.023116
1 0.245334 0.337638 0.028321 0.068248
1 0.329202 0.296731 0.025956 0.066825
1 0.341902 0.635976 0.031936 0.049342
1 0.295391 0.559928 0.034071 0.051054
1 0.792988 0.636533 0.065279 0.073548
1 0.251333 0.486162 0.038455 0.061258
1 0.802178 0.223664 0.062360 0.070207
1 0.448038 0.234408 0.026196 0.064313
1 0.305174 0.545472 0.034485 0.051232
1 0.742146 0.288135 0.059718 0.069759
1 0.462256 0.804393 0.019402 0.040835
1 0.774229 0.073550 0.028490 0.064753
1 0.428755 0.518173 0.034282 0.050791
1 0.089524 0.418345 0.026465 0.063459
1 0.137833 0.623963 0.043033 0.051884
1 0.147326 0.638524 0.043644 0.053351
1 0.279320 0.619101 0.044155 0.050922
1 0.580622 0.168707 0.027962 0.065080
1 0.435858 0.241902 0.024984 0.062724
1 0.568670 0.639728 0.038853 0.058907
0 0.965343 0.610982 0.018075 0.022602
1 0.198697 0.724615 0.045535 0.052788
1 0.798242 0.059795 0.028691 0.061418
1 0.590340 0.379913 0.063100 0.071311
1 0.204514 0.767143 0.040159 0.045940
1 0.067865 0.509150 0.044829 0.053444
1 0.261580 0.590710 0.043154 0.051751
1 0.281705 0.320762 0.025028 0.063683
1 0.914692 0.503636 0.061882 0.069308
1 0.619046 0.419726 0.059994 0.071574
1 0.380550 0.439328 0.034116 0.048890
1 0.617235 0.150107 0.026125 0.062635
0 0.928469 0.818743 0.018295 0.023787
1 0.226477 0.532538 0.042864 0.051297
1 0.611373 0.404895 0.062042 0.071013
1 0.148489 0.384065 0.025775 0.064876
1 0.086532 0.536488 0.042024 0.052402
1 0.123710 0.394810 0.026752 0.064160
1 0.665561 0.127441 0.025849 0.064210
1 0.500537 0.529992 0.038981 0.058189
1 0.663899 0.323137 0.063248 0.069211
1 0.184302 0.368154 0.025502 0.063531
1 0.317417 0.301657 0.026535 0.064126
1 0.800107 0.652964 0.062060 0.067866
1 0.054338 0.500396 0.034803 0.043187
1 0.309261 0.494629 0.033577 0.046339
1 0.532600 0.492754 0.039202 0.056915
1 0.535851 0.586109 0.040045 0.059964
1 0.531782 0.195716 0.026825 0.064484
1 0.737218 0.090036 0.027495 0.063702
1 0.387951 0.265082 0.026398 0.064556
1 0.415031 0.748068 0.025822 0.033410
1 0.865440 0.428442 0.061192 0.071528
1 0.604930 0.156555 0.026616 0.063352
1 0.820400 0.248137 0.058177 0.064740
1 0.294096 0.314068 0.025746 0.064695
1 0.697255 0.383842 0.060928 0.070967
0 0.957855 0.636292 0.015279 0.020544
1 0.461795 0.497310 0.034848 0.050726
1 0.136813 0.389115 0.028286 0.068785
1 0.641380 0.137427 0.026442 0.063803
1 0.356880 0.573569 0.030229 0.047677
1 0.101502 0.412284 0.027324 0.066577
1 0.411833 0.252133 0.026781 0.063501
1 0.418249 0.529861 0.032638 0.048923
1 0.543880 0.188175 0.027042 0.065460
