1 0.156703 0.520652 0.060302 0.051763
1 0.139902 0.507672 0.056265 0.050684
1 0.554001 0.247444 0.068143 0.034771
1 0.889650 0.165042 0.069420 0.030330
1 0.634373 0.177240 0.069688 0.034734
1 0.588243 0.378625 0.058427 0.056017
1 0.172931 0.534113 0.055129 0.050274
1 0.763866 0.366231 0.033753 0.067270
1 0.681325 0.134403 0.067622 0.033405
1 0.509019 0.291169 0.069250 0.035572
1 0.601269 0.204625 0.067062 0.033983
1 0.252997 0.745181 0.044235 0.062591
1 0.197902 0.559755 0.059110 0.053640
1 0.687533 0.116894 0.070502 0.035652
1 0.699685 0.424249 0.032817 0.067240
0 0.886719 0.677277 0.025905 0.025386
0 0.893237 0.713896 0.023250 0.024572
1 0.829709 0.311931 0.034043 0.063712
1 0.844252 0.121307 0.072979 0.031245
0 0.855213 0.703354 0.026199 0.025860
1 0.571546 0.233517 0.068575 0.034722
1 0.187479 0.546298 0.054979 0.049411
1 0.618625 0.192122 0.068292 0.034647
1 0.845502 0.299289 0.032169 0.071570
1 0.255886 0.593362 0.058707 0.053973
1 0.665901 0.149156 0.068450 0.031803
0 0.887070 0.619742 0.020988 0.021200
0 0.865831 0.695387 0.025723 0.024482
1 0.649181 0.462643 0.029966 0.059547
1 0.914251 0.197074 0.056725 0.028847
1 0.225315 0.560806 0.059353 0.056393
1 0.666835 0.452312 0.033419 0.060739
0 0.876527 0.627833 0.020369 0.020718
1 0.601112 0.392241 0.058405 0.055305
0 0.767093 0.702873 0.026217 0.025744
0 0.911067 0.655815 0.024234 0.022465
1 0.538140 0.261990 0.068856 0.035427
1 0.872857 0.150815 0.077028 0.031384
1 0.731859 0.397697 0.032733 0.069095
0 0.059035 0.134084 0.023517 0.022518
0 0.900935 0.800569 0.022645 0.022657
1 0.881015 0.282446 0.032160 0.064960
1 0.860321 0.135780 0.068263 0.030183
1 0.237669 0.732673 0.045080 0.062356
1 0.213182 0.412900 0.040986 0.036171
0 0.901549 0.707668 0.023580 0.024598
1 0.650676 0.161110 0.070157 0.036906
0 0.901021 0.777247 0.023847 0.024636
0 0.846964 0.652755 0.020447 0.020535
0 0.157334 0.148545 0.025705 0.024420
1 0.299385 0.789503 0.046201 0.062944
0 0.137819 0.707016 0.026450 0.026974
0 0.859621 0.728712 0.024649 0.024223
1 0.810997 0.090901 0.075861 0.029953
1 0.307819 0.634442 0.066488 0.047696
0 0.922015 0.647712 0.019948 0.019990
0 0.161706 0.838478 0.023011 0.021019
1 0.282557 0.776289 0.042539 0.061651
1 0.780041 0.350890 0.032948 0.067543
1 0.584740 0.218666 0.067910 0.033167
0 0.897891 0.668513 0.026554 0.026882
0 0.917333 0.596201 0.020871 0.021883
1 0.266807 0.761491 0.044343 0.063584
1 0.683547 0.437950 0.035276 0.065935
0 0.933863 0.642295 0.021236 0.021436
0 0.754464 0.737325 0.022515 0.022852
0 0.368538 0.667191 0.023741 0.022821
1 0.715816 0.410219 0.032431 0.067089
0 0.685487 0.739524 0.022313 0.022241
0 0.887299 0.812473 0.031432 0.029901
0 0.719865 0.777709 0.024830 0.027256
0 0.865642 0.791279 0.020263 0.020362
0 0.069228 0.144912 0.023001 0.022631
1 0.900244 0.180277 0.066355 0.031244
0 0.137081 0.264162 0.021605 0.021858
0 0.943699 0.760549 0.026603 0.024764
1 0.210660 0.701078 0.046489 0.059994
1 0.817590 0.740128 0.033495 0.037428
0 0.152978 0.851221 0.024878 0.023271
0 0.503132 0.768821 0.022544 0.018600
1 0.684386 0.803452 0.037925 0.029489
0 0.166451 0.169356 0.023733 0.013856
0 0.790293 0.767207 0.020382 0.021442
0 0.914079 0.698913 0.023085 0.023684
0 0.917649 0.797189 0.022830 0.023462
1 0.346769 0.294587 0.042059 0.037539
0 0.173170 0.233511 0.020413 0.022567
0 0.031341 0.007879 0.020046 0.015758
0 0.802833 0.762453 0.022648 0.023619
