1 0.489075 0.681749 0.052905 0.015970
1 0.413225 0.366911 0.030944 0.041968
1 0.854337 0.103308 0.038267 0.052877
1 0.781774 0.286307 0.039806 0.051103
1 0.486900 0.709588 0.054917 0.016605
1 0.624443 0.809246 0.041709 0.049332
1 0.188172 0.680506 0.016731 0.053947
1 0.188540 0.535013 0.044276 0.051120
1 0.322825 0.425630 0.043438 0.052516
1 0.504118 0.555179 0.054050 0.017098
1 0.428519 0.362424 0.029094 0.040722
1 0.505743 0.540171 0.054549 0.016902
1 0.269537 0.473124 0.040515 0.048634
1 0.510040 0.499118 0.055008 0.018981
1 0.401338 0.374331 0.032003 0.044306
1 0.478513 0.794446 0.054132 0.016112
1 0.335335 0.406714 0.044239 0.057563
1 0.632914 0.758528 0.034193 0.051184
1 0.559444 0.279736 0.038248 0.046968
1 0.694977 0.565755 0.043239 0.047368
1 0.364967 0.876692 0.013634 0.030748
1 0.497832 0.625327 0.054147 0.016301
1 0.502586 0.569064 0.053397 0.015728
1 0.481976 0.766420 0.054812 0.015535
1 0.236033 0.910446 0.016392 0.047032
1 0.621235 0.243101 0.037441 0.049235
1 0.804789 0.133915 0.037863 0.049453
1 0.201274 0.527352 0.042218 0.047617
1 0.571952 0.272696 0.038101 0.049090
1 0.159863 0.676193 0.016281 0.053412
1 0.501644 0.583289 0.054645 0.015834
1 0.511139 0.455653 0.055715 0.017744
1 0.280034 0.910518 0.018250 0.051244
1 0.891114 0.081138 0.038031 0.054008
1 0.256283 0.479657 0.044269 0.053522
1 0.223717 0.509628 0.041116 0.049399
1 0.731746 0.176047 0.038864 0.051559
1 0.477013 0.807898 0.055599 0.016255
1 0.089010 0.893517 0.017805 0.054034
1 0.349678 0.399974 0.038571 0.053643
1 0.583466 0.265442 0.039019 0.050529
1 0.695631 0.199078 0.037646 0.052993
1 0.138912 0.732916 0.016926 0.052412
1 0.508588 0.512595 0.052875 0.017222
1 0.387812 0.381131 0.036307 0.048283
1 0.206435 0.906017 0.016544 0.041604
1 0.298332 0.749706 0.017713 0.054253
0 0.922259 0.216679 0.021278 0.020181
1 0.327664 0.752581 0.016445 0.053353
1 0.348351 0.697345 0.015288 0.054176
1 0.097062 0.836053 0.016541 0.043039
1 0.506898 0.525964 0.053665 0.015610
0 0.683420 0.921255 0.011633 0.020720
0 0.715615 0.845022 0.011105 0.018582
1 0.282126 0.465263 0.038514 0.044533
1 0.351651 0.875803 0.012328 0.031273
1 0.475212 0.821479 0.054923 0.015973
0 0.606326 0.874321 0.020521 0.019477
1 0.158409 0.566051 0.037589 0.044506
1 0.820992 0.263273 0.037907 0.050698
1 0.342129 0.754488 0.016321 0.053010
1 0.131098 0.674210 0.014802 0.054722
0 0.769374 0.929595 0.012056 0.023195
1 0.500222 0.596997 0.054431 0.015932
1 0.473536 0.835617 0.055772 0.014969
1 0.245731 0.491355 0.043104 0.047751
1 0.633836 0.235400 0.035971 0.051451
1 0.569754 0.512944 0.013011 0.031708
1 0.123557 0.731826 0.016425 0.051393
1 0.152807 0.734754 0.016332 0.054084
1 0.300631 0.444046 0.044320 0.052745
1 0.743353 0.168948 0.037325 0.052683
0 0.929551 0.339930 0.022520 0.024805
1 0.144958 0.673923 0.015687 0.054390
1 0.415157 0.891035 0.035314 0.014091
0 0.696048 0.841631 0.010092 0.017670
0 0.880636 0.779552 0.018782 0.020830
1 0.269651 0.745628 0.016244 0.052556
1 0.275762 0.688597 0.015817 0.056334
1 0.261526 0.687724 0.016872 0.055370
0 0.704437 0.922679 0.011518 0.019298
1 0.828522 0.119224 0.037789 0.049949
0 0.725654 0.924554 0.011352 0.019948
1 0.817962 0.125285 0.037142 0.050890
1 0.332685 0.695420 0.016268 0.054983
0 0.748313 0.926909 0.011180 0.018574
1 0.146295 0.576426 0.037174 0.042869
0 0.706939 0.901444 0.009951 0.019928
1 0.499357 0.611145 0.054848 0.016186
0 0.099638 0.236326 0.021484 0.022111
