1 0.171246 0.401960 0.072561 0.054446
1 0.164477 0.372563 0.072618 0.054577
1 0.801212 0.315338 0.072003 0.052729
1 0.206532 0.581157 0.070570 0.052889
1 0.787165 0.291563 0.071188 0.052608
1 0.762249 0.164276 0.071686 0.054943
1 0.153427 0.310129 0.075647 0.056096
1 0.769288 0.194807 0.073081 0.057366
1 0.211901 0.610617 0.072747 0.054763
1 0.780360 0.266747 0.070250 0.051808
1 0.160180 0.339692 0.075051 0.057764
1 0.580351 0.319911 0.102680 0.068968
0 0.397103 0.800231 0.022534 0.045174
1 0.217078 0.643116 0.074661 0.057680
1 0.808962 0.385448 0.074444 0.049906
0 0.415457 0.806897 0.020586 0.038910
1 0.174339 0.434302 0.073777 0.052316
1 0.544766 0.139453 0.107715 0.072056
1 0.574660 0.288325 0.103921 0.072696
1 0.350766 0.322092 0.104791 0.070397
1 0.335104 0.233914 0.106063 0.077021
1 0.368483 0.415283 0.103088 0.064369
