1 0.451771 0.805438 0.055780 0.053796
1 0.391879 0.857143 0.053792 0.054763
1 0.493730 0.764361 0.058333 0.056795
1 0.510635 0.752402 0.057620 0.056540
1 0.420051 0.831329 0.052075 0.048935
1 0.404004 0.842799 0.052456 0.053947
1 0.466689 0.793263 0.054948 0.056069
1 0.479543 0.780537 0.057713 0.057330
1 0.436799 0.820199 0.054002 0.054731
1 0.548033 0.371586 0.098234 0.056612
1 0.200780 0.159147 0.095254 0.057281
1 0.179194 0.146242 0.095173 0.056607
1 0.570190 0.385648 0.094139 0.060400
1 0.612905 0.413097 0.097122 0.058576
1 0.266453 0.891023 0.036431 0.033662
1 0.682436 0.452767 0.094643 0.062383
1 0.419718 0.293156 0.090536 0.058568
1 0.788904 0.520280 0.096268 0.064099
1 0.724275 0.479726 0.096318 0.060381
1 0.660567 0.439687 0.093367 0.059002
0 0.258193 0.906966 0.026644 0.023113
1 0.767345 0.505183 0.092730 0.059472
1 0.155208 0.131223 0.097267 0.057437
1 0.338689 0.487362 0.063279 0.050980
1 0.595568 0.398788 0.091720 0.055763
1 0.440642 0.306731 0.094906 0.060017
