1 0.479057 0.475403 0.006073 0.023684
1 0.651920 0.252118 0.012388 0.008117
1 0.416618 0.656431 0.005631 0.021506
1 0.489379 0.445652 0.006344 0.022407
1 0.240584 0.363798 0.011636 0.014831
1 0.496827 0.477147 0.005671 0.022817
1 0.514509 0.391720 0.005029 0.022641
1 0.497576 0.323076 0.016130 0.010002
1 0.096635 0.505285 0.016105 0.015662
1 0.749950 0.048358 0.014035 0.014159
1 0.308804 0.370575 0.010600 0.014720
1 0.428740 0.285791 0.011760 0.015685
1 0.275946 0.343759 0.012668 0.017426
1 0.491626 0.548676 0.005635 0.019353
1 0.471468 0.443337 0.006091 0.022359
1 0.490339 0.295889 0.015703 0.008421
1 0.140018 0.802000 0.008531 0.017499
1 0.478370 0.444312 0.005792 0.020711
1 0.129174 0.846497 0.015614 0.009835
1 0.067947 0.517497 0.013281 0.015330
1 0.796340 0.097984 0.011123 0.014600
1 0.265440 0.365488 0.012541 0.016955
1 0.415823 0.502040 0.018455 0.007208
1 0.419988 0.452297 0.019308 0.007170
1 0.497016 0.390928 0.006388 0.022758
1 0.663128 0.589644 0.012755 0.013529
1 0.422700 0.656609 0.006106 0.022877
1 0.180754 0.994949 0.020784 0.006536
1 0.446860 0.284736 0.011739 0.014593
1 0.752438 0.688786 0.014873 0.017564
1 0.419529 0.460710 0.021163 0.009250
1 0.797545 0.597271 0.013284 0.012515
1 0.132458 0.861635 0.015845 0.009987
1 0.434859 0.285208 0.012120 0.014833
