1 0.205277 0.670670 0.053530 0.035362
1 0.219352 0.438413 0.053218 0.034835
1 0.256848 0.326850 0.058043 0.036465
1 0.199917 0.689466 0.053822 0.034918
1 0.707186 0.396648 0.035423 0.057825
1 0.359506 0.394698 0.039973 0.027496
1 0.267467 0.296112 0.056586 0.035772
1 0.413886 0.217670 0.039893 0.051646
1 0.836984 0.266308 0.054135 0.033902
1 0.199608 0.730378 0.053722 0.027047
1 0.842170 0.251204 0.052235 0.033590
1 0.654721 0.328272 0.053685 0.031210
1 0.541583 0.862747 0.051071 0.038594
1 0.595344 0.667231 0.032417 0.059834
1 0.290017 0.211478 0.053862 0.034446
1 0.231535 0.515855 0.054053 0.034101
1 0.219225 0.561736 0.052407 0.033230
1 0.287154 0.232297 0.056698 0.034540
1 0.223702 0.547278 0.053347 0.034156
1 0.404908 0.233962 0.042489 0.053136
1 0.509016 0.912343 0.030509 0.060624
1 0.551852 0.397573 0.029335 0.058238
1 0.426961 0.771252 0.051736 0.036430
1 0.374048 0.748600 0.053653 0.034637
1 0.214322 0.633371 0.051576 0.034280
1 0.524376 0.918574 0.030632 0.061597
1 0.781015 0.268689 0.052582 0.029952
1 0.191450 0.705823 0.053910 0.034703
1 0.609300 0.675035 0.029500 0.059107
1 0.250578 0.346623 0.056845 0.034893
1 0.280979 0.248774 0.055989 0.033756
1 0.782738 0.246760 0.052454 0.033706
1 0.553475 0.942220 0.029290 0.065284
1 0.142042 0.705153 0.053463 0.031680
1 0.369961 0.362899 0.040642 0.029990
1 0.565971 0.652479 0.030590 0.059410
1 0.681998 0.456271 0.031968 0.061476
1 0.474995 0.290401 0.055415 0.017883
1 0.566956 0.401955 0.028579 0.057204
1 0.645729 0.421599 0.051080 0.037235
1 0.209647 0.649774 0.052250 0.036864
1 0.225918 0.421447 0.051180 0.033338
1 0.670352 0.468961 0.031013 0.060911
1 0.069154 0.623117 0.031441 0.058966
1 0.689850 0.433854 0.032675 0.059524
1 0.665941 0.148288 0.015768 0.060389
1 0.271981 0.279864 0.056368 0.035392
1 0.616514 0.537927 0.039982 0.055900
1 0.466323 0.556304 0.056801 0.035587
1 0.213438 0.576589 0.053312 0.033753
1 0.379124 0.329678 0.042094 0.028812
1 0.430575 0.162826 0.041076 0.052326
1 0.677565 0.212430 0.015880 0.059339
1 0.237556 0.494772 0.053580 0.037263
1 0.594920 0.889123 0.052900 0.036050
1 0.565499 0.953780 0.025577 0.054418
1 0.228207 0.531775 0.052747 0.032490
1 0.642294 0.402607 0.052117 0.036484
1 0.699913 0.057492 0.053520 0.019480
1 0.581233 0.956501 0.027872 0.059762
1 0.773581 0.285886 0.053388 0.028853
1 0.434632 0.860986 0.028403 0.059886
0 0.804202 0.144839 0.016224 0.027190
1 0.614808 0.050933 0.050675 0.018229
1 0.634843 0.150556 0.016258 0.060768
1 0.276213 0.265288 0.055663 0.034268
1 0.083477 0.487783 0.029962 0.055418
1 0.418169 0.198032 0.042120 0.052606
1 0.435721 0.142104 0.040010 0.050247
1 0.696763 0.152115 0.016167 0.060399
1 0.651221 0.147820 0.014990 0.059872
1 0.264767 0.534606 0.025113 0.059360
1 0.692570 0.211706 0.015996 0.059098
0 0.840359 0.158896 0.015862 0.027075
1 0.444137 0.127998 0.042657 0.054697
1 0.654222 0.472188 0.029380 0.060403
1 0.649326 0.312174 0.053029 0.030996
1 0.812625 0.318706 0.053792 0.032753
1 0.423660 0.479908 0.052860 0.035055
1 0.576717 0.730111 0.029073 0.060632
0 0.016834 0.704039 0.015739 0.025664
0 0.828759 0.152469 0.014724 0.024993
1 0.423152 0.177828 0.039889 0.049648
0 0.814097 0.148944 0.015176 0.027248
1 0.236858 0.407481 0.051982 0.033618
1 0.364312 0.376836 0.040782 0.030050
0 0.781358 0.134906 0.013669 0.022886
1 0.644275 0.483692 0.031467 0.058431
1 0.624243 0.678293 0.028587 0.060285
1 0.360192 0.723458 0.048650 0.032929
0 0.988795 0.959711 0.015996 0.026983
1 0.619014 0.500097 0.032655 0.063345
1 0.795398 0.212665 0.052271 0.033714
1 0.698410 0.415234 0.033342 0.060384
0 0.410365 0.061804 0.011699 0.026741
1 0.208723 0.591939 0.050774 0.034629
1 0.495069 0.880662 0.030367 0.059034
0 0.851766 0.163130 0.012639 0.022483
1 0.623899 0.679327 0.028746 0.059832
0 0.085120 0.808072 0.021957 0.019145
0 0.782007 0.183661 0.010172 0.024382
1 0.574084 0.178806 0.019228 0.096179
1 0.631858 0.492207 0.030897 0.057745
0 0.031252 0.748278 0.014571 0.026080
1 0.246207 0.364199 0.057553 0.035515
0 0.793521 0.187852 0.011065 0.026249
1 0.681614 0.150416 0.013543 0.059861
0 0.864373 0.218060 0.010687 0.021193
0 0.901907 0.475277 0.019365 0.029120
