1 0.535526 0.598062 0.113851 0.110265
0 0.653939 0.481788 0.039709 0.030329
0 0.926200 0.906786 0.042765 0.032142
0 0.196915 0.641564 0.043629 0.040265
1 0.677208 0.543633 0.073712 0.067028
0 0.628881 0.951096 0.039933 0.036622
1 0.290311 0.495081 0.050351 0.049909
0 0.078414 0.082084 0.033360 0.032750
1 0.271675 0.505855 0.060266 0.058882
1 0.663725 0.563332 0.057564 0.051223
0 0.590484 0.912036 0.040704 0.039637
0 0.468310 0.703857 0.043417 0.040483
0 0.381496 0.281462 0.035191 0.032104
0 0.053134 0.109776 0.043091 0.037814
