1 0.623721 0.679693 0.053199 0.036181
1 0.820538 0.655542 0.055903 0.038193
1 0.888542 0.541448 0.054911 0.036127
1 0.662253 0.442966 0.055539 0.037403
1 0.585602 0.573480 0.056555 0.037546
1 0.616983 0.503976 0.055536 0.037208
1 0.629305 0.662218 0.053717 0.036812
1 0.679489 0.579903 0.054715 0.036341
1 0.553438 0.641799 0.057158 0.038868
1 0.748047 0.766833 0.055345 0.037441
1 0.452080 0.803753 0.054788 0.037889
1 0.670381 0.425449 0.057453 0.039587
1 0.865506 0.572339 0.053012 0.037742
1 0.617016 0.697238 0.054272 0.036495
1 0.733667 0.802812 0.055314 0.038098
1 0.785176 0.703017 0.052689 0.037306
1 0.773777 0.716538 0.054000 0.036982
1 0.183824 0.473234 0.060249 0.042526
1 0.566229 0.627473 0.057557 0.038915
1 0.763047 0.733362 0.054212 0.038099
1 0.649841 0.629682 0.053310 0.037010
1 0.518654 0.687780 0.054472 0.037889
1 0.638838 0.471933 0.056212 0.036857
1 0.575281 0.739411 0.052862 0.035708
1 0.706886 0.379205 0.055691 0.038745
1 0.608871 0.522819 0.055429 0.038547
1 0.541757 0.657603 0.053816 0.036357
1 0.472059 0.278155 0.063276 0.043658
1 0.494249 0.396519 0.061133 0.039069
1 0.910598 0.509628 0.054422 0.036884
1 0.530563 0.846286 0.054320 0.034648
1 0.222456 0.406376 0.059155 0.043138
1 0.412817 0.547384 0.062359 0.039948
1 0.579586 0.591271 0.056012 0.037217
1 0.624623 0.487077 0.055982 0.037639
1 0.309820 0.260233 0.060597 0.041659
1 0.306552 0.554859 0.063261 0.040369
1 0.491317 0.415633 0.063275 0.039016
1 0.484242 0.261038 0.065605 0.045036
1 0.431599 0.343120 0.063943 0.042968
1 0.695166 0.547413 0.053000 0.036559
1 0.374625 0.440963 0.064575 0.042822
1 0.478203 0.752661 0.053673 0.036805
1 0.661325 0.614929 0.053629 0.037187
1 0.921732 0.490182 0.057565 0.034348
1 0.699401 0.869663 0.056886 0.036069
1 0.776236 0.417216 0.052788 0.036129
1 0.767425 0.434699 0.054218 0.036743
1 0.708358 0.832370 0.055136 0.036282
1 0.352135 0.192777 0.063296 0.044572
1 0.461322 0.786989 0.055179 0.036671
1 0.105649 0.604969 0.061315 0.043140
1 0.807524 0.670191 0.054952 0.035736
1 0.566663 0.777369 0.053022 0.036484
1 0.527131 0.349498 0.062059 0.041181
1 0.347079 0.662156 0.063989 0.042964
1 0.392083 0.407490 0.062315 0.041688
1 0.135742 0.555405 0.062662 0.041923
1 0.836197 0.620909 0.057388 0.037668
1 0.289773 0.293070 0.061064 0.041098
1 0.757604 0.751787 0.055946 0.038341
1 0.095566 0.621607 0.062705 0.040695
1 0.393442 0.579371 0.063981 0.043045
1 0.876821 0.556397 0.054155 0.035695
1 0.470333 0.447576 0.066202 0.042218
1 0.589426 0.726167 0.051342 0.035315
1 0.671603 0.921475 0.057918 0.037438
1 0.574672 0.609727 0.056097 0.038764
1 0.300211 0.276365 0.062025 0.041497
1 0.459877 0.293044 0.061865 0.042124
1 0.518939 0.366300 0.065340 0.042048
1 0.270682 0.325531 0.061045 0.042640
1 0.415172 0.376888 0.064885 0.041974
1 0.232694 0.390787 0.061330 0.042134
1 0.471894 0.770848 0.054762 0.036287
1 0.800255 0.688228 0.058060 0.038055
1 0.276506 0.603506 0.062279 0.040297
1 0.541876 0.809043 0.052414 0.035876
1 0.420809 0.530366 0.062368 0.043080
1 0.680233 0.882700 0.054491 0.036956
1 0.348802 0.492296 0.066942 0.043102
1 0.335068 0.676895 0.064698 0.042654
1 0.539868 0.828198 0.058160 0.038159
1 0.329447 0.523962 0.066160 0.043215
1 0.240331 0.669602 0.062700 0.041178
1 0.214421 0.777663 0.066534 0.040483
1 0.716669 0.515279 0.055217 0.037491
1 0.897407 0.525916 0.053056 0.036419
1 0.709189 0.532292 0.054707 0.036297
1 0.434423 0.896890 0.054991 0.035991
1 0.742231 0.464080 0.053427 0.037990
1 0.338726 0.210412 0.062675 0.043804
1 0.756927 0.450629 0.053402 0.034580
1 0.507520 0.702907 0.055339 0.037595
1 0.251031 0.358822 0.060901 0.042679
1 0.724240 0.819490 0.053492 0.038112
1 0.672005 0.598770 0.054826 0.037166
1 0.202689 0.439749 0.062605 0.042800
1 0.125198 0.570989 0.059991 0.042300
1 0.440169 0.325467 0.063241 0.041761
1 0.450728 0.310006 0.063081 0.042180
1 0.279676 0.308543 0.060958 0.042859
1 0.461768 0.466668 0.062699 0.040223
1 0.673000 0.899202 0.055871 0.039130
1 0.593791 0.557401 0.056274 0.038155
1 0.546753 0.944018 0.046821 0.014056
1 0.383959 0.596460 0.063452 0.043688
1 0.368643 0.460150 0.063776 0.043118
1 0.262480 0.638311 0.064262 0.042718
1 0.745190 0.786665 0.057599 0.039702
1 0.328482 0.695182 0.062448 0.041764
1 0.339915 0.507813 0.062257 0.042872
1 0.595528 0.707866 0.052008 0.038203
1 0.422374 0.359289 0.063003 0.041354
1 0.288415 0.588722 0.062342 0.041432
1 0.317719 0.539045 0.067073 0.041150
1 0.406479 0.394179 0.064669 0.042825
1 0.429384 0.513352 0.061646 0.042947
1 0.854901 0.587769 0.051984 0.036297
1 0.124776 0.690375 0.022483 0.068888
1 0.691895 0.393295 0.055457 0.036925
1 0.738734 0.483739 0.054944 0.037790
0 0.951505 0.307877 0.022467 0.028107
1 0.635349 0.644187 0.053939 0.038309
1 0.599794 0.539836 0.054780 0.037467
1 0.251999 0.655100 0.064698 0.041546
1 0.304657 0.575679 0.064999 0.042637
0 0.933170 0.463001 0.021023 0.026766
1 0.505329 0.381607 0.061822 0.040058
1 0.328715 0.226007 0.061468 0.043742
1 0.353690 0.644931 0.061977 0.041819
1 0.319480 0.712322 0.062073 0.040175
1 0.452185 0.481460 0.065161 0.042901
1 0.555332 0.793333 0.054983 0.039615
1 0.192615 0.456794 0.059602 0.042942
1 0.826402 0.637858 0.054502 0.035457
1 0.364199 0.856600 0.063029 0.038701
1 0.691739 0.393357 0.054338 0.038101
0 0.921189 0.458541 0.020388 0.025145
1 0.260042 0.341863 0.061984 0.043589
0 0.960949 0.476588 0.024116 0.028951
0 0.947199 0.468989 0.021668 0.025711
1 0.356476 0.474588 0.066478 0.042977
0 0.908721 0.451894 0.021629 0.026882
0 0.937838 0.302861 0.021805 0.025021
0 0.700171 0.195477 0.028552 0.023001
1 0.685377 0.562566 0.053892 0.037313
1 0.365033 0.629197 0.065095 0.041763
1 0.726333 0.499916 0.054186 0.036964
1 0.495693 0.718710 0.052588 0.037224
1 0.310928 0.727193 0.061449 0.040402
1 0.242043 0.375462 0.061366 0.040855
1 0.311610 0.727623 0.062658 0.040026
1 0.319355 0.242985 0.063002 0.043658
1 0.297179 0.820696 0.054406 0.040057
