0 0.338911 0.439480 0.021296 0.015172
0 0.070827 0.703626 0.021072 0.013828
0 0.097434 0.671526 0.020639 0.014713
0 0.197978 0.552367 0.018282 0.013622
0 0.124520 0.638453 0.018010 0.013411
0 0.181900 0.626853 0.019152 0.013786
0 0.117983 0.645375 0.017236 0.012411
0 0.309301 0.474245 0.018294 0.014076
0 0.275585 0.458073 0.018316 0.014175
0 0.152796 0.665376 0.018297 0.013793
0 0.127815 0.693948 0.018137 0.013660
0 0.191571 0.560127 0.018748 0.015243
0 0.270163 0.522629 0.020462 0.014176
0 0.284784 0.504101 0.019739 0.014925
0 0.136911 0.682618 0.019527 0.014396
0 0.203440 0.545505 0.018075 0.013274
0 0.353542 0.421651 0.019459 0.013622
0 0.263459 0.529653 0.018011 0.013120
0 0.393022 0.375748 0.019488 0.014006
0 0.081249 0.692576 0.018771 0.013734
0 0.254667 0.542291 0.018913 0.014508
0 0.113072 0.653008 0.018788 0.013252
0 0.138123 0.623033 0.020136 0.014197
0 0.211220 0.533538 0.017651 0.013556
0 0.177684 0.635578 0.017292 0.013305
0 0.261119 0.471717 0.018021 0.013473
0 0.328607 0.450850 0.019742 0.015003
0 0.331743 0.389442 0.019570 0.013641
0 0.172946 0.580929 0.018677 0.013169
0 0.302514 0.485517 0.017921 0.013122
0 0.317106 0.464117 0.017255 0.013527
0 0.381611 0.385656 0.020528 0.013883
0 0.277646 0.510755 0.018072 0.014119
0 0.240412 0.499335 0.017513 0.013867
0 0.144143 0.616256 0.018612 0.013857
0 0.240556 0.560978 0.017254 0.013027
0 0.161138 0.653438 0.017906 0.013322
0 0.367626 0.403536 0.017581 0.012526
0 0.256364 0.480206 0.017958 0.013804
0 0.348890 0.429117 0.016595 0.014016
