0 0.661765 0.098230 0.019779 0.024003
0 0.405666 0.094861 0.013702 0.022576
0 0.601947 0.079449 0.021524 0.023581
0 0.391325 0.094118 0.012671 0.021530
0 0.565770 0.063925 0.023113 0.023811
0 0.420752 0.095640 0.013655 0.023232
0 0.933533 0.016141 0.027390 0.020983
0 0.690466 0.102076 0.018109 0.024756
0 0.435445 0.095422 0.013392 0.023754
0 0.452152 0.095508 0.014617 0.022947
0 0.734522 0.108072 0.014130 0.023444
0 0.614836 0.083758 0.021299 0.022787
0 0.623214 0.166445 0.015357 0.023003
0 0.957430 0.005521 0.026441 0.011041
0 0.748908 0.110699 0.013838 0.022229
0 0.719210 0.108298 0.014221 0.024250
