1 0.198920 0.396933 0.054480 0.017726
1 0.492194 0.347136 0.058862 0.018117
1 0.242893 0.689942 0.042686 0.024354
1 0.419140 0.459833 0.057237 0.019925
1 0.290127 0.372028 0.052274 0.017444
1 0.295014 0.278149 0.053810 0.018495
1 0.420415 0.439142 0.056414 0.020087
1 0.627618 0.535253 0.016397 0.057088
1 0.496244 0.549019 0.052725 0.016962
1 0.410793 0.311200 0.052960 0.016248
1 0.289257 0.321492 0.053528 0.018017
1 0.198343 0.302065 0.054030 0.017574
1 0.421912 0.410826 0.054347 0.020106
1 0.418621 0.543300 0.055363 0.021626
1 0.871974 0.417570 0.016615 0.069579
1 0.492342 0.325567 0.058374 0.017212
1 0.491320 0.301562 0.058607 0.016945
1 0.496186 0.412948 0.046105 0.017451
1 0.416063 0.286193 0.059092 0.016569
1 0.271419 0.604221 0.063578 0.017606
1 0.282890 0.464626 0.054317 0.026361
1 0.853757 0.417507 0.016571 0.074190
1 0.608805 0.534115 0.016365 0.058006
1 0.679065 0.537251 0.015356 0.055150
1 0.415047 0.258256 0.050432 0.018314
1 0.289185 0.342394 0.053714 0.017291
1 0.728127 0.410823 0.015856 0.073193
1 0.490012 0.479780 0.057784 0.017638
1 0.288943 0.512506 0.054738 0.018779
1 0.419274 0.504163 0.056391 0.018930
1 0.745802 0.410057 0.016420 0.069784
1 0.414296 0.334424 0.052648 0.017385
1 0.866720 0.536508 0.017436 0.076049
1 0.743204 0.243766 0.016720 0.061440
1 0.497555 0.575260 0.053058 0.017222
1 0.196693 0.278041 0.052598 0.026744
1 0.500771 0.279992 0.043978 0.016484
1 0.775237 0.537296 0.016943 0.078660
1 0.780291 0.238807 0.016889 0.072410
1 0.653224 0.236556 0.015883 0.070473
1 0.293881 0.301265 0.054856 0.017239
1 0.490336 0.457080 0.059369 0.017178
1 0.200693 0.371666 0.046123 0.016364
1 0.498592 0.392598 0.045482 0.015946
1 0.834873 0.419062 0.015537 0.072464
1 0.251844 0.671847 0.048800 0.021499
1 0.817579 0.416592 0.016074 0.066248
1 0.629850 0.407624 0.016731 0.079216
1 0.671529 0.235595 0.016172 0.072390
1 0.817486 0.235898 0.016635 0.070175
1 0.761755 0.243336 0.016433 0.062809
1 0.830621 0.550208 0.016873 0.058806
1 0.488639 0.435139 0.059052 0.017377
1 0.617758 0.227669 0.017266 0.079339
1 0.708036 0.237680 0.016006 0.070218
1 0.763825 0.409600 0.016852 0.063554
1 0.781221 0.410982 0.016345 0.065532
1 0.635685 0.235385 0.015997 0.069114
1 0.282479 0.547321 0.053985 0.017423
1 0.848170 0.550910 0.015539 0.056811
0 0.579732 0.669514 0.012193 0.033856
1 0.669607 0.408697 0.017389 0.066753
0 0.396218 0.688191 0.015482 0.036713
1 0.868166 0.249538 0.016638 0.067658
1 0.834148 0.249762 0.015587 0.058361
1 0.300793 0.652802 0.036438 0.017578
1 0.885999 0.248602 0.015644 0.068616
1 0.812112 0.541034 0.016917 0.076375
1 0.662125 0.535762 0.015835 0.057762
1 0.799010 0.415997 0.016404 0.067336
1 0.794768 0.539945 0.016937 0.078322
