0 0.293538 0.289527 0.040656 0.015480
0 0.295499 0.235725 0.044524 0.017926
0 0.893687 0.094477 0.036442 0.034980
0 0.781611 0.531468 0.020077 0.031100
0 0.396354 0.278681 0.042004 0.015867
0 0.680592 0.234536 0.041611 0.015695
0 0.539410 0.335069 0.036699 0.015769
0 0.948982 0.094845 0.035984 0.039964
0 0.396641 0.260075 0.037963 0.014841
0 0.433284 0.295365 0.036869 0.015694
0 0.686269 0.165714 0.039034 0.016043
0 0.435677 0.314560 0.039875 0.017178
0 0.540789 0.247494 0.041292 0.017714
0 0.584463 0.337875 0.040038 0.015636
