1 0.191041 0.496266 0.041437 0.009943
1 0.262624 0.058915 0.037602 0.025185
1 0.097515 0.715482 0.040793 0.009639
1 0.404303 0.757977 0.013202 0.029988
1 0.200104 0.428162 0.042233 0.009306
1 0.422271 0.062881 0.012983 0.030019
1 0.090169 0.771031 0.039698 0.009698
1 0.228298 0.753372 0.013353 0.028676
1 0.145194 0.597990 0.041142 0.019850
1 0.197119 0.447414 0.042192 0.009469
1 0.664232 0.291548 0.012781 0.031522
1 0.665994 0.252244 0.011763 0.028282
1 0.166972 0.572326 0.039453 0.018930
1 0.230818 0.183634 0.045184 0.011041
1 0.330030 0.727475 0.013169 0.026749
1 0.414121 0.132366 0.012431 0.028982
1 0.173561 0.565213 0.041745 0.019662
1 0.234656 0.146336 0.043892 0.010681
1 0.118143 0.630913 0.042016 0.019832
1 0.132154 0.614607 0.040560 0.020101
1 0.219773 0.277327 0.044445 0.010883
1 0.201664 0.409366 0.043660 0.009852
1 0.236319 0.665226 0.012668 0.026579
1 0.357968 0.128362 0.012951 0.030601
1 0.206888 0.372074 0.042528 0.009251
1 0.188893 0.515503 0.042183 0.010141
1 0.239415 0.108175 0.045415 0.010384
1 0.226574 0.220874 0.043669 0.010244
1 0.100911 0.695812 0.043196 0.009887
1 0.111097 0.639893 0.040365 0.018770
1 0.626769 0.247371 0.012946 0.030504
1 0.301850 0.725610 0.013141 0.028344
1 0.336983 0.336031 0.046745 0.009202
1 0.186870 0.534235 0.042255 0.012362
1 0.476634 0.065758 0.012411 0.030423
1 0.563159 0.070255 0.013606 0.030993
1 0.200995 0.752071 0.014413 0.029841
1 0.241867 0.089409 0.045189 0.009557
1 0.234872 0.810114 0.013042 0.027430
1 0.179409 0.809283 0.014000 0.028631
1 0.318682 0.816388 0.013413 0.029012
1 0.542071 0.242941 0.013579 0.031098
1 0.401504 0.234499 0.013428 0.030177
1 0.313547 0.757967 0.013619 0.029169
1 0.095899 0.734154 0.041763 0.011646
1 0.581884 0.141638 0.014021 0.030639
1 0.540602 0.139599 0.014066 0.028900
1 0.235679 0.136959 0.045155 0.008836
1 0.290802 0.815217 0.013387 0.028562
1 0.549668 0.069356 0.014006 0.031381
1 0.216376 0.296153 0.043782 0.010269
1 0.613691 0.376359 0.048289 0.009788
1 0.326206 0.273194 0.013771 0.032049
1 0.198243 0.438295 0.042861 0.009826
1 0.226815 0.212208 0.044608 0.009257
1 0.099254 0.705587 0.042141 0.008659
1 0.411253 0.277586 0.014712 0.030005
1 0.457712 0.237103 0.013688 0.031049
1 0.570104 0.244081 0.013346 0.029845
1 0.550999 0.286159 0.012637 0.031700
1 0.396872 0.276440 0.014813 0.029968
1 0.326622 0.159392 0.013765 0.030828
1 0.137959 0.606528 0.040427 0.018553
1 0.428390 0.370281 0.014159 0.032688
1 0.591658 0.071471 0.013541 0.031026
1 0.356955 0.368131 0.012534 0.029595
1 0.253483 0.634733 0.013463 0.029237
1 0.217555 0.721504 0.012647 0.029883
1 0.568148 0.140762 0.013690 0.029887
1 0.104829 0.667690 0.041667 0.010085
1 0.663227 0.178986 0.013631 0.030479
1 0.122672 0.806022 0.013872 0.028058
1 0.369066 0.275787 0.013757 0.031268
1 0.439404 0.278532 0.013679 0.031474
1 0.355175 0.275064 0.014183 0.031789
1 0.577170 0.070211 0.014321 0.029934
1 0.206574 0.810269 0.013174 0.028470
1 0.411285 0.367473 0.014581 0.035064
1 0.200799 0.418393 0.042347 0.008760
1 0.689968 0.180034 0.012138 0.030162
1 0.337521 0.058573 0.012387 0.030180
1 0.526642 0.138896 0.013122 0.028944
1 0.317889 0.229702 0.013320 0.030743
1 0.429765 0.235799 0.014043 0.030927
1 0.373587 0.232491 0.013355 0.029551
1 0.207517 0.663863 0.012728 0.027513
1 0.595876 0.142981 0.013329 0.030066
1 0.213042 0.334464 0.044438 0.008645
1 0.431282 0.823004 0.013272 0.027262
1 0.634614 0.177486 0.014421 0.030695
1 0.652169 0.146081 0.012409 0.029000
1 0.415712 0.234846 0.012949 0.030113
1 0.640514 0.247716 0.012281 0.030171
1 0.403070 0.821973 0.013166 0.026916
1 0.382904 0.275515 0.014105 0.030171
1 0.302876 0.447125 0.012790 0.028546
1 0.205875 0.380672 0.043616 0.009325
1 0.262679 0.812532 0.013457 0.029680
1 0.193406 0.664258 0.012249 0.028765
1 0.210903 0.633136 0.013257 0.027833
1 0.189911 0.720019 0.012559 0.028177
1 0.345815 0.231387 0.013018 0.030397
1 0.326587 0.758822 0.012477 0.028713
1 0.346997 0.818496 0.013298 0.027976
1 0.240774 0.098772 0.046125 0.009654
1 0.225734 0.633842 0.013805 0.028544
1 0.443217 0.236206 0.013544 0.031185
1 0.273911 0.726747 0.012515 0.022018
1 0.221927 0.267957 0.046596 0.010345
1 0.519276 0.069579 0.013871 0.031133
1 0.579598 0.174831 0.015364 0.031266
1 0.215203 0.752466 0.013855 0.028915
1 0.370973 0.128861 0.012522 0.029608
1 0.483797 0.136235 0.013268 0.030971
1 0.298686 0.756852 0.013659 0.029441
1 0.327162 0.368733 0.012761 0.030562
1 0.291638 0.366003 0.011895 0.028802
1 0.218433 0.286929 0.043707 0.009101
1 0.341499 0.273035 0.013946 0.033938
1 0.376113 0.757948 0.011907 0.029046
1 0.635992 0.290580 0.013080 0.030545
1 0.692609 0.148658 0.010514 0.028560
1 0.470074 0.136026 0.013584 0.030155
1 0.579056 0.287682 0.013382 0.030928
1 0.393657 0.061095 0.013561 0.030090
1 0.612593 0.247014 0.012342 0.030949
1 0.466915 0.167728 0.014271 0.030792
1 0.354691 0.161050 0.013820 0.031022
1 0.467019 0.280267 0.013457 0.031025
1 0.523657 0.283356 0.013391 0.033189
1 0.341126 0.160069 0.013985 0.031032
1 0.282075 0.636385 0.014048 0.029993
1 0.368650 0.161696 0.013915 0.031448
1 0.438624 0.165858 0.014005 0.030136
1 0.593284 0.287716 0.013378 0.030516
1 0.650285 0.291305 0.013617 0.031500
1 0.508514 0.170062 0.012952 0.030155
1 0.619564 0.072678 0.013803 0.030531
1 0.330127 0.447422 0.012790 0.026528
0 0.423764 0.465573 0.010811 0.013890
1 0.554516 0.139717 0.013030 0.029759
1 0.396211 0.163880 0.014763 0.031138
1 0.837721 0.223569 0.014043 0.029537
1 0.092721 0.761993 0.042895 0.009544
0 0.431647 0.572006 0.010146 0.013694
1 0.424583 0.165051 0.013697 0.031374
1 0.604899 0.071547 0.013215 0.030079
1 0.452598 0.166673 0.013678 0.030827
1 0.390544 0.757922 0.013688 0.029138
1 0.522212 0.170786 0.013564 0.030087
1 0.598453 0.246410 0.013142 0.029561
1 0.220840 0.810062 0.012828 0.028844
1 0.550534 0.172898 0.014100 0.030428
1 0.648121 0.074982 0.014337 0.030752
1 0.329396 0.127712 0.012273 0.027011
1 0.094485 0.743505 0.043112 0.011091
1 0.408484 0.062784 0.013726 0.030127
1 0.514011 0.241871 0.012595 0.029360
1 0.248627 0.811628 0.013289 0.029440
1 0.238351 0.117889 0.043945 0.008238
1 0.536268 0.171009 0.012978 0.029969
1 0.310258 0.057446 0.013209 0.031270
1 0.205377 0.390300 0.042638 0.009674
1 0.375262 0.820568 0.012973 0.026445
1 0.203787 0.399456 0.044270 0.009231
1 0.494734 0.169506 0.014275 0.030151
1 0.316606 0.726190 0.013504 0.028735
1 0.151020 0.807631 0.013522 0.026808
0 0.469004 0.466568 0.010890 0.015580
1 0.256630 0.754939 0.014500 0.028898
1 0.624749 0.144323 0.013075 0.029569
0 0.503807 0.576633 0.010724 0.014644
1 0.528529 0.242351 0.012544 0.031557
1 0.179318 0.555511 0.042729 0.019842
1 0.355596 0.444946 0.011833 0.029241
1 0.288468 0.725859 0.013150 0.026944
1 0.332310 0.230242 0.013154 0.031508
0 0.522012 0.672211 0.021199 0.009536
1 0.416204 0.821617 0.012966 0.027070
1 0.508993 0.282662 0.013159 0.032028
0 0.452721 0.571905 0.009288 0.013125
1 0.343414 0.445104 0.012893 0.028479
1 0.186229 0.750352 0.013572 0.030282
1 0.192994 0.809222 0.012908 0.028959
1 0.332639 0.816875 0.013471 0.028164
0 0.472385 0.572068 0.010727 0.014995
0 0.558176 0.578690 0.010904 0.013541
1 0.360004 0.231685 0.013107 0.030052
