1 0.308741 0.182914 0.026328 0.048143
1 0.676193 0.689854 0.029545 0.049849
1 0.249842 0.353558 0.061901 0.030084
1 0.401770 0.166761 0.026166 0.048985
1 0.263777 0.379173 0.058796 0.030165
1 0.789045 0.523672 0.031733 0.051320
1 0.569984 0.472643 0.030300 0.047589
1 0.222842 0.302013 0.060044 0.032946
1 0.299116 0.427823 0.063811 0.028587
1 0.331373 0.179962 0.027923 0.047874
1 0.593394 0.593975 0.029545 0.044909
1 0.815505 0.641005 0.029451 0.051704
1 0.611929 0.584829 0.028606 0.051369
1 0.504308 0.209655 0.053388 0.039908
1 0.481714 0.214878 0.053625 0.041967
1 0.855486 0.627746 0.031581 0.046802
1 0.774719 0.653897 0.026997 0.051297
1 0.628504 0.452229 0.026681 0.047143
1 0.627813 0.107505 0.023702 0.048092
1 0.805542 0.390774 0.026769 0.049229
1 0.473472 0.507292 0.024372 0.045947
1 0.650732 0.571228 0.026052 0.048445
1 0.710656 0.551015 0.029486 0.050107
1 0.390512 0.236297 0.058575 0.044517
1 0.531489 0.484608 0.028521 0.049905
1 0.847510 0.502487 0.027794 0.049722
1 0.795964 0.646535 0.028858 0.047674
1 0.730277 0.544235 0.029515 0.045828
1 0.514705 0.140974 0.023045 0.051631
1 0.467600 0.315204 0.059923 0.019220
1 0.368512 0.240905 0.055692 0.043710
1 0.654896 0.696418 0.026933 0.047419
1 0.690450 0.556994 0.028130 0.048993
1 0.726741 0.417343 0.026838 0.049737
1 0.318628 0.452947 0.064529 0.027895
1 0.437014 0.225151 0.053896 0.042420
1 0.749112 0.536607 0.026996 0.050680
1 0.284363 0.185993 0.027939 0.046925
1 0.937977 0.541474 0.047280 0.035646
1 0.834998 0.632922 0.030817 0.047335
1 0.715542 0.673931 0.027755 0.047403
1 0.554368 0.643747 0.064175 0.019535
1 0.609255 0.458013 0.026540 0.047865
1 0.827544 0.510986 0.027602 0.046502
1 0.588431 0.466591 0.026792 0.047741
1 0.765851 0.401627 0.027822 0.048250
1 0.463867 0.581882 0.062587 0.020603
1 0.537291 0.132811 0.022070 0.047597
1 0.576356 0.194070 0.058407 0.044304
1 0.734736 0.669473 0.031067 0.049788
1 0.754245 0.660050 0.029523 0.047817
1 0.489134 0.600730 0.062584 0.019488
1 0.785875 0.396693 0.026850 0.048748
1 0.560169 0.127468 0.019926 0.048874
1 0.602996 0.114450 0.021411 0.047825
1 0.410980 0.542044 0.063743 0.023540
1 0.928983 0.512001 0.049503 0.035014
1 0.769300 0.530105 0.028493 0.047588
1 0.410669 0.229679 0.054108 0.042824
1 0.469927 0.151372 0.022857 0.047988
1 0.694124 0.683029 0.025417 0.049443
1 0.705349 0.423923 0.026339 0.049226
1 0.385717 0.520660 0.065839 0.025142
1 0.353930 0.175794 0.027223 0.047968
1 0.913076 0.606509 0.029778 0.046878
1 0.550334 0.478309 0.027893 0.049636
1 0.447871 0.156456 0.021711 0.049379
1 0.340774 0.476508 0.065054 0.025127
1 0.358785 0.496504 0.065836 0.027160
1 0.581923 0.121142 0.020477 0.048798
1 0.283985 0.405268 0.061012 0.029776
1 0.458413 0.220137 0.055869 0.044471
1 0.631340 0.578169 0.026231 0.048859
1 0.894614 0.613356 0.030764 0.047235
1 0.492100 0.145053 0.020966 0.048191
1 0.919519 0.481532 0.051454 0.036771
1 0.340259 0.243558 0.060268 0.042745
1 0.873700 0.618421 0.031646 0.048553
1 0.510334 0.493132 0.027261 0.048726
1 0.216767 0.278001 0.058136 0.037973
0 0.303127 0.777459 0.035348 0.026950
1 0.379390 0.170018 0.025601 0.048004
1 0.552133 0.199667 0.058493 0.046354
1 0.745874 0.410095 0.028640 0.048890
0 0.015680 0.562784 0.031360 0.028406
1 0.518427 0.620355 0.062712 0.020972
1 0.668192 0.437930 0.027918 0.049667
0 0.282494 0.735802 0.032577 0.026108
0 0.131521 0.649608 0.036455 0.026689
0 0.046820 0.610818 0.034984 0.028985
1 0.527614 0.204753 0.056632 0.041420
1 0.647972 0.445651 0.026723 0.048042
1 0.234252 0.325696 0.062494 0.031997
1 0.492408 0.498939 0.024927 0.047420
0 0.250140 0.758877 0.030542 0.025511
0 0.131671 0.513765 0.030359 0.021706
1 0.670678 0.564908 0.026848 0.048080
