1 0.301125 0.479108 0.126235 0.014204
1 0.330641 0.303591 0.124261 0.015056
1 0.271206 0.683687 0.126058 0.013185
1 0.257939 0.778867 0.121961 0.014112
1 0.677190 0.424936 0.132170 0.013195
1 0.633514 0.693449 0.127060 0.016368
1 0.610658 0.820178 0.130491 0.013013
1 0.699378 0.297583 0.134679 0.014391
1 0.249991 0.826999 0.122168 0.013174
1 0.726741 0.157453 0.130738 0.015162
1 0.340627 0.240555 0.123623 0.014199
1 0.327371 0.318396 0.122146 0.015793
1 0.693675 0.331078 0.129799 0.014437
1 0.723001 0.172738 0.131474 0.015978
1 0.618369 0.772529 0.127369 0.013065
1 0.282290 0.604158 0.124961 0.014183
1 0.697238 0.314297 0.135009 0.014771
1 0.709841 0.219346 0.133147 0.012479
1 0.361131 0.160863 0.124948 0.014363
1 0.701962 0.281671 0.133869 0.012679
1 0.314901 0.398480 0.122155 0.014861
1 0.291903 0.541265 0.126636 0.013549
1 0.310419 0.463089 0.126351 0.015515
1 0.644985 0.614571 0.129385 0.013415
1 0.308343 0.446221 0.120364 0.013054
1 0.285680 0.572833 0.121797 0.012704
1 0.631251 0.709559 0.127642 0.013628
1 0.250688 0.810381 0.120387 0.012511
1 0.650263 0.598792 0.130257 0.013528
1 0.708515 0.252060 0.134722 0.013678
1 0.342742 0.225149 0.122039 0.014527
1 0.624094 0.741242 0.130732 0.013733
1 0.325902 0.335561 0.122034 0.012395
1 0.689575 0.346828 0.133539 0.012939
1 0.264353 0.745839 0.120033 0.014087
1 0.265793 0.715138 0.123178 0.012920
1 0.711881 0.267239 0.133110 0.014408
1 0.709130 0.235247 0.133613 0.012580
1 0.276305 0.635156 0.127728 0.013971
1 0.336713 0.271637 0.123592 0.014396
1 0.678150 0.408812 0.133213 0.012423
1 0.644402 0.629795 0.126863 0.014954
1 0.627373 0.725737 0.131575 0.013083
1 0.657672 0.551027 0.136555 0.013345
1 0.326961 0.352963 0.122673 0.012993
1 0.271546 0.667950 0.125443 0.013869
1 0.284806 0.588909 0.124673 0.012725
1 0.656152 0.566017 0.137528 0.012675
1 0.334700 0.288229 0.125403 0.015599
1 0.294436 0.526205 0.124022 0.012426
1 0.279813 0.620675 0.125454 0.013297
1 0.310623 0.430169 0.119905 0.013600
1 0.612046 0.804780 0.126449 0.013933
1 0.654581 0.582878 0.133307 0.012496
0 0.333987 0.857067 0.029524 0.023822
0 0.420113 0.861183 0.028175 0.021789
1 0.641607 0.645269 0.130872 0.012289
0 0.481827 0.864669 0.031540 0.026653
0 0.369598 0.857842 0.025741 0.024615
1 0.639816 0.662092 0.133230 0.014731
1 0.347426 0.207960 0.120487 0.012985
1 0.262576 0.761728 0.119857 0.015681
1 0.620505 0.757846 0.128450 0.012710
1 0.290389 0.557613 0.126129 0.012096
0 0.449414 0.863084 0.031619 0.022073
1 0.684515 0.377102 0.131811 0.012382
1 0.264509 0.730550 0.123530 0.014499
1 0.677824 0.443173 0.133636 0.013811
