1 0.149871 0.243869 0.065029 0.040184
1 0.169946 0.600010 0.064456 0.041786
1 0.267206 0.320394 0.066358 0.030767
1 0.162218 0.457089 0.063075 0.040398
1 0.156473 0.350612 0.064402 0.040712
1 0.713499 0.269938 0.061240 0.032689
1 0.266704 0.338231 0.066162 0.031738
1 0.773547 0.541227 0.058777 0.042481
1 0.148169 0.170751 0.066268 0.040629
1 0.597231 0.591512 0.060598 0.047620
1 0.154401 0.277859 0.064607 0.041170
1 0.824367 0.516900 0.061773 0.043915
1 0.556714 0.603803 0.056564 0.041048
1 0.166865 0.528403 0.064282 0.038784
1 0.153486 0.314615 0.063272 0.039864
1 0.520595 0.616448 0.059359 0.043358
1 0.482403 0.630270 0.055647 0.044316
1 0.157291 0.385549 0.065014 0.040894
1 0.355575 0.678238 0.058041 0.046638
1 0.167068 0.509338 0.062179 0.038032
1 0.176335 0.686702 0.062175 0.041389
1 0.732688 0.549924 0.060282 0.045419
1 0.398903 0.669467 0.056976 0.043478
1 0.657676 0.576093 0.056463 0.043406
1 0.268884 0.358178 0.066134 0.032906
1 0.262184 0.709769 0.053850 0.043872
1 0.165222 0.492204 0.060883 0.038384
1 0.294754 0.695510 0.060804 0.045955
1 0.742074 0.327683 0.062020 0.033617
1 0.159887 0.439427 0.062629 0.040445
1 0.802425 0.521132 0.052664 0.041069
1 0.414175 0.659231 0.051324 0.042082
1 0.263960 0.250479 0.067214 0.033347
1 0.832943 0.567469 0.081548 0.039136
1 0.166308 0.546427 0.060766 0.039038
1 0.145885 0.209968 0.058015 0.038588
1 0.510571 0.682298 0.042565 0.025503
1 0.159848 0.403673 0.059973 0.037772
1 0.174897 0.653282 0.061760 0.039915
0 0.509000 0.884449 0.029675 0.031526
1 0.788330 0.531164 0.058931 0.044159
1 0.465331 0.637091 0.056865 0.045672
1 0.155099 0.332857 0.062999 0.039866
0 0.699896 0.702494 0.019545 0.021236
0 0.966571 0.644665 0.022089 0.024769
1 0.168740 0.564774 0.062290 0.040733
1 0.453059 0.428659 0.066165 0.035553
0 0.706683 0.176813 0.018913 0.023653
1 0.464126 0.698605 0.050589 0.029752
1 0.319385 0.692425 0.057292 0.045927
1 0.173575 0.634456 0.062220 0.041211
0 0.594427 0.134074 0.019215 0.024475
1 0.276510 0.525582 0.049965 0.028761
0 0.685553 0.760292 0.024016 0.018873
0 0.369499 0.361385 0.019124 0.021944
1 0.388174 0.725253 0.082521 0.039821
0 0.659588 0.732248 0.024921 0.018285
1 0.445410 0.643443 0.058383 0.044381
0 0.684481 0.707821 0.021168 0.024480
1 0.696497 0.563408 0.059056 0.042346
0 0.514100 0.161894 0.020014 0.025455
0 0.943505 0.129069 0.024280 0.016445
0 0.737073 0.685058 0.021993 0.024307
0 0.362991 0.990884 0.028624 0.018232
1 0.659958 0.453348 0.014483 0.027447
0 0.596844 0.160373 0.018624 0.021351
0 0.383908 0.213837 0.015157 0.022917
0 0.712100 0.694973 0.021373 0.022860
1 0.676424 0.570326 0.058713 0.043462
0 0.273171 0.984098 0.025799 0.029755
0 0.525557 0.799203 0.027665 0.033355
0 0.672306 0.189256 0.016623 0.021718
0 0.573197 0.139579 0.016853 0.022779
1 0.165753 0.473198 0.062042 0.039903
0 0.647703 0.712783 0.025465 0.019688
0 0.652049 0.142167 0.019299 0.023039
0 0.240782 0.951787 0.025488 0.026987
0 0.851294 0.645439 0.019321 0.024338
0 0.723744 0.689832 0.021953 0.023733
0 0.608023 0.157421 0.018420 0.021266
0 0.663284 0.139093 0.019611 0.021715
0 0.523355 0.758435 0.024634 0.032365
0 0.649422 0.112076 0.017378 0.023106
1 0.903254 0.248197 0.045286 0.014115
0 0.392596 0.352517 0.022145 0.027402
0 0.426827 0.339488 0.018979 0.022657
0 0.552897 0.788063 0.028340 0.033233
0 0.663121 0.972221 0.026011 0.023406
1 0.340387 0.687366 0.055752 0.044746
0 0.574335 0.168350 0.019075 0.021606
0 0.356896 0.363906 0.017197 0.020909
0 0.694826 0.182325 0.017662 0.022308
0 0.475349 0.172123 0.014439 0.020577
0 0.767212 0.913361 0.027103 0.021372
0 0.862499 0.640354 0.017911 0.023266
0 0.627918 0.120896 0.018389 0.024325
0 0.571360 0.065659 0.025398 0.014989
0 0.425312 0.125802 0.014205 0.023026
1 0.915975 0.210866 0.026067 0.037716
0 0.596771 0.089619 0.024811 0.017572
0 0.838151 0.648868 0.021565 0.024787
0 0.685913 0.131168 0.018990 0.021978
1 0.262168 0.267898 0.065827 0.031235
0 0.438025 0.178154 0.013397 0.022039
1 0.291646 0.478660 0.086999 0.041948
0 0.559880 0.227216 0.018562 0.022728
0 0.403311 0.064694 0.025866 0.013299
0 0.886448 0.633831 0.019765 0.023623
0 0.696412 0.125959 0.019224 0.020740
0 0.551354 0.751095 0.025057 0.033521
0 0.920425 0.609809 0.017674 0.022120
0 0.450686 0.177979 0.012799 0.020241
0 0.606030 0.212833 0.016689 0.020801
1 0.643630 0.455501 0.014223 0.029123
0 0.378081 0.190197 0.014658 0.021890
0 0.711544 0.198750 0.022673 0.015509
0 0.572814 0.099100 0.025881 0.020132
0 0.963907 0.179312 0.024477 0.017251
0 0.236907 0.893624 0.023772 0.025753
0 0.518531 0.107312 0.017356 0.020937
0 0.552570 0.095093 0.018773 0.021060
0 0.595333 0.216706 0.018271 0.020344
0 0.431366 0.202072 0.016198 0.021723
0 0.363957 0.189961 0.014547 0.023242
0 0.377864 0.134589 0.015306 0.024386
1 0.291104 0.461397 0.086690 0.041279
0 0.824149 0.654552 0.019189 0.023949
0 0.948184 0.139291 0.025020 0.016470
1 0.289614 0.407311 0.086354 0.042774
0 0.675974 0.751386 0.023482 0.020156
0 0.413894 0.183390 0.015953 0.022483
0 0.347725 0.052688 0.022700 0.011569
0 0.525233 0.044160 0.024086 0.013453
0 0.406769 0.208629 0.016378 0.022128
0 0.410369 0.044471 0.021513 0.011202
0 0.671194 0.982063 0.022469 0.021076
0 0.373813 0.986537 0.029527 0.026762
1 0.432929 0.654457 0.057208 0.044429
0 0.542417 0.180527 0.019998 0.023372
0 0.463839 0.176927 0.015281 0.024584
0 0.580933 0.737567 0.028222 0.031076
0 0.651691 0.197450 0.018904 0.023375
0 0.413234 0.127353 0.014934 0.023492
0 0.618926 0.151929 0.018763 0.022139
1 0.172990 0.615805 0.062051 0.038402
1 0.851477 0.266345 0.029178 0.033956
0 0.672814 0.105178 0.017863 0.020608
0 0.938003 0.119609 0.024660 0.016208
0 0.545431 0.018895 0.021795 0.011359
0 0.926472 0.660857 0.018441 0.026573
0 0.711537 0.657640 0.022309 0.016882
