2 0.964363 0.872212 0.049905 0.053486
2 0.205286 0.569255 0.042378 0.047014
2 0.466559 0.704743 0.034541 0.038826
2 0.254875 0.518603 0.035471 0.039256
2 0.678089 0.122752 0.042229 0.042688
2 0.242325 0.088845 0.029047 0.032169
2 0.477036 0.768518 0.029484 0.030154
2 0.450616 0.671267 0.039693 0.043849
2 0.596035 0.572537 0.038092 0.042519
2 0.270456 0.143816 0.028762 0.030066
2 0.189478 0.196639 0.042491 0.049784
2 0.161297 0.135299 0.031036 0.035624
2 0.187960 0.510370 0.043950 0.050621
2 0.425054 0.574748 0.029674 0.030119
2 0.170844 0.271904 0.040330 0.042830
2 0.643318 0.754981 0.032164 0.036813
2 0.497279 0.525920 0.035780 0.041875
2 0.163190 0.532852 0.040554 0.040414
2 0.587031 0.812201 0.026827 0.029669
2 0.610262 0.080802 0.046202 0.048449
2 0.148573 0.415178 0.034263 0.035716
2 0.545055 0.615709 0.033753 0.037208
2 0.704645 0.529266 0.041400 0.044365
2 0.516214 0.554552 0.026214 0.029188
2 0.087215 0.580872 0.038788 0.041327
2 0.438795 0.822661 0.037649 0.037592
2 0.578382 0.714035 0.029832 0.030467
2 0.253500 0.600218 0.019427 0.020074
2 0.198875 0.257678 0.028883 0.033576
2 0.739074 0.576659 0.040726 0.043135
2 0.483480 0.803789 0.033604 0.036813
2 0.224555 0.540938 0.035729 0.039162
2 0.220550 0.176571 0.037761 0.040655
2 0.680711 0.737355 0.027099 0.032805
2 0.206784 0.440008 0.042988 0.046994
2 0.265327 0.626721 0.020508 0.020530
2 0.652223 0.592866 0.037622 0.042765
2 0.672539 0.508413 0.031973 0.041643
2 0.508639 0.094801 0.032747 0.037405
2 0.180498 0.587151 0.032278 0.038315
2 0.428806 0.609332 0.033710 0.035756
2 0.560656 0.645712 0.038986 0.040972
2 0.918672 0.365388 0.031144 0.039416
2 0.748865 0.487557 0.051141 0.052375
2 0.739146 0.529211 0.034982 0.038965
2 0.567678 0.080213 0.046825 0.051944
2 0.744848 0.215276 0.024882 0.028557
2 0.645495 0.792915 0.027648 0.030542
2 0.149748 0.566249 0.033901 0.037652
2 0.847517 0.299888 0.024972 0.027752
2 0.605007 0.110658 0.041637 0.043782
2 0.762220 0.516585 0.039580 0.040185
2 0.200261 0.112227 0.030830 0.032380
2 0.501411 0.124496 0.018386 0.019864
2 0.582741 0.779011 0.022890 0.022697
2 0.212253 0.479263 0.035146 0.035961
2 0.494592 0.145366 0.021171 0.022014
2 0.518856 0.066474 0.039195 0.041692
2 0.689496 0.432430 0.027096 0.029485
2 0.437186 0.640570 0.034398 0.037963
2 0.062002 0.492051 0.032152 0.039906
2 0.595985 0.835796 0.017488 0.017090
2 0.834956 0.383109 0.022697 0.022558
2 0.549946 0.044275 0.043131 0.049010
2 0.778775 0.236371 0.021050 0.024155
2 0.405396 0.714573 0.033375 0.031032
2 0.291338 0.565669 0.017553 0.018498
2 0.643653 0.816402 0.016486 0.016964
2 0.168416 0.166895 0.023815 0.024534
2 0.117792 0.101824 0.021354 0.025277
2 0.808642 0.260045 0.028323 0.032381
2 0.099615 0.497128 0.016759 0.021983
2 0.973871 0.218942 0.023997 0.022991
2 0.581126 0.747946 0.020933 0.022589
2 0.084523 0.180315 0.018770 0.019830
2 0.873962 0.393972 0.018634 0.021061
2 0.077137 0.146979 0.015342 0.014763
2 0.326295 0.630636 0.024740 0.024081
2 0.280376 0.587752 0.023335 0.022042
2 0.792608 0.245785 0.026013 0.028521
2 0.078626 0.105382 0.017016 0.018599
2 0.645978 0.888825 0.018638 0.015828
