1 0.464595 0.362151 0.059318 0.062421
1 0.248466 0.279093 0.061606 0.064103
1 0.692662 0.325984 0.060639 0.050616
1 0.629717 0.413232 0.059692 0.065306
1 0.444009 0.574076 0.059597 0.064254
1 0.568162 0.467303 0.056524 0.062089
1 0.411653 0.291504 0.055784 0.053940
1 0.495556 0.534618 0.059990 0.063221
1 0.196036 0.545325 0.052018 0.059039
1 0.295916 0.227088 0.055305 0.059385
1 0.445813 0.173912 0.052184 0.053908
1 0.421356 0.598962 0.057008 0.061628
1 0.712178 0.300894 0.059947 0.048480
1 0.423947 0.305536 0.054400 0.054763
1 0.223993 0.519538 0.055083 0.058154
1 0.322777 0.208576 0.050511 0.052827
1 0.358721 0.651822 0.055396 0.061241
1 0.542869 0.487340 0.055846 0.061069
1 0.656368 0.382557 0.062075 0.051067
0 0.083670 0.239587 0.022485 0.023847
1 0.346978 0.661862 0.053783 0.061667
1 0.485454 0.546419 0.058253 0.065195
0 0.088442 0.142533 0.022528 0.023995
0 0.082610 0.570142 0.022704 0.023150
0 0.232294 0.073602 0.023996 0.024108
1 0.266282 0.257982 0.058660 0.062102
0 0.009884 0.506334 0.019702 0.022855
0 0.114118 0.202285 0.022797 0.024684
1 0.319290 0.680100 0.053209 0.057140
1 0.747234 0.263234 0.055099 0.045095
1 0.701343 0.312099 0.058763 0.048612
1 0.381108 0.626642 0.054726 0.058841
0 0.046609 0.187284 0.024523 0.024963
1 0.455211 0.345510 0.054151 0.051332
1 0.722668 0.288274 0.060645 0.048885
0 0.080552 0.152525 0.021444 0.022969
0 0.138625 0.087756 0.021587 0.021206
1 0.362265 0.082944 0.052872 0.086423
0 0.132460 0.183293 0.026734 0.027901
1 0.308486 0.217758 0.057180 0.061184
0 0.105664 0.210282 0.023275 0.024755
1 0.446443 0.332407 0.054178 0.054156
0 0.188473 0.032136 0.021870 0.021780
0 0.197149 0.024371 0.021032 0.021973
1 0.338976 0.420454 0.059999 0.063649
1 0.519662 0.511081 0.054788 0.060422
0 0.103229 0.122844 0.020673 0.021160
0 0.121662 0.105044 0.022808 0.023090
0 0.188968 0.119036 0.023837 0.024079
0 0.216315 0.093595 0.022627 0.024595
0 0.044338 0.670929 0.020801 0.022713
1 0.528776 0.496984 0.058251 0.063203
0 0.089330 0.227938 0.024421 0.025652
0 0.072520 0.161510 0.021801 0.022525
1 0.638972 0.400752 0.053489 0.058584
1 0.506070 0.519497 0.059566 0.063100
1 0.754141 0.160386 0.056862 0.068679
0 0.097575 0.133137 0.021925 0.023392
1 0.332438 0.671819 0.055290 0.061125
0 0.206345 0.015050 0.023863 0.024075
0 0.183588 0.128306 0.022894 0.022562
0 0.112947 0.113877 0.024363 0.024200
1 0.182281 0.556904 0.052953 0.057529
0 0.055361 0.178074 0.023567 0.024243
0 0.170634 0.050318 0.023257 0.022840
1 0.368945 0.637771 0.054012 0.057791
0 0.064685 0.067685 0.022295 0.023750
0 0.174716 0.138473 0.021395 0.023067
0 0.166711 0.148943 0.024285 0.024473
0 0.161410 0.058641 0.021309 0.022529
0 0.046890 0.274790 0.022405 0.023027
1 0.395905 0.617090 0.053411 0.059519
0 0.074742 0.246712 0.022037 0.023807
0 0.329920 0.131575 0.036156 0.033301
1 0.456299 0.563560 0.062376 0.066610
0 0.239284 0.062912 0.023744 0.023654
