1 0.421835 0.516174 0.071127 0.015728
1 0.582211 0.241383 0.065231 0.015178
1 0.578751 0.381020 0.057723 0.014763
1 0.575822 0.481205 0.057991 0.015286
1 0.573409 0.500649 0.056500 0.014896
1 0.190756 0.800474 0.069703 0.015892
1 0.203515 0.565869 0.070036 0.015606
1 0.582116 0.303837 0.065559 0.014391
1 0.427246 0.417614 0.070082 0.014813
1 0.201224 0.604339 0.069821 0.014868
1 0.405871 0.731394 0.070999 0.016827
1 0.191624 0.741464 0.068022 0.014827
1 0.569470 0.518228 0.051151 0.014588
1 0.406356 0.713395 0.070898 0.015522
1 0.411691 0.654330 0.071121 0.015430
1 0.572579 0.557340 0.057092 0.015523
1 0.213571 0.347698 0.071738 0.016205
1 0.343372 0.592765 0.070601 0.016168
1 0.218945 0.287687 0.069845 0.017595
1 0.578553 0.341409 0.056566 0.014138
1 0.426171 0.456886 0.071702 0.015615
1 0.352482 0.435886 0.071489 0.015397
1 0.351583 0.415195 0.072261 0.016207
1 0.217754 0.307526 0.071149 0.015808
1 0.440358 0.319638 0.071050 0.015065
1 0.580036 0.362637 0.058134 0.016077
1 0.350220 0.473788 0.072053 0.015897
1 0.413078 0.614792 0.070355 0.014379
1 0.196372 0.820672 0.072244 0.015711
1 0.408631 0.693995 0.070901 0.015709
1 0.558748 0.741336 0.066772 0.016671
1 0.429340 0.377396 0.070548 0.015667
1 0.335967 0.650918 0.072645 0.017153
1 0.415044 0.594797 0.069700 0.014425
1 0.334819 0.671662 0.071908 0.016433
1 0.772247 0.381717 0.044935 0.057938
1 0.725905 0.379373 0.040602 0.059433
1 0.343751 0.534300 0.073926 0.017783
1 0.559158 0.709865 0.056711 0.015008
1 0.211719 0.486137 0.063852 0.015751
1 0.354754 0.394472 0.071901 0.015503
1 0.441211 0.299504 0.070630 0.015776
1 0.404174 0.773219 0.072332 0.014589
1 0.197200 0.683410 0.070853 0.015928
1 0.191447 0.780689 0.070813 0.016123
1 0.418214 0.575575 0.072655 0.015971
1 0.412503 0.634023 0.071472 0.014558
1 0.223853 0.229401 0.070737 0.015981
1 0.364714 0.256663 0.070968 0.016559
1 0.723213 0.281149 0.047075 0.058522
1 0.330218 0.730732 0.070827 0.016990
1 0.363055 0.275642 0.072850 0.016614
1 0.404944 0.752298 0.071309 0.014929
1 0.197156 0.663646 0.072508 0.018441
1 0.421792 0.555440 0.072360 0.015426
1 0.362204 0.295470 0.072265 0.016300
1 0.680627 0.280481 0.046292 0.055689
1 0.361528 0.316053 0.072368 0.014761
1 0.328586 0.770995 0.072152 0.015785
1 0.192055 0.761095 0.071392 0.015039
1 0.750889 0.380620 0.041505 0.058205
1 0.219063 0.268577 0.071544 0.016367
1 0.210179 0.507942 0.060872 0.014646
1 0.427951 0.396778 0.069896 0.014519
1 0.224623 0.210250 0.070860 0.016645
1 0.581165 0.322521 0.065742 0.014216
1 0.578654 0.400691 0.057324 0.014893
1 0.333587 0.690743 0.073167 0.017092
1 0.210486 0.426094 0.073251 0.016805
1 0.839305 0.380202 0.045286 0.060767
1 0.443101 0.277082 0.069682 0.014334
1 0.445444 0.259232 0.070850 0.014465
1 0.692123 0.369191 0.046634 0.059465
1 0.332596 0.750428 0.071869 0.016807
1 0.875596 0.389194 0.047017 0.057250
1 0.199587 0.624468 0.067997 0.015641
1 0.347659 0.494072 0.071422 0.016068
1 0.437740 0.359053 0.074801 0.015301
1 0.331179 0.711268 0.072624 0.015758
1 0.810691 0.281776 0.038136 0.067339
1 0.344757 0.572179 0.071393 0.016196
1 0.224669 0.188291 0.072518 0.019014
0 0.781860 0.645701 0.014394 0.024881
1 0.203891 0.585194 0.068155 0.015856
1 0.569818 0.578153 0.058405 0.015337
1 0.850740 0.287891 0.049689 0.056827
1 0.204777 0.524877 0.068957 0.016161
1 0.213721 0.368007 0.071871 0.015357
1 0.571923 0.539202 0.056333 0.015975
0 0.832485 0.647532 0.016224 0.026063
1 0.344523 0.552308 0.072337 0.017477
0 0.903913 0.601154 0.032173 0.013001
1 0.424527 0.477034 0.071517 0.014834
0 0.629396 0.495982 0.016101 0.029706
0 0.747615 0.640802 0.016584 0.028476
1 0.193264 0.721980 0.072900 0.016347
0 0.815453 0.646847 0.014354 0.024559
1 0.766308 0.699283 0.071608 0.016013
1 0.576092 0.461907 0.060327 0.014718
1 0.340046 0.631544 0.070198 0.017513
1 0.354142 0.355155 0.073003 0.015703
1 0.577533 0.281848 0.066714 0.014292
