2 0.159396 0.325459 0.016481 0.035302
2 0.573614 0.650405 0.023389 0.046544
2 0.863574 0.551677 0.029149 0.069964
2 0.491407 0.274024 0.017467 0.029182
2 0.634653 0.539741 0.019069 0.044394
2 0.975479 0.886584 0.026698 0.065574
2 0.122404 0.719732 0.020280 0.040669
2 0.510860 0.273139 0.017029 0.028896
2 0.322939 0.215993 0.018642 0.035355
2 0.597336 0.537574 0.017548 0.043365
2 0.258946 0.245951 0.017164 0.031255
2 0.103568 0.728891 0.022265 0.047681
2 0.485466 0.828300 0.017005 0.027119
2 0.879554 0.280986 0.021579 0.049415
2 0.820743 0.179025 0.020705 0.049792
2 0.281695 0.317930 0.017417 0.035630
2 0.582607 0.526145 0.013993 0.034716
2 0.833108 0.411119 0.020334 0.051284
2 0.102364 0.607659 0.016669 0.044600
2 0.470715 0.272961 0.017478 0.025943
2 0.575070 0.368678 0.009758 0.028331
2 0.301028 0.235125 0.017940 0.038793
2 0.179332 0.249645 0.015981 0.030834
2 0.370039 0.273695 0.018241 0.029054
2 0.328355 0.732754 0.022358 0.051119
2 0.616332 0.537916 0.015452 0.029155
2 0.640987 0.668196 0.017655 0.038271
2 0.469481 0.197768 0.016427 0.030536
2 0.306004 0.309051 0.017254 0.037226
2 0.207862 0.732553 0.014987 0.037234
2 0.771154 0.650794 0.019342 0.043171
2 0.768656 0.567812 0.017628 0.041268
2 0.449495 0.272889 0.016811 0.025012
2 0.232325 0.729955 0.016668 0.034983
2 0.820437 0.454143 0.019390 0.050807
2 0.103341 0.529233 0.016446 0.046552
2 0.294285 0.737810 0.030138 0.057717
2 0.119890 0.688507 0.019311 0.030270
2 0.490092 0.195918 0.016032 0.028813
2 0.280592 0.244072 0.016001 0.030250
2 0.576235 0.404444 0.011731 0.037156
2 0.476882 0.570593 0.016386 0.024007
2 0.115782 0.608037 0.016084 0.042610
2 0.921546 0.545350 0.026987 0.072495
2 0.283584 0.735952 0.018694 0.026294
2 0.638392 0.707308 0.013510 0.034754
2 0.322858 0.216093 0.019464 0.038192
2 0.428888 0.826037 0.014007 0.020312
2 0.893969 0.551878 0.028760 0.065605
2 0.179959 0.324409 0.014733 0.025323
2 0.574331 0.331756 0.010772 0.034689
2 0.189160 0.751193 0.012299 0.028818
2 0.219887 0.322472 0.017879 0.039100
2 0.577389 0.484372 0.012387 0.038881
2 0.834113 0.354460 0.021375 0.051998
2 0.809912 0.286709 0.016844 0.035004
2 0.409026 0.275398 0.015458 0.031713
2 0.349605 0.278362 0.015902 0.030863
2 0.799501 0.522483 0.016319 0.036686
