1 0.710374 0.769191 0.055179 0.021284
1 0.731994 0.719759 0.052376 0.019244
1 0.736336 0.686507 0.055359 0.019757
1 0.889511 0.431847 0.055170 0.021096
1 0.474354 0.898467 0.063845 0.021676
1 0.866697 0.206403 0.089049 0.023800
1 0.620077 0.061660 0.039320 0.041670
1 0.877884 0.663322 0.088727 0.022266
1 0.724491 0.745065 0.064356 0.020841
1 0.311331 0.687040 0.048259 0.018731
1 0.684976 0.891899 0.048197 0.021356
1 0.301233 0.613647 0.062626 0.021522
1 0.625641 0.892858 0.066453 0.022185
1 0.601954 0.069638 0.033319 0.039600
1 0.691300 0.104402 0.030568 0.037250
1 0.551988 0.894186 0.064581 0.023391
1 0.887436 0.382188 0.056766 0.020255
1 0.887054 0.407144 0.054153 0.018887
1 0.738160 0.665052 0.060037 0.019322
1 0.383687 0.902754 0.080469 0.021962
1 0.738364 0.643421 0.062287 0.019257
1 0.880704 0.738066 0.086284 0.020190
1 0.699903 0.794712 0.058255 0.021662
1 0.294534 0.478444 0.068171 0.019913
1 0.731416 0.428771 0.029198 0.011967
1 0.699906 0.794520 0.057317 0.021418
1 0.705021 0.817404 0.066273 0.022086
1 0.296557 0.840284 0.083017 0.020395
