1 0.451851 0.834463 0.040809 0.066131
1 0.475279 0.838529 0.037582 0.066084
1 0.519544 0.832737 0.034558 0.064167
1 0.497940 0.837087 0.036534 0.066291
1 0.189458 0.867627 0.037752 0.067009
1 0.739873 0.807775 0.038548 0.068982
1 0.366948 0.850388 0.036180 0.065961
1 0.165821 0.869694 0.036092 0.068478
1 0.696161 0.813607 0.037181 0.060414
1 0.584878 0.826004 0.042076 0.069070
1 0.121710 0.872820 0.037259 0.065956
1 0.872137 0.791218 0.037626 0.063151
1 0.848334 0.792107 0.040797 0.071929
1 0.608616 0.823802 0.036401 0.060526
1 0.408990 0.847905 0.038472 0.064515
1 0.342941 0.849640 0.037098 0.065672
1 0.253794 0.862466 0.037517 0.069931
1 0.805175 0.800201 0.037189 0.062873
1 0.235310 0.866778 0.036063 0.065663
1 0.275038 0.858769 0.042881 0.074825
1 0.718374 0.809958 0.036160 0.062038
1 0.782426 0.801897 0.037696 0.064919
1 0.386140 0.846926 0.035916 0.065672
1 0.542604 0.831698 0.037572 0.062924
1 0.652929 0.820781 0.037329 0.061862
1 0.339521 0.690175 0.051979 0.031805
1 0.563943 0.828159 0.037400 0.060882
1 0.289724 0.732872 0.028936 0.065221
1 0.430343 0.844740 0.037620 0.065764
1 0.673766 0.817654 0.035674 0.061768
1 0.100342 0.875024 0.035860 0.066122
1 0.298151 0.853982 0.042664 0.076106
1 0.603678 0.660590 0.018510 0.064170
1 0.828567 0.796569 0.039653 0.069908
1 0.668944 0.656947 0.020335 0.071861
1 0.630086 0.821910 0.036646 0.061926
1 0.699897 0.910886 0.055612 0.019783
1 0.584371 0.662363 0.019606 0.066039
1 0.688175 0.656819 0.019392 0.070518
1 0.763511 0.808534 0.035030 0.062771
1 0.922942 0.794023 0.032490 0.049493
1 0.462893 0.675679 0.021312 0.061106
0 0.973540 0.649247 0.022529 0.016625
1 0.703719 0.975411 0.041128 0.019782
0 0.984856 0.439910 0.024304 0.017630
1 0.649449 0.656921 0.020589 0.069368
1 0.621840 0.660108 0.017100 0.067287
0 0.970450 0.165050 0.022462 0.016514
