0 0.513532 0.607943 0.012767 0.030111
0 0.564277 0.576789 0.013734 0.034151
0 0.278329 0.600480 0.015473 0.036293
0 0.500306 0.609786 0.012953 0.034326
0 0.359973 0.559951 0.014783 0.041286
0 0.343596 0.561420 0.013783 0.034856
0 0.610396 0.611865 0.013918 0.031595
0 0.457098 0.691754 0.013174 0.036297
0 0.295369 0.558074 0.015205 0.040466
0 0.578426 0.613949 0.013752 0.032329
0 0.545504 0.614547 0.014173 0.038126
0 0.426074 0.689469 0.013750 0.035115
0 0.281716 0.557924 0.013351 0.036133
0 0.263395 0.547483 0.015496 0.039108
0 0.610971 0.577354 0.013572 0.030059
0 0.440609 0.690000 0.013280 0.032577
0 0.423005 0.599703 0.013379 0.032268
0 0.373493 0.600728 0.015195 0.035558
0 0.547665 0.575444 0.014512 0.033150
0 0.254354 0.252203 0.026557 0.015272
0 0.471759 0.692133 0.013953 0.036846
1 0.293587 0.605663 0.018102 0.046416
0 0.487429 0.693256 0.013465 0.038297
0 0.563248 0.612747 0.013294 0.034665
0 0.597400 0.575896 0.013207 0.033334
0 0.579891 0.575763 0.013877 0.033023
0 0.533851 0.572266 0.013480 0.032050
0 0.530614 0.610348 0.012678 0.034418
0 0.184632 0.175100 0.027114 0.015924
0 0.470333 0.603867 0.012674 0.031166
0 0.343277 0.597238 0.012950 0.035320
0 0.484732 0.571609 0.015653 0.040019
0 0.258237 0.176276 0.028537 0.019103
0 0.182465 0.214449 0.024352 0.014532
0 0.876970 0.644649 0.013840 0.039100
0 0.181742 0.251685 0.026280 0.016024
0 0.062208 0.628721 0.014583 0.030366
0 0.827264 0.554419 0.012659 0.031608
