1 0.443358 0.578736 0.064502 0.057657
1 0.711161 0.648161 0.058802 0.090079
1 0.780497 0.597328 0.062628 0.089661
1 0.762096 0.614150 0.054018 0.078960
1 0.660624 0.691992 0.053488 0.077764
1 0.467446 0.623503 0.064567 0.058489
1 0.678930 0.676362 0.052317 0.084352
1 0.417186 0.773953 0.043524 0.038694
1 0.729372 0.641783 0.050838 0.077621
1 0.519231 0.348963 0.044884 0.075793
1 0.279839 0.306340 0.027408 0.068219
1 0.479275 0.641084 0.079699 0.069234
1 0.332626 0.586548 0.058818 0.092872
1 0.797239 0.585514 0.061885 0.088085
1 0.422227 0.848609 0.047116 0.077618
1 0.705269 0.205038 0.034266 0.057405
1 0.843836 0.487190 0.044156 0.037977
1 0.387623 0.271246 0.029999 0.100611
1 0.297473 0.637241 0.062096 0.097968
1 0.696478 0.661260 0.049049 0.086121
1 0.551127 0.325026 0.059112 0.097282
1 0.500418 0.354444 0.048250 0.080474
1 0.464156 0.599665 0.065342 0.060184
1 0.768036 0.501489 0.056037 0.045122
1 0.179686 0.605998 0.066711 0.101732
1 0.903268 0.527967 0.044654 0.042005
1 0.620840 0.710348 0.060963 0.092664
0 0.580512 0.719656 0.028363 0.034005
1 0.434382 0.561194 0.065739 0.054372
1 0.448118 0.835545 0.052239 0.084848
1 0.611048 0.290955 0.049500 0.092205
1 0.756159 0.168572 0.032538 0.058294
1 0.477933 0.641933 0.078876 0.067711
1 0.719044 0.187078 0.031425 0.059070
1 0.324616 0.312275 0.031397 0.113833
1 0.299183 0.580912 0.044804 0.062603
