1 0.483272 0.143108 0.025637 0.058643
1 0.609618 0.258949 0.041135 0.049169
1 0.345415 0.406394 0.030164 0.068981
1 0.586119 0.199522 0.037721 0.042329
1 0.575822 0.176335 0.038421 0.044784
1 0.369217 0.605295 0.021013 0.045225
1 0.234317 0.306475 0.028128 0.066237
1 0.481153 0.565945 0.019298 0.042697
1 0.499217 0.133691 0.026379 0.058921
1 0.382920 0.537890 0.025385 0.033882
1 0.628063 0.311824 0.038105 0.045580
1 0.217941 0.390001 0.042147 0.047273
1 0.264455 0.613884 0.040522 0.018256
1 0.342935 0.651810 0.028731 0.034669
1 0.319793 0.209327 0.017646 0.041883
1 0.419799 0.634107 0.028730 0.068162
1 0.522457 0.107743 0.024019 0.056792
1 0.507170 0.124014 0.025145 0.058323
1 0.563696 0.136848 0.038445 0.046857
1 0.361805 0.395262 0.027590 0.061665
1 0.464980 0.154911 0.024266 0.058792
1 0.409465 0.209743 0.027139 0.059939
1 0.213757 0.697444 0.019444 0.071646
1 0.632103 0.539621 0.021146 0.050233
1 0.350145 0.665173 0.028953 0.033887
1 0.391289 0.344999 0.019652 0.041527
1 0.468523 0.311453 0.036975 0.044007
1 0.550081 0.535859 0.032315 0.040629
1 0.487053 0.553182 0.016385 0.038051
1 0.396725 0.268561 0.027731 0.036604
1 0.651990 0.391015 0.035149 0.041425
1 0.413996 0.324752 0.018235 0.039545
1 0.383039 0.233165 0.024838 0.029477
1 0.506205 0.410232 0.031653 0.041114
1 0.623627 0.297461 0.038163 0.041650
1 0.554619 0.550867 0.031598 0.036973
1 0.473805 0.322151 0.040108 0.047963
1 0.246809 0.554159 0.041718 0.018829
1 0.419655 0.367711 0.017939 0.036777
1 0.527445 0.474032 0.031321 0.038115
1 0.317335 0.466201 0.018455 0.037460
1 0.531293 0.486321 0.031456 0.040739
1 0.376909 0.356415 0.020460 0.040025
1 0.281838 0.894150 0.015579 0.052869
1 0.634341 0.338584 0.035466 0.042459
1 0.540126 0.510998 0.028858 0.036086
1 0.523234 0.460563 0.031507 0.038042
1 0.495378 0.370709 0.031155 0.039714
1 0.515712 0.433398 0.034053 0.040911
1 0.535069 0.499045 0.030244 0.037385
1 0.638736 0.353967 0.037049 0.044778
1 0.285635 0.242927 0.029611 0.067095
1 0.468696 0.506384 0.025722 0.059359
1 0.601192 0.236940 0.039219 0.044491
1 0.473712 0.148848 0.025232 0.060660
1 0.076988 0.484266 0.022124 0.028314
1 0.297585 0.434002 0.022427 0.044718
1 0.456813 0.162255 0.025928 0.058901
1 0.441052 0.179229 0.024926 0.059318
1 0.454851 0.599368 0.017717 0.041785
1 0.451249 0.617207 0.017767 0.037268
1 0.398436 0.385850 0.018124 0.037737
1 0.333930 0.453323 0.017823 0.036069
1 0.249504 0.294208 0.030135 0.067926
1 0.513712 0.423217 0.033365 0.042493
1 0.222044 0.458866 0.043041 0.020508
1 0.619119 0.286788 0.039459 0.041048
1 0.545431 0.523651 0.031317 0.039032
1 0.354592 0.677458 0.030542 0.035927
1 0.519025 0.448498 0.033331 0.041384
1 0.379600 0.914855 0.045104 0.021682
1 0.571192 0.584545 0.032477 0.038536
1 0.316686 0.411865 0.016980 0.034957
1 0.065759 0.455388 0.022689 0.027513
1 0.450028 0.170565 0.026917 0.059216
1 0.157220 0.387747 0.020165 0.047263
1 0.500058 0.381978 0.031796 0.039139
1 0.615216 0.272995 0.037781 0.041908
0 0.014374 0.284632 0.012189 0.019396
1 0.483672 0.344701 0.031801 0.041928
1 0.304412 0.239839 0.019201 0.046753
1 0.195466 0.652290 0.016386 0.065116
