1 0.076816 0.213655 0.027253 0.043589
1 0.147980 0.328461 0.032039 0.031414
1 0.173148 0.294488 0.038203 0.040511
1 0.097931 0.194310 0.024659 0.045274
1 0.189528 0.292097 0.032325 0.036107
1 0.142153 0.340929 0.030868 0.029884
1 0.137910 0.174572 0.028153 0.049293
1 0.186332 0.381052 0.040197 0.039903
1 0.197360 0.367613 0.034584 0.036500
1 0.263439 0.483771 0.053410 0.050752
1 0.137051 0.354438 0.032907 0.034457
1 0.263543 0.317326 0.051401 0.052202
1 0.332799 0.391113 0.054252 0.059306
1 0.152789 0.172121 0.023807 0.038853
1 0.207333 0.355919 0.033542 0.035464
1 0.108595 0.189850 0.027453 0.049821
1 0.244941 0.324371 0.039539 0.045733
1 0.218752 0.275523 0.039023 0.045122
0 0.856687 0.863032 0.020871 0.019186
1 0.383906 0.322075 0.028238 0.046906
1 0.151715 0.313469 0.041263 0.038771
1 0.304708 0.432189 0.051517 0.055160
1 0.063047 0.224472 0.024238 0.041988
1 0.320423 0.421319 0.049149 0.053315
0 0.851694 0.852317 0.021730 0.020648
1 0.163596 0.306139 0.031813 0.032679
0 0.845670 0.842254 0.020534 0.019735
1 0.233507 0.336365 0.044864 0.047302
0 0.891832 0.841386 0.019960 0.020648
1 0.369585 0.333487 0.032740 0.057025
1 0.509542 0.854444 0.039271 0.042806
1 0.618651 0.760134 0.046033 0.041209
1 0.281016 0.452288 0.053402 0.051599
0 0.874108 0.887546 0.020327 0.022099
0 0.866700 0.880008 0.017735 0.019470
