2 0.096329 0.136900 0.050063 0.043744
2 0.077002 0.222147 0.062735 0.047747
2 0.899752 0.889054 0.050800 0.045691
2 0.402931 0.341793 0.041465 0.036072
2 0.787316 0.810843 0.052219 0.043437
2 0.320285 0.501239 0.052584 0.046224
2 0.093975 0.100118 0.063354 0.046543
2 0.465918 0.596351 0.066156 0.053327
2 0.082458 0.179990 0.061673 0.046723
2 0.665930 0.742427 0.061279 0.053363
2 0.198361 0.082167 0.070736 0.055923
2 0.927552 0.913089 0.049948 0.042277
2 0.698767 0.765129 0.046988 0.040774
2 0.843372 0.850139 0.050776 0.044220
2 0.353164 0.317068 0.068990 0.061557
2 0.631567 0.722714 0.067837 0.060225
2 0.533780 0.426275 0.038914 0.034004
2 0.851921 0.770424 0.051699 0.042696
2 0.598398 0.697174 0.067604 0.056530
2 0.329336 0.298544 0.061100 0.053642
2 0.749817 0.702945 0.047498 0.041221
2 0.871212 0.873265 0.047618 0.044351
