10 0.713004 0.931025 0.025411 0.023086
9 0.694320 0.648086 0.079223 0.037162
9 0.469357 0.708052 0.053812 0.063626
9 0.491779 0.709741 0.055306 0.064752
9 0.509716 0.715653 0.049327 0.058559
9 0.528774 0.717905 0.065022 0.088964
9 0.277280 0.682432 0.113602 0.052928
9 0.168909 0.634009 0.106129 0.061937
9 0.132287 0.655124 0.094170 0.056869
9 0.244021 0.708615 0.106876 0.053491
9 0.414051 0.773649 0.110613 0.048423
9 0.595291 0.835023 0.120329 0.052928
9 0.678625 0.827984 0.119581 0.052365
9 0.757848 0.781813 0.110613 0.038851
9 0.752242 0.797016 0.112855 0.038851
9 0.774664 0.822072 0.115845 0.041667
9 0.762706 0.835023 0.109865 0.042793
9 0.699178 0.703547 0.112855 0.053491
9 0.698430 0.683559 0.112855 0.051802
9 0.450299 0.701014 0.050075 0.063063
9 0.433483 0.685811 0.059791 0.075450
10 0.426383 0.657658 0.038117 0.037162
9 0.161061 0.540541 0.096413 0.063063
10 0.168909 0.250845 0.022422 0.021959
9 0.236547 0.375000 0.094918 0.061937
9 0.219357 0.393863 0.109865 0.065878
9 0.194320 0.397804 0.067265 0.042230
9 0.191330 0.438063 0.101644 0.065315
9 0.177877 0.451577 0.098655 0.063063
9 0.162556 0.464245 0.103886 0.065878
9 0.175262 0.564189 0.073991 0.054054
9 0.398729 0.666667 0.065022 0.082207
9 0.216741 0.554336 0.083707 0.074887
9 0.234679 0.565878 0.079223 0.068694
9 0.278401 0.608953 0.066517 0.056869
9 0.292227 0.623592 0.064275 0.059122
9 0.314649 0.633446 0.053812 0.056306
9 0.342676 0.634854 0.069507 0.078266
9 0.379671 0.654279 0.068759 0.076577
9 0.684604 0.670045 0.107623 0.049550
10 0.590433 0.562782 0.026906 0.017455
9 0.776906 0.904279 0.085949 0.042793
10 0.606876 0.579392 0.026906 0.016892
9 0.898729 0.051239 0.072496 0.060811
9 0.961136 0.054617 0.073244 0.064189
9 0.908072 0.039977 0.068759 0.047297
9 0.982063 0.111486 0.032885 0.037162
9 0.963752 0.024493 0.027653 0.014077
9 0.994021 0.030124 0.013453 0.018581
9 0.990658 0.058559 0.018685 0.028153
10 0.662182 0.125563 0.020927 0.022523
10 0.513079 0.350788 0.020179 0.022523
10 0.865471 0.076858 0.029895 0.018581
10 0.892003 0.117399 0.029148 0.018581
10 0.924514 0.165541 0.028401 0.018018
10 0.871076 0.087275 0.033632 0.020270
10 0.885650 0.107264 0.029895 0.018581
10 0.911435 0.143863 0.029148 0.016329
10 0.931241 0.175957 0.029895 0.018581
10 0.939836 0.187218 0.032138 0.020833
10 0.522795 0.223255 0.021674 0.025338
10 0.461510 0.275619 0.024664 0.023086
9 0.471599 0.235360 0.083707 0.079955
9 0.431241 0.418919 0.044843 0.034910
10 0.616966 0.588119 0.027653 0.016329
9 0.370703 0.503378 0.071749 0.055180
9 0.390135 0.499155 0.065770 0.048986
10 0.382287 0.474662 0.027653 0.021396
9 0.421898 0.481982 0.109865 0.082207
9 0.427877 0.466216 0.094918 0.070946
9 0.448057 0.458333 0.091928 0.069820
9 0.472347 0.452703 0.043348 0.033784
9 0.453288 0.217624 0.073991 0.082770
10 0.537743 0.384854 0.039611 0.020833
10 0.556801 0.394707 0.025411 0.015766
10 0.562780 0.406250 0.028401 0.017455
9 0.581839 0.443694 0.044096 0.024775
10 0.584828 0.459178 0.038117 0.021959
9 0.397608 0.197917 0.080717 0.079392
9 0.418161 0.205518 0.079970 0.082207
10 0.214873 0.188626 0.024664 0.022523