10 0.975367 0.817362 0.005912 0.002438
10 0.715568 0.916484 0.004817 0.003170
10 0.658310 0.895148 0.002409 0.004877
10 0.666411 0.896123 0.005036 0.003901
10 0.655792 0.930383 0.005255 0.003170
10 0.655573 0.933675 0.004817 0.002438
10 0.676593 0.915386 0.004817 0.002438
10 0.683819 0.943185 0.002190 0.005852
10 0.686665 0.943428 0.002628 0.006340
10 0.688745 0.943550 0.001971 0.005608
10 0.728377 0.948671 0.005036 0.002682
10 0.728815 0.938552 0.005036 0.002926
10 0.729472 0.907218 0.005036 0.003170
10 0.698161 0.900268 0.002409 0.005365
10 0.865557 0.771397 0.005693 0.004633
10 0.700679 0.900390 0.002628 0.005608
10 0.695533 0.895148 0.002409 0.004877
10 0.692577 0.901122 0.002628 0.005608
10 0.678892 0.942697 0.002409 0.005852
10 0.656120 0.927822 0.004160 0.002926
10 0.661047 0.895757 0.002628 0.005608
10 0.679439 0.896367 0.004817 0.002438
10 0.679111 0.899415 0.005036 0.002195
10 0.689621 0.901366 0.002409 0.006096
10 0.695095 0.900512 0.001971 0.004389
10 0.723232 0.906730 0.004817 0.002682
10 0.653602 0.896611 0.002628 0.005852
10 0.634224 0.904657 0.005036 0.002926
10 0.624918 0.923555 0.001752 0.005121
10 0.610576 0.935869 0.002409 0.005365
10 0.225531 0.834796 0.003941 0.005608
10 0.505146 0.932212 0.003065 0.006340
10 0.527918 0.958303 0.005693 0.002926
10 0.527589 0.966350 0.005474 0.002438
10 0.528684 0.945257 0.004598 0.002682
10 0.576637 0.982078 0.005036 0.002682
10 0.563390 0.984150 0.004817 0.002438
10 0.506678 0.975128 0.004817 0.002438
10 0.475914 0.980249 0.002847 0.006340
10 0.492555 0.974031 0.005036 0.002682
10 0.473834 0.935869 0.003065 0.006340
10 0.479199 0.935138 0.002847 0.005365
10 0.499781 0.932577 0.002409 0.005608
10 0.502190 0.932455 0.002847 0.005852
10 0.473944 0.940502 0.005036 0.002438
10 0.515218 0.955864 0.004379 0.001951
10 0.506569 0.972446 0.003722 0.002438
10 0.527808 0.963789 0.005036 0.002682
10 0.514342 0.929895 0.003941 0.005608
10 0.584081 0.979517 0.005036 0.002438
10 0.584410 0.982199 0.004379 0.002438
10 0.562952 0.978420 0.004379 0.002682
10 0.620648 0.956596 0.002847 0.006340
10 0.692687 0.915752 0.005912 0.003170
10 0.686446 0.915630 0.004379 0.002926
10 0.681301 0.915630 0.004598 0.002438
10 0.769871 0.892953 0.005255 0.002926
10 0.902452 0.823336 0.002409 0.005608
10 0.900044 0.823458 0.001533 0.004877
10 0.907707 0.823823 0.001971 0.005121
10 0.938691 0.824067 0.002190 0.005121
10 0.948544 0.825165 0.002190 0.005852
10 0.957083 0.806511 0.002190 0.005121
10 0.968141 0.840892 0.001971 0.005608
10 0.970769 0.841136 0.002409 0.006096
10 0.965623 0.841258 0.002190 0.005852
10 0.955551 0.825408 0.002628 0.005852
10 0.953799 0.806876 0.002190 0.004877
10 0.951281 0.806511 0.001533 0.004633
10 0.933545 0.824311 0.001971 0.005121
10 0.933654 0.839795 0.002628 0.005852
10 0.931027 0.839673 0.002190 0.005608
10 0.910663 0.839307 0.002190 0.005852
10 0.904423 0.839064 0.002409 0.005852
10 0.897088 0.839429 0.002190 0.006096
10 0.944055 0.805901 0.001971 0.005365
10 0.939019 0.805901 0.001971 0.005365
10 0.936282 0.806389 0.002628 0.006828
10 0.934202 0.805291 0.002409 0.005121
10 0.883622 0.781639 0.004160 0.005608
10 0.895008 0.822848 0.002409 0.005121
10 0.751916 0.866618 0.002190 0.004877
10 0.656667 0.924896 0.004817 0.002926
10 0.762864 0.868447 0.002190 0.005121
10 0.655025 0.947208 0.004598 0.002682
10 0.741844 0.974884 0.002190 0.005365
10 0.729253 0.932821 0.004160 0.002682
10 0.728268 0.945623 0.004379 0.002438
10 0.749507 0.908315 0.005255 0.002926
10 0.758047 0.908925 0.004817 0.003170
10 0.786512 0.910510 0.004817 0.002926
10 0.810926 0.911851 0.005036 0.002682
10 0.816619 0.912338 0.005036 0.003170
10 0.777097 0.922702 0.002190 0.004877
10 0.783337 0.922824 0.003722 0.006584
10 0.787935 0.934528 0.001971 0.005608
10 0.787935 0.941843 0.002409 0.006096
10 0.811255 0.933797 0.002190 0.005608
9 0.834793 0.929407 0.002409 0.006096
10 0.841034 0.925872 0.002190 0.004877
10 0.843333 0.926238 0.002847 0.005608
10 0.848916 0.926725 0.002628 0.004633
10 0.789687 0.990978 0.005036 0.002926
10 0.844318 0.877957 0.005255 0.006584
10 0.776549 0.869300 0.002409 0.005365
10 0.781257 0.869300 0.002190 0.005365
10 0.773155 0.869300 0.002190 0.005365
10 0.297132 0.835528 0.003503 0.005608
10 0.292862 0.838088 0.003722 0.005365
10 0.249617 0.851500 0.002628 0.005852
7 0.137508 0.592295 0.042479 0.008778
10 0.035034 0.025969 0.004379 0.005608
10 0.086052 0.056206 0.005255 0.005121
10 0.137399 0.083638 0.004598 0.005365
10 0.065579 0.118142 0.005036 0.003170
10 0.083206 0.144355 0.003941 0.005852
10 0.080359 0.145940 0.003503 0.005608
10 0.102255 0.156791 0.004817 0.005365
10 0.100066 0.158986 0.003941 0.004877
10 0.095577 0.163375 0.004160 0.005365
10 0.088899 0.159595 0.005693 0.006096
10 0.096781 0.152524 0.004817 0.005608
10 0.091964 0.157035 0.004817 0.005365
10 0.090869 0.168374 0.004817 0.005121
10 0.068864 0.170690 0.005036 0.003901
10 0.070177 0.175811 0.005474 0.002926
10 0.101708 0.148378 0.004160 0.005121
10 0.105430 0.154596 0.004598 0.005852
10 0.103241 0.145696 0.004598 0.005608
10 0.086381 0.163253 0.005474 0.006096
10 0.065360 0.130944 0.005036 0.002926
10 0.064813 0.137771 0.004379 0.002438
10 0.065360 0.140819 0.004160 0.002195
10 0.070506 0.133260 0.002628 0.005121
10 0.032297 0.016581 0.004160 0.005852
7 0.116926 0.659351 0.025400 0.012680
10 0.077184 0.147159 0.003722 0.006096
7 0.116707 0.670324 0.018831 0.010241
7 0.225859 0.303341 0.005912 0.022921
7 0.251040 0.311875 0.010729 0.042429
7 0.274141 0.282858 0.007883 0.017069
7 0.317495 0.244940 0.006569 0.011948
7 0.372674 0.195806 0.003065 0.011704
7 0.387235 0.183980 0.008102 0.010973
7 0.402671 0.166301 0.010510 0.017069
7 0.433436 0.122653 0.006788 0.017557
7 0.453580 0.103755 0.006350 0.018776
7 0.473506 0.095708 0.002847 0.017801
7 0.509087 0.096806 0.003065 0.016094
7 0.544997 0.091197 0.003503 0.023409
7 0.722684 0.121921 0.005474 0.020483
7 0.788811 0.438552 0.014670 0.020239
7 0.531640 0.816264 0.044230 0.027067
7 0.521458 0.859546 0.016422 0.012680
7 0.180644 0.723360 0.025838 0.023165
7 0.218415 0.771641 0.011605 0.014387
7 0.247975 0.794440 0.009853 0.010729
7 0.194657 0.746647 0.014014 0.012192
7 0.156339 0.694343 0.032406 0.031943
7 0.144406 0.690563 0.027370 0.023409
7 0.127983 0.683736 0.018174 0.016094
10 0.079483 0.136674 0.005693 0.006584
10 0.110466 0.139722 0.005036 0.006828
10 0.251806 0.851378 0.002190 0.006584
10 0.087366 0.907584 0.004379 0.005852
10 0.157762 0.932943 0.004598 0.005365
10 0.277097 0.959278 0.005036 0.003901
10 0.277097 0.962204 0.005036 0.003901
10 0.317057 0.959400 0.005255 0.002682
10 0.316729 0.956352 0.004598 0.002438
10 0.272389 0.926359 0.005693 0.003901
10 0.304029 0.935138 0.005474 0.002926
10 0.317824 0.923311 0.004598 0.002195
10 0.317167 0.941478 0.005036 0.002438
10 0.317495 0.939039 0.004817 0.002438
10 0.316948 0.936357 0.004598 0.002438
10 0.317605 0.929042 0.004598 0.002926
10 0.273265 0.923433 0.005693 0.004389
10 0.317276 0.917337 0.004379 0.002926
10 0.270199 0.905023 0.004817 0.004145
10 0.254215 0.894172 0.004817 0.003414
10 0.265492 0.882468 0.004598 0.003414
10 0.265054 0.879298 0.005036 0.003901
10 0.263302 0.874543 0.004598 0.003658
10 0.273703 0.849183 0.004379 0.006584
10 0.317495 0.870763 0.004817 0.002438
10 0.296803 0.880029 0.003722 0.005852
10 0.254434 0.851378 0.002190 0.005608
10 0.150536 0.900146 0.004598 0.002682
10 0.080797 0.888442 0.004817 0.002682
10 0.114846 0.146550 0.004160 0.005365
10 0.176812 0.886003 0.004598 0.002682
10 0.112328 0.148378 0.004379 0.005608
10 0.109700 0.150085 0.004379 0.005121
10 0.107291 0.152768 0.004817 0.005608
10 0.097767 0.160693 0.004160 0.005365
10 0.094373 0.154962 0.004379 0.004633
10 0.084738 0.165569 0.004817 0.005365
10 0.021458 0.674104 0.001752 0.005608
10 0.048829 0.676542 0.003065 0.005608
10 0.071382 0.687637 0.004379 0.003414
10 0.072695 0.691173 0.005255 0.003658
10 0.048610 0.770422 0.002628 0.006096
10 0.052004 0.769081 0.001971 0.004877
10 0.108167 0.737747 0.005255 0.005121
10 0.126998 0.750671 0.006131 0.006096
10 0.136413 0.768959 0.005693 0.005121
10 0.148128 0.783102 0.005036 0.005121
10 0.149442 0.785662 0.004598 0.004877
10 0.151741 0.787491 0.004817 0.005121
10 0.075213 0.801756 0.002847 0.006340
10 0.082549 0.814436 0.002628 0.005365
10 0.068207 0.805657 0.001971 0.004877
10 0.137399 0.807608 0.005036 0.003414
10 0.169805 0.870276 0.002847 0.005852
10 0.881213 0.780054 0.003722 0.005365
10 0.847931 0.771031 0.005036 0.004877
10 0.945369 0.680566 0.004160 0.004877
10 0.581235 0.032919 0.002409 0.004877
10 0.679439 0.084248 0.006131 0.005121
10 0.680753 0.074738 0.004817 0.004145
10 0.658419 0.043892 0.003941 0.004877
10 0.644624 0.032309 0.004379 0.006096
10 0.659623 0.056450 0.005036 0.006096
10 0.621633 0.086930 0.004817 0.003658
10 0.604335 0.082907 0.005255 0.004389
10 0.603460 0.086808 0.006131 0.004877
10 0.603241 0.074006 0.004817 0.003658
10 0.603022 0.056572 0.002628 0.004877
10 0.581016 0.051939 0.002409 0.004877
1 0.558901 0.054499 0.005912 0.004145
10 0.838844 0.787857 0.006131 0.005365
10 0.543136 0.045721 0.001971 0.005608
10 0.488395 0.038405 0.002847 0.005608
10 0.482374 0.034748 0.002628 0.006584
10 0.476133 0.049378 0.002409 0.005121
10 0.450952 0.046330 0.002409 0.005852
10 0.422925 0.076323 0.002409 0.005852
10 0.419750 0.076932 0.002190 0.004633
10 0.384169 0.098147 0.005036 0.004633
9 0.384716 0.111314 0.005255 0.003170
9 0.327677 0.050475 0.005036 0.003901
10 0.338296 0.105584 0.004817 0.002438
10 0.745238 0.087662 0.005036 0.003658
10 0.771951 0.098391 0.005036 0.002195
10 0.813663 0.028652 0.002628 0.005608
10 0.812897 0.034626 0.002847 0.005852
10 0.954675 0.288100 0.005255 0.005121
10 0.966389 0.279810 0.005036 0.002682
10 0.934092 0.286637 0.003941 0.005608
10 0.952485 0.305413 0.004379 0.002195
10 0.966718 0.322726 0.005255 0.003170
10 0.966499 0.317118 0.003941 0.002682
10 0.979089 0.314314 0.001971 0.004389
10 0.975257 0.329432 0.002190 0.005365
10 0.941975 0.261400 0.003503 0.005852
10 0.942960 0.236406 0.002409 0.006096
10 0.937377 0.189466 0.003941 0.006340
10 0.939457 0.184711 0.003722 0.006584
10 0.983687 0.217752 0.002409 0.004877
10 0.953252 0.221409 0.002409 0.005365
10 0.942960 0.216776 0.003284 0.005365
10 0.961901 0.169227 0.004379 0.005365
10 0.992555 0.129846 0.005255 0.003170
10 0.914386 0.124238 0.005693 0.006584
9 0.888548 0.112412 0.006569 0.004389
10 0.920407 0.072056 0.005474 0.004633
10 0.948434 0.031578 0.004598 0.005121
10 0.890081 0.036089 0.003503 0.005852
10 0.850777 0.065960 0.005912 0.003170
10 0.337202 0.137649 0.003941 0.002682
10 0.337421 0.134601 0.004379 0.002926
10 0.357784 0.138747 0.004379 0.002438
10 0.749069 0.528042 0.004817 0.005121
10 0.780819 0.548647 0.003065 0.005365
9 0.765820 0.552548 0.006788 0.007315
10 0.841581 0.443550 0.005036 0.005365
10 0.805562 0.467813 0.004379 0.005121
10 0.188745 0.020361 0.004379 0.003170
10 0.200460 0.016216 0.005474 0.002682
10 0.058572 0.214948 0.002409 0.005608
10 0.044668 0.276396 0.003503 0.005608
10 0.714035 0.865277 0.002190 0.005121
7 0.563390 0.096562 0.006569 0.028773
7 0.590212 0.106681 0.002847 0.009022
7 0.522553 0.086930 0.006350 0.006096
7 0.421612 0.135089 0.005912 0.009266
7 0.201993 0.765057 0.008540 0.010973
7 0.659295 0.608388 0.028027 0.031700
1 0.530107 0.078639 0.002190 0.004633
1 0.528027 0.078274 0.001533 0.003901
1 0.357127 0.201170 0.002628 0.003901
1 0.172104 0.740185 0.003503 0.003658
10 0.901139 0.435504 0.002409 0.006340
10 0.896650 0.435016 0.002190 0.005365
10 0.893913 0.434528 0.002409 0.004877
10 0.889753 0.434162 0.002409 0.006584
10 0.768885 0.550232 0.004598 0.006096
10 0.673199 0.662034 0.004160 0.004877
10 0.341143 0.147159 0.002190 0.005608
10 0.657543 0.667886 0.003503 0.004877
10 0.340596 0.160936 0.002847 0.007315
10 0.330742 0.187149 0.005036 0.002682
1 0.336983 0.171300 0.006569 0.003658
10 0.274250 0.103389 0.005474 0.002438
10 0.273922 0.108266 0.004379 0.002438
10 0.273703 0.111314 0.004379 0.002195
9 0.260127 0.202634 0.005255 0.002926
10 0.283228 0.049988 0.002847 0.006828
10 0.331837 0.038893 0.004160 0.006096
10 0.311912 0.039137 0.005036 0.003170
10 0.312240 0.043404 0.005693 0.003414
10 0.273922 0.085223 0.004817 0.003170
10 0.309941 0.229090 0.001971 0.005608
10 0.188307 0.017679 0.005693 0.003170
10 0.199912 0.011826 0.005693 0.004145
10 0.109810 0.949890 0.005036 0.004633
9 0.604554 0.812241 0.005693 0.002926
9 0.579593 0.798708 0.004379 0.006096
9 0.589337 0.752134 0.007226 0.004145
10 0.593168 0.761644 0.004817 0.002682
10 0.609591 0.754572 0.004817 0.002682
10 0.625137 0.837601 0.002628 0.005365
10 0.648785 0.752499 0.002190 0.004389
10 0.951500 0.292246 0.005036 0.003658
10 0.973506 0.306389 0.002628 0.005608
10 0.981826 0.307852 0.002190 0.005121
10 0.714802 0.719946 0.004160 0.004633
10 0.733742 0.719215 0.004817 0.005608
10 0.710204 0.725677 0.005036 0.005365
10 0.781476 0.701780 0.003503 0.004877
10 0.719728 0.713363 0.005255 0.005608
10 0.744143 0.677030 0.004598 0.005608
10 0.734399 0.669105 0.004379 0.005852
10 0.732428 0.667032 0.003941 0.005608
10 0.730896 0.646672 0.004379 0.005852
10 0.710970 0.695684 0.004379 0.005852
10 0.708780 0.694099 0.004379 0.005608
10 0.706810 0.692758 0.004379 0.005852
10 0.725203 0.649963 0.005255 0.005608
10 0.746332 0.677883 0.005036 0.005852
10 0.734180 0.782492 0.004817 0.005365
10 0.723122 0.817362 0.004598 0.005365
10 0.772170 0.832236 0.005036 0.004877
10 0.791110 0.634357 0.003941 0.004145
10 0.784541 0.630334 0.004817 0.004877
10 0.778410 0.625823 0.005255 0.005608
10 0.772717 0.621678 0.004817 0.005121
10 0.768557 0.608388 0.003941 0.005365
10 0.771951 0.601804 0.004160 0.005365
10 0.775564 0.596196 0.004379 0.005365
10 0.729144 0.725311 0.005693 0.006584
10 0.721371 0.711656 0.004598 0.005121
10 0.781914 0.586077 0.003941 0.005608
10 0.722684 0.733723 0.005036 0.005365
10 0.834793 0.794197 0.005474 0.004877
10 0.814101 0.787003 0.004817 0.005121
10 0.816291 0.808218 0.004817 0.006584
10 0.813773 0.806876 0.004598 0.005852
10 0.843442 0.808583 0.004817 0.004877
10 0.793738 0.748842 0.004379 0.005365
10 0.786074 0.742990 0.003941 0.005365
10 0.845522 0.803828 0.004598 0.004145
10 0.829976 0.787735 0.005912 0.004633
10 0.828881 0.790295 0.005474 0.004877
10 0.835122 0.791392 0.004817 0.004633
10 0.865667 0.757864 0.003284 0.004389
10 0.857456 0.752256 0.004379 0.004877
10 0.846836 0.747135 0.003722 0.005365
10 0.808189 0.739941 0.004379 0.005121
10 0.804138 0.736772 0.004160 0.005121
10 0.804248 0.729944 0.004817 0.005608
10 0.800307 0.726774 0.004379 0.005121
10 0.794395 0.722751 0.003941 0.005365
9 0.796584 0.709827 0.003941 0.006340
10 0.742720 0.709095 0.004817 0.005365
10 0.737355 0.715435 0.005036 0.005852
10 0.731443 0.724214 0.005036 0.005365
10 0.779067 0.590832 0.003941 0.005852
10 0.884388 0.717142 0.005255 0.005365
10 0.981498 0.315045 0.002847 0.004877
10 0.919093 0.574982 0.002847 0.005852
10 0.901905 0.454889 0.004817 0.002682
10 0.888986 0.450500 0.005255 0.003170
10 0.905956 0.435625 0.001971 0.005121
10 0.885154 0.432943 0.001971 0.004145
10 0.872345 0.454767 0.004817 0.002926
10 0.876286 0.435991 0.004379 0.004389
10 0.864134 0.422946 0.005036 0.005608
10 0.856689 0.426238 0.004598 0.005365
10 0.862930 0.413680 0.004817 0.005608
10 0.861944 0.408559 0.004598 0.005121
10 0.881979 0.399415 0.004379 0.005852
9 0.875630 0.395757 0.004379 0.005365
10 0.899825 0.364667 0.004160 0.005608
10 0.901248 0.356133 0.004817 0.006584
10 0.915371 0.340161 0.004598 0.005852
10 0.910444 0.334918 0.003941 0.005121
10 0.947996 0.279200 0.003722 0.005852
10 0.962557 0.293465 0.004817 0.005121
10 0.989380 0.307974 0.002409 0.004877
10 0.979637 0.330773 0.002190 0.004633
10 0.972630 0.329798 0.002190 0.005608
10 0.966499 0.313948 0.004817 0.002682
10 0.986862 0.314679 0.002190 0.005121
10 0.953690 0.565838 0.005912 0.004145
10 0.960587 0.566569 0.004817 0.002682
10 0.873002 0.709827 0.004379 0.005852
10 0.944165 0.564375 0.003503 0.006096
10 0.870922 0.708973 0.004160 0.005608
10 0.910007 0.708608 0.003941 0.004877
10 0.894570 0.694952 0.003722 0.005365
10 0.915262 0.722872 0.005693 0.005121
10 0.920407 0.726652 0.005036 0.005365
10 0.936501 0.737991 0.006131 0.005121
10 0.957850 0.736528 0.005474 0.004633
10 0.959383 0.734089 0.004598 0.004633
10 0.964638 0.724701 0.004598 0.004877
10 0.966061 0.722385 0.004379 0.004145
10 0.967813 0.720068 0.004817 0.004877
10 0.976899 0.730188 0.004598 0.004145
10 0.977994 0.727384 0.005036 0.004389
10 0.979418 0.725189 0.004817 0.004389
10 0.956208 0.689710 0.004379 0.005608
10 0.949091 0.684833 0.004160 0.005608
10 0.963543 0.676664 0.003722 0.005852
10 0.959164 0.673616 0.004598 0.006096
10 0.943727 0.662399 0.004379 0.006096
10 0.938472 0.659229 0.003941 0.005608
10 0.935954 0.674835 0.004160 0.005608
10 0.933873 0.672763 0.004817 0.005852
10 0.929385 0.670690 0.004160 0.005121
7 0.205824 0.319069 0.015765 0.030968