1 0.555852 0.372043 0.003361 0.002027
10 0.445532 0.020275 0.004943 0.002703
10 0.462535 0.018360 0.004943 0.002478
10 0.473804 0.026808 0.004943 0.003154
10 0.473606 0.018698 0.004152 0.002253
10 0.284203 0.154765 0.004547 0.002253
10 0.303974 0.273260 0.001779 0.004506
10 0.301700 0.274386 0.001977 0.004956
10 0.303776 0.278441 0.002175 0.004506
10 0.279854 0.363595 0.003756 0.004956
10 0.291024 0.337125 0.002372 0.005632
10 0.315935 0.296914 0.004350 0.003154
10 0.277679 0.283059 0.004943 0.002929
10 0.274021 0.220996 0.003954 0.006308
10 0.340352 0.227078 0.002175 0.004506
10 0.334717 0.221221 0.004745 0.002703
10 0.318011 0.193287 0.004943 0.002703
10 0.332938 0.189119 0.004350 0.002929
10 0.282622 0.174476 0.004943 0.002478
9 0.281534 0.066682 0.002768 0.007209
10 0.283314 0.121424 0.004745 0.002703
10 0.272044 0.099459 0.002372 0.005181
10 0.263642 0.112863 0.004547 0.002703
10 0.264334 0.088196 0.004350 0.002478
10 0.264433 0.091011 0.004547 0.002253
10 0.168248 0.498423 0.001977 0.005181
9 0.171708 0.498986 0.002966 0.006308
10 0.456109 0.023091 0.005140 0.002027
10 0.431297 0.026695 0.002175 0.005632
10 0.243179 0.486258 0.004350 0.002478
10 0.428727 0.026695 0.001779 0.004280
10 0.429122 0.411354 0.004547 0.003154
10 0.406880 0.411241 0.002372 0.006082
10 0.449387 0.407412 0.004350 0.002929
10 0.457592 0.414620 0.004943 0.003379
9 0.471530 0.309754 0.002372 0.006308
10 0.479241 0.285988 0.004745 0.002478
10 0.478747 0.289480 0.004152 0.003154
10 0.483689 0.279117 0.004152 0.003154
10 0.482997 0.264136 0.004350 0.002929
10 0.426255 0.269881 0.002372 0.005857
10 0.527481 0.189682 0.002372 0.006308
10 0.475781 0.108132 0.002175 0.005857
10 0.491202 0.125929 0.003361 0.005857
10 0.426849 0.175715 0.002372 0.005857
10 0.430012 0.175828 0.001977 0.004731
10 0.403025 0.113089 0.002570 0.004506
9 0.379300 0.105542 0.002570 0.006082
10 0.448201 0.102613 0.002372 0.004731
10 0.523527 0.065443 0.004350 0.003830
10 0.456505 0.020387 0.004745 0.002478
10 0.452056 0.040324 0.002175 0.004506
10 0.449980 0.039874 0.001977 0.004956
10 0.447509 0.039874 0.001779 0.004956
10 0.444939 0.039761 0.001779 0.004280
10 0.434263 0.039649 0.002175 0.004506
9 0.258699 0.481865 0.004152 0.007659
1 0.202847 0.564091 0.001977 0.004956
10 0.427046 0.428137 0.002372 0.005181
10 0.023329 0.418112 0.003954 0.002703
10 0.021352 0.433544 0.004350 0.002929
10 0.018387 0.413043 0.002768 0.005181
10 0.020660 0.412931 0.001779 0.004506
10 0.023033 0.412706 0.001779 0.004956
10 0.148379 0.172674 0.004547 0.002478
10 0.138493 0.155891 0.001779 0.004956
10 0.136121 0.038860 0.001779 0.005181
10 0.141261 0.042915 0.002175 0.004731
10 0.135824 0.045393 0.001977 0.004731
10 0.135528 0.051363 0.001779 0.004506
10 0.134737 0.056544 0.001779 0.004956
10 0.134243 0.068709 0.002372 0.005407
10 0.133946 0.074566 0.002175 0.004956
10 0.133353 0.080649 0.002175 0.004506
10 0.138296 0.097094 0.002175 0.004506
10 0.137999 0.104528 0.001977 0.004506
10 0.120700 0.301419 0.004547 0.003154
10 0.120799 0.305925 0.004350 0.002703
10 0.158165 0.308741 0.003163 0.002478
10 0.158264 0.303897 0.004152 0.002253
10 0.048240 0.381280 0.003954 0.002929
10 0.053974 0.370579 0.004745 0.002703
10 0.053578 0.368101 0.005140 0.002253
10 0.048735 0.367876 0.004152 0.002253
10 0.052788 0.378689 0.004350 0.002253
10 0.020166 0.440865 0.004350 0.002703
10 0.022637 0.420478 0.004152 0.002929
1 0.200969 0.555418 0.002175 0.004731
10 0.023132 0.423631 0.005140 0.002478
1 0.202748 0.555643 0.001779 0.005181
10 0.199783 0.349628 0.001779 0.004956
10 0.174674 0.318540 0.004943 0.002703
10 0.199189 0.325073 0.004547 0.002253
10 0.199387 0.320230 0.004547 0.002478
10 0.198003 0.317526 0.004152 0.002478
10 0.172202 0.277878 0.003954 0.002478
9 0.200474 0.305587 0.003954 0.009236
9 0.166271 0.292746 0.002372 0.006082
9 0.168841 0.292746 0.003163 0.006984
10 0.249703 0.274611 0.002372 0.004956
10 0.195730 0.279004 0.005140 0.002929
9 0.172598 0.206240 0.007117 0.005632
10 0.211447 0.168394 0.004943 0.002929
10 0.214512 0.080311 0.005140 0.003830
9 0.194939 0.097207 0.005931 0.002478
9 0.202847 0.037508 0.004745 0.005632
9 0.097173 0.412706 0.006920 0.004055
10 0.068901 0.402906 0.002570 0.005632
10 0.080961 0.404258 0.002175 0.005181
10 0.078193 0.406510 0.002570 0.005181
10 0.071372 0.403357 0.002372 0.005181
10 0.041123 0.413945 0.002768 0.005632
10 0.021056 0.430840 0.004152 0.002929
10 0.022539 0.426109 0.004745 0.002478
10 0.439601 0.418563 0.004547 0.005857
10 0.445038 0.427799 0.002372 0.004506
1 0.559905 0.393782 0.002372 0.006308
10 0.028272 0.624578 0.003163 0.005632
10 0.029063 0.620072 0.003163 0.005632
10 0.026888 0.619058 0.002768 0.005407
10 0.028766 0.095855 0.002175 0.004731
10 0.060696 0.088646 0.001977 0.006082
10 0.743278 0.894346 0.004152 0.002253
10 0.743871 0.891417 0.004152 0.002703
14 0.709866 0.922280 0.010874 0.006308
9 0.650455 0.849628 0.005536 0.003379
10 0.646599 0.851093 0.001779 0.004956
10 0.724792 0.888939 0.004745 0.002703
10 0.765322 0.921604 0.002372 0.004956
10 0.762752 0.921491 0.001977 0.004731
10 0.766014 0.926673 0.002966 0.004731
10 0.735567 0.940415 0.004943 0.002478
10 0.650652 0.943681 0.004745 0.003154
10 0.689403 0.980964 0.002372 0.005181
10 0.718762 0.975783 0.004152 0.004280
10 0.695433 0.972742 0.004152 0.002703
10 0.695235 0.969700 0.003756 0.002027
10 0.800119 0.989975 0.004745 0.004731
10 0.811487 0.987047 0.004943 0.005632
10 0.817220 0.990088 0.004943 0.005407
10 0.822262 0.980063 0.004745 0.005181
10 0.830170 0.966884 0.004745 0.004956
10 0.848062 0.946159 0.004547 0.005407
10 0.031336 0.626267 0.002966 0.005407
10 0.025900 0.625028 0.002372 0.005181
10 0.902036 0.949538 0.004547 0.005407
10 0.033511 0.625704 0.003361 0.005632
10 0.461843 0.938500 0.001977 0.004506
10 0.363978 0.964406 0.004350 0.004506
10 0.328588 0.923068 0.004350 0.002478
10 0.341044 0.925208 0.004350 0.002703
1 0.264136 0.967673 0.004745 0.002929
10 0.178035 0.952241 0.004943 0.002253
10 0.069494 0.962717 0.004943 0.003379
10 0.016904 0.959112 0.004152 0.003830
10 0.018189 0.962492 0.004350 0.003830
10 0.017200 0.673575 0.004350 0.002703
10 0.016607 0.677968 0.003559 0.002027
10 0.016311 0.680671 0.004152 0.002478
10 0.015718 0.689570 0.004152 0.002703
10 0.015619 0.698581 0.003559 0.001802
10 0.015322 0.702861 0.004152 0.002703
10 0.015026 0.707367 0.003954 0.002253
10 0.009095 0.727754 0.003954 0.002478
10 0.046758 0.674814 0.004152 0.002478
10 0.046856 0.677630 0.004350 0.002253
10 0.046263 0.681460 0.004745 0.002703
10 0.015421 0.694188 0.005140 0.002027
10 0.016212 0.685064 0.004745 0.002253
10 0.027284 0.680446 0.004745 0.006082
10 0.023527 0.624578 0.003163 0.005181
10 0.036378 0.625817 0.003163 0.005407
10 0.895512 0.946948 0.004943 0.005632
10 0.922301 0.934670 0.004745 0.004956
10 0.431594 0.420478 0.004745 0.002929
9 0.649170 0.050800 0.004547 0.005632
10 0.573646 0.069836 0.004152 0.005407
10 0.553183 0.221559 0.004745 0.002929
10 0.557631 0.222122 0.004943 0.002703
10 0.582444 0.235413 0.002372 0.004506
10 0.602906 0.225051 0.004547 0.003604
10 0.606168 0.241834 0.001977 0.005181
10 0.604093 0.384208 0.004547 0.002929
10 0.624259 0.433206 0.003361 0.005407
10 0.596184 0.428588 0.004547 0.003379
10 0.586694 0.415747 0.003756 0.004731
10 0.590253 0.415747 0.003756 0.004280
10 0.551008 0.420478 0.004745 0.002478
10 0.380190 0.225501 0.003559 0.004956
9 0.277778 0.419126 0.002372 0.005632
10 0.352610 0.363032 0.004547 0.002478
10 0.299229 0.346137 0.003756 0.002478
10 0.299130 0.348840 0.004745 0.002027
9 0.508798 0.403807 0.005733 0.003379
10 0.507809 0.416986 0.002570 0.005857
10 0.519573 0.420252 0.001977 0.004280
10 0.509885 0.417211 0.001977 0.005407
9 0.501285 0.415972 0.002175 0.005632
10 0.498418 0.415634 0.001977 0.004956
10 0.483986 0.415634 0.001977 0.004956
10 0.481416 0.418675 0.001977 0.004280
10 0.652926 0.029962 0.004152 0.005407
10 0.750494 0.071863 0.004350 0.004956
10 0.925465 0.925208 0.003954 0.005407
10 0.748814 0.070061 0.004152 0.004956
10 0.938414 0.916648 0.004547 0.004956
10 0.868921 0.918337 0.003954 0.004280
10 0.876532 0.915184 0.004152 0.005181
10 0.904310 0.888939 0.004745 0.004956
10 0.950376 0.900203 0.005140 0.005857
10 0.962436 0.882969 0.003954 0.004731
10 0.964215 0.875986 0.003954 0.004731
10 0.878015 0.839378 0.004350 0.004506
10 0.894820 0.814485 0.004350 0.004731
9 0.963919 0.817414 0.004943 0.006082
10 0.966785 0.601712 0.004350 0.002253
9 0.971530 0.408763 0.002372 0.006082
1 0.987742 0.351205 0.001977 0.004956
10 0.983393 0.344785 0.002372 0.005632
10 0.661131 0.289705 0.001977 0.004506
10 0.686734 0.278441 0.004152 0.003154
10 0.663701 0.254562 0.003163 0.004956
10 0.665777 0.256139 0.003361 0.005407
10 0.668347 0.256364 0.002966 0.004956
10 0.670819 0.256702 0.003163 0.005181
10 0.724199 0.099685 0.004745 0.004731
10 0.662713 0.206240 0.003163 0.005181
10 0.665283 0.208042 0.003559 0.005632
10 0.667655 0.208155 0.003163 0.004956
10 0.707493 0.138207 0.004152 0.005181
10 0.053183 0.376211 0.004350 0.002703
10 0.049427 0.354359 0.004350 0.002253
10 0.054172 0.349403 0.004350 0.002253
10 0.022736 0.144852 0.002768 0.005407
10 0.036180 0.146767 0.002372 0.004280
10 0.038256 0.141135 0.002175 0.005181
10 0.042408 0.141473 0.002175 0.005407
10 0.054864 0.141811 0.002175 0.005181
10 0.043594 0.124240 0.002175 0.004731
10 0.043397 0.129534 0.002175 0.004506
10 0.049921 0.130322 0.002570 0.006082
10 0.054369 0.130435 0.001977 0.004506
10 0.061091 0.131223 0.001977 0.004731
10 0.063365 0.131449 0.002175 0.004731
9 0.047647 0.118045 0.007117 0.003154
10 0.089363 0.128745 0.004350 0.002478
10 0.048537 0.158144 0.002175 0.005857
10 0.042408 0.157581 0.002570 0.005632
10 0.069889 0.159946 0.002175 0.004956
10 0.063068 0.159608 0.002768 0.006533
10 0.045374 0.069836 0.002175 0.004956
10 0.049822 0.070061 0.001977 0.004956
10 0.054369 0.070173 0.001977 0.004731
10 0.056643 0.070173 0.001779 0.004280
10 0.057335 0.112075 0.001977 0.004280
10 0.055061 0.112187 0.001779 0.004956
10 0.044286 0.105880 0.001582 0.004956
10 0.046263 0.105767 0.002372 0.005181
10 0.048339 0.111286 0.002175 0.004506
10 0.025109 0.156004 0.002372 0.004731
10 0.025208 0.139671 0.002175 0.005407
10 0.055160 0.106443 0.001977 0.005181
10 0.025405 0.144965 0.001779 0.004731
10 0.037861 0.339941 0.004152 0.002253
10 0.038256 0.327101 0.003756 0.002253
10 0.039047 0.313584 0.004547 0.002703
10 0.040233 0.296463 0.004943 0.002253
10 0.039245 0.293535 0.004152 0.002253
9 0.053183 0.246001 0.006327 0.004055
9 0.061388 0.215364 0.004152 0.002253
9 0.052293 0.233724 0.004152 0.002478
9 0.063958 0.231133 0.005338 0.003154
9 0.064057 0.226402 0.005536 0.002703
9 0.062278 0.222911 0.005140 0.002478
9 0.061882 0.218292 0.005140 0.002703
10 0.097865 0.273936 0.004350 0.002253
10 0.060894 0.211534 0.004745 0.002253
10 0.063760 0.235526 0.003756 0.002929
10 0.088276 0.154201 0.004547 0.002478
9 0.160439 0.166366 0.004547 0.002478
9 0.136516 0.128745 0.002175 0.004731
1 0.147588 0.170196 0.005733 0.002929
10 0.121491 0.169633 0.005338 0.004506
10 0.069889 0.131111 0.002175 0.005407
10 0.073843 0.159495 0.002175 0.006758
10 0.065639 0.159270 0.002372 0.005857
10 0.087979 0.144402 0.005536 0.003154
10 0.027975 0.129308 0.001779 0.004956
10 0.050712 0.105992 0.002175 0.005181
10 0.057533 0.106668 0.001977 0.004731
10 0.054765 0.351994 0.004350 0.002478
10 0.040826 0.069498 0.001779 0.005632
10 0.045077 0.075467 0.001977 0.004506
10 0.049822 0.075693 0.001977 0.004506
10 0.047351 0.075130 0.001779 0.004731
10 0.047845 0.070286 0.001977 0.004506
10 0.052195 0.069723 0.001977 0.005181
10 0.043001 0.069948 0.002175 0.004731
10 0.080664 0.076932 0.001582 0.004731
10 0.038750 0.069610 0.001977 0.004956
10 0.062278 0.057220 0.001977 0.004506
10 0.047944 0.058234 0.001779 0.003379
10 0.045868 0.058009 0.001582 0.003830
10 0.043298 0.057220 0.001582 0.004956
10 0.041123 0.056995 0.001582 0.004506
10 0.039047 0.057558 0.001779 0.004731
10 0.025702 0.056995 0.001977 0.004956
10 0.027481 0.057671 0.001977 0.005857
10 0.039442 0.026019 0.004152 0.003830
10 0.028272 0.026808 0.004350 0.004506
10 0.028371 0.030638 0.004152 0.004506
10 0.039739 0.020387 0.004745 0.004280
9 0.936042 0.844222 0.016410 0.018698
7 0.113780 0.664789 0.022736 0.008110
7 0.130585 0.657130 0.040530 0.030638
7 0.802491 0.111399 0.015817 0.022302
1 0.926849 0.230232 0.002768 0.007209
10 0.038355 0.074792 0.001977 0.004956
10 0.074239 0.077382 0.002175 0.005632
10 0.066825 0.094841 0.002372 0.004055
10 0.073448 0.090110 0.001779 0.004956
10 0.064848 0.094729 0.001977 0.004280
10 0.057434 0.094729 0.002175 0.004731
10 0.055457 0.094391 0.001779 0.004506
10 0.053282 0.094053 0.002570 0.005181
10 0.051305 0.093602 0.002175 0.004731
10 0.048834 0.093602 0.002372 0.005181
10 0.046560 0.093602 0.002175 0.005632
10 0.044385 0.093715 0.002175 0.004956
10 0.042210 0.093152 0.002175 0.005181
10 0.040134 0.093377 0.001977 0.004731
10 0.037960 0.087745 0.002372 0.005181
10 0.040332 0.087858 0.001977 0.005407
10 0.042606 0.087858 0.002175 0.004956
10 0.044682 0.087520 0.001977 0.005632
10 0.046856 0.087745 0.001977 0.005181
10 0.049031 0.087970 0.001977 0.004731
10 0.053677 0.088421 0.001779 0.004731
10 0.055753 0.088533 0.002372 0.006308
10 0.057928 0.088871 0.002372 0.005632
10 0.058521 0.076031 0.001977 0.006082
10 0.060992 0.076256 0.002175 0.004731
10 0.071174 0.095517 0.002372 0.004506
10 0.073349 0.094954 0.001977 0.004731
10 0.075524 0.095066 0.001977 0.004506
10 0.077600 0.095179 0.001779 0.004731
10 0.037861 0.342757 0.003756 0.002027
9 0.037564 0.348164 0.004350 0.002929
10 0.036477 0.369903 0.004152 0.002703
10 0.038454 0.321807 0.003756 0.002478
10 0.050020 0.338252 0.004745 0.002478
10 0.050712 0.325186 0.004943 0.002478
10 0.055654 0.325073 0.003756 0.002253
10 0.050316 0.322483 0.004152 0.002478
10 0.055457 0.322145 0.003756 0.001802
10 0.054962 0.319892 0.003954 0.002253
10 0.056248 0.314147 0.003756 0.001577
10 0.051305 0.314485 0.004547 0.002253
10 0.051799 0.303559 0.004350 0.002478
10 0.051700 0.306375 0.004547 0.002253
10 0.056149 0.308853 0.004350 0.001802
10 0.056445 0.301194 0.004152 0.001802
9 0.141261 0.247691 0.004943 0.002478
9 0.112396 0.252760 0.004547 0.002253
9 0.035488 0.224037 0.005338 0.002478
10 0.059213 0.158932 0.002570 0.005632
10 0.048438 0.147105 0.002372 0.005407
10 0.028074 0.112300 0.002372 0.005181
10 0.023725 0.123677 0.002372 0.004506
10 0.025900 0.124352 0.001977 0.004956
10 0.028074 0.124127 0.001977 0.004956
10 0.035983 0.141248 0.001977 0.004506
10 0.044484 0.141699 0.001977 0.004956
10 0.046758 0.141699 0.002175 0.005407
10 0.049031 0.141586 0.002372 0.004731
10 0.038750 0.318878 0.003954 0.002478
10 0.038355 0.324397 0.004350 0.002253
10 0.036378 0.373282 0.004350 0.002253
10 0.038750 0.308065 0.003954 0.002478
10 0.054172 0.354697 0.004745 0.002478
10 0.066627 0.349403 0.003954 0.002253
10 0.090451 0.335886 0.004547 0.002703
10 0.090846 0.340617 0.003756 0.002253
10 0.089957 0.355148 0.004350 0.002478
10 0.117833 0.373508 0.003954 0.002253
10 0.118031 0.370354 0.003954 0.002253
10 0.118327 0.366862 0.004152 0.002929
10 0.118723 0.361568 0.004152 0.002253
10 0.089462 0.360216 0.003756 0.002703
10 0.089660 0.367650 0.003756 0.002253
10 0.065836 0.358527 0.004745 0.002929
10 0.065540 0.374972 0.004152 0.003379
10 0.065540 0.367538 0.005338 0.002929
10 0.066627 0.341631 0.003954 0.002027
10 0.066528 0.344334 0.004152 0.002027
10 0.119118 0.356049 0.004547 0.002478
10 0.119019 0.353120 0.004745 0.002929
10 0.119019 0.348051 0.004350 0.003154
10 0.119316 0.342757 0.004943 0.002478
10 0.120206 0.322145 0.004745 0.002253
10 0.120898 0.319329 0.003756 0.002027
10 0.091538 0.310768 0.004350 0.002027
10 0.091340 0.323722 0.004350 0.003154
10 0.066627 0.328340 0.004350 0.002478
10 0.057137 0.142712 0.002372 0.005181
10 0.061388 0.143163 0.002175 0.004731
10 0.065540 0.143050 0.002175 0.005407
10 0.069494 0.143501 0.002175 0.005407
10 0.070087 0.076706 0.002175 0.004731
10 0.063068 0.076594 0.002372 0.004506
10 0.040431 0.075242 0.001779 0.004506
10 0.043001 0.075580 0.001779 0.004731
10 0.052195 0.075918 0.001977 0.004956
10 0.054369 0.075918 0.001582 0.004506
10 0.056248 0.075242 0.001779 0.003604
10 0.038652 0.305249 0.004152 0.002703
10 0.056050 0.298153 0.003361 0.002478
10 0.067912 0.307051 0.004547 0.002253
10 0.067418 0.317526 0.003954 0.002478
10 0.066232 0.351881 0.004350 0.002253
10 0.053480 0.373057 0.004152 0.002253
10 0.048834 0.370579 0.004350 0.002703
10 0.048735 0.373170 0.004152 0.002478
10 0.053875 0.357175 0.004547 0.002929
10 0.049624 0.349290 0.004350 0.002478
9 0.049723 0.351543 0.004152 0.002929
10 0.054567 0.346474 0.003954 0.003154
10 0.049921 0.346362 0.003756 0.002478
10 0.053480 0.365172 0.003756 0.002703
10 0.053480 0.359878 0.004547 0.002478
10 0.049229 0.356950 0.004745 0.002929
10 0.036279 0.379703 0.004943 0.002929
10 0.036477 0.375535 0.003756 0.002253
10 0.071866 0.076594 0.001779 0.004506
10 0.076315 0.077044 0.001977 0.004506
10 0.078490 0.077044 0.001977 0.004956
10 0.046263 0.111850 0.001977 0.004280
10 0.075524 0.144289 0.002372 0.005181
10 0.073745 0.144177 0.002372 0.004506
10 0.067517 0.131899 0.002570 0.004731
10 0.047845 0.124578 0.002372 0.004956
10 0.054468 0.125028 0.002175 0.004956
10 0.059015 0.125366 0.002175 0.004731
10 0.061289 0.125929 0.002372 0.004956
10 0.063563 0.125704 0.002175 0.005407
10 0.066133 0.112525 0.002175 0.005632
10 0.041518 0.111624 0.001977 0.004280
10 0.044187 0.111737 0.002570 0.004506
10 0.052788 0.112300 0.002372 0.005181
10 0.075623 0.089885 0.001779 0.004956
10 0.061487 0.112413 0.001977 0.004956
10 0.059806 0.106443 0.002175 0.004731
10 0.061783 0.106781 0.002570 0.004956
10 0.064057 0.107344 0.002372 0.004731
10 0.066528 0.106781 0.002175 0.004956
10 0.068604 0.107119 0.001977 0.004280
10 0.037367 0.093602 0.002372 0.005632
10 0.062772 0.089097 0.001779 0.005181
10 0.064947 0.089547 0.001779 0.004731
10 0.067121 0.089772 0.002175 0.004731
10 0.069395 0.089660 0.001977 0.004956
10 0.477560 0.940415 0.002175 0.005632
10 0.511566 0.966997 0.004547 0.002478
10 0.651246 0.852895 0.004745 0.003154
10 0.745255 0.844785 0.004547 0.003154
10 0.841538 0.857626 0.002966 0.006308
10 0.910340 0.866862 0.004152 0.004506
10 0.869909 0.984569 0.003954 0.004280
9 0.875247 0.968011 0.006722 0.006758
10 0.913405 0.928137 0.004350 0.004506
10 0.829972 0.956860 0.004350 0.004280
10 0.857058 0.990764 0.004745 0.004956
10 0.875544 0.971953 0.003756 0.003830
10 0.862890 0.839604 0.004547 0.002703
10 0.797351 0.847488 0.004350 0.001802
10 0.797054 0.850867 0.004547 0.002253
10 0.724891 0.891530 0.004943 0.002478
10 0.728944 0.891417 0.004350 0.002253
10 0.709470 0.912818 0.005338 0.002703
10 0.637703 0.845235 0.004152 0.002253
10 0.672796 0.850755 0.004745 0.002929
10 0.621886 0.881955 0.002570 0.005857
10 0.672499 0.910453 0.004943 0.002478
10 0.673784 0.917774 0.004350 0.004055
10 0.513345 0.945821 0.004943 0.002478
10 0.570087 0.926898 0.005338 0.002478
10 0.554073 0.926673 0.004152 0.002478
10 0.385726 0.966096 0.003559 0.002478
10 0.385824 0.968687 0.004152 0.002703
10 0.353598 0.946497 0.004547 0.003830
10 0.755042 0.890966 0.004745 0.002703
10 0.898280 0.817526 0.004943 0.005407
10 0.262258 0.949313 0.001779 0.004055
10 0.920225 0.782383 0.004152 0.004055
10 0.196224 0.072088 0.004547 0.002253
10 0.191380 0.039311 0.004350 0.002929
10 0.238830 0.034355 0.001977 0.004731
10 0.248913 0.037846 0.002372 0.006308
10 0.278074 0.039311 0.002966 0.004731
10 0.278569 0.028159 0.004350 0.004506
10 0.285291 0.038635 0.003954 0.004280
10 0.287564 0.040550 0.004943 0.003604
10 0.331554 0.058234 0.003954 0.005632
10 0.395117 0.018585 0.002175 0.004731
10 0.427639 0.039198 0.002372 0.004956
10 0.456208 0.040888 0.002175 0.004731
10 0.461941 0.025907 0.003756 0.002703
10 0.512752 0.038860 0.004547 0.004731
10 0.650455 0.025907 0.004745 0.005857
10 0.637604 0.042239 0.003954 0.004731
10 0.731218 0.072314 0.004943 0.006758
10 0.985963 0.222009 0.005536 0.003830
10 0.986754 0.227754 0.004745 0.003154
10 0.986556 0.258166 0.002768 0.005857
10 0.969652 0.423744 0.004547 0.002253
10 0.961843 0.744312 0.004350 0.005407
10 0.939106 0.753210 0.005140 0.003830
10 0.919731 0.790493 0.004745 0.003604
10 0.925168 0.785537 0.003361 0.004055
10 0.183768 0.937261 0.002570 0.006082
10 0.258897 0.947623 0.002175 0.006082
10 0.030051 0.074679 0.002372 0.004731
10 0.145512 0.208831 0.004350 0.002253
10 0.115757 0.248592 0.004152 0.002478
10 0.113286 0.245213 0.003559 0.002027
10 0.119019 0.246114 0.004350 0.002478
10 0.074338 0.233949 0.004350 0.002478
10 0.063464 0.204551 0.004350 0.002703
10 0.062278 0.208042 0.004350 0.002027
10 0.088375 0.151611 0.004745 0.002253
10 0.088869 0.149245 0.003756 0.002478
10 0.075623 0.149245 0.001779 0.004280
10 0.067715 0.148457 0.001779 0.004956
10 0.149170 0.138770 0.004943 0.002253
10 0.147885 0.150484 0.004350 0.002253
10 0.149071 0.142487 0.003559 0.002478
10 0.131771 0.115116 0.002175 0.004956
10 0.139581 0.078959 0.001977 0.004731
10 0.139779 0.073553 0.001582 0.004280
10 0.070779 0.112638 0.001977 0.004956
10 0.090055 0.085943 0.004547 0.002478
10 0.059707 0.057783 0.002372 0.006533
10 0.048339 0.105767 0.001779 0.005181
10 0.026493 0.088759 0.001977 0.005407
10 0.026789 0.051588 0.002175 0.004956
10 0.067517 0.076594 0.002175 0.004956
10 0.028766 0.088984 0.001779 0.005407
10 0.030842 0.088871 0.002372 0.004731
10 0.117635 0.225614 0.003954 0.002478
10 0.140866 0.208380 0.004152 0.001802
10 0.069889 0.959788 0.004547 0.003379
10 0.127916 0.182699 0.001977 0.004506
10 0.040925 0.963393 0.004350 0.004280
10 0.026987 0.737779 0.004547 0.002703
10 0.027382 0.726966 0.004152 0.003154
10 0.046758 0.672336 0.004152 0.002929
10 0.024120 0.619622 0.003954 0.005632
10 0.034203 0.620297 0.003559 0.005632
10 0.037169 0.620861 0.003559 0.005407
10 0.073646 0.404145 0.002175 0.004956
10 0.018683 0.450777 0.003756 0.002253
10 0.032523 0.439851 0.004547 0.002929
10 0.042507 0.438162 0.003954 0.002703
10 0.042606 0.435233 0.003756 0.001802
10 0.042705 0.432642 0.004350 0.002478
10 0.120008 0.405384 0.001977 0.004280
10 0.114670 0.405046 0.001977 0.004506
10 0.124654 0.406173 0.002175 0.004506
10 0.127026 0.406060 0.002175 0.004731
10 0.129794 0.406285 0.002175 0.004731
10 0.083136 0.405046 0.001779 0.005407
10 0.072954 0.415972 0.002768 0.005632
10 0.043594 0.255688 0.005338 0.002703
10 0.052392 0.229556 0.003954 0.002703
10 0.143041 0.212435 0.004152 0.002703
10 0.120107 0.157130 0.003756 0.002929
10 0.120502 0.151498 0.003756 0.002478
10 0.217477 0.086619 0.004350 0.002478
10 0.195038 0.093827 0.005338 0.002478
10 0.136319 0.032440 0.001779 0.005407
10 0.634045 0.480739 0.003163 0.004956
9 0.626433 0.456634 0.005338 0.006758
10 0.610815 0.438838 0.002175 0.005407
10 0.627620 0.431403 0.002966 0.005407
10 0.624951 0.427461 0.002372 0.005181
10 0.552985 0.398626 0.001977 0.005632
10 0.542705 0.397612 0.001977 0.005407
10 0.410637 0.306601 0.001977 0.004956
10 0.326216 0.280131 0.002768 0.005632
10 0.419632 0.278666 0.005733 0.003154
10 0.436536 0.174138 0.003954 0.006758
10 0.389581 0.141924 0.003361 0.004506
10 0.396006 0.155440 0.001977 0.004956
10 0.396303 0.148907 0.002175 0.005407
10 0.450672 0.102613 0.002570 0.005181
10 0.395512 0.119171 0.002570 0.004055
10 0.357157 0.120635 0.004152 0.004731
10 0.357948 0.149020 0.003756 0.002478
10 0.357256 0.151723 0.004745 0.002929
10 0.356168 0.154539 0.005338 0.002703
10 0.356663 0.159946 0.004745 0.002703
10 0.344800 0.163325 0.001977 0.004956
10 0.366943 0.215589 0.002372 0.006308
10 0.245354 0.205001 0.004350 0.002703
10 0.382167 0.223361 0.003954 0.006533
10 0.349941 0.229218 0.003954 0.002478
10 0.640866 0.466659 0.005338 0.006082
10 0.633254 0.475558 0.001977 0.005407
10 0.136418 0.027371 0.001977 0.005181
10 0.664887 0.456522 0.004350 0.006533
10 0.092032 0.316175 0.004547 0.002478
10 0.069098 0.094841 0.001779 0.004055
10 0.052985 0.106105 0.001977 0.004506
10 0.278173 0.374747 0.004745 0.002929
10 0.025405 0.949763 0.004152 0.004956
10 0.581752 0.405384 0.002175 0.005181
10 0.487050 0.399302 0.001779 0.004731
10 0.498221 0.369453 0.002372 0.005407
10 0.495947 0.368551 0.001779 0.004506
10 0.492586 0.368777 0.002570 0.005857
10 0.495453 0.274386 0.002372 0.004956
10 0.511072 0.131336 0.006327 0.004956
10 0.482997 0.215364 0.005536 0.003604
10 0.542705 0.229218 0.002372 0.005181
10 0.577600 0.233949 0.002966 0.005632
10 0.571273 0.232935 0.002175 0.004956
10 0.529162 0.216490 0.004152 0.003154
10 0.547944 0.220095 0.004152 0.002703
10 0.603499 0.302771 0.004152 0.002703
10 0.615560 0.315048 0.004152 0.002929
10 0.639877 0.325073 0.004943 0.002703
10 0.654804 0.362356 0.005536 0.002929
10 0.678035 0.409552 0.005338 0.003154
10 0.678035 0.426898 0.003756 0.002703
10 0.677244 0.429714 0.004547 0.002027
10 0.340154 0.233386 0.001779 0.005407
10 0.340648 0.242735 0.001977 0.004731
10 0.307928 0.284974 0.004547 0.002703
10 0.293693 0.329241 0.002175 0.004731
10 0.198695 0.370241 0.002372 0.005181
10 0.190391 0.435008 0.004745 0.002703
10 0.213325 0.388376 0.004350 0.002253
10 0.191182 0.400541 0.004745 0.002253
10 0.196520 0.425546 0.002372 0.005857
10 0.115065 0.266276 0.003163 0.004506
10 0.185844 0.270444 0.001977 0.004731
10 0.196125 0.301194 0.005140 0.002703
10 0.276493 0.270669 0.002175 0.006082
10 0.247430 0.274499 0.001779 0.004731
10 0.200969 0.231133 0.002175 0.004055
10 0.279656 0.181235 0.004152 0.002929
10 0.272341 0.209281 0.004152 0.004956
10 0.279162 0.201960 0.004745 0.004731
10 0.193159 0.184614 0.004350 0.002027
10 0.193357 0.177855 0.005536 0.002929
10 0.191281 0.174476 0.005733 0.002478
10 0.211645 0.170984 0.004943 0.002703
10 0.207691 0.168281 0.003756 0.006308
10 0.214413 0.144402 0.004152 0.002253
10 0.270858 0.123339 0.001977 0.005181
10 0.188711 0.126492 0.003756 0.002478
10 0.208778 0.121762 0.002372 0.006082
10 0.142645 0.025681 0.002175 0.005407
10 0.136418 0.022302 0.002372 0.005407
10 0.223804 0.371818 0.004745 0.002478
10 0.216192 0.353909 0.004547 0.002253
10 0.208383 0.343996 0.002372 0.005407
10 0.289344 0.376999 0.002175 0.005632
10 0.291222 0.330029 0.002768 0.005407
10 0.386516 0.341518 0.003954 0.002253
10 0.381870 0.341406 0.003756 0.002478
10 0.386418 0.300405 0.004152 0.002027
10 0.371688 0.307389 0.001582 0.005181
10 0.371886 0.317076 0.001977 0.005181
10 0.355476 0.330592 0.004745 0.002027
10 0.360617 0.351205 0.001977 0.005407
10 0.373270 0.392656 0.003954 0.002253
10 0.353697 0.370804 0.003559 0.002253
10 0.353796 0.374071 0.004547 0.002929
10 0.358047 0.445596 0.003163 0.004956
10 0.113879 0.329691 0.001977 0.006082
10 0.357552 0.439175 0.004943 0.002929
10 0.277185 0.446384 0.002372 0.006082
10 0.276394 0.460239 0.002768 0.004956
10 0.224100 0.522866 0.002175 0.003604
10 0.226868 0.520275 0.002175 0.005632
10 0.211645 0.516896 0.001779 0.005632
10 0.162713 0.517684 0.004745 0.001802
10 0.159747 0.514756 0.003954 0.002703
10 0.163701 0.515319 0.004350 0.002478
10 0.163306 0.483893 0.001582 0.004956
10 0.179913 0.461478 0.004745 0.002027
10 0.025900 0.074904 0.001977 0.004731
10 0.026295 0.106330 0.001582 0.004506
10 0.790925 0.842307 0.004547 0.002703
1 0.740411 0.777878 0.001582 0.002703
7 0.772143 0.754674 0.004547 0.016670
7 0.754745 0.764361 0.004943 0.021626
7 0.743673 0.764474 0.004943 0.022753
7 0.733986 0.762897 0.006524 0.023203
7 0.713128 0.766051 0.005140 0.017797
7 0.691281 0.762672 0.003756 0.022753
7 0.685449 0.762559 0.005931 0.022528
7 0.672499 0.761996 0.004547 0.024555
1 0.704824 0.780806 0.003559 0.002253
1 0.672499 0.763573 0.001384 0.003830
1 0.634045 0.780694 0.002372 0.006984
1 0.602412 0.793422 0.001977 0.003154
1 0.606663 0.798378 0.002175 0.003604
7 0.658363 0.764925 0.004745 0.020050
7 0.645314 0.769092 0.005140 0.012615
7 0.636813 0.775175 0.004745 0.017572
7 0.627224 0.777878 0.003756 0.022528
7 0.601819 0.785650 0.005931 0.025907
7 0.511269 0.842082 0.007908 0.013967
7 0.574832 0.809417 0.012060 0.020725
7 0.545670 0.823947 0.006327 0.024555
7 0.533610 0.829016 0.008699 0.021626
7 0.493871 0.848615 0.007513 0.025231
1 0.320680 0.865623 0.001977 0.002929
1 0.330961 0.877675 0.004745 0.005407
1 0.706010 0.779230 0.002372 0.002253
1 0.757216 0.776977 0.001582 0.003154
7 0.479439 0.847150 0.006327 0.024105
1 0.743476 0.756702 0.001779 0.003154
7 0.918743 0.640797 0.013839 0.004731
7 0.912218 0.657693 0.022143 0.007885
7 0.909055 0.672336 0.015421 0.007885
7 0.905793 0.683825 0.013642 0.007885
7 0.884935 0.735075 0.013839 0.008560
1 0.873567 0.749493 0.003756 0.007209
7 0.880289 0.751183 0.012456 0.007885
7 0.877916 0.767966 0.012060 0.010363
7 0.868822 0.778216 0.012456 0.011940
7 0.859035 0.789705 0.012258 0.017346
7 0.844603 0.793197 0.005536 0.018473
7 0.822756 0.786100 0.004152 0.026808
7 0.808323 0.774386 0.005338 0.015995
7 0.789541 0.756477 0.004943 0.026583
1 0.854784 0.785199 0.004152 0.005632
1 0.842329 0.786551 0.001384 0.004280
1 0.847667 0.791507 0.003756 0.001577
1 0.857948 0.789029 0.002175 0.003379
1 0.884144 0.732597 0.002372 0.002703
1 0.876631 0.751295 0.001977 0.003154
1 0.874061 0.784749 0.002768 0.003379
1 0.846777 0.796688 0.002372 0.003379
1 0.801404 0.781032 0.001779 0.004055
1 0.800316 0.780243 0.002768 0.003379
1 0.740214 0.756251 0.002768 0.006308
1 0.342527 0.869002 0.002966 0.005632
7 0.467280 0.842307 0.005733 0.014418
10 0.028569 0.106668 0.001779 0.004280
7 0.135528 0.920590 0.004943 0.013291
7 0.043693 0.896373 0.020561 0.014868
7 0.141360 0.648457 0.013839 0.022302
10 0.042803 0.708380 0.004152 0.002929
10 0.043594 0.702861 0.003756 0.002703
10 0.043792 0.700270 0.002966 0.002478
10 0.044187 0.697680 0.002966 0.002253
10 0.044286 0.695427 0.003559 0.002253
10 0.044484 0.692724 0.003163 0.001802
10 0.044682 0.690246 0.003163 0.001802
10 0.045769 0.687430 0.004152 0.002478
10 0.031633 0.442329 0.005140 0.003379
10 0.041716 0.446722 0.004350 0.003154
10 0.044089 0.422280 0.004350 0.003379
10 0.043792 0.427574 0.004152 0.002703
10 0.391756 0.133927 0.002966 0.005632
10 0.531238 0.314598 0.001977 0.005181
10 0.533610 0.314260 0.001977 0.004506
10 0.582938 0.314260 0.002175 0.005857
10 0.629893 0.326425 0.003559 0.002703
10 0.658462 0.342870 0.004152 0.002703
10 0.838770 0.032665 0.003756 0.006308
10 0.811684 0.037396 0.003756 0.005407
10 0.796659 0.854246 0.004943 0.003604
10 0.792507 0.849966 0.002570 0.005857
10 0.789739 0.839491 0.004547 0.002929
7 0.060399 0.916423 0.016014 0.023429
7 0.147786 0.909552 0.009292 0.020951
7 0.453144 0.841180 0.004745 0.016220
7 0.159945 0.901442 0.008304 0.023203
7 0.433571 0.837013 0.005140 0.010588
7 0.418743 0.838928 0.005140 0.018022
7 0.404211 0.843433 0.002966 0.014418
7 0.391459 0.853571 0.004350 0.016220
7 0.376433 0.862920 0.007513 0.024105
7 0.357948 0.868439 0.004943 0.024330
7 0.342032 0.870128 0.005140 0.023654
1 0.452649 0.847939 0.001384 0.003154
1 0.380190 0.876661 0.002768 0.004280
1 0.281534 0.875760 0.001977 0.003830
1 0.290134 0.872156 0.002966 0.002478
1 0.256129 0.879027 0.001779 0.003154
1 0.209964 0.870917 0.005140 0.002703
1 0.258501 0.871367 0.002570 0.004956
1 0.229043 0.870579 0.003756 0.007434
7 0.319593 0.867087 0.005733 0.018022
7 0.307730 0.867538 0.006920 0.019374
7 0.282028 0.862807 0.002966 0.012165
7 0.257315 0.871593 0.004547 0.014418
7 0.240807 0.869002 0.004350 0.014643
7 0.223705 0.873170 0.008897 0.012165
7 0.210162 0.881955 0.007117 0.019374
7 0.199486 0.887137 0.003954 0.012615
7 0.178529 0.893107 0.005931 0.021401
1 0.131771 0.917549 0.002966 0.006308
7 0.921115 0.610723 0.013444 0.006308
7 0.916469 0.590110 0.012060 0.005632
7 0.921609 0.576031 0.014828 0.005857
7 0.385627 0.489863 0.005338 0.011940
7 0.435548 0.482091 0.006722 0.012615
7 0.448893 0.474882 0.006129 0.013517
7 0.461151 0.475895 0.006920 0.021852
7 0.476374 0.471953 0.007711 0.021176
10 0.629696 0.488961 0.002372 0.004731
1 0.498715 0.488961 0.002966 0.001577
1 0.522637 0.480401 0.002966 0.004280
1 0.581851 0.505970 0.004745 0.004506
1 0.604093 0.510250 0.002570 0.004055
1 0.603005 0.529849 0.003559 0.002253
7 0.500297 0.478036 0.007711 0.027934
7 0.515619 0.493016 0.011862 0.025006
7 0.544187 0.502027 0.006920 0.018698
7 0.564848 0.494481 0.007117 0.018473
7 0.583037 0.506646 0.010281 0.019824
7 0.593911 0.511714 0.010676 0.019148
7 0.604587 0.523767 0.011467 0.017572
7 0.632661 0.545731 0.009095 0.031764
1 0.649862 0.560712 0.005536 0.002703
7 0.648774 0.548096 0.006129 0.022528
7 0.690688 0.544154 0.015223 0.021401
7 0.714413 0.491214 0.015223 0.012841
1 0.724694 0.456296 0.003756 0.008786
7 0.716884 0.455846 0.013444 0.008786
7 0.722618 0.428813 0.011072 0.006533
7 0.420917 0.497071 0.007117 0.014192
7 0.372479 0.493580 0.003559 0.007659
7 0.921906 0.603289 0.013444 0.004956
1 0.482305 0.456634 0.002175 0.004506
10 0.051404 0.088196 0.002372 0.005181
10 0.062080 0.094278 0.001977 0.004731
10 0.089067 0.091349 0.002966 0.002027
10 0.089957 0.096305 0.003163 0.002027
10 0.087782 0.118946 0.003559 0.002253
10 0.088078 0.113539 0.004152 0.002253
10 0.149565 0.323046 0.004943 0.002253
10 0.149466 0.311895 0.003954 0.002478
10 0.149268 0.308515 0.003954 0.002478
10 0.095196 0.279680 0.004152 0.002929
10 0.030941 0.587858 0.001779 0.005181
7 0.180506 0.567695 0.006327 0.012615
7 0.166766 0.584478 0.005338 0.022302
1 0.248814 0.580761 0.004943 0.003604
7 0.270067 0.558459 0.011862 0.021176
7 0.286773 0.548096 0.013642 0.022528
10 0.286872 0.484907 0.003559 0.005181
1 0.335706 0.495832 0.002372 0.004055
1 0.362594 0.498423 0.003559 0.005632
7 0.303282 0.540099 0.011862 0.020500
7 0.318901 0.526470 0.011862 0.018923
7 0.329280 0.518923 0.010874 0.019599
7 0.364769 0.499099 0.007908 0.011489
1 0.386319 0.493242 0.001977 0.003379
1 0.435745 0.486709 0.003163 0.003830
7 0.725583 0.405609 0.010676 0.006533
7 0.725979 0.395359 0.012653 0.006758
7 0.720937 0.367087 0.010083 0.007434
10 0.675761 0.373620 0.003559 0.002478
7 0.934757 0.252422 0.018189 0.006984
7 0.931989 0.272133 0.009095 0.006308
7 0.934658 0.277202 0.011665 0.006984
7 0.932681 0.293422 0.015619 0.010137
10 0.986259 0.344785 0.001779 0.005181
7 0.932285 0.326875 0.009292 0.008560
7 0.925860 0.386911 0.020957 0.012390
7 0.927541 0.411804 0.019968 0.009011
7 0.928924 0.424082 0.017596 0.005181
10 0.985172 0.469137 0.003954 0.002929
7 0.925662 0.446948 0.014630 0.006308
7 0.927244 0.455959 0.013839 0.005407
7 0.921807 0.480964 0.012851 0.006308
7 0.920324 0.492679 0.013049 0.005857
1 0.922400 0.482316 0.004152 0.001802
1 0.916172 0.493242 0.003163 0.001577
1 0.929221 0.549110 0.003559 0.002027
1 0.905892 0.553728 0.003163 0.003604
1 0.928628 0.592363 0.003163 0.002929
1 0.920324 0.572877 0.003559 0.001352
7 0.913207 0.508448 0.013839 0.006758
7 0.914195 0.531088 0.022143 0.006984
7 0.914887 0.554292 0.022736 0.005632
1 0.931791 0.593715 0.003954 0.002027
1 0.917952 0.590223 0.003559 0.001802
7 0.934658 0.229669 0.014433 0.005632
7 0.936338 0.216603 0.009490 0.004731
7 0.935152 0.202073 0.015026 0.009912
7 0.764927 0.135954 0.017003 0.020050
7 0.719059 0.332845 0.013049 0.006533
7 0.721333 0.305925 0.011665 0.006308
7 0.732009 0.272584 0.014037 0.006308
7 0.743673 0.245776 0.013642 0.009912
7 0.746342 0.212097 0.016607 0.011489
10 0.710755 0.134602 0.005140 0.004731
10 0.709075 0.136517 0.003756 0.004055
1 0.758996 0.171097 0.002768 0.003830
7 0.755635 0.167267 0.018584 0.016445
7 0.759193 0.157243 0.021352 0.016670
1 0.775900 0.129759 0.002966 0.003154
7 0.770067 0.126380 0.015421 0.015319
7 0.945730 0.168844 0.018387 0.011489
7 0.778173 0.116355 0.011467 0.017797
7 0.830368 0.079072 0.006327 0.019824
1 0.880882 0.065555 0.002570 0.004055
7 0.861408 0.091237 0.020957 0.032440
7 0.880190 0.095968 0.014630 0.031539
1 0.925860 0.086168 0.003559 0.004731
7 0.912021 0.106781 0.019771 0.026132
7 0.936833 0.113089 0.011269 0.009912
7 0.937228 0.119396 0.014828 0.015319
1 0.938711 0.143613 0.003163 0.002929
7 0.943357 0.139784 0.023527 0.019148
7 0.370008 0.864834 0.003361 0.010813