10 0.544840 0.958753 0.009828 0.007042
10 0.596130 0.969316 0.010442 0.008048
10 0.609644 0.982143 0.011671 0.008551
10 0.412469 0.835513 0.006757 0.007042
10 0.254607 0.689889 0.010442 0.008551
10 0.027334 0.490191 0.009214 0.007545
13 0.915541 0.292757 0.073096 0.083501
3 0.679668 0.074950 0.119779 0.095573
3 0.786855 0.694668 0.136364 0.095573
3 0.694103 0.482394 0.146192 0.108652
3 0.506757 0.751761 0.153563 0.107143
3 0.552826 0.608903 0.104423 0.072938
3 0.368243 0.625503 0.156634 0.109155
3 0.472666 0.485915 0.121007 0.078471
3 0.232187 0.510312 0.152334 0.111167
3 0.345209 0.391348 0.163391 0.121730
3 0.531941 0.371730 0.110565 0.080483
10 0.602887 0.976107 0.011671 0.008551
10 0.570332 0.984155 0.011671 0.009557
10 0.552518 0.966549 0.009214 0.006539
10 0.581388 0.955986 0.010442 0.007545
10 0.523956 0.902414 0.011057 0.008048
10 0.531327 0.909457 0.009828 0.007042
10 0.534705 0.912726 0.009214 0.007545
10 0.527641 0.905684 0.009828 0.007545
10 0.538698 0.915493 0.011057 0.008048
10 0.542383 0.919014 0.011057 0.009054
10 0.545455 0.922787 0.011057 0.008551
10 0.549447 0.925805 0.010442 0.008551
10 0.553133 0.930080 0.009214 0.007042
10 0.555590 0.932847 0.010442 0.008551
10 0.559889 0.935865 0.011671 0.008551
10 0.566646 0.942656 0.011671 0.008048
10 0.570639 0.946177 0.011057 0.009054
10 0.574324 0.948692 0.009828 0.008048
10 0.578010 0.952465 0.011057 0.008551
3 0.465909 0.247233 0.114865 0.077968