10 0.746008 0.931885 0.009664 0.003523
10 0.153782 0.526718 0.005882 0.005285
14 0.655462 0.628450 0.022689 0.013799
14 0.550420 0.641368 0.023529 0.010276
14 0.527311 0.656342 0.023529 0.019084
14 0.502101 0.655314 0.013445 0.012331
14 0.493908 0.675866 0.009664 0.013506
14 0.493908 0.709336 0.009664 0.017616
14 0.526891 0.735173 0.022689 0.011744
14 0.560714 0.746330 0.018908 0.018203
14 0.570378 0.768937 0.010504 0.014680
14 0.520168 0.762184 0.024370 0.012918
14 0.488445 0.777598 0.020588 0.016735
14 0.661345 0.770552 0.008403 0.016148
14 0.678782 0.779066 0.013866 0.013799
14 0.620378 0.763506 0.019748 0.009102
14 0.763235 0.756459 0.024790 0.009689
14 0.772479 0.772020 0.009664 0.013212
14 0.806723 0.757927 0.019328 0.013212
14 0.832773 0.749266 0.015126 0.012331
14 0.488655 0.809748 0.016807 0.014680
14 0.942437 0.703464 0.021008 0.012918
14 0.945588 0.661186 0.025630 0.018790
14 0.956723 0.646066 0.009244 0.007340
14 0.840546 0.421462 0.022269 0.010276
14 0.814706 0.409425 0.021008 0.013799
14 0.971218 0.366559 0.017227 0.011450
14 0.513445 0.894011 0.021849 0.011157
14 0.602941 0.890341 0.023529 0.010863
14 0.709454 0.654140 0.015546 0.012918
14 0.651471 0.650029 0.020588 0.007634
14 0.614076 0.643717 0.011345 0.013212
14 0.510504 0.550499 0.013445 0.011157
14 0.664286 0.374193 0.021008 0.007927
14 0.552731 0.358191 0.013025 0.011157
14 0.517857 0.384322 0.012185 0.012918
14 0.513235 0.299031 0.013866 0.015561
14 0.691597 0.388139 0.017647 0.013506
14 0.686765 0.415003 0.012185 0.011450
14 0.669118 0.432913 0.020588 0.013799
14 0.541807 0.421609 0.022269 0.007046
14 0.515126 0.421022 0.012605 0.011744
14 0.494118 0.496770 0.013445 0.015267
14 0.512605 0.501321 0.020168 0.010863
14 0.531723 0.528332 0.016387 0.019084
14 0.589076 0.523928 0.020168 0.009689
14 0.858403 0.633001 0.010924 0.015854
14 0.638235 0.503230 0.013445 0.008808
14 0.666387 0.495449 0.019328 0.011450
14 0.721008 0.503817 0.006723 0.009982
14 0.795378 0.505432 0.010084 0.013799
14 0.816387 0.510570 0.020168 0.007634
14 0.824580 0.535819 0.032353 0.013506
14 0.852101 0.536113 0.015966 0.008808
14 0.699370 0.627716 0.020588 0.015854
14 0.729622 0.653846 0.023109 0.012918
14 0.774580 0.652525 0.019748 0.009689
14 0.811555 0.651938 0.020588 0.012625
14 0.822899 0.627716 0.009664 0.015267
14 0.750630 0.870523 0.021429 0.011744
14 0.752731 0.892983 0.017227 0.008514
14 0.814286 0.900910 0.020168 0.020846
10 0.331092 0.350264 0.004202 0.004698
10 0.189286 0.349383 0.008824 0.007046
10 0.070378 0.357898 0.006303 0.005872
10 0.080672 0.336171 0.005042 0.005285
10 0.103571 0.354521 0.005462 0.006166
10 0.062395 0.365385 0.007983 0.003230
10 0.052731 0.365678 0.007983 0.002642
10 0.053782 0.362008 0.009244 0.004698
10 0.053782 0.369201 0.008403 0.003230
10 0.189916 0.358925 0.005882 0.005578
10 0.317017 0.350117 0.003782 0.004991
10 0.326261 0.352466 0.005462 0.006753
10 0.329832 0.355549 0.005042 0.005285
10 0.334874 0.352466 0.004202 0.004991
10 0.143487 0.299472 0.009664 0.005872
10 0.338866 0.352466 0.004622 0.005578
10 0.342857 0.357017 0.005882 0.006459
10 0.343697 0.362742 0.010084 0.004991
10 0.355042 0.433793 0.005042 0.006166
10 0.240756 0.433940 0.006723 0.005872
10 0.215756 0.429243 0.006303 0.007046
10 0.200840 0.437317 0.009244 0.003817
14 0.037605 0.389166 0.025630 0.016735
10 0.330042 0.453024 0.008824 0.003523
10 0.239496 0.456107 0.005042 0.006753
10 0.379832 0.463447 0.014286 0.007340
10 0.174160 0.518056 0.005462 0.006166
10 0.127311 0.298297 0.008403 0.006459
10 0.181933 0.299912 0.006723 0.007340
14 0.817017 0.383735 0.011345 0.012331
10 0.275210 0.106283 0.007563 0.005872
14 0.503571 0.569289 0.018067 0.016442
14 0.522689 0.597181 0.013445 0.017029
14 0.495798 0.601879 0.021849 0.014680
14 0.503361 0.844392 0.010924 0.017616
14 0.336765 0.874046 0.019748 0.006459
14 0.307563 0.875367 0.021008 0.009102
14 0.248739 0.681445 0.031933 0.014093
14 0.365756 0.488550 0.021429 0.013506
10 0.287815 0.021286 0.008403 0.004991
10 0.286975 0.031268 0.011765 0.006166
10 0.236765 0.055784 0.009664 0.004110
10 0.351681 0.065326 0.011765 0.004991
10 0.240966 0.157810 0.007983 0.005578
10 0.220378 0.296242 0.010504 0.006459
10 0.243697 0.160893 0.010084 0.007046
14 0.168277 0.136083 0.016387 0.010276
10 0.060294 0.161333 0.009664 0.003817
10 0.054202 0.166031 0.005882 0.006166
10 0.062605 0.167058 0.009244 0.006459
10 0.069118 0.167645 0.007983 0.005285
10 0.212185 0.224457 0.006723 0.003230
10 0.212185 0.228127 0.008403 0.003523
10 0.071008 0.228861 0.009244 0.003817
10 0.385504 0.270699 0.006303 0.006459
10 0.369958 0.314592 0.007143 0.007340
10 0.238445 0.290223 0.008824 0.004404
14 0.661555 0.337933 0.014706 0.013506
14 0.821008 0.332061 0.014286 0.013506
14 0.861975 0.165150 0.013866 0.012038
14 0.172899 0.594686 0.020588 0.007927
14 0.290546 0.500440 0.018908 0.008514
14 0.255042 0.498092 0.015966 0.006753
14 0.218277 0.496770 0.021429 0.008808
14 0.178992 0.579712 0.021008 0.009102
14 0.208193 0.583235 0.019748 0.008514
14 0.256933 0.579712 0.015546 0.011450
14 0.294748 0.587786 0.022269 0.009395
14 0.297269 0.597328 0.019748 0.008514
14 0.318487 0.600117 0.015126 0.011157
14 0.368908 0.582501 0.016807 0.008808
14 0.396008 0.592043 0.019748 0.010276
14 0.392227 0.609072 0.010504 0.013799
14 0.205252 0.599971 0.012185 0.014974
14 0.414076 0.492660 0.018067 0.009395
14 0.148109 0.581767 0.018067 0.010276
14 0.112185 0.581621 0.016807 0.005872
14 0.038866 0.589401 0.019748 0.007927
14 0.175630 0.679096 0.021849 0.010570
14 0.199790 0.678949 0.014706 0.011450
14 0.147689 0.673664 0.011345 0.013212
14 0.129202 0.689518 0.022269 0.007927
14 0.101050 0.688931 0.023109 0.008514
14 0.165756 0.690986 0.019748 0.007340
14 0.202521 0.693335 0.019328 0.008514
14 0.283193 0.683793 0.020168 0.009982
14 0.320798 0.697005 0.018908 0.009982
14 0.338445 0.507927 0.011345 0.017029
14 0.340546 0.487082 0.017227 0.007634
14 0.270798 0.776718 0.021429 0.009689
14 0.278571 0.203611 0.009244 0.010863
14 0.058613 0.235467 0.017227 0.012331
14 0.371218 0.228567 0.016387 0.011450
14 0.267437 0.345420 0.023950 0.009102
14 0.336555 0.336905 0.018487 0.007340
14 0.152941 0.363183 0.015966 0.012331
14 0.134454 0.394304 0.012605 0.014093
14 0.161765 0.404140 0.017647 0.007927
14 0.291807 0.404580 0.018908 0.007046
14 0.399790 0.416911 0.010504 0.016442
14 0.327311 0.402819 0.026891 0.017029
14 0.367227 0.410746 0.018487 0.008221
14 0.166387 0.232090 0.023529 0.016148
14 0.397899 0.204639 0.017647 0.011744
14 0.294748 0.490458 0.020588 0.006166
14 0.401681 0.160012 0.010084 0.012331
14 0.529832 0.151057 0.022689 0.009689
14 0.533824 0.190399 0.014706 0.007927
14 0.535924 0.214181 0.013025 0.014386
14 0.526261 0.262331 0.007983 0.009689
14 0.522689 0.324134 0.017647 0.015854
14 0.103571 0.483558 0.023109 0.007634
14 0.113445 0.494275 0.017647 0.006166
14 0.152311 0.482971 0.016387 0.007634
14 0.186134 0.487375 0.024370 0.008221
14 0.224790 0.486201 0.015966 0.007046
14 0.263025 0.488990 0.015126 0.006753
14 0.355252 0.682766 0.016387 0.011450
14 0.242857 0.776571 0.017647 0.008221
14 0.865546 0.246330 0.015126 0.014680
14 0.534874 0.871257 0.019328 0.014386
14 0.492437 0.958309 0.022689 0.009395
14 0.530462 0.960511 0.021429 0.012625
14 0.604622 0.963887 0.026050 0.008221
14 0.728151 0.965649 0.027731 0.010570
14 0.825000 0.983558 0.020588 0.015854
14 0.780042 0.894598 0.020588 0.008808
14 0.782563 0.872871 0.025630 0.009395
14 0.813866 0.879184 0.017647 0.016735
14 0.679832 0.867440 0.020168 0.009689
14 0.644748 0.893130 0.018908 0.012331
14 0.639286 0.866853 0.019748 0.008514
14 0.559664 0.891075 0.010924 0.011744
14 0.482353 0.865385 0.012605 0.008514
14 0.412815 0.956694 0.017227 0.013799
14 0.705462 0.159278 0.008403 0.011450
14 0.609664 0.154874 0.018487 0.006753
14 0.653151 0.158103 0.018067 0.006753
14 0.738866 0.158691 0.020588 0.009689
14 0.810084 0.165003 0.019328 0.010570
14 0.552101 0.216970 0.015126 0.015854
14 0.667437 0.236054 0.018908 0.009395
14 0.696008 0.259542 0.012185 0.017616
14 0.669748 0.276571 0.011765 0.013506
14 0.828992 0.264827 0.010084 0.013506
14 0.817227 0.288608 0.010924 0.013506
14 0.817017 0.310628 0.009664 0.015267
14 0.449160 0.961392 0.015966 0.010863
14 0.372479 0.953905 0.024790 0.009982
14 0.227311 0.788168 0.016807 0.008514
14 0.088866 0.868174 0.018908 0.005285
14 0.310714 0.779360 0.018908 0.010863
14 0.311765 0.791104 0.023529 0.009689
14 0.379832 0.781709 0.017647 0.009689
14 0.355462 0.792132 0.021849 0.009395
14 0.165966 0.775837 0.022689 0.010276
14 0.157983 0.785672 0.025210 0.008221
14 0.132983 0.774222 0.023950 0.009982
14 0.123319 0.784351 0.019748 0.008514
14 0.094328 0.770112 0.016387 0.007634
14 0.094748 0.784204 0.022269 0.010570
14 0.025210 0.766001 0.015966 0.008221
14 0.023950 0.779654 0.022689 0.010863
14 0.088445 0.877569 0.023950 0.009395
14 0.330882 0.953464 0.019748 0.010276
14 0.120378 0.878303 0.018908 0.008514
14 0.189706 0.879331 0.018908 0.009395
14 0.227311 0.871991 0.019328 0.008808
14 0.231933 0.881533 0.018487 0.009102
14 0.258193 0.873312 0.018908 0.008514
14 0.273529 0.883294 0.017647 0.008514
14 0.312185 0.884469 0.018487 0.007927
14 0.376050 0.876688 0.020168 0.010570
14 0.213025 0.947446 0.021849 0.010570
14 0.133613 0.942601 0.016807 0.009102
14 0.086765 0.942161 0.017227 0.008808
14 0.277311 0.952730 0.019328 0.009395
10 0.169118 0.518203 0.006303 0.007046
10 0.188866 0.534645 0.012185 0.003523
10 0.624580 0.800352 0.004622 0.006459
10 0.184244 0.544774 0.012185 0.004404
10 0.692017 0.835437 0.008403 0.006166
10 0.680252 0.844099 0.009244 0.005872
10 0.656933 0.918526 0.004622 0.005578
10 0.736555 0.929683 0.009244 0.006166
10 0.848109 0.934821 0.005462 0.005872
10 0.830252 0.947739 0.008403 0.003523
10 0.779832 0.994422 0.007563 0.005872
10 0.787395 0.992366 0.009244 0.007046
10 0.855672 0.971521 0.004622 0.005872
10 0.861134 0.974604 0.004622 0.004991
10 0.867017 0.972548 0.005462 0.007340
10 0.860714 0.984146 0.005462 0.006459
10 0.865546 0.985320 0.005042 0.005872
10 0.864496 0.993834 0.006303 0.005872
14 0.950000 0.901938 0.021849 0.012331
10 0.863655 0.831033 0.006303 0.007340
10 0.864706 0.778039 0.005042 0.005872
10 0.871218 0.752936 0.005462 0.006753
10 0.907773 0.770258 0.007143 0.006753
10 0.911555 0.755725 0.007143 0.007046
10 0.923529 0.749413 0.008403 0.004991
10 0.910924 0.713887 0.009244 0.007927
10 0.872899 0.683793 0.004622 0.005872
10 0.878151 0.671022 0.005042 0.005578
10 0.903992 0.669113 0.004622 0.005872
10 0.902941 0.676747 0.005882 0.005285
10 0.851261 0.699207 0.007563 0.003230
10 0.834244 0.842190 0.009664 0.006753
10 0.817227 0.840575 0.009244 0.007046
10 0.830672 0.822372 0.010084 0.004110
10 0.831303 0.698914 0.012185 0.003230
10 0.777731 0.477246 0.011765 0.006753
10 0.789076 0.477980 0.007563 0.004110
10 0.768277 0.478274 0.007143 0.007046
10 0.765126 0.485173 0.006723 0.007340
14 0.781303 0.523928 0.014706 0.007340
10 0.825630 0.569289 0.007563 0.007046
10 0.785084 0.584410 0.009664 0.004404
10 0.716597 0.581621 0.009664 0.004110
10 0.660504 0.570904 0.010084 0.003817
10 0.667437 0.596154 0.009664 0.004991
10 0.751261 0.595126 0.006723 0.006459
10 0.768908 0.679536 0.009244 0.006753
10 0.841597 0.699207 0.007563 0.004404
10 0.820588 0.821785 0.009244 0.004110
10 0.839076 0.709483 0.010084 0.003817
10 0.817017 0.713447 0.005462 0.005872
10 0.810294 0.717557 0.008824 0.005285
10 0.788235 0.718144 0.005042 0.007634
10 0.752941 0.713300 0.005882 0.007340
10 0.701261 0.713740 0.009244 0.005872
10 0.654832 0.718144 0.007143 0.005872
10 0.648950 0.716089 0.009664 0.005872
10 0.631303 0.718144 0.007983 0.007634
10 0.807143 0.807105 0.005042 0.005872
10 0.806092 0.813271 0.004622 0.005285
10 0.794958 0.820757 0.009244 0.003817
10 0.855882 0.645185 0.008403 0.003230
10 0.885924 0.584850 0.004622 0.005872
10 0.874370 0.517616 0.010084 0.003523
10 0.992857 0.086905 0.009244 0.003523
10 0.974790 0.089401 0.010084 0.003230
10 0.967227 0.086025 0.007563 0.003523
10 0.965966 0.082355 0.010084 0.003230
10 0.980042 0.079712 0.007983 0.003230
9 0.942437 0.071638 0.005882 0.006459
10 0.937605 0.066500 0.006303 0.006753
10 0.933193 0.059748 0.005042 0.007340
10 0.938445 0.057692 0.004622 0.005578
10 0.939496 0.034792 0.005882 0.007340
10 0.990336 0.045948 0.005882 0.006166
10 0.994538 0.046242 0.005882 0.005578
9 0.966176 0.042572 0.007143 0.014093
10 0.977731 0.045802 0.005882 0.007046
10 0.958613 0.093218 0.010504 0.004991
10 0.071218 0.162361 0.008824 0.003523
10 0.033824 0.521286 0.007983 0.006166
10 0.039496 0.516882 0.007563 0.004991
10 0.111975 0.898268 0.009664 0.006753
10 0.391387 0.041838 0.004622 0.006166
10 0.692017 0.142689 0.008403 0.004110
10 0.933824 0.224457 0.006303 0.007340
10 0.733824 0.300940 0.007143 0.003523
10 0.852521 0.471227 0.009244 0.002936
10 0.917227 0.724163 0.013445 0.006753
10 0.726471 0.809894 0.004202 0.006166
10 0.683193 0.812243 0.010084 0.003230
10 0.973529 0.092631 0.010084 0.003230
10 0.964916 0.096594 0.010504 0.007634
10 0.901050 0.374339 0.005462 0.007046
10 0.942647 0.140928 0.006303 0.007046
10 0.906513 0.364651 0.006303 0.006459
10 0.883403 0.369348 0.005462 0.006459
10 0.970168 0.325015 0.005042 0.005872
10 0.975210 0.325602 0.005042 0.005872
10 0.910084 0.327363 0.005882 0.007046
10 0.947899 0.279654 0.008403 0.003817
10 0.853151 0.204198 0.008824 0.003230
10 0.863655 0.204198 0.010504 0.003817
10 0.970588 0.195390 0.005042 0.005578
10 0.711345 0.217557 0.008403 0.004110
10 0.990126 0.162948 0.004622 0.005285
10 0.982773 0.148268 0.005882 0.005285
10 0.944118 0.130211 0.005042 0.005578
10 0.902731 0.090429 0.009664 0.003523
10 0.945588 0.122725 0.005462 0.007046
10 0.947269 0.113183 0.006303 0.006753
10 0.951471 0.119495 0.006303 0.007046
10 0.956933 0.118908 0.006303 0.005872
10 0.953361 0.112889 0.005882 0.005578
10 0.931513 0.119201 0.006723 0.007634
10 0.915966 0.123312 0.007563 0.007046
10 0.899160 0.129037 0.005882 0.006753
10 0.859874 0.099530 0.009664 0.003523
10 0.914076 0.102026 0.007983 0.003817
10 0.902731 0.098356 0.007983 0.003523
10 0.901681 0.094245 0.010084 0.003523
10 0.733824 0.388139 0.005462 0.005872
10 0.768697 0.418673 0.007983 0.003523
10 0.683403 0.444950 0.008824 0.003817
10 0.425000 0.864210 0.005462 0.006753
10 0.380462 0.906195 0.007143 0.003817
10 0.190336 0.960364 0.005042 0.007046
10 0.382353 0.976806 0.005042 0.005872
10 0.177521 0.976512 0.006303 0.005285
10 0.025420 0.968878 0.010504 0.007046
10 0.297269 0.980182 0.004622 0.005578
10 0.565966 0.915737 0.005042 0.005285
10 0.589076 0.922490 0.009244 0.003523
10 0.600840 0.921169 0.009244 0.003230
10 0.441807 0.911627 0.009664 0.005872
9 0.614076 0.981356 0.006303 0.007927
1 0.577101 0.973282 0.007143 0.009982
10 0.447899 0.850411 0.007563 0.003230
10 0.328992 0.910746 0.005882 0.005872
10 0.443277 0.836318 0.008403 0.005578
10 0.563025 0.849383 0.008403 0.005872
10 0.611345 0.803435 0.010084 0.004991
10 0.449160 0.773782 0.010084 0.003817
10 0.482773 0.751174 0.008403 0.003817
10 0.484034 0.747798 0.008403 0.003523
14 0.485714 0.761450 0.018487 0.011450
9 0.577731 0.714768 0.010084 0.004991
10 0.582563 0.711685 0.008824 0.004110
10 0.594118 0.711098 0.005042 0.007046
10 0.561975 0.692014 0.007983 0.005285
10 0.562605 0.687170 0.008403 0.005578
10 0.341807 0.907663 0.009664 0.006166
10 0.314496 0.907076 0.005462 0.006166
10 0.618697 0.678068 0.007983 0.006753
10 0.023319 0.618174 0.006303 0.006753
10 0.247269 0.547270 0.009664 0.004110
10 0.108613 0.541838 0.010504 0.004404
10 0.100630 0.547710 0.010504 0.008514
10 0.361975 0.530975 0.006303 0.005578
10 0.281092 0.555197 0.009244 0.006459
10 0.290336 0.561656 0.009244 0.005285
10 0.178782 0.552848 0.010504 0.007046
10 0.166176 0.555637 0.007983 0.006753
10 0.050210 0.564592 0.006303 0.006459
10 0.105252 0.589841 0.007143 0.003523
10 0.170168 0.616999 0.009244 0.003817
10 0.140966 0.621550 0.010504 0.004698
10 0.310294 0.636230 0.010504 0.003523
10 0.065756 0.921022 0.008824 0.004698
10 0.360924 0.649002 0.008403 0.004404
10 0.388445 0.650176 0.008824 0.003817
10 0.285504 0.645919 0.008824 0.004110
10 0.263235 0.645185 0.009664 0.003817
10 0.121218 0.639900 0.009664 0.003230
10 0.101261 0.639166 0.010924 0.004110
10 0.271008 0.837199 0.008403 0.003817
10 0.185294 0.847769 0.005882 0.006166
10 0.196639 0.849090 0.009244 0.005872
10 0.278151 0.851145 0.007563 0.007634
10 0.286134 0.850705 0.005042 0.006753
10 0.297899 0.851585 0.005042 0.006753
10 0.551681 0.690693 0.008403 0.003817
10 0.416597 0.677921 0.007983 0.004110
10 0.780042 0.468732 0.011345 0.003817
10 0.757143 0.240458 0.005042 0.006459
10 0.468067 0.293159 0.004202 0.005578
10 0.484874 0.272314 0.007563 0.003230
10 0.519538 0.283030 0.007143 0.002936
10 0.513025 0.282443 0.005882 0.002936
10 0.576261 0.173077 0.009664 0.006166
9 0.565756 0.166765 0.016387 0.009395
10 0.492227 0.163095 0.009664 0.004404
10 0.592227 0.131679 0.005462 0.006166
10 0.841387 0.081327 0.008824 0.004110
10 0.843908 0.203758 0.009664 0.004698
10 0.837395 0.194950 0.005882 0.007046
10 0.730462 0.217117 0.008824 0.004991
10 0.755672 0.256019 0.005462 0.006459
10 0.581933 0.295802 0.008403 0.004404
10 0.741597 0.269818 0.008403 0.003523
10 0.754202 0.283030 0.005042 0.005872
10 0.787815 0.263212 0.009244 0.003817
10 0.734454 0.365972 0.006723 0.003817
10 0.726471 0.362155 0.007563 0.005578
10 0.730252 0.360247 0.007563 0.006459
10 0.762185 0.379918 0.004202 0.004698
10 0.760924 0.386964 0.005042 0.005872
10 0.773529 0.378890 0.006723 0.003817
10 0.790546 0.346888 0.008824 0.003230
10 0.805042 0.451703 0.005042 0.006166
10 0.809874 0.452290 0.005462 0.006166
10 0.467227 0.299325 0.005042 0.005578
10 0.616387 0.304169 0.005882 0.005872
10 0.402521 0.649883 0.010924 0.003817
10 0.409874 0.456107 0.008824 0.003230
10 0.450630 0.645919 0.010504 0.003523
10 0.613025 0.605549 0.005042 0.006166
10 0.578571 0.595860 0.005882 0.006753
10 0.596218 0.596301 0.006723 0.006459
10 0.602941 0.588227 0.007563 0.007340
10 0.421849 0.606577 0.007563 0.003523
10 0.431092 0.578538 0.005042 0.005578
10 0.425000 0.544921 0.010504 0.005872
10 0.583613 0.561069 0.009244 0.004110
10 0.588866 0.539196 0.006303 0.006166
10 0.543067 0.466823 0.006303 0.006459
14 0.596218 0.500587 0.018487 0.012331
10 0.637815 0.447299 0.008403 0.003230
10 0.613655 0.332501 0.006303 0.006166
10 0.643067 0.444363 0.008824 0.003230
10 0.635924 0.474897 0.007983 0.003230
10 0.644748 0.471668 0.009664 0.006753
10 0.520798 0.441133 0.004622 0.005578
10 0.432353 0.427628 0.005882 0.007340
10 0.475210 0.423371 0.004202 0.007046
10 0.616597 0.427334 0.007143 0.003230
10 0.623109 0.378009 0.007563 0.003230
10 0.628992 0.361421 0.010084 0.005872
10 0.478782 0.371110 0.011345 0.008221
10 0.629412 0.340869 0.008403 0.002936
10 0.622479 0.337786 0.009664 0.002642
14 0.176681 0.203905 0.021429 0.007340