12 0.756597 0.426576 0.128107 0.132482
12 0.270172 0.568436 0.125048 0.134477
10 0.401912 0.029928 0.013767 0.019952
9 0.706692 0.383679 0.048184 0.049880
9 0.606501 0.944932 0.023709 0.052674
9 0.475335 0.262769 0.020650 0.057861
10 0.750287 0.630487 0.007648 0.015962
10 0.762715 0.331405 0.011855 0.015563
10 0.737859 0.358739 0.014914 0.015164
10 0.417782 0.233639 0.010325 0.016361
10 0.510134 0.427773 0.011472 0.019154
10 0.561568 0.615722 0.010325 0.017558
10 0.629828 0.832801 0.009178 0.015164
10 0.599426 0.864525 0.009560 0.016361
10 0.166539 0.486433 0.011090 0.016760
10 0.152581 0.429370 0.007648 0.016760