3 0.729777 0.630905 0.092614 0.132906
10 0.313013 0.548038 0.007034 0.012010
10 0.326495 0.558046 0.007034 0.014412
10 0.331770 0.561249 0.007034 0.012810
10 0.316530 0.585669 0.009379 0.012010
10 0.360492 0.600480 0.009379 0.008006
10 0.301583 0.603683 0.008792 0.009608
10 0.304513 0.576061 0.009965 0.013611
10 0.290445 0.564452 0.011137 0.011209
10 0.276377 0.554043 0.009965 0.011209
10 0.263775 0.544436 0.009379 0.011209
10 0.250879 0.536029 0.011723 0.013611
10 0.240035 0.528823 0.011137 0.012010
10 0.228312 0.519215 0.008792 0.008807
10 0.217761 0.512410 0.008792 0.009608
10 0.200469 0.500000 0.009379 0.010408
10 0.184349 0.487590 0.011137 0.009608
10 0.169695 0.475981 0.007620 0.008807
10 0.151524 0.465172 0.009965 0.009608
10 0.074150 0.435548 0.009965 0.009608
10 0.115768 0.465172 0.008792 0.011209
10 0.319754 0.554844 0.007620 0.016013
10 0.307444 0.544436 0.006448 0.012810
10 0.290445 0.495997 0.006448 0.013611
10 0.302169 0.540833 0.007620 0.012010
10 0.302755 0.506005 0.007620 0.014412
10 0.308324 0.510809 0.008206 0.017614
10 0.314478 0.514412 0.007620 0.016813
10 0.319461 0.518415 0.009379 0.015212
10 0.326495 0.522418 0.008206 0.015212
10 0.331184 0.527222 0.007034 0.015212
10 0.226846 0.487190 0.008206 0.016813
10 0.231829 0.490793 0.008792 0.014412
10 0.238863 0.495997 0.007620 0.015212
10 0.244431 0.500400 0.008206 0.017614
10 0.250586 0.504404 0.008792 0.017614
10 0.255862 0.508807 0.008792 0.016813
10 0.260844 0.512010 0.009379 0.013611
10 0.266413 0.515612 0.006448 0.014412
10 0.272274 0.520416 0.006448 0.014412
10 0.278136 0.524420 0.007620 0.014412
10 0.284291 0.528823 0.008206 0.015212
10 0.290739 0.533227 0.007034 0.016013
10 0.295721 0.537230 0.007620 0.014412
10 0.133646 0.476781 0.012896 0.010408
10 0.152110 0.489592 0.009965 0.008807
10 0.168230 0.502802 0.009379 0.011209
10 0.207796 0.529624 0.011137 0.010408
10 0.016120 0.494396 0.007620 0.015212
10 0.026964 0.585268 0.009379 0.011209
10 0.041911 0.599680 0.011137 0.012810
10 0.060668 0.619696 0.009965 0.014412
10 0.074736 0.638110 0.009965 0.012810
10 0.087046 0.654924 0.008792 0.014412
10 0.105510 0.682946 0.010551 0.016013
10 0.080891 0.680144 0.008206 0.013611
10 0.106096 0.715372 0.009379 0.015212
10 0.117819 0.733387 0.009379 0.014412
10 0.139215 0.730184 0.007620 0.014412
10 0.409437 0.736990 0.007620 0.013611
10 0.415006 0.752202 0.007034 0.013611
10 0.420281 0.769816 0.007034 0.013611
10 0.424971 0.789031 0.005862 0.013611
10 0.429367 0.811049 0.006448 0.014412
10 0.433763 0.842674 0.005862 0.015212
10 0.437573 0.859087 0.005275 0.014412
10 0.441090 0.874299 0.005275 0.012810
10 0.022567 0.477182 0.007620 0.014412
10 0.030188 0.456365 0.008792 0.014412
10 0.036049 0.441153 0.008792 0.014412
10 0.381594 0.672138 0.009379 0.015212
10 0.226553 0.542834 0.011137 0.012810
10 0.259086 0.567254 0.008206 0.010408
10 0.278136 0.580464 0.012309 0.014412
10 0.387456 0.624099 0.012896 0.015212
10 0.345545 0.617694 0.009965 0.012010
10 0.355510 0.632506 0.008792 0.011209
10 0.365182 0.644516 0.009379 0.014412
10 0.374267 0.657726 0.008792 0.015212
10 0.388628 0.687350 0.008206 0.013611
10 0.232708 0.569656 0.007034 0.013611
10 0.396542 0.704163 0.008792 0.013611
10 0.403576 0.720977 0.007620 0.013611
10 0.381008 0.730584 0.007034 0.012010
10 0.367233 0.700560 0.006448 0.012810
10 0.354924 0.676942 0.007620 0.012010
10 0.337046 0.648519 0.009379 0.014412
10 0.318581 0.624500 0.009965 0.014412
10 0.247948 0.580865 0.007034 0.013611
10 0.296600 0.502402 0.008206 0.018415
10 0.285756 0.491994 0.007620 0.015212
10 0.417351 0.879504 0.007034 0.016813
10 0.331477 0.115693 0.009965 0.008807
10 0.344959 0.124099 0.012309 0.012810
10 0.388921 0.158527 0.015826 0.016013
10 0.475381 0.216173 0.010551 0.012810
10 0.472450 0.192154 0.010551 0.011209
10 0.491208 0.204964 0.010551 0.011209
10 0.504103 0.213371 0.010551 0.010408
10 0.408265 0.122498 0.008792 0.017614
10 0.541325 0.246998 0.008792 0.018415
10 0.547773 0.161729 0.008792 0.017614
10 0.538980 0.187750 0.007620 0.012010
10 0.533705 0.201361 0.007620 0.015212
10 0.168816 0.241393 0.009379 0.010408
10 0.165299 0.248199 0.010551 0.012810
10 0.163834 0.255805 0.007620 0.008807
10 0.162075 0.263811 0.007620 0.008807
10 0.160023 0.270216 0.009379 0.010408
10 0.155334 0.275020 0.010551 0.010408
10 0.152696 0.282626 0.011137 0.011209
10 0.150938 0.289832 0.011137 0.009608
9 0.248828 0.050841 0.025205 0.021617
10 0.282825 0.080064 0.012309 0.011209
10 0.279894 0.488791 0.007620 0.015212
10 0.268464 0.043635 0.010551 0.012010
4 0.586753 0.315452 0.048066 0.083267
4 0.615768 0.337070 0.049824 0.083267
4 0.645369 0.357486 0.048066 0.084067
4 0.674091 0.379904 0.048066 0.082466
6 0.550117 0.613291 0.279601 0.517214
13 0.555393 0.619295 0.232708 0.434748
13 0.264654 0.251001 0.077960 0.111289
13 0.231536 0.343475 0.090270 0.128102
5 0.391852 0.318255 0.050996 0.061649
5 0.377198 0.354283 0.050996 0.061649
5 0.363423 0.391113 0.051583 0.061649
13 0.337339 0.479584 0.204572 0.228983
6 0.337339 0.479183 0.202227 0.224980
6 0.348183 0.455564 0.141852 0.147318
9 0.121630 0.092474 0.013482 0.010408
9 0.093494 0.176942 0.009965 0.019215
9 0.086166 0.193355 0.010551 0.018415
10 0.230950 0.017614 0.010551 0.011209
10 0.243845 0.027222 0.010551 0.009608
10 0.148593 0.296237 0.011137 0.009608
10 0.146249 0.303843 0.009965 0.010408
10 0.143611 0.311049 0.009379 0.008807
10 0.180246 0.249800 0.009965 0.011209
10 0.180832 0.337470 0.011137 0.012010
10 0.177608 0.342674 0.009379 0.009608
10 0.174971 0.349079 0.008792 0.009608
10 0.121336 0.378703 0.008206 0.012810
10 0.116940 0.374299 0.007620 0.013611
10 0.102579 0.361089 0.007034 0.014412
10 0.095838 0.347078 0.008792 0.008807
10 0.098183 0.339071 0.007620 0.008807
10 0.101700 0.333467 0.007620 0.008807
10 0.107562 0.317054 0.008792 0.011209
10 0.400352 0.497598 0.008206 0.015212
10 0.394783 0.516813 0.009965 0.016813
10 0.239156 0.462370 0.007034 0.015212
10 0.244725 0.466373 0.006448 0.012010
10 0.250293 0.471177 0.009379 0.016813
10 0.257327 0.473579 0.007034 0.015212
10 0.262309 0.477182 0.007620 0.014412
10 0.268171 0.481585 0.007620 0.015212
10 0.273447 0.485588 0.006448 0.015212
10 0.182591 0.329464 0.009965 0.010408
10 0.186108 0.323058 0.009965 0.010408
10 0.187573 0.314652 0.009379 0.009608
10 0.157093 0.311449 0.009379 0.009608
10 0.177608 0.256205 0.009379 0.009608
10 0.175557 0.263010 0.009965 0.010408
10 0.172040 0.270216 0.008792 0.008807
10 0.170281 0.277422 0.011137 0.010408
10 0.167057 0.284628 0.009379 0.010408
10 0.162954 0.289432 0.008206 0.010408
10 0.161782 0.298239 0.010551 0.013611
10 0.160317 0.303843 0.009965 0.012010
10 0.153283 0.318255 0.009965 0.012010
10 0.189625 0.309448 0.008792 0.008807
10 0.212192 0.256605 0.008206 0.010408
10 0.209848 0.262210 0.009379 0.008807
10 0.206038 0.269015 0.009965 0.009608
10 0.203107 0.275020 0.009965 0.010408
10 0.200469 0.283427 0.009379 0.009608
10 0.198710 0.289031 0.009379 0.009608
10 0.194900 0.295837 0.009965 0.012010
10 0.191676 0.302242 0.009379 0.010408
10 0.444021 0.888311 0.007620 0.013611
10 0.412661 0.858287 0.005862 0.016013
10 0.016706 0.614892 0.007620 0.012810
10 0.773740 0.688151 0.007034 0.015212
10 0.781946 0.733387 0.010551 0.019215
10 0.773154 0.748999 0.009379 0.015212
10 0.762896 0.766613 0.012309 0.018415
10 0.747655 0.791433 0.008792 0.012010
10 0.881301 0.763411 0.008792 0.013611
10 0.892732 0.780224 0.009379 0.013611
10 0.907093 0.801041 0.009965 0.015212
10 0.916764 0.820657 0.010551 0.012810
10 0.921161 0.828263 0.009965 0.013611
10 0.907386 0.851481 0.009379 0.015212
10 0.898886 0.862690 0.008792 0.013611
10 0.888335 0.875500 0.009965 0.013611
10 0.878664 0.887110 0.010551 0.014412
10 0.890680 0.839472 0.008792 0.015212
10 0.871043 0.869896 0.010551 0.013611
10 0.859027 0.882306 0.009965 0.012810
10 0.867233 0.902722 0.011137 0.015212
10 0.858148 0.913531 0.010551 0.014412
10 0.877198 0.983587 0.008792 0.013611
10 0.793376 0.707366 0.008792 0.016813
10 0.780481 0.672538 0.007620 0.014412
10 0.967468 0.545637 0.009965 0.012010
10 0.785170 0.658127 0.007620 0.012810
10 0.969812 0.294235 0.011137 0.012010
10 0.982122 0.302642 0.011137 0.011209
10 0.966589 0.314251 0.011723 0.010408
10 0.980070 0.322258 0.009379 0.010408
10 0.941383 0.557246 0.010551 0.012810
10 0.920574 0.541233 0.009965 0.011209
10 0.910023 0.533627 0.011137 0.012010
10 0.857562 0.540833 0.008206 0.016813
10 0.840856 0.512810 0.007620 0.016813
10 0.834408 0.530424 0.008792 0.015212
10 0.828253 0.547638 0.008206 0.014412
10 0.822978 0.562850 0.007034 0.014412
10 0.842028 0.578463 0.008792 0.015212
10 0.833529 0.600881 0.008206 0.015212
10 0.817409 0.577662 0.008792 0.015212
10 0.807151 0.600881 0.007034 0.015212
10 0.801290 0.615292 0.009379 0.015212
10 0.796307 0.629303 0.007620 0.014412
10 0.790445 0.644916 0.007620 0.015212
10 0.838804 0.936749 0.009379 0.012810
10 0.830012 0.949960 0.008206 0.013611
10 0.820340 0.963171 0.008792 0.012810
10 0.810961 0.975180 0.009965 0.012810
10 0.708089 0.794636 0.009379 0.012010
10 0.698710 0.805444 0.009379 0.012810
10 0.688453 0.816253 0.011137 0.012010
10 0.676729 0.826261 0.011137 0.011209
10 0.664127 0.834267 0.011723 0.012810
10 0.649766 0.844275 0.011137 0.010408
10 0.637749 0.849480 0.010551 0.009608
10 0.625440 0.855084 0.011723 0.009608
10 0.612544 0.861089 0.011723 0.008807
10 0.600528 0.863491 0.012309 0.007206
10 0.587046 0.865893 0.011137 0.010408
10 0.574736 0.871497 0.012309 0.008807
10 0.559496 0.875500 0.009965 0.010408
10 0.576495 0.159728 0.007620 0.015212
10 0.570340 0.174940 0.008206 0.015212
10 0.587632 0.179744 0.007620 0.015212
10 0.589683 0.171737 0.009379 0.016813
10 0.593494 0.164932 0.009965 0.016013
10 0.596717 0.156926 0.008206 0.016013
10 0.716882 0.786629 0.011723 0.015212
10 0.728605 0.771017 0.010551 0.014412
10 0.738863 0.756205 0.011137 0.018415
10 0.682884 0.892714 0.007034 0.012810
10 0.825615 0.925140 0.009965 0.013611
10 0.808030 0.947558 0.009965 0.013611
10 0.798652 0.961169 0.008792 0.012010
10 0.789566 0.972778 0.010551 0.014412
10 0.757034 0.967174 0.008792 0.014412
10 0.730657 0.961169 0.009965 0.015212
10 0.699883 0.917934 0.007034 0.012010
10 0.690797 0.904323 0.008792 0.012010
10 0.637749 0.900721 0.003517 0.014412
10 0.748828 0.740993 0.009965 0.013611
10 0.585873 0.901121 0.009965 0.008807
10 0.673798 0.878703 0.007620 0.010408
10 0.696366 0.873899 0.007034 0.013611
10 0.696659 0.854283 0.007620 0.016013
10 0.710141 0.834267 0.009965 0.014412
10 0.721571 0.822658 0.011723 0.013611
10 0.765826 0.708167 0.009965 0.015212
10 0.757913 0.723779 0.009379 0.016013
10 0.985932 0.538831 0.009379 0.014412
10 0.950469 0.533627 0.011137 0.012010
10 0.407093 0.829063 0.006448 0.013611
10 0.510551 0.924339 0.010551 0.008807
10 0.400645 0.961169 0.011137 0.012010
10 0.389801 0.943955 0.009379 0.011209
10 0.362544 0.945957 0.009965 0.012010
10 0.293376 0.953963 0.009965 0.015212
10 0.268757 0.918735 0.009965 0.015212
10 0.262896 0.943955 0.008792 0.012810
10 0.275498 0.961970 0.008206 0.013611
10 0.013775 0.842274 0.009965 0.014412
10 0.029308 0.885508 0.009379 0.014412
10 0.024326 0.929143 0.011137 0.015212
10 0.016413 0.931946 0.008206 0.014412
10 0.064478 0.952362 0.009379 0.013611
10 0.597011 0.038831 0.008792 0.015212
10 0.589683 0.053643 0.008206 0.016013
10 0.579719 0.079263 0.008206 0.016013
10 0.567995 0.110488 0.009379 0.017614
10 0.559203 0.133307 0.009379 0.018415
10 0.558030 0.204163 0.008206 0.016013
10 0.590563 0.122098 0.008792 0.018415
10 0.477433 0.971577 0.007620 0.015212
10 0.547479 0.913131 0.011723 0.010408
10 0.932005 0.519616 0.009379 0.011209
10 0.546307 0.880705 0.009379 0.009608
10 0.414127 0.818255 0.007620 0.016013
10 0.401524 0.796637 0.005862 0.014412
10 0.391559 0.762610 0.008206 0.015212
10 0.241501 0.881105 0.010551 0.016813
10 0.226553 0.892314 0.009965 0.013611
10 0.214244 0.873899 0.009965 0.013611
10 0.191676 0.839071 0.009379 0.014412
10 0.188746 0.857086 0.010551 0.015212
10 0.190797 0.806245 0.009965 0.017614
10 0.165592 0.768615 0.009965 0.014412
10 0.157972 0.758207 0.009965 0.014412
10 0.130422 0.751801 0.009965 0.014412
10 0.148886 0.777822 0.008206 0.013611
10 0.167351 0.804243 0.008792 0.013611
10 0.475381 0.903122 0.011723 0.009608
10 0.489156 0.897918 0.011137 0.010408
10 0.503810 0.894315 0.012309 0.008006
10 0.515826 0.889912 0.008206 0.007206
10 0.530481 0.883907 0.011723 0.009608
10 0.594080 0.216173 0.008792 0.016013
10 0.574150 0.228183 0.007620 0.009608
10 0.584994 0.234588 0.011723 0.012810
10 0.610785 0.251401 0.011723 0.012810
10 0.977726 0.229384 0.008206 0.013611
10 0.968054 0.254203 0.008792 0.018415
10 0.938159 0.330665 0.009965 0.016013
10 0.928195 0.357086 0.007620 0.016013
10 0.915592 0.322258 0.008206 0.016813
10 0.909730 0.337070 0.008206 0.016013
10 0.902989 0.352682 0.007620 0.013611
10 0.898300 0.365893 0.007620 0.016013
10 0.893025 0.380304 0.007620 0.012810
10 0.886284 0.397118 0.007034 0.014412
10 0.880422 0.411129 0.008206 0.015212
10 0.874853 0.426341 0.007620 0.015212
10 0.868113 0.445556 0.010551 0.020016
10 0.858148 0.470777 0.007034 0.016013
10 0.851700 0.486789 0.008206 0.016013
10 0.917644 0.382706 0.007620 0.016013
10 0.900938 0.424339 0.007034 0.014412
10 0.896835 0.495997 0.009379 0.010408
10 0.919695 0.511209 0.009379 0.010408
10 0.926143 0.294235 0.009379 0.016813
10 0.933177 0.275020 0.008206 0.016813
10 0.939918 0.258607 0.008792 0.014412
10 0.687866 0.302242 0.007620 0.013611
10 0.625440 0.257806 0.008206 0.012810
10 0.631008 0.260608 0.006448 0.015212
10 0.634525 0.265412 0.007620 0.013611
10 0.643611 0.271417 0.008206 0.016013
10 0.661489 0.283827 0.008792 0.016813
10 0.668523 0.290633 0.008792 0.017614
10 0.673212 0.293435 0.007620 0.015212
10 0.682298 0.297038 0.007034 0.014412
10 0.698124 0.316253 0.010551 0.006405
10 0.946366 0.242994 0.007620 0.015212
10 0.915592 0.038431 0.010551 0.011209
10 0.940797 0.056845 0.010551 0.012810
10 0.990035 0.128102 0.009379 0.016013
10 0.982122 0.147718 0.007620 0.016813
10 0.970399 0.177342 0.008792 0.016813
10 0.962485 0.197358 0.009379 0.018415
10 0.956917 0.210969 0.006448 0.015212
10 0.952227 0.226181 0.007620 0.016813
4 0.556858 0.293835 0.048066 0.081665