9 0.906860 0.945820 0.009440 0.010836
10 0.250000 0.904218 0.005349 0.008127
10 0.197451 0.843653 0.005979 0.008514
10 0.191787 0.838042 0.006608 0.008901
10 0.185651 0.831850 0.005664 0.008127
10 0.182033 0.829721 0.007237 0.009288
10 0.177627 0.836687 0.005979 0.008514
10 0.180617 0.839203 0.005664 0.008127
10 0.183921 0.841138 0.005979 0.008901
10 0.189585 0.847910 0.006608 0.009288
10 0.198553 0.856618 0.005664 0.008127
10 0.232222 0.886803 0.005664 0.008127
10 0.253147 0.907121 0.005979 0.009288
10 0.239773 0.882353 0.005664 0.007740
10 0.255821 0.909636 0.006293 0.008901
10 0.259283 0.912152 0.005035 0.006966
10 0.262115 0.914861 0.005664 0.007740
10 0.170233 0.855844 0.005664 0.008127
10 0.173694 0.858359 0.006293 0.009288
10 0.179358 0.865132 0.006293 0.007353
10 0.182977 0.866680 0.005979 0.008127
10 0.221366 0.903444 0.005979 0.008901
10 0.224512 0.906540 0.005979 0.008901
10 0.230806 0.911378 0.005349 0.008514
10 0.215072 0.860875 0.005349 0.007353
10 0.245595 0.888738 0.005979 0.008127
10 0.239459 0.921440 0.005664 0.008514
10 0.221208 0.828367 0.005664 0.008901
10 0.196193 0.815209 0.005349 0.008127
10 0.192731 0.812500 0.005979 0.007353
10 0.197766 0.804954 0.005979 0.008514
10 0.200598 0.808243 0.005979 0.008901
10 0.203902 0.810565 0.005664 0.007353
10 0.207048 0.813080 0.005664 0.006966
10 0.209408 0.816563 0.005349 0.007740
10 0.212398 0.819659 0.005664 0.008514
10 0.215072 0.823529 0.005979 0.008514
10 0.217904 0.826238 0.005979 0.007740
10 0.278792 0.880998 0.006923 0.009675
10 0.248741 0.891834 0.005979 0.008127
10 0.258968 0.875193 0.005035 0.008127
10 0.262429 0.876741 0.006293 0.008901
10 0.267936 0.882353 0.005349 0.008514
10 0.270925 0.886223 0.005664 0.008514
10 0.273757 0.889125 0.006293 0.008901
10 0.276746 0.892221 0.005979 0.008127
10 0.263373 0.906347 0.004405 0.006966
10 0.260699 0.902864 0.006608 0.008514
10 0.254563 0.896478 0.006293 0.008901
10 0.251416 0.894350 0.006293 0.008514
10 0.235997 0.917183 0.005664 0.008514
10 0.242763 0.922601 0.005979 0.007740
10 0.204846 0.823916 0.005664 0.006966
9 0.101164 0.173375 0.009125 0.009288
10 0.193361 0.983553 0.006608 0.008901
10 0.015419 0.976393 0.006923 0.008514
10 0.018250 0.957430 0.006923 0.009288
10 0.131687 0.871711 0.008496 0.010449
10 0.056167 0.811533 0.007867 0.009288
10 0.034613 0.844234 0.006293 0.006579
9 0.227502 0.541602 0.010069 0.010449
9 0.274858 0.585526 0.008496 0.010062
10 0.162366 0.485875 0.004405 0.009675
9 0.145689 0.306502 0.008811 0.008514
0 0.916772 0.872678 0.128068 0.152477
10 0.244179 0.936726 0.006293 0.008127
0 0.847388 0.802051 0.123977 0.156734
0 0.773285 0.734133 0.124921 0.159443
0 0.700283 0.662152 0.124921 0.155573
0 0.626495 0.592492 0.122719 0.157121
0 0.553493 0.524381 0.125236 0.157121
0 0.482064 0.456269 0.128383 0.158669
0 0.409220 0.386803 0.124921 0.152090
0 0.336218 0.317531 0.119257 0.159830
0 0.263845 0.245163 0.126809 0.156734
0 0.188955 0.177632 0.119887 0.147833
9 0.198553 0.982005 0.007552 0.011223
10 0.240717 0.934211 0.005664 0.007740
10 0.245752 0.925503 0.006293 0.010449
10 0.196822 0.881385 0.005979 0.008127
10 0.249371 0.928212 0.006608 0.010449
10 0.251888 0.932082 0.005349 0.007353
10 0.165513 0.862616 0.006293 0.008514
10 0.169132 0.865712 0.006608 0.008514
10 0.171806 0.868034 0.005664 0.007740
10 0.174638 0.871517 0.005664 0.008514
10 0.178414 0.873646 0.006293 0.008127
10 0.181089 0.876548 0.006608 0.008514
10 0.184393 0.879837 0.006293 0.008127
10 0.187067 0.881772 0.006608 0.008901
10 0.189270 0.885836 0.006608 0.009288
10 0.237413 0.930921 0.005349 0.007353
10 0.192731 0.888351 0.006608 0.008901
10 0.195563 0.891447 0.007237 0.009675
10 0.199182 0.893382 0.005664 0.008127
10 0.204531 0.899768 0.005035 0.007740
10 0.207520 0.902864 0.005349 0.007740
9 0.210510 0.906347 0.006293 0.007740
10 0.213814 0.907895 0.007237 0.010062
10 0.216960 0.910410 0.005979 0.008901
10 0.219792 0.913313 0.005979 0.008514
10 0.222782 0.916215 0.005664 0.008127
10 0.202014 0.821014 0.005664 0.008901
10 0.269824 0.835139 0.005979 0.008514
10 0.914254 0.952206 0.006608 0.007353
10 0.408905 0.968266 0.004091 0.007740
10 0.395217 0.973297 0.003776 0.006966
10 0.397734 0.969234 0.005035 0.008127
10 0.400566 0.966331 0.004405 0.008514
10 0.403084 0.962461 0.004405 0.008514
10 0.405758 0.959172 0.004720 0.008127
10 0.396318 0.988777 0.004720 0.008514
10 0.398678 0.983553 0.005664 0.009675
10 0.400566 0.978135 0.004405 0.007353
10 0.403713 0.975232 0.005035 0.008514
10 0.406388 0.970975 0.004091 0.007740
10 0.411265 0.963622 0.004405 0.008514
10 0.390497 0.983166 0.005035 0.008127
10 0.413940 0.959365 0.004091 0.008514
10 0.408590 0.955689 0.004091 0.006579
10 0.365167 0.995550 0.005979 0.003483
10 0.369887 0.987229 0.005349 0.003096
10 0.373348 0.983746 0.005979 0.003870
10 0.375551 0.979683 0.005979 0.004257
10 0.378068 0.975232 0.005979 0.003870
10 0.380113 0.970975 0.005664 0.003870
10 0.382473 0.967299 0.005979 0.003483
10 0.385463 0.963235 0.006293 0.004644
10 0.393172 0.978909 0.004720 0.008127
10 0.387980 0.986842 0.004405 0.007740
10 0.390969 0.954721 0.006608 0.003870
10 0.225299 0.567337 0.005035 0.006966
9 0.655444 0.703367 0.005664 0.006579
10 0.562146 0.730650 0.003461 0.010062
10 0.369100 0.991099 0.006293 0.003870
10 0.393958 0.951045 0.005664 0.003483
10 0.427942 0.978909 0.008181 0.009675
10 0.315450 0.381579 0.007237 0.007740
10 0.087791 0.931889 0.006293 0.006966
10 0.204846 0.921827 0.007552 0.006966
10 0.219792 0.800310 0.004720 0.007740
10 0.238987 0.808050 0.005349 0.007740
10 0.231120 0.572368 0.006608 0.009288
10 0.385305 0.990325 0.004091 0.006966
10 0.071586 0.147833 0.008496 0.008514
9 0.765261 0.809791 0.008811 0.009675
9 0.929358 0.967492 0.008496 0.009288
9 0.783197 0.827593 0.008811 0.009675
9 0.609188 0.993421 0.006293 0.009288
9 0.482064 0.511997 0.009440 0.006192
9 0.537760 0.591718 0.009440 0.010836
10 0.527376 0.899961 0.007552 0.008901
10 0.295626 0.991293 0.007237 0.008127
10 0.382316 0.993228 0.005035 0.008127
10 0.389081 0.959172 0.006608 0.003483
10 0.292952 0.994582 0.006923 0.007740
10 0.266362 0.833204 0.004720 0.007740
10 0.235683 0.804954 0.005664 0.007740
10 0.280365 0.819466 0.005664 0.008127
10 0.207835 0.788313 0.005349 0.007740
10 0.212712 0.780766 0.007552 0.009675
10 0.215544 0.785023 0.005664 0.007353
10 0.218534 0.787539 0.004720 0.006966
10 0.221051 0.790635 0.005349 0.008514
10 0.224040 0.793150 0.005664 0.008901
10 0.227187 0.796440 0.005664 0.007740
10 0.229862 0.799729 0.004720 0.007353
10 0.233008 0.802051 0.005979 0.008127
10 0.210982 0.791409 0.005349 0.006966
10 0.274229 0.814048 0.006608 0.009675
10 0.214286 0.793344 0.005664 0.007740
10 0.216646 0.796827 0.005979 0.008514
10 0.222310 0.803406 0.005979 0.007740
10 0.225771 0.806308 0.005979 0.008127
10 0.228760 0.808824 0.004405 0.006966
10 0.232222 0.810952 0.005035 0.006579
10 0.242763 0.809985 0.005349 0.007740
10 0.244651 0.813661 0.005349 0.008901
10 0.248427 0.815596 0.006608 0.010449
10 0.265419 0.843653 0.005979 0.007740
10 0.277376 0.816176 0.005979 0.007740
10 0.271082 0.809985 0.005349 0.008514
10 0.367841 0.923568 0.007552 0.007353
10 0.229390 0.770704 0.006293 0.008901
10 0.370988 0.919892 0.006923 0.007740
10 0.374292 0.916409 0.005979 0.006192
10 0.376337 0.912732 0.006293 0.006579
10 0.379169 0.908088 0.006923 0.007353
10 0.330239 0.938661 0.006608 0.008127
10 0.325205 0.933824 0.006608 0.007740
10 0.227187 0.753289 0.007552 0.009675
9 0.240088 0.767608 0.006923 0.010449
10 0.223254 0.764706 0.005349 0.007740
10 0.226243 0.767802 0.005664 0.007740
10 0.231907 0.774768 0.005664 0.008514
10 0.267936 0.807663 0.007237 0.010062
10 0.235525 0.775735 0.005979 0.008901
10 0.238357 0.779218 0.005979 0.008901
10 0.241189 0.782508 0.007237 0.010836
10 0.244651 0.783862 0.005349 0.007353
10 0.247011 0.787926 0.005664 0.007740
10 0.249528 0.791022 0.006293 0.010062
10 0.253619 0.792570 0.005035 0.006966
10 0.255664 0.796440 0.005349 0.007740
10 0.258968 0.799342 0.005664 0.008127
10 0.265104 0.804373 0.005349 0.008127
0 0.116268 0.106231 0.094084 0.118034