9 0.284368 0.210239 0.021064 0.019113
10 0.367517 0.204437 0.008869 0.014334
0 0.287694 0.290102 0.045455 0.054608
0 0.345898 0.307167 0.027716 0.036860
0 0.332317 0.332765 0.027162 0.037543
0 0.343958 0.362116 0.028271 0.038908
0 0.429601 0.265870 0.027716 0.040273
0 0.547395 0.303072 0.029379 0.035495
9 0.268570 0.175085 0.022727 0.019795
9 0.261918 0.164164 0.020510 0.018430
10 0.359756 0.166553 0.008869 0.015017
10 0.345898 0.176109 0.009978 0.017747
10 0.393847 0.182594 0.009424 0.015700
10 0.373614 0.200341 0.008869 0.015700
10 0.361419 0.207509 0.008869 0.013652
0 0.853381 0.902730 0.018293 0.029352
10 0.357262 0.211604 0.008315 0.012287
10 0.343404 0.217065 0.009424 0.015017
10 0.337860 0.219454 0.008315 0.012969
10 0.492794 0.554949 0.013304 0.012287
10 0.568459 0.627645 0.010532 0.014334
10 0.591741 0.716724 0.011641 0.017747
10 0.605876 0.710922 0.009978 0.014334
10 0.595621 0.636519 0.011641 0.017065
10 0.640798 0.684983 0.009978 0.015700
10 0.651608 0.677816 0.009424 0.012287
10 0.657428 0.673038 0.011086 0.015017
10 0.663248 0.668259 0.009424 0.013652
11 0.064024 0.030034 0.041574 0.053242
0 0.854213 0.861092 0.016630 0.026621
9 0.360310 0.448123 0.017738 0.026621
0 0.359756 0.592491 0.048780 0.061433
11 0.107539 0.345734 0.034368 0.047099
0 0.224224 0.404437 0.044900 0.056655
0 0.171840 0.471672 0.029933 0.035495
0 0.208703 0.551536 0.030488 0.034130
0 0.238636 0.529352 0.029379 0.034812
0 0.268293 0.512287 0.031042 0.036177
0 0.297395 0.490444 0.030488 0.037543
0 0.322616 0.503072 0.031042 0.035495
0 0.292960 0.521502 0.024945 0.028669
0 0.261641 0.541980 0.029933 0.038225
0 0.231984 0.562457 0.030488 0.036860
0 0.269678 0.653242 0.042683 0.049147
0 0.388581 0.550853 0.041020 0.046416
0 0.855599 0.818089 0.018293 0.032082
0 0.338137 0.722526 0.050998 0.066212
0 0.416020 0.779181 0.064856 0.081229
0 0.499169 0.887372 0.051552 0.060068
0 0.694568 0.795904 0.017738 0.035495
0 0.693736 0.835836 0.017184 0.032082
0 0.760532 0.881229 0.018847 0.035495
0 0.763581 0.795563 0.019401 0.033447
0 0.783259 0.817065 0.019956 0.030034
0 0.785477 0.775768 0.017738 0.033447
0 0.810144 0.692150 0.029379 0.036860
0 0.833980 0.654608 0.029379 0.035495
0 0.859479 0.661092 0.027162 0.036177
10 0.671286 0.663140 0.009978 0.012969
10 0.676552 0.659386 0.009424 0.012287
10 0.682927 0.655631 0.009978 0.014334
10 0.780765 0.479863 0.009424 0.013652
10 0.722007 0.518430 0.007206 0.010239
10 0.726996 0.516724 0.008315 0.013652
10 0.737805 0.509898 0.009978 0.013652
10 0.753603 0.544027 0.008315 0.013652
10 0.772727 0.592491 0.011086 0.013652
10 0.784922 0.584300 0.011086 0.015017
10 0.811253 0.563140 0.010532 0.015017
10 0.763304 0.536860 0.009978 0.014334
9 0.768293 0.530717 0.011086 0.018430
10 0.789911 0.516724 0.011086 0.015017
10 0.817073 0.498976 0.009978 0.015017
10 0.822339 0.493857 0.008315 0.011604
10 0.791297 0.470648 0.009424 0.014334
10 0.708149 0.637543 0.011641 0.013652
10 0.743625 0.476792 0.010532 0.014334
10 0.771619 0.458020 0.008869 0.015017
10 0.778271 0.456997 0.008869 0.012969
10 0.824002 0.455973 0.010532 0.012287
10 0.833703 0.466894 0.009978 0.012287
10 0.824279 0.672014 0.012195 0.012969
10 0.843126 0.640614 0.012195 0.007509
10 0.776608 0.394539 0.011086 0.012287
10 0.835089 0.415017 0.011641 0.013652
10 0.645510 0.453584 0.010532 0.014334
9 0.346452 0.461092 0.016630 0.025256
9 0.353659 0.454949 0.015521 0.026621
10 0.717295 0.523208 0.007761 0.012969
10 0.718126 0.497270 0.010532 0.014334
10 0.707317 0.504437 0.011086 0.015017
10 0.702328 0.508532 0.011086 0.015017
10 0.714800 0.631741 0.010532 0.015700
10 0.721452 0.627986 0.010532 0.016382
10 0.742517 0.613652 0.009424 0.013652
10 0.612528 0.640614 0.009978 0.008874
10 0.608370 0.635836 0.009424 0.008874
9 0.607262 0.627645 0.011641 0.008874
10 0.603381 0.620819 0.010532 0.011604
10 0.640521 0.630375 0.012749 0.010239
10 0.638304 0.624232 0.010532 0.008874
10 0.634978 0.618430 0.011641 0.009556
10 0.631375 0.611263 0.012195 0.011604
10 0.662694 0.567235 0.011641 0.010922
10 0.664634 0.573379 0.012195 0.009556
10 0.684313 0.592491 0.008315 0.013652
10 0.695953 0.583618 0.010532 0.015017
10 0.701220 0.581229 0.008869 0.012969
10 0.706208 0.577474 0.008869 0.013652
10 0.711752 0.572355 0.008869 0.014334
10 0.717018 0.568259 0.009424 0.014334
10 0.690687 0.543345 0.008869 0.013652
10 0.701497 0.534471 0.009424 0.013652
10 0.707871 0.531741 0.008869 0.015017
10 0.680432 0.522526 0.008315 0.012969
10 0.686530 0.519113 0.009424 0.014334
10 0.696508 0.511945 0.010532 0.015017
0 0.169069 0.317406 0.093126 0.117406