10 0.983926 0.425672 0.019484 0.019104
14 0.767657 0.351642 0.045787 0.051343
7 0.175353 0.225672 0.046761 0.144478
7 0.434486 0.475224 0.165611 0.257910
7 0.641744 0.579104 0.211885 0.302090
7 0.576961 0.453134 0.113492 0.170746
7 0.710424 0.654328 0.195324 0.269851
7 0.820994 0.769254 0.174866 0.242985
14 0.252801 0.019403 0.049683 0.037612
1 0.373356 0.275522 0.038480 0.025672
1 0.533609 0.500000 0.020945 0.030448
1 0.632489 0.753134 0.027764 0.036418
1 0.152460 0.115821 0.009742 0.022687
10 0.979299 0.476418 0.024842 0.023881
10 0.987092 0.513731 0.020945 0.014925
10 0.988066 0.565970 0.010229 0.019104
1 0.377009 0.261791 0.022406 0.019701
7 0.383098 0.232836 0.022893 0.046567
1 0.750365 0.861791 0.020945 0.028060
7 0.079152 0.190149 0.047248 0.157015