1 0.752622 0.119914 0.009215 0.014276
7 0.190817 0.565310 0.015570 0.058530
14 0.616937 0.170592 0.035907 0.048537
14 0.548141 0.179872 0.027328 0.044254
14 0.438672 0.195218 0.032730 0.043540
14 0.372418 0.166667 0.037496 0.056388
14 0.293136 0.246253 0.037178 0.065667
14 0.162854 0.400785 0.033365 0.066381
14 0.097871 0.503926 0.031141 0.057102
14 0.029075 0.603141 0.037178 0.079943
7 0.330473 0.456460 0.039403 0.139186
7 0.989037 0.098501 0.015570 0.114204
10 0.052272 0.386153 0.011122 0.029979
7 0.913727 0.161670 0.021926 0.146324
7 0.825071 0.204497 0.042898 0.149179
7 0.791865 0.271949 0.048300 0.165596
7 0.673181 0.410778 0.041627 0.260528
7 0.519860 0.410064 0.044487 0.217702
7 0.444550 0.393647 0.031776 0.154889
7 0.381316 0.418986 0.033047 0.178444
7 0.259136 0.468237 0.035272 0.102784
7 0.137432 0.649179 0.047347 0.130621
10 0.045122 0.080657 0.012711 0.032834
10 0.005402 0.401499 0.010168 0.032120
1 0.322529 0.329408 0.007626 0.022127
1 0.906578 0.149893 0.010804 0.044254
10 0.060693 0.366524 0.009533 0.029265
10 0.114871 0.135617 0.008580 0.024268
9 0.210836 0.045682 0.014935 0.045682
10 0.217509 0.029979 0.009851 0.029979
10 0.226565 0.088508 0.012075 0.039971
10 0.216397 0.084226 0.011439 0.032834
10 0.218462 0.124554 0.013028 0.036403
10 0.211630 0.138829 0.011439 0.033547
10 0.617890 0.014632 0.015570 0.014989
1 0.833016 0.244468 0.016841 0.047823
10 0.152208 0.274447 0.011439 0.030692
1 0.684620 0.520700 0.011122 0.040685
1 0.433270 0.392577 0.013664 0.049964
1 0.393867 0.402570 0.013028 0.049964
1 0.343661 0.423626 0.015570 0.064954
1 0.187003 0.579586 0.013664 0.038544
1 0.128535 0.684154 0.023197 0.070664
1 0.086749 0.801927 0.019701 0.047823
1 0.056721 0.842612 0.017477 0.047823
1 0.007785 0.892220 0.014935 0.042827
7 0.064824 0.784440 0.064188 0.151320