1 0.505654 0.546512 0.003973 0.009246
10 0.076559 0.758336 0.006418 0.013169
10 0.100397 0.737181 0.012531 0.007285
10 0.102537 0.731998 0.013753 0.008686
10 0.094438 0.705660 0.008557 0.012609
10 0.137072 0.660409 0.013753 0.005604
10 0.170996 0.633931 0.011308 0.005324
10 0.170844 0.627207 0.014059 0.008126
10 0.133252 0.570748 0.014670 0.010647
7 0.859413 0.850378 0.061125 0.097506
7 0.909535 0.552676 0.121638 0.083217
7 0.872097 0.516671 0.105440 0.072850
7 0.839700 0.474082 0.114609 0.085178
7 0.816167 0.403334 0.129279 0.088820
7 0.421913 0.646400 0.224022 0.054357
14 0.023380 0.838750 0.033924 0.026058
7 0.803331 0.348697 0.125000 0.088820
7 0.731510 0.308910 0.159841 0.112356
7 0.587103 0.569347 0.052567 0.059961
7 0.323655 0.220790 0.045844 0.048193
7 0.220660 0.191650 0.145477 0.189409
10 0.084352 0.758055 0.009169 0.010927
10 0.071210 0.760857 0.005501 0.010927
1 0.152506 0.008826 0.023227 0.017092
10 0.020935 0.752592 0.012531 0.008966
1 0.775214 0.443682 0.008252 0.007565
1 0.776742 0.446624 0.008863 0.006725
10 0.053637 0.514710 0.012531 0.011208
1 0.864150 0.809050 0.007641 0.012048
1 0.937958 0.471280 0.011002 0.009526
1 0.905715 0.164052 0.016809 0.014290
1 0.991901 0.271505 0.013142 0.011208
1 0.984566 0.276968 0.014976 0.011488
1 0.257793 0.646960 0.013142 0.006164
10 0.014823 0.591482 0.007029 0.010647
10 0.972952 0.143598 0.013142 0.013169
10 0.957518 0.131549 0.014670 0.011488
1 0.753209 0.374335 0.015587 0.012328
1 0.779493 0.449566 0.013142 0.009807
1 0.664884 0.341973 0.017421 0.014290
1 0.526589 0.635332 0.011002 0.013729
1 0.342910 0.200616 0.016504 0.015130
1 0.345813 0.218128 0.014976 0.015410
10 0.022616 0.758336 0.011614 0.008126
7 0.116748 0.051135 0.086186 0.080415