1 0.166471 0.941989 0.012941 0.016575
7 0.661765 0.284991 0.062353 0.074586
7 0.686471 0.066298 0.085882 0.029466
7 0.337059 0.177716 0.071765 0.038674
7 0.284706 0.277164 0.117647 0.046041
7 0.291176 0.358195 0.078824 0.031308
14 0.092353 0.372468 0.015294 0.024862
7 0.417647 0.651934 0.084706 0.033149
7 0.494706 0.731584 0.109412 0.069061
7 0.646471 0.819521 0.031765 0.064457
7 0.753529 0.355893 0.104706 0.043278
1 0.142941 0.935083 0.010588 0.013812
7 0.848824 0.435543 0.060000 0.046041
1 0.328824 0.287753 0.031765 0.015654
1 0.322941 0.360958 0.031765 0.014733
1 0.665882 0.802486 0.016471 0.024862
10 0.273529 0.145028 0.015294 0.006446
10 0.110588 0.509669 0.009412 0.013812
10 0.120000 0.505985 0.011765 0.013812
1 0.317059 0.430939 0.020000 0.011050
7 0.400588 0.133517 0.088235 0.040516