1 0.558524 0.404110 0.021628 0.020908
7 0.798346 0.678082 0.022901 0.026676
7 0.844784 0.198270 0.058524 0.069214
7 0.689249 0.156813 0.172392 0.183850
7 0.609097 0.412401 0.069338 0.095169
7 0.585242 0.584715 0.029262 0.034607
14 0.727099 0.715934 0.036896 0.041817
7 0.525127 0.650685 0.028626 0.074261
7 0.468193 0.649603 0.034351 0.113915
14 0.868639 0.701514 0.031170 0.030281
1 0.181934 0.798486 0.013995 0.023792
10 0.604962 0.852199 0.016539 0.011536
10 0.671120 0.819034 0.010178 0.018745
1 0.450064 0.624009 0.014631 0.022350
10 0.784033 0.854001 0.015903 0.016583
10 0.768130 0.813627 0.009542 0.018025
10 0.759860 0.812906 0.008270 0.016583
10 0.933842 0.736482 0.012723 0.013699
10 0.959288 0.772170 0.013995 0.018745
7 0.346374 0.721702 0.046438 0.152848
7 0.293893 0.801370 0.041985 0.120404
7 0.188931 0.856164 0.062341 0.150685
10 0.982188 0.808580 0.011450 0.020908
7 0.903944 0.119683 0.055980 0.050469