9 0.087682 0.616318 0.060736 0.022594
9 0.785287 0.517155 0.082121 0.036820
9 0.085115 0.785774 0.062447 0.023431
9 0.325064 0.483682 0.083832 0.025105
9 0.311805 0.556067 0.057314 0.022594
9 0.558597 0.524268 0.087254 0.024268
9 0.628315 0.554812 0.077844 0.018410
9 0.579555 0.584519 0.069290 0.019247
9 0.502566 0.581590 0.081266 0.018410
9 0.544910 0.554393 0.085543 0.019247
9 0.680924 0.705858 0.082121 0.017573
9 0.088109 0.714226 0.065013 0.019247
9 0.276305 0.856904 0.058169 0.016736
9 0.263901 0.899163 0.052181 0.017573
9 0.686912 0.760669 0.082121 0.035146
9 0.678358 0.808368 0.058169 0.021757
9 0.647562 0.834310 0.046193 0.020084
9 0.879812 0.833054 0.086399 0.037657
10 0.086399 0.062762 0.015398 0.033473
10 0.115483 0.061925 0.020530 0.035146
10 0.072284 0.063180 0.014542 0.032636
10 0.045338 0.061506 0.018820 0.034310
10 0.094098 0.134728 0.018820 0.031799
10 0.046621 0.130962 0.019675 0.034310
10 0.065868 0.130544 0.017109 0.031799
9 0.085115 0.760669 0.057314 0.018410
9 0.297263 0.374895 0.024808 0.055230
9 0.492301 0.071967 0.033362 0.056904
9 0.275877 0.702510 0.074423 0.022594
9 0.773311 0.469456 0.076989 0.036820
9 0.784003 0.494142 0.081266 0.034310
9 0.798546 0.635983 0.055603 0.030126
9 0.852010 0.695816 0.082121 0.034310
9 0.868263 0.762762 0.075278 0.030962
9 0.868691 0.811715 0.086399 0.036820
9 0.888366 0.854393 0.074423 0.031799
9 0.840462 0.894979 0.040205 0.072803
9 0.905047 0.925523 0.080411 0.033473
9 0.913601 0.973222 0.087254 0.038494
9 0.682207 0.858577 0.082977 0.016736
9 0.689050 0.784519 0.064157 0.025941
9 0.693755 0.735146 0.090676 0.032636
9 0.496151 0.476987 0.121471 0.025105
9 0.336185 0.507950 0.080411 0.021757
9 0.432849 0.502929 0.082121 0.023431
9 0.516681 0.502092 0.076989 0.020084
9 0.595381 0.496653 0.071856 0.030962
9 0.340462 0.530126 0.082121 0.022594
9 0.424294 0.528870 0.056459 0.020084
9 0.641146 0.972803 0.082977 0.019247
9 0.084260 0.851883 0.064157 0.023431
9 0.090676 0.642259 0.066724 0.020921
10 0.547904 0.080335 0.023097 0.043515
10 0.277588 0.922176 0.040205 0.020084
10 0.274166 0.960251 0.043627 0.019247
10 0.269461 0.941423 0.042772 0.015063
9 0.468349 0.266109 0.024808 0.056904
9 0.493157 0.265690 0.026518 0.054393
9 0.486313 0.341004 0.031651 0.081172
9 0.634731 0.323431 0.039350 0.071130
9 0.541061 0.329289 0.021386 0.056067
9 0.564157 0.315900 0.024808 0.069456
9 0.590248 0.317155 0.029085 0.058577
10 0.603507 0.318828 0.012831 0.030126
9 0.518820 0.306276 0.028229 0.158996
9 0.252352 0.368201 0.027374 0.051883
9 0.322926 0.337238 0.024808 0.061925
9 0.346450 0.339331 0.027374 0.069456
9 0.394354 0.344770 0.027374 0.070293
9 0.177502 0.328033 0.031651 0.075314
9 0.200599 0.328033 0.028229 0.061925
9 0.224123 0.331799 0.027374 0.067782
9 0.460650 0.366527 0.035073 0.076987
9 0.151411 0.250628 0.034217 0.067782
9 0.322070 0.252720 0.029940 0.061925
9 0.249786 0.308368 0.025663 0.052720
9 0.420445 0.349791 0.021386 0.065272
9 0.393499 0.260669 0.029085 0.062762
9 0.418734 0.256067 0.029940 0.070293
9 0.272027 0.977406 0.053037 0.018410
9 0.135158 0.870293 0.046193 0.113808
9 0.520958 0.956485 0.054748 0.021757
10 0.813088 0.655649 0.052181 0.025941
10 0.713858 0.905858 0.045338 0.017573
10 0.651839 0.929289 0.051326 0.020921
10 0.711719 0.930126 0.042772 0.019247
10 0.730967 0.882008 0.048760 0.021757
10 0.711292 0.953556 0.053892 0.019247
10 0.646279 0.951046 0.053892 0.017573
10 0.661677 0.881172 0.040205 0.018410
10 0.657827 0.905021 0.042772 0.019247
10 0.837896 0.796653 0.053892 0.026778
10 0.852438 0.717992 0.055603 0.026778
10 0.627887 0.523431 0.047904 0.020921
9 0.396920 0.481172 0.061591 0.021757
10 0.673225 0.301674 0.017109 0.030962
10 0.648417 0.301674 0.017109 0.032636
10 0.578700 0.079498 0.023097 0.041841
9 0.724123 0.979498 0.081266 0.020921
9 0.765612 0.595816 0.085543 0.041841
9 0.651839 0.590377 0.085543 0.024268
9 0.538494 0.251883 0.026518 0.051883
9 0.389222 0.552720 0.087254 0.020921
9 0.429427 0.575732 0.061591 0.020084
9 0.363131 0.578243 0.057314 0.018410
9 0.754491 0.425523 0.080411 0.039331