10 0.097068 0.069398 0.037242 0.030100
10 0.018225 0.267977 0.033281 0.030936
10 0.679873 0.824833 0.034865 0.029264
10 0.593106 0.919314 0.030903 0.025920
10 0.074089 0.538043 0.037242 0.029264
10 0.040016 0.520903 0.034073 0.028428
10 0.055468 0.487040 0.039620 0.030936
10 0.149762 0.405518 0.031696 0.026756
10 0.035658 0.441472 0.025357 0.035117
10 0.185024 0.299749 0.037242 0.034281
10 0.937797 0.707358 0.029319 0.033445
10 0.222662 0.298077 0.036450 0.029264
10 0.290412 0.034281 0.034073 0.028428
10 0.299128 0.063963 0.034073 0.025920
10 0.053487 0.175585 0.034073 0.026756
10 0.180269 0.056856 0.034073 0.045151
14 0.832409 0.209030 0.046751 0.048495
14 0.891442 0.084448 0.093502 0.086957
10 0.884707 0.883779 0.046751 0.036789
10 0.765055 0.552676 0.032488 0.028428
14 0.519414 0.844064 0.041997 0.047659
2 0.381537 0.209448 0.045166 0.047659
2 0.236133 0.567308 0.033281 0.035953
2 0.187797 0.629181 0.042789 0.044314
2 0.226624 0.502926 0.042789 0.040970
2 0.290016 0.460702 0.042789 0.046823
2 0.288827 0.381271 0.049921 0.045151
2 0.321712 0.324415 0.052298 0.051839
2 0.337956 0.257943 0.051506 0.051003
2 0.375594 0.141304 0.030111 0.036789
10 0.910460 0.329431 0.031696 0.028428
2 0.413629 0.153010 0.041204 0.045151
2 0.440174 0.088629 0.045166 0.045151
1 0.873217 0.313127 0.038035 0.030936
10 0.263074 0.193144 0.034865 0.028428
10 0.978209 0.201505 0.032488 0.030100
10 0.938193 0.201923 0.041204 0.032609
10 0.943740 0.347408 0.034865 0.029264
14 0.733756 0.438963 0.088748 0.076923