14 0.770404 0.567175 0.041190 0.040668
1 0.601068 0.633987 0.024409 0.020334
1 0.655606 0.595134 0.025172 0.022513
1 0.387109 0.338780 0.012967 0.007988
1 0.447368 0.454611 0.031274 0.029049
1 0.377193 0.352941 0.022121 0.023239
14 0.450420 0.036674 0.034325 0.039942
7 0.792143 0.807553 0.107551 0.104575
7 0.609077 0.618010 0.118230 0.095861
7 0.492372 0.442266 0.128909 0.106028
14 0.655225 0.376906 0.027460 0.036311
7 0.403890 0.301380 0.118230 0.119099
7 0.263921 0.171024 0.140351 0.144517
7 0.161327 0.034495 0.064836 0.068991