10 0.839670 0.446996 0.022814 0.020024
7 0.682193 0.591284 0.060203 0.060071
7 0.116920 0.171967 0.117237 0.107185
7 0.209442 0.257362 0.077947 0.067138
7 0.258238 0.361307 0.143853 0.116019
7 0.346958 0.425206 0.114702 0.107185
7 0.423321 0.483510 0.091255 0.094229
7 0.544043 0.528269 0.119772 0.106007
7 0.816223 0.810365 0.072243 0.062426
10 0.831432 0.437868 0.022814 0.021790
10 0.389734 0.089812 0.022814 0.026502
10 0.916350 0.139282 0.025349 0.024146
10 0.937262 0.119552 0.022814 0.022379
10 0.717997 0.319494 0.024081 0.019435
10 0.607098 0.274735 0.029151 0.026502
10 0.481305 0.072733 0.031052 0.026502
14 0.527567 0.197880 0.053866 0.048292