1 0.544087 0.442029 0.005468 0.025362
1 0.694122 0.527174 0.004785 0.023551
10 0.747437 0.254529 0.003418 0.019928
10 0.713431 0.148551 0.008544 0.010870
10 0.536056 0.170290 0.004443 0.021739
10 0.540157 0.168931 0.005126 0.028080
7 0.980519 0.562047 0.008886 0.279891
7 0.877478 0.693841 0.046822 0.492754
7 0.700786 0.440217 0.026999 0.253623
7 0.553828 0.391757 0.018797 0.154891
7 0.506494 0.468750 0.023923 0.259964
7 0.329802 0.604167 0.042379 0.536232
7 0.259398 0.613678 0.038278 0.502717
7 0.092276 0.567029 0.036910 0.483696