1 0.638499 0.516026 0.006302 0.016667
7 0.499714 0.378846 0.008307 0.383333
7 0.123317 0.706410 0.047837 0.571795
7 0.170438 0.680128 0.032655 0.493590
7 0.212690 0.570513 0.025494 0.479487
7 0.266399 0.496154 0.013750 0.392308
14 0.206531 0.197436 0.018906 0.058974
7 0.348467 0.388462 0.020911 0.335897
7 0.409338 0.333333 0.013750 0.246154
7 0.463191 0.342949 0.022916 0.329487
7 0.607562 0.519872 0.033801 0.573077
1 0.597680 0.774359 0.014036 0.030769
7 0.639788 0.405769 0.019192 0.452564
7 0.774133 0.468590 0.013463 0.524359
7 0.938556 0.346795 0.018046 0.439744
10 0.198367 0.037179 0.006588 0.030769
1 0.050415 0.150000 0.004010 0.035897
10 0.185620 0.076923 0.002865 0.030769
1 0.303351 0.193590 0.004010 0.033333
1 0.471785 0.444231 0.008021 0.014103
7 0.074764 0.684615 0.032655 0.512821