10 0.990741 0.674888 0.009972 0.018834
10 0.959402 0.630942 0.015670 0.017040
10 0.973647 0.062332 0.014245 0.013453
10 0.658832 0.060538 0.018519 0.009865
13 0.752493 0.513453 0.155983 0.348879
13 0.589387 0.507623 0.157407 0.346188
14 0.546296 0.102242 0.102564 0.084305
14 0.509615 0.198655 0.137464 0.081614
3 0.057692 0.182511 0.106838 0.130045
5 0.420228 0.853363 0.044160 0.103139
14 0.470085 0.262780 0.062678 0.043049
5 0.368590 0.724215 0.042023 0.094170
5 0.416667 0.725561 0.044160 0.093274
4 0.365028 0.852018 0.033476 0.082511
4 0.315883 0.848879 0.033476 0.081614
4 0.318732 0.726457 0.033476 0.082511
4 0.268519 0.724664 0.034188 0.082511
4 0.220085 0.722870 0.032764 0.082511
4 0.271724 0.601794 0.033476 0.082511
4 0.222934 0.599552 0.032764 0.083408
4 0.172721 0.597309 0.032051 0.082511
10 0.943732 0.105381 0.009972 0.017040
10 0.957621 0.180269 0.013533 0.008969
10 0.957621 0.161435 0.013533 0.007175
10 0.969017 0.669507 0.012108 0.018834
10 0.485755 0.986996 0.015670 0.009865
10 0.867877 0.865471 0.009259 0.017937
10 0.517094 0.808072 0.019943 0.012556
10 0.551994 0.828700 0.007123 0.021525
10 0.543091 0.828251 0.007835 0.022422
10 0.473647 0.823318 0.007123 0.017937
10 0.983618 0.673094 0.009972 0.018834
10 0.975783 0.670852 0.009972 0.017937
10 0.958333 0.647085 0.013533 0.008072
10 0.992877 0.188789 0.005698 0.015247
10 0.958333 0.621525 0.014957 0.012556
10 0.989316 0.608520 0.015670 0.013453
10 0.960114 0.612556 0.018519 0.014350
10 0.961538 0.595516 0.014245 0.014350
10 0.960470 0.576682 0.014957 0.012556
10 0.958333 0.549327 0.012108 0.011659
10 0.992877 0.327354 0.007123 0.019731
10 0.975071 0.234978 0.008547 0.017937
13 0.313390 0.295516 0.183761 0.381166