12 0.738681 0.118390 0.031144 0.046267
7 0.690919 0.503305 0.048155 0.073484
1 0.136090 0.918351 0.006805 0.009331
1 0.202303 0.835925 0.007328 0.009331
1 0.153756 0.870918 0.008113 0.011664
10 0.070008 0.818429 0.004973 0.006221
10 0.070270 0.824844 0.005496 0.008165
10 0.063858 0.817068 0.005758 0.008165
7 0.967155 0.266135 0.016488 0.083593
7 0.875425 0.251166 0.058623 0.090202
7 0.825308 0.288103 0.056791 0.071540
7 0.808165 0.335731 0.068045 0.083593
7 0.792594 0.360809 0.043182 0.066096
7 0.757524 0.407271 0.052604 0.048600
7 0.738027 0.477255 0.073279 0.102255
7 0.650353 0.542574 0.035069 0.064152
1 0.964669 0.301516 0.006805 0.005054
7 0.623135 0.567457 0.028788 0.063375
7 0.581523 0.602061 0.029835 0.062597
7 0.546846 0.627527 0.042659 0.074650
7 0.539780 0.678849 0.060455 0.112753
7 0.341534 0.601477 0.031929 0.143857
7 0.301492 0.639580 0.033499 0.147745
7 0.265899 0.665047 0.046585 0.127916
7 0.226511 0.699844 0.050510 0.152411
14 0.116854 0.708981 0.013871 0.019829
14 0.196022 0.618974 0.012562 0.015552
7 0.161999 0.800933 0.090029 0.108087
7 0.127584 0.852061 0.056791 0.073484
7 0.112667 0.888997 0.055745 0.080482
10 0.290238 0.485031 0.003664 0.008942
10 0.527741 0.263219 0.004973 0.008554
14 0.495551 0.183709 0.017011 0.020607
10 0.515310 0.074456 0.003664 0.008165
1 0.983250 0.098367 0.005758 0.006998
1 0.974091 0.091563 0.006805 0.008165
10 0.932871 0.127916 0.004973 0.006998
10 0.900942 0.153771 0.006019 0.008165
10 0.892698 0.153383 0.004711 0.007387
10 0.870714 0.152799 0.005234 0.006998
10 0.853311 0.153771 0.005496 0.008165
1 0.890866 0.258942 0.006805 0.010109
1 0.892044 0.264774 0.004973 0.009331
1 0.893353 0.286742 0.008636 0.012053
1 0.886417 0.274300 0.006805 0.009720
1 0.882622 0.270607 0.006543 0.010109
1 0.878304 0.265941 0.006805 0.009331
1 0.811568 0.382193 0.010468 0.014774
1 0.630725 0.591369 0.006805 0.008554
1 0.592515 0.623056 0.008375 0.009720
1 0.554043 0.717729 0.009945 0.013219
1 0.550641 0.712092 0.007328 0.010498
10 0.539780 0.523717 0.004449 0.007776
10 0.617639 0.451400 0.005758 0.006998
10 0.610442 0.460731 0.005496 0.007776
10 0.598534 0.483087 0.004711 0.008942
10 0.654279 0.190902 0.006281 0.007776
10 0.602460 0.149300 0.003664 0.008554
10 0.654279 0.031493 0.006281 0.009331
1 0.420309 0.053849 0.006281 0.007387
12 0.443209 0.087869 0.016488 0.026439
14 0.028134 0.908048 0.014394 0.012053