10 0.761116 0.973776 0.005947 0.050117
7 0.773718 0.632867 0.023223 0.060606
7 0.674880 0.624126 0.015293 0.078089
7 0.569385 0.587413 0.030303 0.037296
7 0.521807 0.576340 0.018975 0.082751
7 0.418720 0.540793 0.022940 0.088578
7 0.399604 0.534965 0.005664 0.083916
7 0.373549 0.526224 0.005098 0.087413
7 0.358963 0.518065 0.012178 0.089744
7 0.303455 0.507576 0.021807 0.094406
7 0.321863 0.512238 0.004815 0.087413
7 0.250496 0.488928 0.020108 0.089744
7 0.269612 0.494755 0.006231 0.082751
7 0.165251 0.470862 0.011045 0.067599
7 0.076890 0.407343 0.043331 0.036131
1 0.031436 0.185315 0.017559 0.074592
1 0.094732 0.210956 0.007647 0.074592
1 0.148683 0.230769 0.016992 0.065268
1 0.165109 0.466783 0.006231 0.052448
7 0.723166 0.644522 0.028604 0.048951
7 0.833758 0.654429 0.027754 0.061772
1 0.276551 0.271562 0.008213 0.083916
7 0.883036 0.666667 0.024922 0.069930
7 0.118946 0.222611 0.043614 0.069930
7 0.185500 0.247086 0.041348 0.044289
7 0.237043 0.255828 0.048145 0.134033
7 0.290286 0.265152 0.023223 0.089744
7 0.344803 0.279138 0.025205 0.040793
7 0.403427 0.284382 0.033135 0.060606
7 0.439252 0.308275 0.023789 0.082751
7 0.504531 0.322844 0.027471 0.081585
7 0.551543 0.337413 0.031436 0.066434
7 0.606769 0.358392 0.025205 0.064103
7 0.710564 0.384615 0.027188 0.048951
7 0.753328 0.393357 0.020957 0.050117
7 0.810394 0.413170 0.017276 0.071096
7 0.872274 0.439977 0.035684 0.087413
7 0.919145 0.441142 0.022373 0.071096
7 0.960776 0.449301 0.020674 0.068765
7 0.929907 0.681235 0.028604 0.068765
1 0.263381 0.480769 0.007930 0.066434
1 0.229114 0.294289 0.019258 0.033800
1 0.762249 0.917249 0.007080 0.053613
1 0.882753 0.460373 0.009063 0.069930
1 0.913622 0.671911 0.006797 0.064103
1 0.124611 0.138112 0.006797 0.033800
1 0.113990 0.216200 0.009912 0.022145
1 0.168649 0.268065 0.012178 0.025641
1 0.124752 0.221445 0.008779 0.023310
10 0.087652 0.764569 0.011611 0.030303
10 0.086803 0.793706 0.011045 0.027972
10 0.120929 0.958625 0.014160 0.045455
10 0.349193 0.783800 0.006231 0.057110
1 0.352025 0.502914 0.006797 0.061772
10 0.587652 0.844988 0.005664 0.046620
10 0.648117 0.082751 0.004815 0.041958
10 0.800198 0.136946 0.006514 0.045455
10 0.838997 0.039044 0.013311 0.026807
10 0.903993 0.144522 0.005664 0.048951
10 0.911781 0.160256 0.007080 0.047786
10 0.972529 0.194056 0.005664 0.050117
1 0.976352 0.463869 0.013311 0.030303
1 0.850892 0.652681 0.010479 0.079254
1 0.317615 0.497086 0.008779 0.073427
1 0.831068 0.611888 0.015576 0.032634
1 0.334466 0.304779 0.016992 0.031469
1 0.369442 0.513986 0.007647 0.081585
1 0.405834 0.531469 0.007363 0.069930
1 0.392948 0.326340 0.022373 0.037296
1 0.394364 0.280303 0.018408 0.033800
1 0.455537 0.331585 0.007647 0.061772
1 0.508921 0.569347 0.010762 0.092075
1 0.533418 0.586247 0.007080 0.069930
1 0.570093 0.358392 0.007363 0.071096
1 0.591900 0.391608 0.015293 0.030303
1 0.664684 0.615967 0.007930 0.078089
1 0.666525 0.406177 0.014444 0.029138
1 0.694138 0.384033 0.007363 0.071096
1 0.734494 0.610723 0.025772 0.046620
1 0.784056 0.592657 0.027471 0.047786
1 0.772019 0.438228 0.019258 0.039627
1 0.817757 0.638112 0.007647 0.087413
7 0.051827 0.187063 0.044180 0.068765