1 0.943524 0.208309 0.005524 0.024235
1 0.370667 0.131275 0.005714 0.030583
1 0.112857 0.756780 0.006286 0.032891
1 0.048000 0.777265 0.007619 0.032314
1 0.306095 0.120889 0.006095 0.030583
1 0.289238 0.116561 0.005143 0.025389
1 0.188095 0.059723 0.005905 0.036353
7 0.953143 0.759377 0.013714 0.168494
7 0.926476 0.467975 0.035429 0.592037
7 0.876190 0.618580 0.011048 0.213503
7 0.843619 0.625216 0.010286 0.175995
7 0.824762 0.404501 0.033143 0.440854
7 0.779524 0.565782 0.023429 0.170225
7 0.685524 0.277553 0.036952 0.474322
7 0.610095 0.422966 0.016000 0.139642
7 0.552667 0.233122 0.034476 0.310444
7 0.470857 0.221870 0.014857 0.224466
7 0.442381 0.221581 0.016952 0.174264
7 0.414000 0.213791 0.009333 0.215234
7 0.373714 0.218696 0.019048 0.211194
7 0.342476 0.188690 0.019048 0.228505
7 0.297048 0.243220 0.016190 0.272937
7 0.224857 0.235430 0.030286 0.466244
7 0.185714 0.277553 0.028190 0.480092
7 0.116476 0.350837 0.020000 0.342758
10 0.203333 0.925851 0.007429 0.029429
10 0.206762 0.931333 0.007048 0.027698
1 0.217048 0.899019 0.010476 0.011541
10 0.535810 0.694460 0.009143 0.021350
1 0.479714 0.110214 0.004381 0.031160
1 0.932857 0.207155 0.007048 0.033468
1 0.880095 0.553376 0.005524 0.034622
10 0.733714 0.868725 0.003810 0.024812
9 0.724095 0.885170 0.010476 0.020773
1 0.797048 0.912002 0.005143 0.035199
1 0.590762 0.963935 0.008571 0.013272
1 0.593714 0.939123 0.004571 0.028275
10 0.593524 0.873341 0.003810 0.032891
1 0.550000 0.711771 0.010476 0.022504
10 0.440095 0.434218 0.008190 0.028275
10 0.218000 0.880554 0.009333 0.011541
1 0.491238 0.643393 0.011810 0.012695
10 0.479429 0.641373 0.007619 0.014426
10 0.453048 0.759665 0.008571 0.013272
10 0.415619 0.660127 0.003810 0.023081
10 0.426286 0.607040 0.007619 0.011541
9 0.380762 0.598673 0.004190 0.027121
10 0.376762 0.605020 0.003048 0.021350
10 0.376952 0.581939 0.002667 0.021350
10 0.273429 0.699365 0.003619 0.025389
1 0.299619 0.886613 0.009905 0.014426
7 0.066190 0.312752 0.028381 0.468552