10 0.842070 0.968750 0.007963 0.053241
7 0.468646 0.656829 0.014930 0.089120
7 0.804579 0.722222 0.021898 0.067130
7 0.763603 0.703704 0.014267 0.053241
7 0.715826 0.695602 0.020239 0.053241
7 0.661413 0.689815 0.029529 0.074074
7 0.614964 0.689815 0.014930 0.092593
7 0.570338 0.681713 0.015926 0.085648
7 0.517087 0.674190 0.019575 0.086806
7 0.420869 0.652778 0.014267 0.087963
7 0.915229 0.750579 0.022230 0.068287
7 0.376576 0.641782 0.014599 0.082176
7 0.318514 0.614005 0.021898 0.068287
7 0.274552 0.598958 0.021566 0.059028
7 0.229263 0.581019 0.021234 0.060185
7 0.175348 0.564815 0.045455 0.071759
7 0.132216 0.573495 0.016257 0.068287
7 0.032349 0.541088 0.012276 0.098380
7 0.866457 0.740741 0.022230 0.069444
7 0.964167 0.765625 0.026543 0.065972
1 0.859489 0.506366 0.008958 0.061343
7 0.492535 0.402199 0.019575 0.075231
7 0.145322 0.318287 0.011944 0.087963
7 0.183311 0.335648 0.018912 0.053241
7 0.233908 0.347222 0.025879 0.046296
7 0.282515 0.362269 0.018248 0.043981
7 0.309887 0.370949 0.004645 0.040509
7 0.354015 0.394676 0.040478 0.083333
7 0.426676 0.416088 0.027206 0.070602
7 0.540810 0.420139 0.037823 0.032407
7 0.979429 0.521991 0.017916 0.057870
7 0.626576 0.432870 0.019575 0.076389
7 0.670869 0.447338 0.019244 0.070602
7 0.729098 0.468750 0.020902 0.071759
7 0.774386 0.489583 0.019244 0.083333
7 0.821334 0.494792 0.018248 0.065972
7 0.872595 0.501157 0.019907 0.074074
7 0.919708 0.516204 0.025879 0.074074
1 0.099038 0.318287 0.009622 0.067130
1 0.042468 0.524884 0.010617 0.065972
1 0.120936 0.527778 0.021566 0.030093
10 0.815693 0.135995 0.008958 0.052083
1 0.915727 0.520833 0.007299 0.055556
1 0.945587 0.748843 0.010617 0.071759
1 0.966987 0.532407 0.010285 0.071759
1 0.136530 0.320602 0.009622 0.067130
10 0.672362 0.178241 0.006967 0.048611
10 0.726277 0.127894 0.007299 0.042824
10 0.795620 0.147569 0.007299 0.056713
1 0.813371 0.201389 0.009622 0.067130
1 0.143663 0.559028 0.009290 0.067130
14 0.745023 0.811343 0.008958 0.053241
10 0.341407 0.910301 0.005972 0.049769
10 0.342734 0.852431 0.005972 0.052083
10 0.181652 0.903356 0.006304 0.056713
10 0.141672 0.864583 0.006636 0.055556
10 0.281022 0.072338 0.007299 0.047454
1 0.367120 0.619792 0.007631 0.054398
1 0.809721 0.495370 0.010949 0.076389
1 0.714997 0.483218 0.010617 0.068287
1 0.742203 0.486111 0.011281 0.083333
1 0.788653 0.498843 0.009290 0.071759
1 0.156271 0.321181 0.009954 0.086806
1 0.197910 0.356481 0.011612 0.078704
1 0.244526 0.587963 0.011281 0.087963
1 0.262110 0.576389 0.007963 0.062500
1 0.250332 0.373264 0.010949 0.068287
1 0.291141 0.595486 0.010285 0.070602
1 0.311546 0.565972 0.018580 0.025463
1 0.388686 0.631944 0.009622 0.064815
1 0.640345 0.453704 0.009954 0.074074
1 0.657598 0.462963 0.007299 0.057870
1 0.679993 0.686921 0.009622 0.068287
1 0.731088 0.696181 0.008958 0.063657
1 0.752157 0.703125 0.008626 0.068287
1 0.819509 0.720486 0.009290 0.072917
1 0.847379 0.799769 0.007299 0.053241
7 0.089914 0.298611 0.009954 0.111111