1 0.572205 0.280623 0.008835 0.017301
1 0.418111 0.608651 0.012572 0.035294
7 0.187564 0.254671 0.076792 0.300346
7 0.230887 0.298270 0.073055 0.280969
7 0.288991 0.369550 0.081210 0.236678
7 0.349473 0.444983 0.071696 0.228374
7 0.423378 0.538062 0.061842 0.187543
7 0.552837 0.475433 0.129120 0.427682
7 0.760449 0.584429 0.081549 0.439446
7 0.858818 0.808304 0.073734 0.282353
1 0.108563 0.342907 0.014611 0.040830
1 0.147638 0.375433 0.016650 0.049135
1 0.215257 0.432526 0.019368 0.051211
1 0.341318 0.540138 0.015970 0.044983
1 0.430853 0.613841 0.018349 0.048443
1 0.491165 0.624567 0.016650 0.047751
10 0.892457 0.575087 0.011893 0.017993
1 0.491165 0.178893 0.007136 0.024221
10 0.687734 0.129412 0.012232 0.033218
10 0.674142 0.121799 0.008835 0.029066
10 0.622494 0.055709 0.008835 0.025606
10 0.671254 0.019723 0.009854 0.029758
10 0.795957 0.028720 0.011213 0.029758
10 0.776419 0.032180 0.009514 0.026990
10 0.786952 0.026298 0.009514 0.029066
10 0.880224 0.194118 0.005776 0.022837
1 0.787122 0.189273 0.009174 0.035294
1 0.883962 0.226298 0.007136 0.038754
10 0.894495 0.561938 0.015970 0.020761
10 0.909956 0.612111 0.013592 0.018685
7 0.115019 0.226990 0.077132 0.274048