1 0.164198 0.315074 0.002504 0.016652
1 0.091383 0.373795 0.002504 0.018405
7 0.545274 0.352761 0.014396 0.312883
7 0.522741 0.361087 0.017317 0.301490
7 0.514500 0.245399 0.007928 0.108677
7 0.497809 0.198510 0.003755 0.028922
7 0.464114 0.185802 0.003547 0.050833
7 0.433758 0.299299 0.017108 0.288344
7 0.340184 0.296231 0.018569 0.338300
7 0.323388 0.298422 0.012936 0.304119
7 0.311913 0.297108 0.013770 0.324277
7 0.279470 0.184049 0.006468 0.108677
7 0.241394 0.218668 0.005842 0.083260
7 0.216462 0.264680 0.004799 0.050833
7 0.188400 0.259422 0.005425 0.066608
7 0.165450 0.277826 0.007928 0.091148
7 0.141665 0.343120 0.010432 0.151621
7 0.090966 0.380368 0.013353 0.163015
7 0.061131 0.454864 0.012518 0.226117
7 0.601815 0.351008 0.014813 0.191937
7 0.658878 0.414987 0.010849 0.244522
7 0.706656 0.454426 0.010015 0.214724
1 0.726267 0.337423 0.002086 0.015776
1 0.094409 0.425504 0.004381 0.027169
1 0.340601 0.450920 0.002712 0.021911
1 0.435740 0.377739 0.003130 0.024540
1 0.600772 0.441718 0.003547 0.024540
1 0.659608 0.526731 0.002295 0.017528
1 0.861569 0.926380 0.003130 0.026293
1 0.706343 0.550394 0.003547 0.022787
10 0.784164 0.069238 0.005633 0.014023
7 0.732422 0.508326 0.014813 0.266433
10 0.777488 0.067485 0.005633 0.012270
1 0.695285 0.071429 0.003964 0.027169
14 0.607031 0.169588 0.004799 0.039439
10 0.081160 0.072305 0.005007 0.013146
7 0.944502 0.687555 0.005007 0.409290
7 0.891821 0.722612 0.011892 0.416301
7 0.863968 0.732252 0.010015 0.411043
7 0.031087 0.348379 0.005425 0.042945