14 0.251322 0.918114 0.005441 0.049628
14 0.362551 0.721464 0.008463 0.038462
7 0.740215 0.461538 0.003929 0.163772
7 0.722306 0.485732 0.004987 0.120347
7 0.697673 0.465261 0.009521 0.119107
7 0.686640 0.471464 0.005289 0.116625
7 0.655509 0.430521 0.004987 0.032258
7 0.606544 0.452233 0.010125 0.105459
7 0.582515 0.408809 0.004685 0.070720
7 0.569669 0.380893 0.006801 0.096774
7 0.548738 0.367866 0.008463 0.120347
7 0.531963 0.370968 0.006347 0.094293
7 0.512695 0.354218 0.008614 0.117866
7 0.490328 0.354839 0.003476 0.114144
7 0.477860 0.367866 0.003023 0.130273
7 0.460707 0.364144 0.007405 0.135236
7 0.431464 0.412531 0.008765 0.264268
7 0.416352 0.385856 0.005138 0.178660
7 0.401995 0.421216 0.005138 0.160050
7 0.383331 0.442928 0.005894 0.176179
7 0.340411 0.495658 0.003476 0.120347
7 0.321823 0.508065 0.004685 0.122829
7 0.278903 0.586228 0.004987 0.157568
7 0.263866 0.603598 0.005138 0.137717
7 0.250340 0.609181 0.005592 0.138958
7 0.235756 0.587469 0.003325 0.264268
7 0.217470 0.547146 0.005743 0.374690
7 0.188832 0.458437 0.007103 0.447891
7 0.148859 0.575682 0.006045 0.312655
7 0.098534 0.537841 0.005441 0.383375
7 0.064984 0.528536 0.006045 0.399504
7 0.757443 0.411290 0.002418 0.122829
7 0.773765 0.455335 0.008463 0.250620
7 0.793864 0.434864 0.007556 0.227047
1 0.535515 0.329404 0.002267 0.031017
14 0.528034 0.623449 0.005743 0.078164
1 0.911818 0.555831 0.001965 0.029777
1 0.907889 0.533499 0.002267 0.034739
1 0.744371 0.567618 0.001965 0.028536
1 0.790162 0.364144 0.001965 0.031017
1 0.694801 0.425558 0.002267 0.029777
1 0.696766 0.424938 0.001965 0.031017
1 0.634351 0.360422 0.004685 0.023573
1 0.610473 0.433002 0.002569 0.042184
1 0.605561 0.415633 0.003929 0.019851
1 0.585991 0.388958 0.002569 0.035980
1 0.579266 0.447270 0.002116 0.040943
1 0.550476 0.331266 0.002569 0.037221
1 0.527656 0.333127 0.002267 0.035980
7 0.829454 0.503102 0.004987 0.236973
1 0.513979 0.314516 0.002418 0.038462
1 0.383255 0.374069 0.002418 0.033499
1 0.146517 0.434243 0.002267 0.037221
1 0.280112 0.522953 0.002267 0.045906
1 0.187094 0.240695 0.002116 0.032258
1 0.029923 0.541563 0.002116 0.013648
1 0.037177 0.502481 0.002116 0.034739
1 0.096192 0.360422 0.001662 0.028536
7 0.979371 0.446030 0.006801 0.112903
7 0.962445 0.503722 0.004685 0.176179
7 0.937661 0.516129 0.005894 0.285360
7 0.910760 0.579404 0.004987 0.121588
7 0.891416 0.673697 0.005894 0.121588
7 0.032265 0.565757 0.008916 0.176179