14 0.755842 0.468772 0.022025 0.038168
7 0.482407 0.441013 0.030620 0.207495
10 0.598576 0.862595 0.012624 0.020819
7 0.937953 0.217904 0.022025 0.104094
7 0.885576 0.222415 0.022562 0.165857
7 0.843943 0.283137 0.025786 0.170715
14 0.808488 0.436849 0.018802 0.034004
7 0.752887 0.234906 0.023100 0.233865
7 0.701585 0.274809 0.025248 0.174879
7 0.622750 0.269604 0.025517 0.165857
7 0.581520 0.334490 0.031158 0.201249
7 0.523100 0.387231 0.022294 0.099931
7 0.442519 0.490632 0.031963 0.248439
10 0.861536 0.588133 0.006178 0.029840
7 0.402229 0.507981 0.027666 0.233171
7 0.346495 0.504858 0.032232 0.281055
7 0.293446 0.486468 0.017459 0.229008
7 0.258797 0.673144 0.009401 0.144344
7 0.236637 0.561416 0.043513 0.099931
7 0.199436 0.674879 0.033575 0.204719
7 0.162503 0.770645 0.008595 0.081194
7 0.156460 0.703331 0.014236 0.054823
7 0.161160 0.639139 0.030620 0.097155
7 0.116707 0.739070 0.034112 0.188758
10 0.902095 0.845593 0.012624 0.020125
10 0.869729 0.587786 0.006446 0.029146
14 0.725893 0.575642 0.022294 0.032616
10 0.258528 0.866065 0.008327 0.034698
1 0.219715 0.806731 0.010207 0.039556
14 0.882622 0.948994 0.020414 0.032616
1 0.699033 0.595420 0.013699 0.016655
1 0.169756 0.617627 0.012356 0.037474
1 0.164652 0.562110 0.013967 0.036086
10 0.670427 0.405621 0.006446 0.028452
10 0.758662 0.635323 0.006178 0.027065
10 0.761080 0.594379 0.013161 0.031228
10 0.751947 0.554823 0.007252 0.028452
10 0.114155 0.889313 0.005909 0.028452
10 0.266183 0.867453 0.006984 0.030534
10 0.931373 0.691881 0.011013 0.018043
10 0.274107 0.864677 0.006178 0.031922
1 0.350524 0.382026 0.010744 0.049271
1 0.409213 0.411173 0.009938 0.043720
1 0.451786 0.385843 0.008058 0.041638
1 0.686140 0.208189 0.008864 0.036086
10 0.559226 0.621790 0.010744 0.019431
10 0.575074 0.593338 0.009132 0.036086
10 0.698899 0.575642 0.012893 0.020125
10 0.695138 0.524289 0.011281 0.015961
10 0.985361 0.669327 0.010475 0.017349
7 0.148939 0.596808 0.046468 0.117974