1 0.556269 0.726126 0.004278 0.043243
1 0.876440 0.825225 0.005594 0.054054
7 0.242679 0.673874 0.012833 0.616216
14 0.276078 0.162162 0.007239 0.064865
7 0.278052 0.569369 0.010530 0.428829
7 0.321487 0.664865 0.011846 0.663063
7 0.386147 0.554955 0.008226 0.472072
7 0.560711 0.558559 0.015137 0.450450
7 0.686081 0.488288 0.009214 0.389189
7 0.717999 0.509910 0.008555 0.281081
7 0.748108 0.505405 0.010201 0.290090
7 0.793847 0.477477 0.012175 0.295495
7 0.853241 0.404505 0.011188 0.272072
7 0.875946 0.548649 0.015137 0.571171
7 0.905232 0.530631 0.017769 0.578378
7 0.978282 0.109910 0.017111 0.209009
14 0.242185 0.145045 0.015795 0.052252
1 0.720467 0.090991 0.004936 0.059459
1 0.742514 0.625225 0.004278 0.046847
7 0.075025 0.690090 0.015795 0.461261