1 0.230806 0.986409 0.003328 0.006645
7 0.488472 0.252039 0.008557 0.008759
7 0.559068 0.237542 0.005705 0.008759
7 0.544093 0.240562 0.005705 0.009363
7 0.532327 0.242072 0.007844 0.009967
7 0.519729 0.243884 0.006418 0.009967
7 0.502258 0.247357 0.004754 0.010269
7 0.495484 0.247961 0.004516 0.010269
7 0.492275 0.272425 0.008082 0.008457
7 0.586285 0.231803 0.006418 0.010571
7 0.537556 0.269254 0.006893 0.009363
7 0.496316 0.290396 0.007606 0.009363
7 0.516401 0.298399 0.008319 0.009665
7 0.500000 0.307158 0.007369 0.008457
7 0.520680 0.317578 0.007369 0.009967
7 0.503209 0.325279 0.007131 0.009061
7 0.572379 0.234068 0.005705 0.012081
7 0.599358 0.229991 0.006893 0.010571
7 0.593416 0.655693 0.007369 0.006645
7 0.735084 0.203715 0.004992 0.008155
7 0.843356 0.181667 0.005705 0.008155
7 0.814000 0.187557 0.008319 0.010269
7 0.786546 0.193295 0.009983 0.010269
7 0.775612 0.195560 0.006180 0.009967
7 0.761944 0.197221 0.006418 0.010873
7 0.747445 0.200393 0.005467 0.010571
7 0.720466 0.205980 0.005705 0.009665
7 0.626099 0.223497 0.005705 0.010873
7 0.704540 0.209000 0.007606 0.010873
7 0.694794 0.211416 0.007131 0.012081
7 0.680532 0.213380 0.005229 0.009363
7 0.667459 0.217004 0.006656 0.009967
7 0.651533 0.218967 0.006180 0.010873
7 0.639886 0.221081 0.005705 0.010269
7 0.524364 0.334189 0.007606 0.009363
7 0.506418 0.340985 0.007844 0.010269
7 0.509983 0.357596 0.007369 0.009061
7 0.574281 0.569767 0.007131 0.009363
7 0.563109 0.519481 0.008082 0.009665
7 0.545995 0.526125 0.007131 0.008457
7 0.567863 0.537149 0.009033 0.007551
7 0.549917 0.542736 0.007844 0.008457
7 0.553363 0.559499 0.007606 0.010571
7 0.570359 0.553005 0.006893 0.007853
7 0.556454 0.575506 0.007131 0.008155
7 0.532208 0.368469 0.008082 0.008457
7 0.578203 0.587134 0.008319 0.008457
7 0.560494 0.593627 0.007131 0.010571
7 0.580937 0.603594 0.007606 0.008759
7 0.563703 0.609333 0.007369 0.007551
7 0.584977 0.620658 0.007131 0.007853
7 0.588899 0.635609 0.009270 0.008155
7 0.542192 0.508910 0.007606 0.008457
7 0.559662 0.502567 0.007369 0.009061
7 0.538745 0.491694 0.007369 0.007853
7 0.556572 0.485956 0.007844 0.008457
7 0.534823 0.475838 0.006656 0.008155
7 0.553126 0.467381 0.007606 0.008155
7 0.530544 0.459680 0.008082 0.008457
7 0.549204 0.452129 0.007369 0.007249
7 0.527454 0.441407 0.006656 0.009363
7 0.546232 0.435367 0.008082 0.008155
7 0.523889 0.424343 0.007606 0.007853
7 0.542192 0.418303 0.008082 0.009665
7 0.539696 0.401087 0.007844 0.008457
7 0.520442 0.408034 0.007369 0.009665
7 0.516995 0.390818 0.008557 0.010269
7 0.536249 0.383570 0.009508 0.008457
7 0.513430 0.374056 0.007131 0.009363
7 0.856905 0.179100 0.006656 0.012081
7 0.870335 0.175778 0.006418 0.011477
7 0.883765 0.173362 0.006656 0.010873
7 0.463870 0.637119 0.011172 0.013591
7 0.471357 0.559197 0.014737 0.009967
7 0.452341 0.587587 0.013787 0.011175
7 0.480390 0.596497 0.014737 0.013289
7 0.455075 0.602688 0.013073 0.010571
7 0.459829 0.619752 0.010696 0.010269
7 0.484906 0.625642 0.012360 0.010571
7 0.491681 0.646028 0.016877 0.011477
7 0.504397 0.712776 0.013311 0.009665
7 0.467316 0.653730 0.010934 0.008759
7 0.492988 0.663848 0.014262 0.010269
7 0.471001 0.670492 0.011647 0.010873
7 0.495365 0.680157 0.010459 0.009061
7 0.472665 0.687104 0.010696 0.009061
7 0.498574 0.693295 0.013073 0.009363
7 0.446399 0.552552 0.012360 0.010571
7 0.464583 0.546210 0.007844 0.008155
7 0.445567 0.534431 0.006893 0.007551
7 0.464226 0.526427 0.013311 0.009665
7 0.439387 0.521444 0.011172 0.009967
7 0.435108 0.500906 0.011172 0.007551
7 0.456501 0.492298 0.014500 0.013289
7 0.432018 0.488070 0.011172 0.009061
7 0.450796 0.462549 0.014024 0.012383
7 0.427621 0.468439 0.010934 0.010873
7 0.422510 0.453337 0.014500 0.010269
7 0.445923 0.442314 0.013787 0.009967
7 0.419539 0.437330 0.015213 0.013893
7 0.443546 0.426608 0.012360 0.009967
7 0.416330 0.418001 0.014024 0.010269
7 0.438079 0.406222 0.013787 0.011477
7 0.413002 0.401238 0.012123 0.009967
7 0.476943 0.704168 0.008319 0.008759
7 0.507369 0.729840 0.012123 0.010571
7 0.896007 0.170341 0.009270 0.012685
7 0.643333 0.024917 0.008795 0.049230
7 0.513430 0.027031 0.011885 0.048022
7 0.543024 0.022803 0.014024 0.045606
7 0.564535 0.026427 0.011410 0.052250
7 0.589969 0.025068 0.010934 0.049532
7 0.607797 0.026578 0.009033 0.052552
7 0.626337 0.025823 0.009508 0.051042
7 0.676135 0.022501 0.007369 0.044397
7 0.483242 0.729085 0.009508 0.009061
7 0.709056 0.020840 0.008082 0.041075
7 0.724863 0.017517 0.007369 0.034431
7 0.954599 0.150106 0.006180 0.012685
7 0.937010 0.159166 0.006656 0.010873
7 0.924174 0.163546 0.007606 0.015403
7 0.911814 0.167774 0.006180 0.009363
7 0.494652 0.033827 0.014262 0.051948
7 0.480271 0.039112 0.012598 0.055270
7 0.443784 0.046361 0.016639 0.055874
7 0.424649 0.052552 0.015450 0.059801
7 0.528048 0.841589 0.014500 0.008155
7 0.511647 0.845213 0.007369 0.011175
7 0.529356 0.830263 0.014737 0.012081
7 0.522344 0.815162 0.009746 0.007853
7 0.501070 0.821353 0.010934 0.009363
7 0.497029 0.804893 0.010459 0.009061
7 0.519729 0.796738 0.013549 0.010873
7 0.517352 0.784959 0.013549 0.009665
7 0.495365 0.787526 0.010934 0.009363
7 0.514381 0.768348 0.013311 0.011477
7 0.491324 0.773331 0.011410 0.008155
7 0.487758 0.753851 0.011885 0.009665
7 0.509746 0.742374 0.012123 0.009061
7 0.570834 0.643461 0.008795 0.008759
7 0.575351 0.661432 0.007844 0.007853
7 0.433920 0.380701 0.011647 0.009363
7 0.724269 0.392933 0.007131 0.009061
7 0.712978 0.343099 0.008795 0.009061
7 0.733539 0.335850 0.008082 0.009665
7 0.717138 0.359710 0.007606 0.009061
7 0.737224 0.351253 0.008319 0.009665
7 0.721417 0.375717 0.007131 0.009061
7 0.741027 0.369073 0.008319 0.008457
7 0.744711 0.385382 0.008082 0.007853
7 0.729974 0.318937 0.007131 0.009061
7 0.748039 0.402748 0.007131 0.008155
7 0.728072 0.409846 0.007131 0.009061
7 0.751723 0.419813 0.007844 0.009665
7 0.731043 0.426608 0.007844 0.008155
7 0.735084 0.443220 0.008795 0.009363
7 0.755289 0.436424 0.007369 0.009061
7 0.710364 0.325581 0.007844 0.009665
7 0.706798 0.308668 0.007369 0.008457
7 0.596268 0.670341 0.008795 0.008155
7 0.833373 0.318937 0.007606 0.009665
7 0.823033 0.268801 0.007844 0.009061
7 0.808058 0.292359 0.007369 0.009061
7 0.826599 0.285714 0.006893 0.007853
7 0.811267 0.308517 0.007131 0.008155
7 0.830402 0.303685 0.007844 0.008759
7 0.814832 0.325581 0.008557 0.009665
7 0.730093 0.233162 0.007369 0.011477
7 0.726527 0.301571 0.008319 0.009363
7 0.677918 0.246451 0.006180 0.013289
7 0.694676 0.257475 0.009270 0.009967
7 0.719159 0.268499 0.008319 0.009665
7 0.700024 0.275143 0.007131 0.010269
7 0.722130 0.286469 0.008082 0.009363
7 0.702876 0.291906 0.006180 0.007551
7 0.738769 0.459076 0.008557 0.009665
7 0.759330 0.453790 0.008795 0.008759
7 0.741740 0.476442 0.009746 0.009967
7 0.808533 0.688312 0.009270 0.010269
7 0.798312 0.638780 0.009270 0.009665
7 0.777633 0.644367 0.009270 0.010571
7 0.801759 0.654787 0.009033 0.009665
7 0.782030 0.663697 0.008557 0.009967
7 0.804730 0.672455 0.006893 0.007551
7 0.785120 0.678345 0.008082 0.009061
7 0.789517 0.696919 0.006893 0.008155
7 0.762420 0.470100 0.008795 0.008759
7 0.774542 0.731350 0.005942 0.009363
7 0.782624 0.727575 0.006418 0.009061
7 0.799382 0.721383 0.006180 0.008759
7 0.809484 0.719269 0.006418 0.011779
7 0.822439 0.715041 0.007131 0.012383
7 0.834324 0.709302 0.008082 0.012987
7 0.773948 0.627756 0.008082 0.008155
7 0.794034 0.619752 0.008795 0.010269
7 0.770145 0.611749 0.008082 0.007551
7 0.790231 0.604651 0.006893 0.009061
7 0.766936 0.594835 0.007844 0.008155
7 0.787497 0.586983 0.008082 0.009363
7 0.763489 0.579583 0.008082 0.008457
7 0.760162 0.562368 0.008557 0.010269
7 0.779178 0.551495 0.007606 0.009061
7 0.777038 0.536998 0.009033 0.009665
7 0.757547 0.543944 0.007606 0.016309
7 0.772522 0.520538 0.007131 0.008155
7 0.752555 0.527484 0.008082 0.008155
7 0.767768 0.498641 0.006656 0.004832
7 0.749346 0.510269 0.006893 0.007551
7 0.765985 0.485352 0.008319 0.009665
7 0.745781 0.493809 0.008319 0.007249
7 0.800452 0.258532 0.007369 0.009061
7 0.798312 0.241317 0.005467 0.009061
7 0.775374 0.224857 0.009033 0.010571
7 0.937485 0.317729 0.006656 0.007853
7 0.964583 0.184687 0.005705 0.010571
7 0.921084 0.235427 0.009033 0.009363
7 0.924768 0.252341 0.008795 0.009967
7 0.927977 0.268952 0.009033 0.009967
7 0.931780 0.285261 0.009033 0.008759
7 0.934039 0.302930 0.008795 0.009665
7 0.943309 0.335397 0.010696 0.008759
7 0.976943 0.504681 0.007606 0.011477
7 0.946042 0.352915 0.008557 0.008155
7 0.949132 0.369677 0.008082 0.009061
7 0.956739 0.403352 0.009033 0.009967
7 0.962562 0.437481 0.007369 0.007551
7 0.966841 0.453941 0.007369 0.007853
7 0.970406 0.471308 0.006893 0.007551
7 0.577252 0.797493 0.006418 0.009967
7 0.589256 0.793869 0.006180 0.009363
7 0.602567 0.789339 0.007131 0.009967
7 0.614690 0.785412 0.006180 0.009967
7 0.627882 0.780882 0.005942 0.009967
7 0.640124 0.775445 0.006180 0.010571
7 0.626812 0.762912 0.007606 0.009061
7 0.595912 0.759891 0.006656 0.007853
7 0.614571 0.755059 0.008795 0.009665
7 0.610530 0.738599 0.008319 0.008155
7 0.588899 0.727575 0.008319 0.009665
7 0.607083 0.719571 0.009033 0.008155
7 0.584621 0.708849 0.006418 0.007853
7 0.603874 0.704621 0.009270 0.008457
7 0.581412 0.692842 0.007131 0.009665
7 0.600547 0.687708 0.009270 0.008457
7 0.578441 0.676986 0.007369 0.009363
7 0.973615 0.487466 0.007606 0.007853
7 0.981578 0.520991 0.008319 0.009665
7 0.831353 0.214135 0.009746 0.009665
7 0.914666 0.310178 0.007131 0.009665
7 0.939387 0.424796 0.007606 0.008759
7 0.931899 0.393235 0.007369 0.008457
7 0.928571 0.376321 0.006418 0.009665
7 0.925006 0.359710 0.006893 0.009061
7 0.921916 0.343099 0.006418 0.007853
7 0.918232 0.326185 0.008082 0.012081
7 0.911101 0.292661 0.007131 0.009061
7 0.983955 0.538055 0.007369 0.008759
7 0.907297 0.276050 0.006180 0.008457
7 0.903019 0.258985 0.007131 0.008155
7 0.899810 0.242827 0.006893 0.007853
7 0.895056 0.217608 0.005942 0.008155
7 0.916805 0.218061 0.008082 0.008457
7 0.873663 0.207188 0.006418 0.008457
7 0.942239 0.444277 0.007131 0.008457
7 0.945805 0.458774 0.007606 0.008457
7 0.949964 0.477348 0.007369 0.008155
7 0.953411 0.494715 0.006656 0.007249
7 0.957095 0.511326 0.007369 0.008457
7 0.960423 0.527937 0.007369 0.008457
7 0.964345 0.544699 0.006180 0.006947
7 0.967673 0.561311 0.006656 0.006947
7 0.971476 0.578677 0.007131 0.007853
7 0.976230 0.599215 0.006656 0.007249
7 0.981341 0.624434 0.006418 0.007551
7 0.989660 0.656146 0.006893 0.009967
7 0.976587 0.660223 0.006418 0.010269
7 0.968386 0.646330 0.007131 0.009061
7 0.966960 0.664603 0.006180 0.009363
7 0.995959 0.592721 0.007606 0.008155
7 0.988590 0.554666 0.008082 0.007551
7 0.409912 0.384174 0.011647 0.009061
7 0.405990 0.367412 0.012360 0.010571
7 0.596981 0.273784 0.008319 0.008759
7 0.161041 0.199185 0.012598 0.010571
7 0.178274 0.157354 0.012360 0.009665
7 0.152127 0.150257 0.009508 0.008759
7 0.155455 0.165358 0.009983 0.008155
7 0.182672 0.173059 0.016877 0.010873
7 0.161279 0.186953 0.006893 0.006040
7 0.183860 0.191483 0.011172 0.009665
7 0.186950 0.206282 0.012123 0.009665
7 0.149632 0.138629 0.008795 0.009665
7 0.163180 0.216098 0.012598 0.009967
7 0.189446 0.225914 0.008557 0.009061
7 0.169955 0.228783 0.008082 0.011175
7 0.195151 0.242827 0.011410 0.010873
7 0.171856 0.248867 0.010934 0.012081
7 0.198716 0.258381 0.011885 0.010571
7 0.170074 0.127454 0.007369 0.007853
7 0.108510 0.091362 0.007844 0.018423
7 0.251961 0.617034 0.014262 0.011477
7 0.201688 0.870281 0.011172 0.008759
7 0.211314 0.815011 0.010934 0.009967
7 0.191942 0.820447 0.012598 0.009967
7 0.214761 0.829206 0.012123 0.009363
7 0.195507 0.835850 0.013073 0.009967
7 0.218327 0.846270 0.011172 0.009061
7 0.222962 0.867110 0.011410 0.013289
7 0.226290 0.880852 0.011410 0.008759
7 0.224507 0.950619 0.005942 0.008759
7 0.204897 0.884476 0.011885 0.011175
7 0.228310 0.895802 0.010696 0.009061
7 0.208462 0.904712 0.011410 0.009363
7 0.231757 0.914074 0.009983 0.008759
7 0.211433 0.920568 0.013073 0.010269
7 0.215831 0.935971 0.010459 0.007853
7 0.175541 0.265177 0.010696 0.009665
7 0.201331 0.274690 0.011885 0.010571
7 0.177799 0.283298 0.012836 0.009665
7 0.233064 0.535035 0.013073 0.011175
7 0.218683 0.467986 0.011410 0.009363
7 0.245900 0.475687 0.013073 0.012081
7 0.224863 0.501812 0.011885 0.009967
7 0.250059 0.495017 0.012360 0.009665
7 0.253031 0.508004 0.013073 0.010873
7 0.256715 0.527031 0.012836 0.010873
7 0.259567 0.543642 0.016164 0.012081
7 0.181127 0.300211 0.013311 0.009665
7 0.236748 0.553156 0.013311 0.011779
7 0.262182 0.560556 0.012360 0.010873
7 0.240551 0.568559 0.014262 0.011779
7 0.266580 0.577771 0.010696 0.009665
7 0.270502 0.595439 0.010459 0.009363
7 0.248396 0.602084 0.015213 0.012383
7 0.242691 0.461341 0.012836 0.012383
7 0.214642 0.449260 0.010934 0.009967
7 0.237461 0.439444 0.013787 0.010873
7 0.210364 0.434008 0.011885 0.009061
7 0.235203 0.425853 0.012598 0.010873
7 0.207036 0.417548 0.011885 0.009363
7 0.231519 0.408940 0.012836 0.010873
7 0.227953 0.392329 0.012836 0.012685
7 0.203708 0.401540 0.012836 0.011175
7 0.225339 0.377680 0.011885 0.008759
7 0.199548 0.374962 0.014024 0.022652
7 0.218208 0.360314 0.008082 0.008457
7 0.215950 0.343099 0.009270 0.009665
7 0.194438 0.340683 0.007606 0.017517
7 0.211077 0.327092 0.008082 0.007853
7 0.185049 0.315162 0.012123 0.010571
7 0.207987 0.307158 0.012360 0.013893
7 0.189446 0.808215 0.013311 0.009665
7 0.207511 0.795983 0.010934 0.009363
7 0.204659 0.781939 0.010934 0.010269
7 0.121227 0.375566 0.010459 0.009967
7 0.111837 0.325430 0.012123 0.009967
7 0.085928 0.333736 0.010696 0.009061
7 0.114809 0.341438 0.010934 0.009967
7 0.089494 0.348384 0.009746 0.008759
7 0.118493 0.358955 0.010696 0.009967
7 0.090444 0.363183 0.013549 0.009967
7 0.096506 0.383570 0.009508 0.009665
7 0.112432 0.450166 0.010934 0.010571
7 0.124198 0.392480 0.010221 0.008759
7 0.098407 0.400936 0.010934 0.010571
7 0.128952 0.409091 0.011647 0.009363
7 0.103756 0.425400 0.019254 0.029296
7 0.130616 0.425853 0.011647 0.010269
7 0.133111 0.442465 0.011885 0.010269
7 0.083551 0.318182 0.009270 0.009363
7 0.108747 0.307007 0.011647 0.008759
7 0.103637 0.288432 0.013311 0.012081
7 0.080818 0.298097 0.009033 0.009061
7 0.075707 0.282392 0.013073 0.009665
7 0.100666 0.271670 0.012598 0.009363
7 0.072023 0.264724 0.012836 0.009363
7 0.097338 0.256116 0.012598 0.010873
7 0.068338 0.248414 0.012123 0.009363
7 0.093297 0.240562 0.012598 0.009967
7 0.064179 0.231652 0.012836 0.009061
7 0.090088 0.223799 0.012836 0.010269
7 0.060613 0.215192 0.014262 0.010571
7 0.056691 0.196315 0.014975 0.010269
7 0.083195 0.189067 0.012836 0.009665
7 0.052769 0.179402 0.013311 0.008457
7 0.074994 0.159015 0.011647 0.014195
7 0.140005 0.459831 0.013311 0.009363
7 0.113977 0.465267 0.012598 0.009967
7 0.185286 0.791000 0.013549 0.011477
7 0.166865 0.702960 0.012836 0.009967
7 0.154861 0.648294 0.011647 0.011175
7 0.181246 0.660979 0.014024 0.010571
7 0.158426 0.666868 0.013549 0.010269
7 0.184336 0.681516 0.011172 0.009363
7 0.162230 0.684687 0.013549 0.010269
7 0.185524 0.696164 0.007369 0.007853
7 0.190040 0.712172 0.012123 0.010269
7 0.144640 0.475838 0.013073 0.009967
7 0.169717 0.718212 0.012836 0.010873
7 0.194913 0.730142 0.012836 0.012383
7 0.173877 0.737542 0.014500 0.013893
7 0.198003 0.745092 0.011885 0.010873
7 0.178750 0.756569 0.013311 0.010269
7 0.200737 0.762912 0.011172 0.009665
7 0.177086 0.647539 0.012836 0.010873
7 0.173639 0.627756 0.012598 0.009363
7 0.149632 0.625491 0.012598 0.010269
7 0.170311 0.607973 0.013549 0.009665
7 0.144402 0.604047 0.012123 0.010269
7 0.167221 0.593476 0.014975 0.013893
7 0.139529 0.583963 0.013787 0.012383
7 0.163656 0.577469 0.012598 0.009665
7 0.136202 0.568257 0.011410 0.009363
7 0.159971 0.561009 0.010934 0.009363
7 0.155455 0.543944 0.011410 0.009061
7 0.151652 0.526880 0.010934 0.008759
7 0.127763 0.534884 0.011647 0.010269
7 0.150107 0.509967 0.014500 0.009967
7 0.122653 0.499849 0.009508 0.009061
7 0.146898 0.492902 0.015213 0.010873
7 0.118850 0.482483 0.010934 0.010571
7 0.273592 0.610088 0.011410 0.009061
7 0.276563 0.631984 0.010696 0.009967
7 0.429998 0.358049 0.012360 0.011175
7 0.391966 0.795530 0.012836 0.011477
7 0.402543 0.735125 0.011647 0.008457
7 0.381388 0.737391 0.011647 0.010571
7 0.404207 0.746602 0.010696 0.010269
7 0.384716 0.753549 0.011647 0.009061
7 0.387449 0.772274 0.011885 0.009665
7 0.410982 0.781184 0.011410 0.010571
7 0.414666 0.797493 0.012598 0.011779
7 0.374138 0.703262 0.012360 0.007551
7 0.420252 0.815011 0.011885 0.011175
7 0.396601 0.819239 0.010221 0.009967
7 0.424887 0.831622 0.014500 0.009967
7 0.429166 0.848384 0.014975 0.010269
7 0.432731 0.863938 0.014024 0.011779
7 0.404088 0.856388 0.013787 0.009967
7 0.398740 0.712927 0.013549 0.012383
7 0.394699 0.696617 0.011647 0.008759
7 0.258735 0.653881 0.014024 0.008457
7 0.369979 0.600876 0.005467 0.016611
7 0.361897 0.545002 0.011172 0.010571
7 0.344188 0.553760 0.010934 0.009967
7 0.367245 0.562670 0.011885 0.008457
7 0.346446 0.568257 0.009270 0.009363
7 0.370692 0.578224 0.012598 0.009363
7 0.349536 0.583056 0.009746 0.009363
7 0.357737 0.618695 0.009508 0.008759
7 0.369979 0.686198 0.012123 0.011477
7 0.379249 0.624736 0.012598 0.016007
7 0.362966 0.654787 0.011410 0.009665
7 0.384478 0.645122 0.010696 0.010269
7 0.366413 0.669133 0.011647 0.009363
7 0.386855 0.662791 0.007844 0.008759
7 0.390540 0.679100 0.011410 0.009967
7 0.409199 0.871187 0.009746 0.009363
7 0.418826 0.881909 0.006656 0.008457
7 0.430592 0.880852 0.007369 0.009363
7 0.415260 0.291151 0.011410 0.008457
7 0.403970 0.242525 0.014024 0.010269
7 0.381388 0.249018 0.009746 0.008759
7 0.406703 0.259287 0.013787 0.009967
7 0.385429 0.268650 0.010696 0.009967
7 0.410031 0.276352 0.010459 0.009665
7 0.388519 0.283449 0.012598 0.009363
7 0.392203 0.301571 0.010459 0.008759
7 0.349655 0.091815 0.006656 0.007249
7 0.418350 0.307913 0.011410 0.008759
7 0.396839 0.316068 0.007369 0.009363
7 0.420252 0.326185 0.009983 0.009665
7 0.399691 0.333736 0.007369 0.008457
7 0.426670 0.343552 0.011885 0.009363
7 0.402781 0.350800 0.010696 0.009363
7 0.377823 0.230897 0.011172 0.009363
7 0.399691 0.226065 0.014024 0.010571
7 0.374257 0.218363 0.013073 0.010873
7 0.396957 0.208245 0.012836 0.009967
7 0.392679 0.192087 0.015213 0.010269
7 0.369147 0.198732 0.010934 0.007249
7 0.367007 0.181667 0.010459 0.008155
7 0.386023 0.176382 0.011885 0.013893
7 0.362491 0.163546 0.010934 0.008155
7 0.383765 0.160677 0.012123 0.010873
7 0.359401 0.148445 0.010459 0.008155
7 0.379605 0.140290 0.012836 0.010571
7 0.355717 0.135005 0.009746 0.010269
7 0.375921 0.123075 0.013073 0.009967
7 0.352151 0.115675 0.007369 0.007249
7 0.373663 0.110843 0.014262 0.010269
7 0.369028 0.085473 0.009746 0.009061
7 0.340504 0.534884 0.011172 0.009665
7 0.358213 0.529900 0.009983 0.009967
7 0.333492 0.518725 0.010459 0.009363
7 0.310673 0.906977 0.014737 0.011477
7 0.305562 0.871489 0.010696 0.009363
7 0.329926 0.875415 0.014262 0.012987
7 0.308058 0.884023 0.012836 0.013289
7 0.332184 0.896104 0.008795 0.008457
7 0.213691 0.078224 0.009033 0.017517
7 0.224982 0.075204 0.009746 0.020538
7 0.330758 0.913168 0.006418 0.011175
7 0.264797 0.180610 0.011410 0.009665
7 0.315902 0.916339 0.009508 0.007853
7 0.269075 0.110692 0.004279 0.011779
7 0.250059 0.129266 0.012360 0.009665
7 0.256358 0.149955 0.013073 0.006947
7 0.282624 0.157656 0.011885 0.009665
7 0.260280 0.164150 0.012360 0.011175
7 0.324340 0.854425 0.012123 0.012081
7 0.300927 0.854123 0.012836 0.009665
7 0.297837 0.838719 0.013787 0.010269
7 0.315664 0.827545 0.007606 0.024766
7 0.295816 0.824977 0.014024 0.010571
7 0.291538 0.802024 0.012598 0.012383
7 0.313406 0.797342 0.011647 0.009061
7 0.284763 0.782543 0.011885 0.008457
7 0.310554 0.779221 0.011172 0.009665
7 0.282981 0.770764 0.014024 0.010873
7 0.306870 0.762760 0.012360 0.009363
7 0.272403 0.725461 0.013311 0.017517
7 0.298669 0.713078 0.014500 0.010873
7 0.266223 0.686349 0.011410 0.010571
7 0.290944 0.684687 0.016164 0.019934
7 0.263252 0.666566 0.008319 0.007853
7 0.285714 0.665811 0.011885 0.009967
7 0.284645 0.175325 0.008319 0.007551
7 0.291419 0.209453 0.010934 0.009363
7 0.353102 0.510420 0.007369 0.008457
7 0.315546 0.435065 0.011647 0.008759
7 0.324578 0.358653 0.012598 0.015403
7 0.328857 0.376774 0.011647 0.009363
7 0.303304 0.387647 0.015213 0.011779
7 0.307464 0.401389 0.013073 0.011477
7 0.312693 0.417548 0.007844 0.008759
7 0.340147 0.426759 0.012360 0.009665
7 0.322082 0.449562 0.005705 0.015403
7 0.271096 0.210963 0.011647 0.009363
7 0.342049 0.441860 0.012836 0.009061
7 0.322795 0.467532 0.011410 0.011477
7 0.345733 0.460435 0.009746 0.008759
7 0.329332 0.486560 0.009270 0.006040
7 0.351438 0.494564 0.009270 0.007551
7 0.333967 0.501208 0.005229 0.006947
7 0.301997 0.368620 0.007369 0.009363
7 0.297480 0.348082 0.012598 0.009363
7 0.321369 0.341589 0.010934 0.009061
7 0.296173 0.334038 0.011885 0.009665
7 0.317804 0.325430 0.011885 0.009363
7 0.292726 0.318937 0.012598 0.011477
7 0.314595 0.311688 0.012598 0.010269
7 0.287972 0.299607 0.012123 0.011477
7 0.309722 0.290849 0.013311 0.010269
7 0.284763 0.283298 0.011410 0.010873
7 0.306632 0.273935 0.013787 0.011477
7 0.281792 0.267744 0.011172 0.009363
7 0.303304 0.259287 0.011410 0.009363
7 0.300570 0.245696 0.011647 0.009363
7 0.280128 0.248112 0.009746 0.008155
7 0.294628 0.223648 0.011647 0.008759
7 0.275018 0.231048 0.012360 0.008457
7 0.630378 0.251737 0.012836 0.010571
7 0.615284 0.274388 0.006418 0.008759
1 0.381269 0.885231 0.006656 0.004832
1 0.894580 0.122622 0.004041 0.012081
14 0.842643 0.035941 0.007606 0.015101
14 0.859876 0.026276 0.012123 0.014497
14 0.893154 0.028239 0.010696 0.008155
14 0.924649 0.024464 0.008557 0.012081
1 0.911695 0.045002 0.004041 0.011477
1 0.906347 0.046361 0.003803 0.009363
1 0.915736 0.167623 0.004041 0.007853
14 0.809484 0.041075 0.006893 0.010873
1 0.910031 0.174721 0.010696 0.008155
1 0.901711 0.174117 0.005467 0.009363
10 0.902068 0.065388 0.003803 0.006947
10 0.853340 0.090758 0.002377 0.007551
10 0.847397 0.090305 0.002852 0.007853
10 0.908367 0.096648 0.005467 0.003624
14 0.826955 0.029296 0.009983 0.013289
14 0.796648 0.040018 0.004992 0.013591
1 0.675065 0.572335 0.003803 0.008457
14 0.686950 0.260646 0.004754 0.010873
14 0.689446 0.867563 0.010221 0.011779
1 0.588424 0.707490 0.003090 0.006947
1 0.564060 0.590607 0.006180 0.013591
1 0.531495 0.249471 0.012360 0.006645
1 0.686237 0.226518 0.008082 0.003624
14 0.627050 0.272878 0.005229 0.009967
14 0.551224 0.081999 0.007606 0.016611
14 0.778346 0.041830 0.009746 0.011175
14 0.619325 0.071882 0.006893 0.013289
14 0.646541 0.070523 0.010459 0.009967
14 0.681008 0.065388 0.010459 0.012383
14 0.713929 0.055421 0.007844 0.012383
14 0.729142 0.046965 0.010696 0.009967
14 0.761944 0.043189 0.006893 0.013893
10 0.936178 0.117185 0.003090 0.005436
10 0.915498 0.120205 0.002615 0.006645
14 0.814951 0.173664 0.009270 0.006645
1 0.613145 0.596346 0.005942 0.005134
10 0.575232 0.409091 0.005705 0.004530
10 0.573330 0.403957 0.005229 0.003322
10 0.574756 0.421625 0.005229 0.004228
1 0.576777 0.429175 0.007844 0.005436
1 0.646541 0.437934 0.004279 0.009061
1 0.573330 0.588191 0.003803 0.009363
1 0.676016 0.602839 0.003328 0.007853
10 0.798669 0.102084 0.003803 0.005436
1 0.639648 0.623830 0.005705 0.006342
1 0.693368 0.708849 0.004279 0.009061
1 0.695745 0.723044 0.006180 0.011477
1 0.698241 0.733162 0.003565 0.006947
10 0.662230 0.734068 0.006180 0.005134
10 0.626694 0.823618 0.004041 0.007249
10 0.559900 0.328602 0.004992 0.003624
10 0.555740 0.319692 0.006656 0.003926
10 0.664012 0.294322 0.003090 0.006947
14 0.640124 0.327998 0.005229 0.009061
14 0.590088 0.296587 0.004516 0.009061
1 0.553601 0.310329 0.007606 0.005134
1 0.672213 0.170945 0.003328 0.007249
1 0.608034 0.108879 0.002852 0.009363
1 0.807701 0.142253 0.003328 0.007853
1 0.728667 0.226820 0.010221 0.006040
1 0.705847 0.162640 0.003565 0.008759
1 0.726290 0.159619 0.002615 0.009363
1 0.879487 0.201299 0.008557 0.006342
10 0.732470 0.156901 0.001664 0.006947
10 0.742810 0.144367 0.002377 0.007249
10 0.739838 0.147236 0.002615 0.006947
10 0.806513 0.100725 0.002377 0.006342
14 0.754100 0.833736 0.006893 0.006342
14 0.767411 0.829206 0.007369 0.007551
14 0.778464 0.825581 0.008082 0.006342
1 0.507606 0.748263 0.006893 0.005134
10 0.525434 0.671700 0.005467 0.003624
10 0.524483 0.665358 0.004992 0.004228
10 0.542548 0.749169 0.005942 0.004530
10 0.548253 0.739354 0.003090 0.008457
10 0.554314 0.802930 0.005705 0.003926
1 0.502734 0.744186 0.004754 0.009061
1 0.490254 0.769405 0.007369 0.004530
10 0.353577 0.833434 0.005467 0.003926
1 0.416330 0.831924 0.003565 0.009363
1 0.335869 0.832377 0.006180 0.005436
10 0.358569 0.786016 0.005467 0.005134
10 0.360352 0.795077 0.006180 0.005134
10 0.360471 0.807913 0.004992 0.005436
10 0.361778 0.811537 0.005229 0.006645
10 0.440456 0.666566 0.005229 0.004832
1 0.529356 0.700695 0.007606 0.005436
1 0.427739 0.618997 0.006893 0.005134
1 0.475160 0.604500 0.006656 0.004530
1 0.397433 0.629115 0.008557 0.007249
10 0.508795 0.586983 0.005467 0.003926
10 0.519016 0.599970 0.003090 0.006947
14 0.394580 0.600423 0.009508 0.005436
1 0.492156 0.570069 0.008795 0.005134
1 0.467792 0.564029 0.005705 0.004530
1 0.359995 0.566445 0.004992 0.014195
1 0.349655 0.514044 0.003803 0.010873
1 0.502258 0.472516 0.007606 0.004530
1 0.401474 0.499094 0.010459 0.005134
1 0.507250 0.418303 0.006180 0.004228
1 0.503922 0.414527 0.007131 0.005134
1 0.503803 0.410148 0.006418 0.004832
10 0.353459 0.826941 0.005229 0.005436
10 0.279891 0.951374 0.005942 0.003624
14 0.807820 0.825581 0.008319 0.007551
14 0.794628 0.914980 0.009983 0.008759
14 0.515332 0.915735 0.008082 0.006040
14 0.574519 0.996829 0.008082 0.006342
14 0.613501 0.982030 0.008082 0.011175
14 0.627882 0.969043 0.005942 0.003926
14 0.730093 0.936424 0.007369 0.006342
14 0.771809 0.921927 0.009983 0.006947
14 0.847754 0.893990 0.004516 0.010269
10 0.286665 0.968590 0.005705 0.007249
14 0.904920 0.874811 0.008082 0.006947
14 0.972189 0.859257 0.005229 0.012685
14 0.982767 0.852159 0.007844 0.006947
14 0.900048 0.794473 0.008795 0.005738
14 0.845496 0.801420 0.008082 0.006342
14 0.796292 0.829508 0.007131 0.005738
14 0.557167 0.910903 0.007606 0.006040
14 0.465652 0.943069 0.008082 0.005134
14 0.448657 0.947146 0.006893 0.005436
14 0.397789 0.964965 0.009270 0.007249
14 0.423699 0.956660 0.008319 0.007551
14 0.411338 0.961794 0.007369 0.005738
14 0.409199 0.951374 0.006418 0.004832
14 0.384597 0.969798 0.007131 0.006645
14 0.341574 0.975234 0.008082 0.007249
14 0.314595 0.984597 0.007369 0.006040
14 0.275374 0.997282 0.006893 0.006040
10 0.293202 0.995168 0.004516 0.004832
10 0.292013 0.990939 0.004992 0.006040
10 0.291300 0.986560 0.004516 0.005738
10 0.289993 0.979764 0.004754 0.006645
10 0.288567 0.975687 0.003803 0.005134
10 0.288567 0.971459 0.004279 0.005738
10 0.718802 0.833283 0.003803 0.007249
1 0.709056 0.466173 0.008082 0.007551
1 0.443546 0.447901 0.006656 0.005436
10 0.478488 0.349743 0.006656 0.004832
10 0.454124 0.738599 0.005942 0.004530
10 0.599596 0.842344 0.006418 0.005436
1 0.549323 0.641649 0.007131 0.005738
1 0.490967 0.513893 0.007844 0.005738
1 0.513311 0.513893 0.007844 0.005738
10 0.470169 0.339021 0.004754 0.003926
10 0.428453 0.214286 0.005942 0.003926
10 0.383171 0.410752 0.005705 0.004832
10 0.593059 0.414980 0.006656 0.006645
10 0.583551 0.461945 0.006656 0.005738
10 0.608272 0.580036 0.005229 0.004530
10 0.623128 0.643612 0.005467 0.004228
10 0.622177 0.632135 0.005942 0.005436
10 0.656644 0.726216 0.005942 0.002718
10 0.391490 0.441256 0.006180 0.004832
10 0.382101 0.407128 0.004992 0.004228
1 0.699192 0.416188 0.009270 0.006040
10 0.295935 0.490788 0.006656 0.005436
10 0.359163 0.800060 0.006180 0.005436
10 0.359520 0.803534 0.004992 0.005134
10 0.318160 0.577318 0.004992 0.004530
10 0.298907 0.599668 0.005942 0.004530
10 0.300452 0.607973 0.005229 0.003624
10 0.283337 0.521595 0.006656 0.005436
10 0.262301 0.419511 0.006418 0.004228
10 0.357737 0.280429 0.006180 0.004530
10 0.263489 0.345364 0.005942 0.005134
10 0.241621 0.329206 0.006893 0.004228
10 0.220585 0.118242 0.003803 0.007551
10 0.234134 0.178043 0.005229 0.003926
10 0.322676 0.211416 0.006418 0.004228
10 0.323508 0.215192 0.006180 0.003322
10 0.657713 0.717759 0.005229 0.004530
10 0.662943 0.737391 0.005229 0.005134
10 0.680651 0.425400 0.005942 0.004530
10 0.595674 0.943975 0.005705 0.005134
10 0.892203 0.872848 0.004516 0.004832
10 0.716425 0.840834 0.004754 0.004228
10 0.626812 0.930686 0.004754 0.004530
10 0.610887 0.922531 0.003803 0.005134
10 0.587117 0.911507 0.004754 0.006645
10 0.588424 0.915433 0.005467 0.008457
10 0.596506 0.952884 0.004992 0.003624
10 0.692536 0.403352 0.005942 0.004530
10 0.597338 0.957264 0.004279 0.003322
10 0.597813 0.961341 0.004754 0.004228
10 0.598526 0.964965 0.004754 0.004228
10 0.599715 0.968741 0.004754 0.005134
10 0.600784 0.973120 0.004041 0.004228
10 0.601022 0.976593 0.004992 0.005134
10 0.892085 0.869375 0.004754 0.003926
10 0.890064 0.865297 0.004516 0.004832
10 0.889470 0.861220 0.004754 0.005134
10 0.888519 0.857143 0.005229 0.004832
10 0.888281 0.853670 0.004279 0.003926
10 0.940219 0.862579 0.007369 0.006645
10 0.969218 0.222893 0.007369 0.006040
10 0.964821 0.220024 0.005705 0.005738
10 0.963870 0.216098 0.005705 0.004530
1 0.922154 0.419662 0.006418 0.002718
10 0.922510 0.576412 0.007606 0.005738
10 0.917281 0.560556 0.005705 0.004228
1 0.807107 0.540169 0.006418 0.003322
10 0.818754 0.490637 0.005942 0.005134
10 0.803661 0.414527 0.005229 0.003926
10 0.806513 0.432347 0.004754 0.004530
10 0.673996 0.344609 0.003565 0.007853
10 0.413478 0.920719 0.003090 0.006342
10 0.230925 0.749169 0.005467 0.004530
10 0.246850 0.735880 0.004992 0.005134
1 0.761350 0.489278 0.005705 0.013893
10 0.792013 0.379644 0.004279 0.003624
10 0.796648 0.386137 0.004992 0.003926
14 0.831709 0.443673 0.008082 0.009665
1 0.847041 0.457566 0.004992 0.012081
1 0.847991 0.471459 0.003565 0.008457
1 0.851438 0.477650 0.004279 0.009363
1 0.799263 0.479160 0.004992 0.003322
10 0.925362 0.549381 0.003803 0.007249
1 0.847635 0.564784 0.008557 0.006040
14 0.871286 0.655089 0.004041 0.008457
1 0.852032 0.726518 0.004516 0.007551
1 0.896007 0.632286 0.004516 0.008155
1 0.971952 0.559801 0.003328 0.007551
10 0.935465 0.635911 0.006418 0.003926
10 0.802116 0.434612 0.004992 0.003020
10 0.798431 0.422229 0.004279 0.003020
10 0.766223 0.337511 0.004992 0.004530
10 0.784050 0.332528 0.005467 0.004832
10 0.751604 0.256720 0.005705 0.003624
1 0.813406 0.287677 0.005229 0.005134
1 0.822082 0.286318 0.003090 0.007853
1 0.805087 0.272274 0.003328 0.008155
1 0.815070 0.307309 0.002377 0.006947
14 0.823390 0.230444 0.009033 0.012685
14 0.789280 0.239052 0.006893 0.013591
1 0.703470 0.273180 0.004516 0.008155
1 0.706560 0.290396 0.004041 0.008759
1 0.720704 0.357294 0.003328 0.007853
10 0.675184 0.376774 0.004516 0.003322
10 0.704421 0.456811 0.004992 0.003322
10 0.709532 0.474177 0.004754 0.003020
10 0.937129 0.575808 0.006418 0.005134
10 0.917281 0.547418 0.006180 0.005134
10 0.208700 0.561462 0.005229 0.004228
10 0.103161 0.673513 0.005229 0.004228
1 0.341336 0.612655 0.007606 0.003926
1 0.364036 0.648898 0.007369 0.004530
10 0.023057 0.186802 0.004754 0.004530
10 0.024364 0.191936 0.005942 0.005134
1 0.033516 0.219722 0.006180 0.004530
10 0.068576 0.387949 0.005467 0.004530
14 0.143927 0.890365 0.011172 0.009061
10 0.915736 0.543340 0.005467 0.003624
1 0.170549 0.312745 0.010696 0.005134
10 0.153078 0.396557 0.006656 0.005436
10 0.163656 0.429326 0.006418 0.004530
10 0.164131 0.435367 0.005942 0.004530
10 0.180295 0.442314 0.004516 0.003322
10 0.190159 0.472818 0.006180 0.004530
1 0.339434 0.608426 0.009033 0.006947
1 0.340029 0.600574 0.006893 0.005134
1 0.997861 0.619450 0.002852 0.006645
1 0.983955 0.554817 0.003565 0.009061
1 0.980033 0.538659 0.003328 0.007551
1 0.968148 0.314558 0.007606 0.006342
10 0.969575 0.235729 0.005229 0.004530
1 0.859401 0.454545 0.003090 0.006645
10 0.898027 0.393839 0.004754 0.004228
10 0.896957 0.386590 0.004992 0.003624
10 0.896363 0.383570 0.005705 0.004832
10 0.909199 0.522954 0.005229 0.004530
10 0.893392 0.446693 0.005942 0.004228
1 0.905515 0.496980 0.006893 0.005738
1 0.961612 0.508759 0.005467 0.012987
14 0.913240 0.612353 0.009033 0.006342
10 0.920490 0.554666 0.006418 0.005134
1 0.447587 0.459076 0.007131 0.004228
1 0.426908 0.431894 0.003803 0.007853
7 0.601379 0.290396 0.007131 0.008759
7 0.026028 0.442616 0.011172 0.010571
7 0.883527 0.658864 0.009983 0.008759
7 0.873306 0.678345 0.005705 0.009061
7 0.008319 0.357747 0.010934 0.009363
7 0.012955 0.375415 0.011172 0.010269
7 0.023057 0.408789 0.016639 0.011779
7 0.022938 0.427514 0.010221 0.008155
7 0.030544 0.459831 0.012123 0.009967
7 0.881150 0.632286 0.006656 0.015403
7 0.033397 0.477348 0.011647 0.008759
7 0.036249 0.489429 0.010221 0.008759
7 0.040884 0.514799 0.011885 0.009363
7 0.040647 0.526276 0.007131 0.010571
7 0.046946 0.543793 0.010221 0.008155
7 0.052531 0.577771 0.009033 0.008457
7 0.903138 0.647690 0.006893 0.011779
7 0.898621 0.627303 0.008319 0.016309
14 0.028643 0.151616 0.006418 0.013289
7 0.880556 0.537149 0.009270 0.008155
7 0.869384 0.487315 0.007844 0.009363
7 0.849061 0.493809 0.009508 0.008457
7 0.872831 0.505285 0.009033 0.010873
7 0.853221 0.510722 0.008319 0.007853
7 0.857024 0.528843 0.007844 0.008457
7 0.876991 0.520689 0.008319 0.009061
7 0.860708 0.544095 0.007606 0.009363
7 0.894818 0.607218 0.007844 0.009967
7 0.864155 0.559650 0.007844 0.009061
7 0.884597 0.554364 0.008319 0.008759
7 0.887449 0.571278 0.007369 0.009363
7 0.867839 0.577922 0.009033 0.008155
7 0.891134 0.588191 0.008557 0.009363
7 0.872356 0.600725 0.008082 0.008457
7 0.057880 0.594382 0.011647 0.009061
7 0.063109 0.611296 0.014500 0.009665
7 0.065130 0.626850 0.012836 0.009363
7 0.049798 0.696164 0.014975 0.016913
7 0.096744 0.864995 0.012360 0.009665
7 0.120751 0.881305 0.008557 0.014497
7 0.104469 0.881003 0.006893 0.008457
7 0.109223 0.901087 0.010221 0.014799
7 0.022463 0.705678 0.008795 0.012383
7 0.034942 0.699789 0.007131 0.014497
7 0.007725 0.710057 0.006893 0.012081
7 0.068220 0.645273 0.012836 0.011175
1 0.076301 0.074298 0.006656 0.005436
1 0.104231 0.088644 0.004992 0.011779
1 0.111243 0.085775 0.004279 0.009061
1 0.127763 0.159619 0.008795 0.007551
1 0.061683 0.199940 0.006418 0.004832
1 0.078916 0.185593 0.005705 0.004530
7 0.117304 0.862579 0.008795 0.009061
7 0.113977 0.845666 0.009270 0.009665
7 0.092703 0.831471 0.013311 0.010873
7 0.110887 0.828753 0.009746 0.009665
7 0.108510 0.812745 0.010696 0.013893
7 0.084383 0.795228 0.011410 0.008457
7 0.105063 0.795077 0.009983 0.009967
7 0.102092 0.778315 0.009746 0.010269
7 0.077252 0.762005 0.010934 0.010269
7 0.099121 0.761099 0.009983 0.009665
7 0.092465 0.745847 0.008557 0.009967
7 0.074519 0.746300 0.012123 0.014497
7 0.088662 0.730142 0.007131 0.008759
7 0.084502 0.714739 0.006418 0.006947
7 0.080105 0.696315 0.009983 0.010571
7 0.074875 0.679704 0.010459 0.008155
7 0.070834 0.660979 0.013787 0.011175
7 0.866413 0.469949 0.008557 0.007853
7 0.842287 0.459982 0.008319 0.010269
7 0.863442 0.453035 0.007844 0.009061
7 0.647255 0.509816 0.008082 0.009665
7 0.632636 0.442011 0.008319 0.008759
7 0.636320 0.458623 0.007606 0.008155
7 0.639411 0.473724 0.008082 0.014195
7 0.658070 0.470251 0.007844 0.007853
7 0.643451 0.492751 0.007606 0.009363
7 0.661160 0.487466 0.007844 0.008457
7 0.665320 0.503171 0.009033 0.009061
7 0.661398 0.577620 0.007844 0.009363
7 0.669361 0.519330 0.008557 0.008759
7 0.649869 0.524615 0.009508 0.013289
7 0.673283 0.536092 0.010221 0.009665
7 0.653554 0.542283 0.007844 0.007551
7 0.676135 0.551344 0.008795 0.006947
7 0.657357 0.559499 0.008319 0.009967
7 0.650107 0.436273 0.008082 0.009363
7 0.628595 0.425400 0.007369 0.008155
7 0.646541 0.416339 0.009508 0.008155
7 0.625624 0.408185 0.007131 0.009363
7 0.643451 0.403352 0.009033 0.008759
7 0.621940 0.391574 0.006893 0.008759
7 0.640005 0.385533 0.008319 0.008155
7 0.617899 0.371640 0.007844 0.011175
7 0.637271 0.368469 0.008557 0.008457
7 0.614809 0.357898 0.007369 0.007853
7 0.633230 0.352008 0.007606 0.009363
7 0.611243 0.341136 0.007844 0.009967
7 0.628595 0.334340 0.007369 0.007853
7 0.625386 0.318484 0.007131 0.008759
7 0.608510 0.325279 0.007606 0.009061
7 0.604825 0.309574 0.008319 0.012685
7 0.621583 0.299909 0.009033 0.012685
7 0.679225 0.570976 0.007369 0.008759
7 0.682553 0.587285 0.007844 0.009363
7 0.839315 0.442162 0.009033 0.012685
7 0.844545 0.369526 0.007131 0.009363
7 0.738293 0.743280 0.006656 0.009061
7 0.818517 0.342344 0.006893 0.008155
7 0.837652 0.336001 0.008557 0.009363
7 0.841692 0.352310 0.007131 0.007551
7 0.821488 0.359408 0.008557 0.008457
7 0.824816 0.376623 0.008082 0.009061
7 0.828262 0.392027 0.007844 0.009061
7 0.663894 0.593627 0.008082 0.009967
7 0.847754 0.387194 0.007844 0.008457
7 0.832541 0.409846 0.007844 0.008457
7 0.852508 0.402748 0.008795 0.008759
7 0.855598 0.419662 0.008795 0.008759
7 0.836344 0.427665 0.009746 0.011477
7 0.859758 0.436726 0.009033 0.009665
7 0.725339 0.747810 0.006893 0.009061
7 0.711909 0.753247 0.009983 0.012081
7 0.685881 0.762156 0.005942 0.009967
7 0.673877 0.765026 0.004754 0.008457
7 0.694200 0.734823 0.005942 0.006645
7 0.693249 0.727273 0.005467 0.007249
7 0.690040 0.710661 0.007606 0.011477
7 0.707036 0.704319 0.007369 0.007853
7 0.687188 0.696315 0.007131 0.008155
7 0.704184 0.688161 0.009746 0.008759
7 0.701212 0.671398 0.009033 0.007853
7 0.697647 0.655240 0.009033 0.008759
7 0.693725 0.638025 0.009270 0.008759
7 0.674590 0.643612 0.008557 0.008457
7 0.671500 0.627001 0.007131 0.008457
7 0.668291 0.610541 0.006893 0.008155
7 0.686237 0.604500 0.008557 0.008155
1 0.069527 0.161885 0.004516 0.010269
14 0.092227 0.114165 0.009983 0.008457
1 0.379011 0.381607 0.005942 0.005134
1 0.226408 0.247961 0.006893 0.005436
10 0.268125 0.358502 0.004754 0.004832
10 0.268481 0.363183 0.005942 0.005134
10 0.344545 0.313802 0.004516 0.003624
10 0.340860 0.295228 0.004754 0.003926
10 0.329689 0.251284 0.005229 0.004228
10 0.332779 0.247357 0.004754 0.003020
1 0.308296 0.296134 0.009983 0.006947
1 0.269551 0.346874 0.008082 0.006342
1 0.287972 0.224101 0.004516 0.011477
1 0.267768 0.184536 0.006893 0.004228
1 0.256596 0.144518 0.016401 0.009363
1 0.356192 0.128662 0.006418 0.004832
10 0.225695 0.118544 0.003090 0.006342
1 0.320062 0.037451 0.005942 0.003624
10 0.272047 0.377529 0.006418 0.004228
1 0.311148 0.307007 0.006180 0.005738
14 0.113026 0.115524 0.013073 0.010571
1 0.130972 0.682724 0.006180 0.005134
10 0.241502 0.729085 0.005229 0.004832
10 0.243285 0.733162 0.004516 0.005134
1 0.290112 0.696013 0.008319 0.006342
1 0.281198 0.661130 0.006656 0.005436
1 0.277514 0.717004 0.004992 0.010269
1 0.223913 0.632739 0.007131 0.006040
1 0.314000 0.575053 0.007131 0.005436
1 0.315070 0.343401 0.004992 0.010269
1 0.315783 0.568257 0.006893 0.004530
1 0.249703 0.515101 0.007369 0.005738
1 0.325053 0.449411 0.004041 0.007853
1 0.321369 0.432951 0.003328 0.006947
1 0.314357 0.399124 0.004041 0.009363
1 0.316734 0.415282 0.003565 0.007853
1 0.438436 0.026427 0.004992 0.014195
1 0.473021 0.017215 0.004279 0.012081
1 0.506656 0.008457 0.003090 0.010269
1 0.371999 0.359106 0.007131 0.007853
1 0.463751 0.286620 0.005705 0.004228
1 0.455550 0.331773 0.005942 0.005134
1 0.363085 0.309725 0.004992 0.003926
1 0.449727 0.319692 0.007131 0.004530
1 0.516164 0.318333 0.004041 0.010873
1 0.406228 0.361069 0.008557 0.005134
1 0.421440 0.397463 0.004279 0.009061
1 0.489779 0.012383 0.003090 0.007249
1 0.418945 0.398671 0.003565 0.007853
1 0.480865 0.363334 0.007131 0.005436
10 0.360946 0.296134 0.005942 0.004530
10 0.457808 0.351102 0.004754 0.003322
10 0.485025 0.397161 0.005942 0.004228
1 0.431662 0.408789 0.002852 0.007551
1 0.462800 0.283751 0.004754 0.003926
1 0.458284 0.285412 0.004754 0.004228
1 0.442001 0.286469 0.004992 0.003322
1 0.396126 0.258381 0.004041 0.009363
1 0.375802 0.212172 0.007606 0.005738
14 0.519135 0.092419 0.010934 0.007853
14 0.502496 0.097252 0.011885 0.012081
14 0.485619 0.096950 0.010459 0.015705
14 0.453530 0.106161 0.012360 0.011779
14 0.436653 0.109635 0.010934 0.007853
10 0.432018 0.168982 0.003090 0.006342
10 0.429998 0.160828 0.002852 0.005134
10 0.420252 0.167019 0.004754 0.003624
10 0.428809 0.153881 0.003328 0.006947
1 0.463038 0.148898 0.003328 0.007249
1 0.370097 0.184989 0.007606 0.006342
1 0.372950 0.128511 0.007606 0.005134
10 0.236986 0.783902 0.005705 0.003926
1 0.295935 0.805799 0.006180 0.004832
1 0.315427 0.812896 0.007131 0.005134
10 0.176373 0.403654 0.004754 0.008155
1 0.112788 0.361522 0.004516 0.010873
1 0.115522 0.376925 0.003803 0.008457
1 0.110174 0.415433 0.006418 0.012383
1 0.206442 0.378436 0.004041 0.009061
1 0.197884 0.340381 0.004516 0.008457
1 0.192774 0.409242 0.007606 0.005436
10 0.064060 0.371338 0.004992 0.004530
10 0.061208 0.429175 0.004516 0.007853
10 0.065961 0.398822 0.004992 0.004530
1 0.101260 0.381758 0.002377 0.007249
1 0.028762 0.465569 0.006180 0.005134
1 0.183385 0.438991 0.006418 0.005134
1 0.215237 0.428269 0.004041 0.007249
1 0.216900 0.434914 0.003090 0.006040
1 0.007131 0.363636 0.006656 0.005436
10 0.150820 0.370130 0.004516 0.003322
10 0.151890 0.367110 0.006180 0.004530
10 0.149275 0.363334 0.004279 0.004228
10 0.166271 0.358351 0.005467 0.004530
10 0.164369 0.350649 0.004992 0.004832
10 0.161398 0.312896 0.005705 0.004228
10 0.219753 0.214739 0.005467 0.003624
10 0.156049 0.283600 0.004516 0.004228
10 0.039220 0.254757 0.005229 0.003926
1 0.172213 0.304742 0.004516 0.004832
1 0.167221 0.293567 0.006418 0.005436
1 0.218089 0.289641 0.007844 0.005436
1 0.188852 0.245243 0.004041 0.009061
1 0.095912 0.262760 0.008795 0.006645
1 0.085096 0.263667 0.005705 0.013893
1 0.185405 0.212021 0.006656 0.006040
10 0.055740 0.428873 0.004516 0.003624
10 0.058117 0.432196 0.004992 0.004228
1 0.277276 0.899124 0.005942 0.005436
10 0.153791 0.792208 0.004754 0.003020
1 0.201331 0.777107 0.008082 0.006040
1 0.186356 0.784808 0.007606 0.005738
1 0.139292 0.725310 0.007131 0.005738
10 0.140480 0.728783 0.005705 0.004832
10 0.135488 0.755059 0.003803 0.008457
10 0.150345 0.790547 0.004992 0.005738
10 0.154386 0.795983 0.005467 0.003322
10 0.067388 0.468892 0.004516 0.003926
10 0.152841 0.800513 0.004754 0.004530
10 0.156763 0.810178 0.005467 0.003926
14 0.019016 0.874056 0.010934 0.018725
10 0.166984 0.864693 0.004516 0.003624
1 0.218921 0.861975 0.007606 0.006040
1 0.312455 0.900785 0.007844 0.006947
1 0.086998 0.798701 0.007606 0.004530
1 0.133230 0.781788 0.007369 0.006342
1 0.173045 0.699940 0.004279 0.009363
1 0.093653 0.762005 0.003328 0.009061
1 0.061208 0.647085 0.005467 0.011175
1 0.155931 0.623528 0.005229 0.010571
1 0.186594 0.549230 0.007131 0.006947
10 0.116948 0.632135 0.006656 0.005436
10 0.114809 0.612806 0.004754 0.004228
10 0.203946 0.546361 0.005229 0.004228
10 0.112788 0.609333 0.004992 0.005134
14 0.067744 0.591664 0.005705 0.012081
1 0.092346 0.511024 0.005467 0.004228
1 0.080699 0.456358 0.005942 0.005436
1 0.078441 0.441256 0.006656 0.005436
10 0.190516 0.476895 0.004516 0.003624
10 0.182909 0.448052 0.005467 0.003322
7 0.049085 0.160979 0.017827 0.018725