10 0.992586 0.125507 0.007414 0.006979
7 0.430292 0.542548 0.038509 0.035570
1 0.207269 0.976137 0.020799 0.023863
7 0.217566 0.935952 0.036450 0.040747
7 0.226936 0.911076 0.042010 0.049527
7 0.240424 0.879559 0.040980 0.048176
7 0.250309 0.852544 0.039745 0.043224
7 0.267607 0.822828 0.032743 0.040522
7 0.279448 0.796263 0.031301 0.038271
7 0.295305 0.772850 0.030066 0.035119
7 0.314456 0.758892 0.035832 0.045025
7 0.326503 0.738969 0.036038 0.043899
7 0.346582 0.721409 0.041598 0.049752
7 0.403521 0.657249 0.071046 0.086222
7 0.396623 0.609973 0.025535 0.027240
7 0.409082 0.579469 0.038921 0.045475
7 0.487335 0.480189 0.035626 0.042774
10 0.947488 0.109748 0.009061 0.009680
7 0.515239 0.441805 0.029654 0.037145
7 0.532949 0.426047 0.040774 0.047501
7 0.556322 0.417492 0.066516 0.082170
7 0.602965 0.438429 0.120675 0.149707
7 0.623147 0.415353 0.119028 0.142729
7 0.646623 0.376632 0.113262 0.138226
7 0.676895 0.334647 0.102965 0.127645
7 0.656404 0.270599 0.029448 0.035119
7 0.673806 0.253940 0.028007 0.033769
7 0.705725 0.219383 0.039127 0.045700
7 0.742689 0.183138 0.034390 0.038946
7 0.797261 0.122130 0.024094 0.027690
7 0.903521 0.112787 0.007619 0.008555
7 0.950577 0.143629 0.052718 0.079244
1 0.213756 0.900495 0.008237 0.007204
1 0.245470 0.834309 0.013180 0.013507
1 0.230437 0.854683 0.007825 0.008330
1 0.220449 0.977825 0.008443 0.009680
1 0.973641 0.037371 0.008237 0.009905
10 0.316310 0.934602 0.007002 0.007879
10 0.809823 0.720959 0.007208 0.008330
10 0.943472 0.584309 0.008443 0.008780
10 0.934720 0.592638 0.008649 0.009680
10 0.850185 0.671882 0.007619 0.008330
1 0.988262 0.191805 0.009473 0.009455
1 0.967051 0.162089 0.010297 0.009455
1 0.957578 0.149482 0.010297 0.010356
1 0.949032 0.137776 0.012562 0.012607
1 0.938633 0.156011 0.008649 0.009455
10 0.989086 0.121342 0.009473 0.009455
10 0.837418 0.393629 0.008855 0.007879
10 0.816413 0.356484 0.008443 0.008780
1 0.951091 0.462629 0.008443 0.008555
10 0.944296 0.472085 0.008443 0.009905
10 0.878295 0.509118 0.008237 0.009680
10 0.938633 0.589599 0.007825 0.009905
10 0.575577 0.947771 0.008649 0.009455
10 0.571973 0.952386 0.006796 0.007879
1 0.414848 0.831945 0.007619 0.010131
10 0.424217 0.828005 0.007002 0.009455
10 0.536656 0.740095 0.004119 0.009680
10 0.524815 0.738631 0.005560 0.009455
10 0.562809 0.507654 0.007825 0.009455
1 0.786759 0.107947 0.010091 0.011481
10 0.754119 0.297163 0.007414 0.011256
1 0.626544 0.281517 0.008031 0.009230
1 0.526050 0.402972 0.008443 0.010806
7 0.931219 0.151733 0.014827 0.020711