10 0.672447 0.821824 0.005780 0.011595
10 0.290703 0.992141 0.010597 0.011595
10 0.461826 0.921283 0.008911 0.010049
10 0.465318 0.925148 0.008189 0.010049
10 0.468690 0.929271 0.008671 0.010049
10 0.479167 0.940093 0.008430 0.010049
10 0.498916 0.969209 0.008430 0.010049
10 0.427144 0.970626 0.010356 0.011853
10 0.431479 0.974362 0.009875 0.011080
10 0.438945 0.982865 0.010356 0.011080
10 0.435092 0.979387 0.009875 0.010307
10 0.452914 0.728807 0.004576 0.010049
10 0.437380 0.732028 0.010597 0.011853
10 0.440992 0.726359 0.009634 0.011337
10 0.267100 0.983767 0.009152 0.011337
10 0.291787 0.961479 0.009393 0.012110
10 0.454721 0.913167 0.008671 0.009276
10 0.293232 0.955553 0.008911 0.011080
10 0.303950 0.963154 0.008671 0.011337
10 0.339475 0.970497 0.008430 0.010564
10 0.353805 0.958645 0.009634 0.011080
10 0.356936 0.954522 0.009152 0.010564
10 0.360429 0.950528 0.008911 0.010822
10 0.321773 0.954136 0.008671 0.010307
10 0.286970 0.892940 0.009393 0.010049
10 0.317919 0.890492 0.010116 0.010307
10 0.299013 0.919608 0.009393 0.010307
10 0.342726 0.746199 0.008189 0.012883
10 0.336705 0.774156 0.011079 0.011595
10 0.356334 0.782788 0.010356 0.010822
10 0.457972 0.918191 0.009875 0.011080
10 0.451349 0.909431 0.008671 0.010049
10 0.617293 0.974749 0.009152 0.010307
10 0.553107 0.970368 0.008911 0.009791
10 0.628492 0.962767 0.011320 0.014172
10 0.633791 0.956197 0.008430 0.010307
10 0.638608 0.951945 0.009875 0.010564
10 0.642582 0.947823 0.009634 0.010049
10 0.646556 0.943571 0.008911 0.009276
10 0.651012 0.939320 0.011561 0.011080
10 0.599831 0.992399 0.009875 0.011080
10 0.570568 0.989049 0.007707 0.009534
10 0.566474 0.985700 0.010116 0.012110
10 0.563343 0.981448 0.007707 0.009276
10 0.536609 0.990724 0.008671 0.009791
10 0.560092 0.977583 0.008430 0.009276
10 0.555997 0.974749 0.010356 0.011853
10 0.549855 0.966890 0.008189 0.009534
10 0.448338 0.904020 0.009393 0.010564
10 0.547327 0.962638 0.007948 0.009791
10 0.543112 0.958774 0.009152 0.010307
10 0.539619 0.954780 0.008911 0.010049
10 0.535645 0.950271 0.008671 0.009276
10 0.532274 0.946406 0.010597 0.010822
10 0.529143 0.942154 0.009152 0.009534
10 0.526493 0.937258 0.008671 0.009534
10 0.528179 0.982350 0.008671 0.009534
10 0.582009 0.859572 0.010838 0.011337
9 0.550698 0.834450 0.015173 0.015718
10 0.488560 0.931719 0.012765 0.014945
10 0.436537 0.892425 0.009393 0.010049
10 0.443401 0.899768 0.009152 0.010307
10 0.362235 0.791677 0.008671 0.009534
10 0.382105 0.792193 0.008911 0.010049
10 0.370183 0.799021 0.010116 0.011853
7 0.870063 0.185519 0.019990 0.023190
7 0.490848 0.514043 0.041426 0.043803
7 0.507828 0.490595 0.039740 0.043288
7 0.528420 0.446406 0.027457 0.029116
7 0.554070 0.432105 0.029143 0.032981
7 0.573338 0.398737 0.034441 0.039423
7 0.589475 0.362149 0.036850 0.041484
7 0.618256 0.332517 0.037091 0.042515
7 0.655347 0.304818 0.024085 0.027313
7 0.705202 0.260886 0.016378 0.018294
7 0.715920 0.204586 0.033478 0.051533
7 0.739162 0.166710 0.038054 0.044318
7 0.765776 0.118268 0.028179 0.034012
7 0.804070 0.072018 0.034441 0.040969
7 0.842004 0.220433 0.014451 0.016233
10 0.386681 0.819505 0.007948 0.009534
7 0.819485 0.260113 0.014210 0.014172
7 0.816474 0.296960 0.014933 0.019325
7 0.834417 0.299150 0.013247 0.028859
7 0.867172 0.302113 0.013247 0.032724
7 0.897038 0.283046 0.011320 0.023448
7 0.918232 0.274671 0.027216 0.037104
7 0.940029 0.248905 0.029865 0.026282
7 0.942799 0.221077 0.022399 0.012883
7 0.951951 0.193507 0.023844 0.022159
7 0.954359 0.167740 0.023362 0.015460
7 0.932322 0.139784 0.013969 0.012626
7 0.913656 0.120587 0.014692 0.013399
7 0.879697 0.031564 0.056599 0.061582
14 0.505178 0.600490 0.026252 0.028086
7 0.453637 0.542901 0.053227 0.063901
7 0.436777 0.593146 0.047447 0.052564
7 0.416787 0.616980 0.049855 0.052821
10 0.389692 0.822855 0.008189 0.009534
10 0.393425 0.826849 0.008911 0.010307
10 0.397760 0.830327 0.008430 0.009534
10 0.408117 0.843984 0.009393 0.010049
10 0.404143 0.868977 0.010116 0.011595
10 0.398121 0.875548 0.010116 0.010822
10 0.394509 0.879284 0.010116 0.011080
10 0.362717 0.863437 0.009152 0.009791
10 0.359586 0.858928 0.008189 0.009018
10 0.352360 0.849652 0.008671 0.009534
10 0.341040 0.840119 0.010597 0.011595
10 0.338150 0.834836 0.008671 0.009791
10 0.331045 0.826333 0.009393 0.009276
10 0.323338 0.817702 0.010838 0.011080
10 0.319003 0.812548 0.010838 0.011080
10 0.302144 0.826849 0.010356 0.011853
10 0.306479 0.833677 0.009875 0.010564
10 0.321291 0.851971 0.009634 0.010564
7 0.176421 0.965730 0.034441 0.036589
7 0.195689 0.934424 0.034441 0.038392
7 0.218449 0.910719 0.037091 0.042515
7 0.232057 0.888044 0.025289 0.025509
7 0.251806 0.873873 0.034441 0.032724
7 0.263849 0.844757 0.033478 0.039423
7 0.303468 0.752641 0.049133 0.057202
7 0.322254 0.712316 0.044316 0.051791
7 0.381985 0.656661 0.048651 0.054367
10 0.623555 0.970368 0.011561 0.010307
10 0.611874 0.978614 0.009875 0.011337
10 0.348507 0.750064 0.008189 0.011337
10 0.559851 0.875676 0.008430 0.009534
10 0.625963 0.909173 0.009634 0.009534
10 0.610188 0.888560 0.008430 0.008503
10 0.607539 0.884823 0.008911 0.009276
10 0.603203 0.880572 0.011320 0.011595
10 0.573338 0.887915 0.008430 0.008761
10 0.608743 0.930301 0.008911 0.009534
10 0.544436 0.904277 0.010356 0.011080
10 0.546845 0.910075 0.010838 0.011853
10 0.571050 0.883149 0.009634 0.009018
10 0.597905 0.877738 0.009393 0.009534
10 0.593569 0.872584 0.011320 0.011595
10 0.586103 0.865885 0.007948 0.009018
10 0.564066 0.873229 0.008671 0.010307
10 0.556238 0.879670 0.007466 0.007730
10 0.633791 0.916259 0.008911 0.007730
10 0.552023 0.882891 0.009152 0.008503
10 0.549615 0.887529 0.009152 0.010049
10 0.545400 0.891265 0.010838 0.011853
10 0.539860 0.901185 0.010356 0.010564
10 0.518304 0.912007 0.008671 0.007988
10 0.514451 0.908658 0.007225 0.007988
10 0.511681 0.903891 0.008911 0.009276
10 0.506623 0.896676 0.010838 0.005669
10 0.518064 0.884308 0.007225 0.007730
10 0.515173 0.889075 0.009634 0.010564
10 0.524205 0.884179 0.008430 0.008503
10 0.524928 0.876836 0.008911 0.009791
10 0.530588 0.875548 0.009634 0.009276
10 0.629456 0.912265 0.008911 0.007988
10 0.637885 0.921541 0.010838 0.009534
10 0.608261 0.983509 0.010838 0.012368
10 0.861031 0.145323 0.008671 0.010307
10 0.471098 0.975264 0.009634 0.009791
1 0.826469 0.536589 0.012765 0.014172
10 0.760718 0.440737 0.009393 0.009534
10 0.614041 0.702912 0.009393 0.011853
10 0.603685 0.706648 0.008911 0.009534
10 0.321773 0.894099 0.008671 0.008761
10 0.298049 0.984025 0.007948 0.008245
10 0.975554 0.068281 0.008911 0.010307
10 0.970135 0.070729 0.008189 0.010049
10 0.979648 0.080778 0.008911 0.009018
10 0.969171 0.085158 0.009152 0.010564
10 0.943160 0.106545 0.011561 0.009018
10 0.933767 0.106545 0.010597 0.007988
10 0.843088 0.157820 0.008430 0.009534
10 0.604167 0.924375 0.008911 0.008503
10 0.800939 0.913553 0.008430 0.009018
10 0.550217 0.598171 0.009393 0.010564
10 0.618015 0.896934 0.008189 0.008761
10 0.613921 0.893455 0.009152 0.009018
10 0.622351 0.904406 0.010597 0.009276
10 0.588752 0.904020 0.009875 0.010049
10 0.581045 0.897191 0.007466 0.008761
10 0.577553 0.893198 0.008189 0.007988
10 0.585260 0.901314 0.008671 0.008245
10 0.591643 0.909431 0.008430 0.008503
10 0.594894 0.912265 0.009152 0.010049
10 0.597062 0.916903 0.008671 0.007988
10 0.600434 0.919995 0.009634 0.008503
10 0.532876 0.871296 0.008911 0.008503
10 0.537452 0.867946 0.009393 0.009534
10 0.542148 0.864339 0.008671 0.008503
10 0.975795 0.342953 0.007466 0.010307
1 0.198579 0.933393 0.010356 0.010049
10 0.619942 0.462123 0.009634 0.010564
10 0.589114 0.521129 0.008671 0.010049
10 0.585019 0.525895 0.011561 0.012368
10 0.531912 0.658722 0.008911 0.010049
10 0.526734 0.660783 0.009634 0.010564
10 0.582250 0.715280 0.009393 0.009791
10 0.533117 0.771708 0.009393 0.009791
10 0.541185 0.762819 0.010116 0.011595
10 0.572616 0.765782 0.009393 0.010822
10 0.553227 0.757666 0.008671 0.011595
10 0.522399 0.761402 0.009634 0.010307
10 0.973266 0.708838 0.010597 0.005153
10 0.980973 0.352229 0.008671 0.012883
10 0.560573 0.850167 0.008430 0.010049
1 0.972423 0.464829 0.011802 0.012883
1 0.836585 0.384308 0.005539 0.014172
1 0.832611 0.358284 0.007707 0.014687
1 0.842004 0.364339 0.009634 0.023190
10 0.719171 0.478485 0.008671 0.008245
10 0.816474 0.524349 0.011079 0.012368
10 0.738198 0.687452 0.011079 0.012368
10 0.745424 0.685906 0.010597 0.012368
10 0.723145 0.897063 0.009393 0.010564
10 0.807803 0.947050 0.009634 0.011595
10 0.796243 0.922958 0.008671 0.009276
10 0.788174 0.932749 0.011320 0.011853
10 0.602962 0.986988 0.008911 0.010049
1 0.195328 0.919737 0.012042 0.014172
1 0.213873 0.897449 0.012042 0.012368
1 0.221339 0.884952 0.011079 0.012110
1 0.299615 0.757666 0.013006 0.013141
10 0.554913 0.847720 0.009634 0.012368
14 0.430034 0.812291 0.026734 0.028601
10 0.539258 0.995749 0.008671 0.008503
10 0.305154 0.924117 0.010597 0.009534
10 0.328878 0.946792 0.010356 0.010049
1 0.782514 0.591085 0.012524 0.013399
1 0.842124 0.290260 0.010356 0.018810
1 0.805515 0.283947 0.014692 0.012368
1 0.817558 0.265524 0.010838 0.010564
1 0.847784 0.224040 0.010597 0.014172
1 0.888849 0.272224 0.019990 0.013656
1 0.920159 0.264365 0.010356 0.012883
1 0.929672 0.253285 0.012524 0.012368
1 0.937861 0.224169 0.014933 0.010822
1 0.942558 0.215151 0.012283 0.008245
1 0.868256 0.196856 0.015414 0.017006
1 0.944605 0.202010 0.012524 0.009791
1 0.941233 0.172121 0.009152 0.014429
1 0.933767 0.144808 0.010116 0.010307
1 0.907514 0.119170 0.012042 0.011595
1 0.519870 0.434424 0.013728 0.014429
1 0.466643 0.521129 0.009875 0.010564
1 0.461585 0.527570 0.010838 0.011595
1 0.425096 0.577171 0.011079 0.012368
1 0.404263 0.600618 0.010838 0.011337
1 0.382225 0.633342 0.012524 0.013399
1 0.343690 0.689255 0.010597 0.011337
7 0.915222 0.016877 0.041908 0.032724