1 0.581655 0.600769 0.009430 0.012821
7 0.349336 0.683333 0.110587 0.150256
10 0.209387 0.259487 0.009859 0.011282
10 0.198886 0.245897 0.011144 0.014872
14 0.194171 0.141282 0.013716 0.022051
10 0.192027 0.076410 0.009430 0.009231
10 0.185169 0.065897 0.009430 0.009744
7 0.197171 0.808462 0.114016 0.163590
7 0.424132 0.595897 0.147878 0.174359
1 0.620017 0.564615 0.010716 0.010256
7 0.456065 0.555641 0.160309 0.189231
7 0.509644 0.505128 0.157737 0.227692
7 0.577154 0.455897 0.119589 0.255385
7 0.687955 0.378718 0.110587 0.221026
7 0.740463 0.350513 0.113588 0.209744
7 0.779040 0.305385 0.099014 0.185128
10 0.207030 0.265128 0.008573 0.009231
10 0.198457 0.256923 0.007715 0.009231
10 0.048221 0.295897 0.003858 0.009231
10 0.026147 0.360000 0.007715 0.011282
10 0.017574 0.368205 0.006001 0.010256
10 0.024003 0.378205 0.006001 0.010769
10 0.011787 0.379231 0.009001 0.006667
10 0.054222 0.689744 0.007287 0.010256
14 0.411059 0.351282 0.014574 0.016410
14 0.614659 0.230000 0.024861 0.023077
10 0.534719 0.244359 0.005572 0.011795
10 0.788898 0.016410 0.008144 0.012308
1 0.771110 0.429487 0.008573 0.013846
10 0.055294 0.296667 0.004286 0.009744
10 0.566224 0.184103 0.009430 0.014359
10 0.576082 0.193333 0.009430 0.013333
10 0.571796 0.164872 0.006858 0.009744
7 0.869267 0.224615 0.108015 0.212308