10 0.862468 0.444387 0.005998 0.013326
7 0.214653 0.699641 0.078835 0.113788
10 0.133462 0.363147 0.009854 0.010764
10 0.137104 0.356484 0.009426 0.010764
10 0.193659 0.339569 0.010283 0.011789
10 0.095330 0.254997 0.009854 0.010764
10 0.085047 0.259098 0.008141 0.010764
1 0.372108 0.130446 0.004713 0.010764
14 0.213153 0.195028 0.013282 0.015889
1 0.325835 0.149923 0.010711 0.011789
7 0.063839 0.863916 0.043702 0.057919
7 0.092117 0.850077 0.042845 0.056894
7 0.141817 0.796258 0.054841 0.085597
7 0.196015 0.720400 0.084404 0.113275
7 0.253642 0.678883 0.053128 0.076371
10 0.429949 0.121989 0.007284 0.013326
7 0.283419 0.624552 0.089546 0.122501
7 0.350686 0.544593 0.086118 0.164531
7 0.399743 0.501794 0.085690 0.150692
7 0.459083 0.467453 0.070694 0.152742
7 0.570480 0.464377 0.036418 0.050231
7 0.598115 0.445413 0.029991 0.049206
7 0.626392 0.406458 0.047129 0.078934
7 0.653171 0.381855 0.044130 0.075859
7 0.662811 0.325987 0.076264 0.141466
7 0.700514 0.299846 0.077121 0.136340
7 0.830977 0.209636 0.060411 0.100461
7 0.856470 0.148129 0.089974 0.142491
10 0.250857 0.395951 0.008141 0.011789
10 0.254713 0.399795 0.008997 0.013326
10 0.258997 0.403383 0.008997 0.013326
10 0.245930 0.442337 0.007712 0.011276
10 0.122536 0.120451 0.008569 0.010251
10 0.738003 0.054075 0.008997 0.011789
1 0.904884 0.205023 0.011997 0.014352
1 0.898672 0.213737 0.010711 0.012301
1 0.884961 0.224500 0.011568 0.016402
1 0.701585 0.109431 0.011568 0.014864
1 0.629392 0.432599 0.008569 0.010251
1 0.670737 0.404664 0.008141 0.014864
1 0.737789 0.418503 0.006855 0.014864
1 0.605827 0.452845 0.012853 0.010764
1 0.593188 0.167606 0.011568 0.017427
10 0.494859 0.260892 0.007712 0.011276
10 0.379392 0.300359 0.007284 0.010251
10 0.419023 0.282932 0.009426 0.009226
10 0.607755 0.197847 0.008141 0.013326
10 0.453942 0.126602 0.007284 0.010251
10 0.457155 0.122501 0.006855 0.011276
1 0.295630 0.654536 0.009426 0.013326
1 0.316410 0.683496 0.010711 0.013839
1 0.234576 0.766274 0.011568 0.012301
1 0.251714 0.734751 0.008997 0.012814
1 0.103899 0.972322 0.023565 0.018452
1 0.134105 0.505382 0.009426 0.012301
10 0.048415 0.655818 0.008569 0.009739
10 0.239075 0.447463 0.005141 0.012301
7 0.907027 0.103280 0.088260 0.149154