10 0.638912 0.979834 0.007890 0.005435
1 0.477159 0.360984 0.014120 0.005721
10 0.310424 0.227546 0.011213 0.003719
10 0.310008 0.231121 0.010382 0.003432
10 0.309385 0.234554 0.010797 0.003432
10 0.291321 0.222254 0.004568 0.008581
10 0.306063 0.283896 0.004153 0.005435
1 0.475914 0.341247 0.011628 0.004577
10 0.404277 0.443078 0.005399 0.006865
10 0.276786 0.278461 0.004568 0.007151
10 0.421304 0.480549 0.008721 0.003432
1 0.498339 0.496997 0.009136 0.007723
1 0.502699 0.564788 0.010382 0.003146
1 0.529693 0.572225 0.009551 0.003719
1 0.595100 0.582237 0.008306 0.003146
1 0.316238 0.523884 0.008721 0.006579
10 0.271595 0.278890 0.004153 0.005721
10 0.279070 0.256722 0.005814 0.006579
14 0.371678 0.584811 0.016611 0.007151
10 0.314161 0.199085 0.010382 0.002860
10 0.277616 0.197368 0.009551 0.005149
10 0.270349 0.206522 0.009136 0.003432
10 0.269311 0.210097 0.009551 0.004291
10 0.267650 0.220824 0.009551 0.004005
10 0.267027 0.224399 0.009136 0.003146
10 0.265365 0.228261 0.009967 0.002288
10 0.314576 0.202088 0.008721 0.002574
10 0.273048 0.259582 0.003738 0.005435
10 0.315199 0.205092 0.009967 0.003432
10 0.311669 0.216390 0.009551 0.003146
10 0.311047 0.219823 0.010797 0.003146
10 0.310216 0.223541 0.010797 0.003146
10 0.262458 0.256150 0.004153 0.006579
10 0.268065 0.256293 0.004568 0.006865
1 0.290698 0.530034 0.011628 0.005721
10 0.461586 0.575229 0.007890 0.003432
10 0.264120 0.184783 0.006645 0.010870
10 0.896179 0.420624 0.008306 0.004863
1 0.866694 0.321939 0.008306 0.007723
1 0.886213 0.284897 0.007475 0.008009
1 0.927118 0.172769 0.012874 0.012586
1 0.959302 0.122140 0.017442 0.008581
1 0.962625 0.106550 0.008306 0.004291
1 0.972799 0.091533 0.008721 0.008581
10 0.868355 0.474828 0.006645 0.006293
1 0.762043 0.448942 0.010797 0.006007
10 0.817068 0.572797 0.007060 0.006579
10 0.898671 0.595252 0.008306 0.008009
10 0.767442 0.589960 0.004153 0.006007
10 0.703696 0.625143 0.009551 0.004863
10 0.876869 0.641018 0.007890 0.005721
10 0.892234 0.647883 0.006229 0.004577
1 0.806686 0.401602 0.012043 0.006865
1 0.799626 0.417334 0.012043 0.006293
10 0.462417 0.578518 0.007060 0.003146
1 0.542774 0.616848 0.009136 0.007151
10 0.452865 0.579376 0.007890 0.003719
10 0.311669 0.604119 0.009551 0.003432
10 0.316238 0.612557 0.007890 0.003719
10 0.397633 0.571796 0.008721 0.003432
10 0.448920 0.623141 0.008306 0.003146
1 0.280731 0.592248 0.012458 0.005435
1 0.554194 0.616133 0.005399 0.010297
1 0.702865 0.520023 0.016196 0.008581
1 0.561462 0.614703 0.004983 0.006293
1 0.578488 0.613701 0.004983 0.006007
1 0.597799 0.610555 0.006229 0.006579
1 0.613787 0.604834 0.006645 0.007151
1 0.624792 0.590818 0.009551 0.006579
1 0.695183 0.523741 0.013289 0.008009
10 0.279070 0.191076 0.010797 0.004005
4 0.702450 0.732122 0.032807 0.027174
10 0.785299 0.614559 0.009967 0.006579
7 0.557724 0.627574 0.007475 0.032609
7 0.662583 0.582809 0.042774 0.026030
7 0.645764 0.600686 0.051495 0.030320
7 0.638704 0.620137 0.040698 0.045195
7 0.620224 0.626859 0.031977 0.054062
7 0.599668 0.627860 0.023256 0.047483
7 0.576204 0.627717 0.013704 0.043192
7 0.535091 0.620852 0.025332 0.028890
7 0.711379 0.535183 0.053987 0.031465
7 0.524709 0.607551 0.015365 0.011442
7 0.505606 0.612986 0.026993 0.008009
7 0.495640 0.586957 0.040282 0.016018
7 0.487334 0.559640 0.042774 0.015732
7 0.478821 0.529462 0.042359 0.014302
7 0.479236 0.498570 0.044850 0.017162
7 0.680233 0.554920 0.033223 0.021739
7 0.731312 0.508009 0.049834 0.027460
7 0.476537 0.431207 0.051080 0.018021
7 0.902409 0.267162 0.049003 0.021739
7 0.983181 0.090961 0.034468 0.021739
7 0.975706 0.116276 0.048588 0.027174
7 0.955150 0.147883 0.050664 0.021739
7 0.927533 0.172340 0.021179 0.022597
7 0.932724 0.204662 0.048173 0.020881
7 0.917151 0.232551 0.046096 0.022311
7 0.889950 0.288186 0.046512 0.019165
7 0.760797 0.478547 0.043189 0.025172
14 0.920266 0.307780 0.014950 0.014302
7 0.871470 0.326802 0.034468 0.020881
7 0.846761 0.365418 0.049003 0.030606
7 0.827450 0.401602 0.051080 0.028604
7 0.808555 0.427489 0.045681 0.023169
7 0.782184 0.450515 0.048588 0.029176
7 0.481105 0.465103 0.042774 0.017162
7 0.468023 0.399314 0.054817 0.015446
7 0.259551 0.996138 0.016611 0.008295
7 0.406769 0.891733 0.022010 0.023741
7 0.235673 0.928633 0.022841 0.018593
7 0.265988 0.920051 0.019518 0.019737
7 0.297965 0.909897 0.019518 0.019451
7 0.319352 0.905463 0.017442 0.018593
7 0.360257 0.899170 0.017857 0.021453
7 0.383306 0.899314 0.013289 0.012014
7 0.422757 0.894022 0.023256 0.017449
7 0.180648 0.832094 0.044020 0.014302
7 0.434801 0.916047 0.024917 0.016876
7 0.392857 0.954090 0.022425 0.010011
7 0.409468 0.958524 0.014950 0.024027
7 0.352159 0.980978 0.031561 0.032323
7 0.316445 0.987271 0.029070 0.025458
7 0.290075 0.991991 0.023671 0.016590
7 0.188331 0.859840 0.042774 0.022883
7 0.174419 0.812071 0.042359 0.011442
7 0.462002 0.371138 0.053571 0.018593
7 0.241902 0.574514 0.034468 0.025458
7 0.456811 0.340389 0.053987 0.014874
7 0.457849 0.312786 0.061877 0.013444
7 0.412375 0.195080 0.087209 0.058924
7 0.338663 0.510441 0.021179 0.017449
7 0.322259 0.526745 0.028239 0.019737
7 0.300249 0.539331 0.027409 0.023741
7 0.212832 0.592248 0.027824 0.022025
7 0.160714 0.775029 0.047342 0.022025
7 0.133306 0.639016 0.024917 0.018307
7 0.126869 0.679634 0.044435 0.014874
7 0.134967 0.698084 0.046512 0.016876
7 0.140365 0.717820 0.053156 0.016876
7 0.147010 0.736985 0.053987 0.015160
7 0.153654 0.752288 0.048173 0.017162
10 0.814784 0.546768 0.008306 0.006007
10 0.760382 0.639874 0.006645 0.005721
10 0.592193 0.982838 0.004983 0.005721
10 0.496678 0.692792 0.006645 0.006865
1 0.275955 0.923913 0.007060 0.008581
1 0.323920 0.909182 0.007475 0.008867
1 0.379153 0.899886 0.008306 0.007437
1 0.397841 0.898741 0.009136 0.008581
14 0.563123 0.760297 0.024917 0.012014
10 0.516404 0.695652 0.009551 0.004577
10 0.493771 0.696510 0.006645 0.005149
1 0.318937 0.977117 0.006645 0.006293
10 0.492525 0.722540 0.009136 0.005721
10 0.435631 0.842391 0.004983 0.006293
10 0.429817 0.842391 0.006645 0.006293
10 0.359219 0.855120 0.004983 0.006007
10 0.214493 0.655177 0.007890 0.003719
10 0.307101 0.664474 0.007890 0.002860
1 0.290075 0.990561 0.010382 0.008581
1 0.393895 0.950658 0.009551 0.004291
10 0.225291 0.787757 0.007890 0.003432
10 0.617525 0.970538 0.006645 0.005149
10 0.528239 0.919479 0.005814 0.005435
10 0.566860 0.971682 0.007475 0.005149
10 0.571221 0.972826 0.007890 0.006293
10 0.590116 0.975114 0.006645 0.005721
10 0.594477 0.976831 0.006229 0.005149
10 0.613164 0.968965 0.006229 0.005435
10 0.605897 0.965532 0.007475 0.006007
1 0.383929 0.953804 0.012874 0.004863
10 0.630606 0.976116 0.006229 0.005435
10 0.584510 0.979977 0.005399 0.004577
10 0.577243 0.993135 0.005814 0.004577
10 0.498547 0.974542 0.008721 0.005721
10 0.492733 0.977117 0.007060 0.005149
10 0.421719 0.986556 0.006229 0.005721
10 0.203488 0.713959 0.008306 0.002860
10 0.231728 0.804348 0.008306 0.003432
10 0.617110 0.917906 0.007475 0.005721
10 0.591362 0.699228 0.004983 0.005435
1 0.245224 0.286327 0.016196 0.003432
1 0.245017 0.296053 0.010797 0.002288
1 0.246885 0.299771 0.013704 0.003432
14 0.330772 0.538759 0.010382 0.007723
14 0.799834 0.590818 0.007475 0.006007
14 0.755814 0.636442 0.008306 0.005721
10 0.583887 0.697941 0.004153 0.005721
1 0.240241 0.278032 0.014535 0.004005
10 0.427533 0.708524 0.007890 0.004005
10 0.427949 0.702517 0.007060 0.002860
10 0.935631 0.682923 0.007475 0.005435
10 0.919020 0.669050 0.009136 0.004577
10 0.632267 0.905606 0.007060 0.005149
10 0.538206 0.916333 0.005814 0.006007
1 0.245224 0.282037 0.015365 0.003432
1 0.239826 0.273598 0.014535 0.003719
10 0.340324 0.801916 0.010382 0.003146
1 0.167359 0.840818 0.011628 0.004863
10 0.269103 0.825944 0.009136 0.003146
1 0.275332 0.835812 0.011628 0.004577
10 0.439784 0.761156 0.008306 0.002860
10 0.445183 0.765875 0.007475 0.002574
10 0.354859 0.754148 0.008721 0.004291
10 0.436462 0.744279 0.008306 0.002860
1 0.160299 0.815360 0.009967 0.003146
1 0.241902 0.269880 0.014535 0.003146
1 0.151993 0.770166 0.007475 0.007151
1 0.136213 0.753289 0.009967 0.004863
1 0.110673 0.683495 0.007890 0.008295
1 0.137666 0.630292 0.011213 0.006579
1 0.200789 0.586957 0.008721 0.004005
1 0.400332 0.010154 0.012458 0.006007
10 0.531561 0.917906 0.005814 0.006293
10 0.613164 0.915332 0.007890 0.006293
10 0.726744 0.674342 0.007475 0.006007
10 0.768272 0.726545 0.006645 0.006293
10 0.787375 0.721253 0.006645 0.003146
10 0.724875 0.707380 0.005399 0.005721
10 0.729236 0.709096 0.006645 0.006865
10 0.736503 0.713101 0.007060 0.006293
10 0.740241 0.714674 0.007060 0.005435
10 0.752076 0.719394 0.006645 0.006293
10 0.771595 0.728404 0.006645 0.006007
10 0.734842 0.695938 0.007890 0.004005
10 0.732558 0.710955 0.008306 0.006579
10 0.743771 0.715246 0.007475 0.006007
10 0.747508 0.718249 0.008306 0.006293
10 0.757060 0.721253 0.007475 0.006007
10 0.759967 0.722540 0.007475 0.006293
10 0.763912 0.724256 0.007890 0.006293
10 0.655731 0.701516 0.009136 0.004863
10 0.783015 0.683352 0.008721 0.005721
10 0.779485 0.731264 0.007475 0.006007
10 0.954527 0.674914 0.007060 0.005435
10 0.910922 0.655892 0.006229 0.005149
10 0.745017 0.677346 0.007475 0.004577
10 0.918605 0.659468 0.007475 0.006007
10 0.922757 0.661613 0.006645 0.005149
10 0.931063 0.664760 0.006645 0.005721
10 0.934593 0.666476 0.007060 0.005149
10 0.943729 0.686928 0.007890 0.005435
10 0.758098 0.663043 0.007060 0.005149
10 0.791321 0.649886 0.007060 0.005721
10 0.807309 0.659754 0.009136 0.004291
10 0.804402 0.662328 0.007475 0.005435
10 0.802326 0.665189 0.009136 0.005435
10 0.753322 0.669336 0.007475 0.004577
10 0.750000 0.671768 0.007475 0.004291
10 0.775540 0.729691 0.007890 0.006293
10 0.774917 0.744994 0.006645 0.004863
10 0.551287 0.897740 0.007890 0.006007
10 0.574543 0.842534 0.006229 0.004863
10 0.757060 0.800772 0.008306 0.005435
10 0.760382 0.801916 0.009136 0.006007
10 0.763912 0.803490 0.007890 0.006293
10 0.773463 0.807780 0.007890 0.005721
10 0.595307 0.808495 0.007060 0.006007
10 0.585133 0.830950 0.005814 0.005721
10 0.615449 0.844251 0.006645 0.003146
10 0.749792 0.797054 0.007060 0.006007
10 0.587209 0.883581 0.005814 0.005721
10 0.592400 0.884868 0.005399 0.005435
10 0.547550 0.899743 0.007060 0.004291
10 0.531769 0.904891 0.007890 0.004291
10 0.614410 0.897025 0.004568 0.005149
10 0.596761 0.888015 0.005814 0.005435
10 0.753322 0.798770 0.007475 0.006579
10 0.746262 0.795481 0.007475 0.006293
14 0.913414 0.738272 0.036130 0.026316
10 0.797757 0.772740 0.005814 0.004863
14 0.846346 0.827374 0.026578 0.020881
10 0.771595 0.742992 0.005814 0.004863
10 0.795473 0.754720 0.006229 0.005435
10 0.805648 0.759010 0.006645 0.005435
10 0.808762 0.774600 0.007060 0.005721
10 0.804610 0.772883 0.007060 0.005721
10 0.795058 0.771167 0.005399 0.004577
10 0.742733 0.747283 0.006229 0.005435
10 0.748131 0.779033 0.005399 0.005435
10 0.761213 0.785755 0.007475 0.005721
10 0.764327 0.787185 0.007890 0.005721
10 0.768688 0.788902 0.005814 0.005721
10 0.726537 0.786041 0.006229 0.005721
10 0.767442 0.805778 0.008306 0.005149
7 0.989826 0.065646 0.020349 0.020309