10 0.814511 0.240713 0.005325 0.014405
7 0.872975 0.618271 0.042822 0.167551
7 0.595518 0.850265 0.010206 0.078089
7 0.650544 0.851782 0.010650 0.091736
7 0.698025 0.844958 0.011981 0.081122
7 0.722432 0.818044 0.007544 0.080364
7 0.765920 0.782411 0.027069 0.127369
7 0.791546 0.733131 0.035278 0.136467
7 0.827491 0.690675 0.037941 0.150114
7 0.847792 0.653525 0.039494 0.159212
7 0.896605 0.574678 0.037275 0.150114
10 0.791214 0.164519 0.004881 0.018196
7 0.915243 0.518954 0.035944 0.141774
7 0.935101 0.481046 0.031728 0.129644
7 0.984580 0.403336 0.031285 0.160728
10 0.057244 0.027293 0.004438 0.013647
10 0.097404 0.087945 0.003994 0.015163
1 0.125361 0.106141 0.006656 0.018196
10 0.165520 0.134951 0.005325 0.024261
10 0.172842 0.136467 0.005769 0.013647
7 0.581762 0.826005 0.006213 0.026535
7 0.556246 0.829037 0.021744 0.059894
7 0.523186 0.767627 0.005325 0.038666
7 0.496228 0.763836 0.003772 0.023503
7 0.070557 0.230478 0.025738 0.098560
7 0.097293 0.296816 0.019303 0.065959
7 0.111160 0.340030 0.015531 0.059894
7 0.137675 0.393101 0.016641 0.076573
7 0.167073 0.434041 0.019081 0.061410
7 0.187708 0.465504 0.013313 0.043973
7 0.206789 0.515542 0.024406 0.084913
7 0.242179 0.548143 0.007766 0.036391
7 0.264921 0.578848 0.016419 0.072024
7 0.302418 0.607278 0.013756 0.045489
7 0.331817 0.614102 0.007766 0.043973
7 0.357555 0.666035 0.008653 0.044731
7 0.382516 0.686126 0.013756 0.047005
7 0.409585 0.724792 0.011981 0.040940
7 0.435878 0.736164 0.007766 0.036391
7 0.462059 0.759666 0.013091 0.050038
7 0.487353 0.767627 0.011759 0.040182
10 0.218771 0.249810 0.004881 0.015921
10 0.306745 0.464746 0.003328 0.015163
14 0.306412 0.543973 0.010650 0.029568
10 0.747726 0.542077 0.003994 0.012130
10 0.753273 0.517058 0.005325 0.015163
10 0.780120 0.540940 0.005325 0.015921
10 0.784446 0.528431 0.005103 0.010614
1 0.781784 0.566717 0.006878 0.028052
14 0.821722 0.537908 0.011759 0.040182
14 0.860883 0.423048 0.012425 0.034875
14 0.878633 0.363912 0.013313 0.039424
14 0.904038 0.302881 0.010872 0.032600
14 0.952075 0.229719 0.010650 0.033359
10 0.925671 0.150872 0.003550 0.015163
10 0.861771 0.114102 0.004881 0.015921
10 0.231307 0.039045 0.005547 0.020470
10 0.624251 0.556861 0.004659 0.008340
10 0.602951 0.384003 0.002441 0.015921
10 0.816619 0.412434 0.004659 0.018196
14 0.740626 0.211145 0.009319 0.023503
10 0.789661 0.172479 0.004438 0.017437
10 0.750388 0.547384 0.004438 0.013647
10 0.745729 0.565580 0.003994 0.013647
10 0.408143 0.542077 0.001997 0.012130
10 0.575216 0.597801 0.001997 0.015921
10 0.376414 0.528810 0.003328 0.015921
10 0.435545 0.587187 0.004881 0.008340
1 0.426004 0.604246 0.004438 0.028810
1 0.486909 0.701289 0.002884 0.016679
14 0.412913 0.652767 0.005769 0.033359
1 0.465054 0.771039 0.004438 0.010614
10 0.613379 0.720243 0.003772 0.015163
10 0.620590 0.711145 0.004881 0.007582
1 0.692922 0.858984 0.006656 0.037908
14 0.678722 0.725550 0.011981 0.025777
10 0.714666 0.651630 0.003550 0.017437
10 0.730308 0.608795 0.004216 0.018196
10 0.693477 0.617134 0.004216 0.010614
10 0.693477 0.609553 0.005103 0.013647
10 0.609607 0.553450 0.004659 0.009098
10 0.672620 0.534875 0.005547 0.011372
10 0.581207 0.545110 0.005547 0.007582
7 0.048258 0.178165 0.021078 0.068234