10 0.198382 0.180176 0.008371 0.045898
10 0.045201 0.170898 0.012277 0.041016
0 0.757533 0.698730 0.087054 0.200195
0 0.641183 0.754395 0.085938 0.192383
0 0.099191 0.586914 0.114118 0.332031
0 0.169643 0.415039 0.111049 0.269531
0 0.272600 0.273438 0.073103 0.224609
10 0.013811 0.218262 0.013114 0.040039
10 0.021903 0.206055 0.013672 0.041016
10 0.028878 0.194336 0.014230 0.041016
10 0.037388 0.184082 0.014509 0.036133
10 0.051618 0.158203 0.013951 0.039062
10 0.187919 0.194824 0.007533 0.045898
10 0.060128 0.147461 0.013672 0.041016
10 0.050502 0.283203 0.013951 0.037109
10 0.055664 0.266602 0.013114 0.037109
10 0.064732 0.250977 0.013393 0.037109
10 0.081473 0.225098 0.015625 0.043945
10 0.022182 0.448242 0.014230 0.041016
10 0.043387 0.414062 0.015904 0.039062
10 0.063337 0.389160 0.010045 0.036133
10 0.159738 0.246094 0.013114 0.039062
0 0.873744 0.621582 0.113002 0.227539