2 0.715625 0.269125 0.002250 0.002250
7 0.422750 0.523500 0.020000 0.013500
2 0.722750 0.275125 0.003500 0.003750
8 0.908625 0.365500 0.018250 0.018000
1 0.748625 0.981625 0.012750 0.018250
2 0.445000 0.353125 0.007000 0.006750
2 0.438875 0.345250 0.006250 0.006500
2 0.365875 0.235250 0.008750 0.009000
2 0.371875 0.243250 0.008750 0.009000
2 0.340125 0.318500 0.004750 0.004500
2 0.331625 0.324625 0.004750 0.004250
2 0.321625 0.311250 0.005750 0.005500
2 0.330375 0.305125 0.004750 0.005250
2 0.322625 0.294625 0.005750 0.005750
2 0.313875 0.300500 0.005750 0.006500
2 0.312250 0.280500 0.006500 0.007000
2 0.303625 0.286625 0.005750 0.006250
2 0.304250 0.269250 0.005500 0.005500
2 0.295625 0.275750 0.004750 0.004500
1 0.163625 0.857375 0.004750 0.002250
1 0.293625 0.390625 0.007750 0.009250
2 0.718625 0.271250 0.004250 0.004500
7 0.703500 0.468500 0.018500 0.016000
2 0.713250 0.266625 0.002000 0.002250
7 0.279500 0.382125 0.013000 0.015250
2 0.710500 0.264250 0.002500 0.002500
2 0.717625 0.267250 0.001750 0.002000
2 0.715000 0.265000 0.002000 0.002000
2 0.712000 0.262000 0.002000 0.002000
1 0.654000 0.523875 0.006000 0.003750
1 0.653625 0.522500 0.006250 0.003000
1 0.654000 0.521125 0.005500 0.002750
1 0.653125 0.520125 0.007750 0.004250
1 0.653125 0.518625 0.005750 0.003250
1 0.651875 0.518125 0.006250 0.003250
1 0.651375 0.517125 0.004750 0.002250
1 0.651125 0.516000 0.005750 0.003000
1 0.650000 0.514750 0.008000 0.005000
1 0.649500 0.513250 0.005500 0.003500
1 0.618625 0.534250 0.008750 0.010500
1 0.613125 0.535500 0.011750 0.014000
8 0.495500 0.137750 0.013000 0.014500
8 0.479500 0.119000 0.006000 0.006000
6 0.608250 0.120000 0.060000 0.061500
1 0.124750 0.126375 0.012000 0.013250