8 0.563558 0.289625 0.009808 0.008750
8 0.819038 0.088250 0.002692 0.005000
1 0.852692 0.650375 0.011538 0.003750
1 0.878942 0.662000 0.007885 0.003500
1 0.834231 0.659875 0.011154 0.003750
1 0.794038 0.702625 0.006538 0.008250
1 0.782981 0.710000 0.008654 0.012000
1 0.759808 0.707750 0.009231 0.013000
8 0.134327 0.052250 0.002885 0.004500
8 0.860481 0.086250 0.002115 0.004500
8 0.831731 0.374250 0.007692 0.011000
1 0.927596 0.657750 0.010577 0.006500
8 0.785192 0.087250 0.002692 0.005000
8 0.845673 0.452750 0.003269 0.006500
8 0.757212 0.540000 0.003654 0.003500
8 0.834615 0.510125 0.002692 0.008750
8 0.970385 0.523250 0.004615 0.004000
8 0.950673 0.568250 0.004423 0.005500
8 0.984808 0.466500 0.004615 0.003500
8 0.113942 0.330000 0.004423 0.009500
1 0.909135 0.661000 0.009423 0.005500
1 0.883846 0.647375 0.013462 0.008750
8 0.029231 0.954000 0.003846 0.004000
8 0.304712 0.877250 0.004038 0.004000
8 0.020673 0.143125 0.002885 0.005750
8 0.173077 0.196500 0.009615 0.011000
8 0.191827 0.220750 0.004038 0.009500
8 0.197500 0.442500 0.003846 0.003500
8 0.223942 0.530375 0.003654 0.003250
8 0.252404 0.886875 0.003654 0.005250
8 0.227115 0.916375 0.002692 0.004750
8 0.287115 0.802500 0.003462 0.003500
8 0.193654 0.954375 0.003462 0.005250
1 0.902692 0.632875 0.013077 0.008250
8 0.336538 0.345375 0.003077 0.006250
8 0.367019 0.364125 0.003654 0.007250
8 0.370865 0.367500 0.002885 0.007000
8 0.731154 0.548750 0.007308 0.005000
1 0.732404 0.799750 0.009038 0.015000
1 0.673846 0.885875 0.009231 0.014750
1 0.629519 0.957750 0.009423 0.014500
1 0.749038 0.752000 0.009231 0.015000
8 0.166923 0.169250 0.005385 0.003000
8 0.259038 0.690000 0.004231 0.005000
8 0.572019 0.285875 0.010577 0.007750
8 0.327308 0.604000 0.003077 0.004000
8 0.431635 0.775500 0.002885 0.005000
8 0.460192 0.501875 0.008077 0.012250
8 0.463942 0.508250 0.007115 0.012000
8 0.647500 0.093625 0.008462 0.005750
8 0.653750 0.094250 0.007500 0.006000
12 0.656923 0.743500 0.003462 0.004000
8 0.263173 0.704625 0.003654 0.007250
8 0.264904 0.712750 0.003654 0.009500
8 0.204327 0.468000 0.004808 0.006000
8 0.347308 0.820125 0.005385 0.007250
8 0.278365 0.296000 0.013269 0.009500
8 0.188654 0.150500 0.003846 0.004000
8 0.446635 0.079875 0.004423 0.004750
8 0.437500 0.079125 0.010000 0.003750
8 0.502692 0.316875 0.002308 0.004250
8 0.517788 0.729125 0.002500 0.003750
8 0.581731 0.827250 0.005000 0.005500
8 0.567692 0.506125 0.003077 0.004250
8 0.459904 0.760500 0.002885 0.005000
8 0.339135 0.824000 0.005577 0.007000
8 0.654135 0.473875 0.002115 0.006750
8 0.851154 0.816375 0.005000 0.003750
8 0.689038 0.460250 0.002692 0.005000
8 0.653173 0.250125 0.001731 0.004250
8 0.660096 0.095500 0.002500 0.005000
8 0.711827 0.098500 0.001731 0.005000
8 0.738558 0.135500 0.004038 0.009000
8 0.861250 0.690625 0.003269 0.002750
8 0.918654 0.932750 0.003846 0.003000
8 0.872115 0.737500 0.004231 0.005000
8 0.992885 0.401250 0.007308 0.009000
8 0.293462 0.082875 0.003077 0.005750
8 0.997404 0.300750 0.004423 0.003500
8 0.996250 0.327375 0.004808 0.004250
8 0.981731 0.546000 0.003846 0.004000
8 0.983365 0.193125 0.004038 0.004250
8 0.823462 0.425625 0.003077 0.005750
8 0.864231 0.858625 0.003846 0.003250
8 0.336923 0.961375 0.003846 0.003750
8 0.245000 0.635000 0.003462 0.002500
8 0.042404 0.122625 0.004423 0.007750