10 0.996752 0.113507 0.006496 0.013832
10 0.848965 0.937144 0.006496 0.015867
10 0.883475 0.934703 0.008120 0.015867
10 0.869468 0.933889 0.007714 0.015867
10 0.799229 0.936941 0.006902 0.016273
10 0.792326 0.938365 0.006902 0.015867
10 0.785221 0.939788 0.005684 0.013019
10 0.778319 0.938975 0.005684 0.013019
10 0.757207 0.938771 0.007308 0.015867
10 0.813033 0.936737 0.008526 0.016680
10 0.834145 0.936737 0.006902 0.015053
10 0.841657 0.937144 0.007308 0.013426
10 0.855461 0.936127 0.007308 0.015460
10 0.898904 0.934906 0.006496 0.014646
10 0.869265 0.972539 0.006496 0.016680
10 0.898701 0.970504 0.007714 0.016680
10 0.912708 0.969487 0.008932 0.017901
10 0.731831 0.963181 0.013398 0.006916
10 0.731628 0.985557 0.013804 0.008544
9 0.960820 0.822010 0.036947 0.011798
9 0.772838 0.832384 0.007714 0.016273
10 0.867235 0.720098 0.014616 0.008950
9 0.934633 0.652563 0.021924 0.009764
9 0.934227 0.641579 0.022737 0.008950
10 0.912505 0.935720 0.008526 0.015460
10 0.862769 0.935517 0.007308 0.014239
10 0.949046 0.562856 0.015022 0.008544
10 0.426309 0.073841 0.012992 0.008544
0 0.754974 0.313873 0.134389 0.140358
0 0.555217 0.279902 0.257004 0.266884
0 0.339220 0.257526 0.270808 0.269325
0 0.333130 0.586859 0.092976 0.107811
0 0.478685 0.755085 0.107998 0.120423
0 0.647178 0.753458 0.107998 0.108218
10 0.353837 0.841131 0.008526 0.015053
9 0.379212 0.901546 0.008932 0.016273
9 0.508120 0.127950 0.008526 0.015053
9 0.448437 0.113507 0.014210 0.014646
10 0.428136 0.059601 0.010962 0.006916
10 0.819935 0.936534 0.006902 0.014646
9 0.574706 0.124491 0.008526 0.014646
9 0.591758 0.125305 0.007714 0.015460
10 0.815266 0.972539 0.006496 0.015053
10 0.822371 0.972539 0.006902 0.014239
10 0.830288 0.973963 0.006496 0.016273
10 0.837799 0.974166 0.006090 0.012612
10 0.844093 0.974369 0.004872 0.013019
10 0.877791 0.971928 0.008120 0.017087
10 0.948843 0.939382 0.008120 0.014646
10 0.771011 0.937958 0.007308 0.015053
9 0.933618 0.632018 0.022330 0.009357
10 0.947219 0.532750 0.014616 0.006916
10 0.989241 0.114117 0.006090 0.012612
9 0.976654 0.371033 0.006902 0.013832
10 0.979497 0.404801 0.007714 0.014646
10 0.986399 0.405207 0.006902 0.013832
10 0.993707 0.404190 0.006902 0.013426
10 0.942347 0.410090 0.012180 0.006509
10 0.943768 0.417413 0.014210 0.007323
10 0.943159 0.402360 0.014616 0.004882
10 0.942550 0.395850 0.011774 0.006509
10 0.943159 0.388527 0.012992 0.006509
10 0.962038 0.370627 0.006090 0.013019
10 0.968534 0.370627 0.006090 0.013019
10 0.960617 0.328316 0.007308 0.008950
10 0.995128 0.479251 0.006496 0.015460
10 0.960820 0.335639 0.007714 0.009764
10 0.961429 0.341741 0.008120 0.009764
10 0.962038 0.348454 0.006902 0.008544
10 0.956760 0.200773 0.006902 0.016680
10 0.969143 0.170464 0.014616 0.007323
10 0.967925 0.150325 0.014616 0.007730
10 0.936257 0.125712 0.012180 0.005696
10 0.966910 0.115134 0.006902 0.011391
10 0.959399 0.114931 0.006496 0.014239
10 0.981933 0.114117 0.006902 0.013426
10 0.994722 0.445077 0.007308 0.013019
10 0.988226 0.445484 0.007308 0.012205
10 0.977060 0.537632 0.007714 0.014239
10 0.988632 0.479862 0.004872 0.011798
10 0.983557 0.538446 0.006902 0.014239
10 0.976045 0.523393 0.006496 0.011798
10 0.946813 0.518918 0.012180 0.006103
10 0.946610 0.511188 0.011774 0.006103
10 0.946407 0.503458 0.011368 0.006103
10 0.946610 0.496542 0.010962 0.006103
10 0.945392 0.489015 0.011774 0.005696
10 0.947422 0.482099 0.014210 0.006509
10 0.982136 0.493084 0.005684 0.011391
10 0.989444 0.494101 0.005684 0.011798
10 0.981933 0.479658 0.006090 0.013019
10 0.980512 0.446908 0.007308 0.014239
10 0.975842 0.493491 0.006090 0.013832
10 0.975436 0.479251 0.006902 0.013019
10 0.946813 0.475590 0.014616 0.007323
10 0.947219 0.468063 0.013804 0.007730
10 0.944580 0.460944 0.011774 0.006509
10 0.944580 0.453621 0.015022 0.007323
10 0.944174 0.446094 0.015022 0.007730
10 0.943362 0.438975 0.012586 0.006509
10 0.943565 0.431855 0.013804 0.007730
10 0.973203 0.446705 0.007308 0.014646
0 0.814860 0.732099 0.077954 0.066314