10 0.832896 0.645745 0.013998 0.019312
9 0.184602 0.856065 0.043745 0.011467
4 0.474628 0.739288 0.076115 0.105009
4 0.575241 0.742004 0.070866 0.101992
4 0.677165 0.742305 0.076990 0.107423
10 0.647419 0.110139 0.013998 0.017502
10 0.890639 0.073024 0.026247 0.008449
10 0.108486 0.159626 0.013998 0.017502
10 0.834208 0.409777 0.013123 0.018105
9 0.040682 0.150272 0.062117 0.015691
3 0.582240 0.333736 0.284339 0.191913
9 0.188976 0.882317 0.040245 0.012070
10 0.940945 0.597465 0.018373 0.016898
9 0.089676 0.874472 0.046369 0.037417
10 0.755468 0.854556 0.023622 0.007242
10 0.769466 0.985516 0.027122 0.012070
10 0.842082 0.820760 0.013123 0.015691
10 0.828521 0.777610 0.012248 0.019916
10 0.908574 0.670791 0.021872 0.009053
10 0.881015 0.670791 0.029746 0.009053
10 0.829396 0.687689 0.013998 0.016295
10 0.879703 0.598069 0.018373 0.019312
4 0.373141 0.738081 0.076115 0.105009