3 0.226125 0.682750 0.013750 0.013500
6 0.229000 0.725375 0.023500 0.051750
0 0.448250 0.848750 0.010000 0.010500
0 0.433375 0.765750 0.010250 0.010500
0 0.455375 0.737125 0.010750 0.011250
0 0.433000 0.699125 0.007000 0.006750
0 0.449875 0.676750 0.008250 0.007500
0 0.445000 0.669375 0.009500 0.009250
0 0.382625 0.622250 0.010750 0.012500
0 0.404625 0.612625 0.016250 0.016250
0 0.444500 0.482500 0.013500 0.014000
0 0.605625 0.870500 0.010250 0.011000
0 0.580250 0.733625 0.007500 0.009250
3 0.248500 0.690375 0.012500 0.015750
8 0.090875 0.035500 0.018750 0.023000
2 0.577875 0.592500 0.004750 0.004000
8 0.123375 0.023000 0.025750 0.027000
8 0.272250 0.098375 0.021500 0.013750
8 0.410125 0.246250 0.008750 0.011500
8 0.595750 0.313625 0.006500 0.015750
8 0.953000 0.268625 0.009000 0.014750
0 0.598250 0.824125 0.007000 0.004750
0 0.599375 0.830375 0.005250 0.005750
0 0.596500 0.806125 0.005000 0.004750
0 0.582375 0.710625 0.004250 0.005750
0 0.584000 0.679125 0.004500 0.004750
2 0.573750 0.580875 0.004500 0.004250
2 0.574750 0.586125 0.005000 0.003750
0 0.462500 0.919125 0.010500 0.010750