10 0.992475 0.037724 0.006101 0.010421
10 0.290726 0.092226 0.008338 0.006878
10 0.263474 0.072530 0.009559 0.007086
10 0.296827 0.066903 0.008338 0.006669
10 0.724629 0.199875 0.008949 0.005419
10 0.542404 0.254481 0.004474 0.007086
10 0.563758 0.260213 0.004881 0.009379
10 0.568233 0.260942 0.003254 0.006253
10 0.550844 0.257399 0.005084 0.008754
10 0.232561 0.004689 0.006305 0.009379
9 0.144295 0.336286 0.011592 0.011463
10 0.385499 0.145477 0.004678 0.008337
10 0.637381 0.184973 0.008542 0.006461
9 0.677547 0.188620 0.005084 0.010421
10 0.864043 0.208212 0.007118 0.008754
10 0.851739 0.206544 0.004474 0.008754
10 0.903701 0.202063 0.005898 0.009379
9 0.988306 0.063777 0.008338 0.013756
10 0.956986 0.009483 0.008338 0.003960
9 0.985662 0.562526 0.009152 0.012922
10 0.896990 0.905481 0.008745 0.006878
10 0.937767 0.914965 0.010169 0.007086
10 0.222087 0.031888 0.004881 0.009587
10 0.228900 0.012297 0.006711 0.009170
10 0.288997 0.062526 0.007728 0.006669
10 0.295505 0.071280 0.008949 0.007086
10 0.336994 0.042101 0.007728 0.010838
10 0.259813 0.079200 0.009152 0.006669
10 0.270388 0.060650 0.009152 0.007086
10 0.247102 0.201125 0.007322 0.007086
10 0.869331 0.802001 0.007118 0.010004
10 0.161887 0.756253 0.011389 0.011463
10 0.176429 0.711025 0.008338 0.008962
9 0.788692 0.951542 0.008135 0.011463
10 0.925869 0.909754 0.009559 0.007086
9 0.797743 0.944143 0.007932 0.011255
9 0.786964 0.965611 0.007932 0.011255
9 0.817877 0.899541 0.008745 0.011255
10 0.859772 0.766778 0.007525 0.006669
10 0.851129 0.809400 0.006915 0.009379
10 0.874924 0.783243 0.007322 0.010004
10 0.863230 0.815236 0.007932 0.009796
10 0.867907 0.835348 0.009965 0.008337
10 0.137381 0.011255 0.007118 0.008754
10 0.855298 0.829408 0.005898 0.009796
9 0.892821 0.703731 0.010982 0.010213
9 0.902786 0.683306 0.010982 0.008545
10 0.906040 0.678199 0.008542 0.006669
10 0.899024 0.690079 0.009152 0.007920
9 0.069148 0.091184 0.008949 0.008962
10 0.031218 0.041267 0.005491 0.008754
10 0.035184 0.042935 0.005288 0.007920
10 0.120500 0.037516 0.007932 0.009170
10 0.098637 0.078991 0.008135 0.008754
9 0.091418 0.086599 0.007525 0.006878
10 0.298861 0.095561 0.007932 0.006878
10 0.282794 0.088683 0.008338 0.006461
10 0.225239 0.906419 0.009965 0.008754
10 0.275168 0.085556 0.009355 0.006878
10 0.232866 0.250521 0.007728 0.008337
10 0.222798 0.246144 0.008338 0.008754
10 0.215375 0.252293 0.008949 0.008128
10 0.216799 0.265840 0.009762 0.009796
10 0.198902 0.268654 0.009355 0.009587
10 0.194529 0.287099 0.010372 0.009796
10 0.029490 0.737495 0.007322 0.008128
10 0.056437 0.742393 0.009152 0.008754
10 0.040472 0.746248 0.006101 0.008128
10 0.073520 0.772509 0.008745 0.009379
10 0.076978 0.776157 0.008338 0.009170
10 0.082266 0.779491 0.007932 0.009170
10 0.116738 0.794810 0.007322 0.008128
10 0.091011 0.787932 0.006711 0.008545
10 0.127212 0.820654 0.007118 0.008128
10 0.170429 0.842226 0.008542 0.007920
10 0.182225 0.833681 0.009355 0.008337
10 0.191072 0.841705 0.009559 0.008128
10 0.200325 0.849521 0.008949 0.008337
10 0.197885 0.865569 0.010169 0.010004
10 0.206630 0.866298 0.004881 0.009796
10 0.217511 0.875365 0.009559 0.008337
10 0.155176 0.845144 0.009355 0.010004
10 0.240289 0.885160 0.008745 0.009170
10 0.248729 0.892664 0.009355 0.008337
10 0.239577 0.243539 0.008135 0.008962
10 0.230120 0.237912 0.009152 0.009379
10 0.225442 0.194143 0.009559 0.009379
10 0.031828 0.141205 0.008338 0.007712
10 0.266626 0.082013 0.007728 0.006461
10 0.036811 0.022405 0.009762 0.006461
10 0.064267 0.061797 0.009762 0.011463
10 0.106772 0.051792 0.007728 0.008128
10 0.113586 0.044810 0.009152 0.009170
10 0.122737 0.052626 0.008745 0.009796
10 0.043421 0.100146 0.009152 0.009796
10 0.037014 0.103272 0.008542 0.010629
10 0.101180 0.100250 0.006711 0.007920
10 0.093756 0.106398 0.008135 0.008545
10 0.052674 0.137870 0.006508 0.008128
10 0.037421 0.150271 0.009355 0.011255
10 0.237238 0.197999 0.009152 0.009170
10 0.041590 0.152251 0.006305 0.008545
10 0.012813 0.123593 0.006915 0.008337
10 0.031320 0.158504 0.006508 0.008545
10 0.025117 0.163297 0.009152 0.009379
10 0.335876 0.149541 0.007525 0.007295
10 0.328249 0.156940 0.007322 0.007503
10 0.266931 0.201751 0.008338 0.008754
10 0.272931 0.210192 0.009355 0.009379
10 0.259813 0.210192 0.008745 0.008962
10 0.257881 0.226032 0.008135 0.008962
10 0.249746 0.233326 0.008949 0.008962
10 0.158430 0.753335 0.010169 0.011046
10 0.086028 0.973218 0.008542 0.008962
10 0.056335 0.961025 0.009762 0.010004
10 0.067928 0.957274 0.009355 0.009170
10 0.476612 0.367341 0.008338 0.008128
10 0.484442 0.374010 0.007728 0.007295
10 0.491865 0.380158 0.008745 0.007920
10 0.500407 0.387870 0.008338 0.007920
10 0.509152 0.394539 0.008338 0.007503
10 0.515660 0.400167 0.008338 0.008337
10 0.513931 0.419237 0.008135 0.004794
10 0.518406 0.423614 0.008949 0.005211
10 0.554505 0.371822 0.007118 0.008337
10 0.569656 0.366611 0.007728 0.008337
10 0.539150 0.355252 0.005288 0.008962
10 0.469799 0.319717 0.005695 0.009170
9 0.485560 0.261359 0.006711 0.011672
10 0.482815 0.272405 0.006101 0.009587
10 0.480374 0.280742 0.005695 0.009587
10 0.525117 0.272926 0.005695 0.008962
10 0.516270 0.270634 0.005084 0.008962
10 0.534065 0.274489 0.005695 0.007920
10 0.583486 0.295331 0.006101 0.009170
10 0.559386 0.259692 0.004271 0.007503
10 0.496848 0.276157 0.005288 0.008754
10 0.501830 0.276782 0.004678 0.008754
10 0.514440 0.279179 0.005084 0.008962
10 0.522880 0.282409 0.006101 0.009170
10 0.527354 0.283868 0.005288 0.009170
10 0.470002 0.360775 0.007322 0.007920
10 0.531727 0.322218 0.005898 0.009587
10 0.036811 0.281263 0.006101 0.008128
10 0.024507 0.019070 0.009559 0.007712
13 0.463697 0.762088 0.140736 0.156524
5 0.351841 0.337536 0.044336 0.061067
4 0.295810 0.307941 0.033557 0.049396
4 0.322859 0.316278 0.032337 0.049396
4 0.315843 0.240517 0.033354 0.049604
4 0.342587 0.249166 0.032744 0.050229
9 0.688123 0.220613 0.019727 0.007295
13 0.712426 0.685702 0.180191 0.224260
4 0.950681 0.264173 0.046573 0.046061
4 0.966443 0.280534 0.043522 0.047520
6 0.788896 0.360775 0.340858 0.212172
10 0.062233 0.037724 0.007728 0.009170
10 0.007118 0.308566 0.007728 0.010629
10 0.068944 0.046790 0.008135 0.009796
10 0.076368 0.056899 0.007525 0.009170
10 0.027252 0.698416 0.008542 0.008337
10 0.049522 0.014694 0.009965 0.007295
10 0.112264 0.353481 0.008135 0.008337
10 0.029490 0.286578 0.005695 0.010004
10 0.021660 0.294393 0.005898 0.008962
10 0.013931 0.301480 0.007525 0.011046
10 0.017185 0.297520 0.006711 0.009379
10 0.010372 0.304710 0.006915 0.010004
10 0.003254 0.312630 0.006508 0.009170
10 0.492373 0.334098 0.004881 0.008754
10 0.507932 0.346915 0.005491 0.008128
10 0.506000 0.336390 0.005695 0.008754
10 0.540167 0.285848 0.006101 0.009379
10 0.576774 0.284598 0.005288 0.008545
10 0.555013 0.280950 0.005288 0.010004
10 0.544438 0.286995 0.006101 0.009587
10 0.574741 0.293456 0.004474 0.009587
10 0.578910 0.295540 0.005898 0.010004
10 0.505695 0.276990 0.005898 0.009587
10 0.520541 0.272405 0.005491 0.008337
10 0.530608 0.305961 0.005695 0.009170
10 0.503152 0.267924 0.004474 0.008545
10 0.507932 0.267924 0.005491 0.009379
10 0.546675 0.277616 0.005695 0.010004
10 0.531117 0.283972 0.005491 0.008962
10 0.538133 0.275844 0.005288 0.008962
10 0.561420 0.290434 0.006305 0.009379
10 0.569961 0.313777 0.006305 0.011046
10 0.574537 0.316069 0.007728 0.012297
10 0.497865 0.313151 0.005695 0.010629
10 0.552268 0.310754 0.005898 0.010004
10 0.535692 0.322739 0.005695 0.008962
10 0.576774 0.329617 0.006508 0.010629
10 0.581249 0.285640 0.006101 0.008545
10 0.596807 0.300646 0.007118 0.011046
10 0.548810 0.325448 0.005084 0.009379
10 0.067724 0.941330 0.009355 0.010213
10 0.564369 0.282409 0.007322 0.010004
10 0.542302 0.276886 0.005898 0.009796
10 0.510270 0.338683 0.005288 0.008754
10 0.436750 0.097645 0.006305 0.009379
10 0.579927 0.317111 0.005898 0.009379
10 0.501627 0.298353 0.006305 0.010213
10 0.550437 0.348166 0.005491 0.008545
10 0.545251 0.348166 0.004474 0.007295
10 0.541082 0.346394 0.004271 0.008337
10 0.536506 0.345040 0.004881 0.008962
10 0.532235 0.345352 0.004474 0.007920
10 0.584299 0.007816 0.009762 0.006044
10 0.594672 0.010629 0.008135 0.005419
10 0.468782 0.013652 0.006508 0.009796
10 0.535286 0.013964 0.009355 0.006253
10 0.447834 0.069612 0.006508 0.009170
10 0.570775 0.291267 0.005084 0.009379
10 0.521354 0.154856 0.006305 0.008754
9 0.472239 0.158295 0.009762 0.006461
10 0.526642 0.374114 0.005898 0.009587
10 0.523388 0.341705 0.005084 0.008545
10 0.527659 0.343476 0.005084 0.009170
10 0.495017 0.344935 0.006508 0.009587
10 0.518812 0.340454 0.004474 0.008128
10 0.501220 0.335869 0.005491 0.008962
10 0.488103 0.333055 0.005695 0.010004
10 0.485865 0.343789 0.004474 0.008545
10 0.514745 0.339725 0.005288 0.009170
10 0.225239 0.889537 0.009965 0.009170
10 0.287675 0.926323 0.009965 0.008962
10 0.920582 0.927678 0.005898 0.008337
10 0.987391 0.571488 0.008135 0.010838
10 0.879195 0.812526 0.009355 0.007712
10 0.848383 0.788037 0.011186 0.007920
10 0.855705 0.774906 0.010372 0.008754
10 0.986577 0.784389 0.009762 0.005627
10 0.977527 0.781992 0.008745 0.005419
10 0.985865 0.765736 0.005084 0.008754
10 0.981289 0.765006 0.004474 0.008962
10 0.870348 0.745206 0.008338 0.007295
10 0.947936 0.677574 0.007322 0.006669
10 0.913362 0.682993 0.006915 0.009170
10 0.914175 0.659546 0.009355 0.007712
10 0.908176 0.672676 0.006711 0.006044
10 0.877263 0.730930 0.009152 0.007503
10 0.926174 0.718216 0.009762 0.007086
10 0.958206 0.654127 0.009152 0.007712
10 0.945088 0.654960 0.006915 0.009379
10 0.995322 0.629637 0.008135 0.007086
10 0.986679 0.625886 0.008745 0.008337
10 0.977832 0.620675 0.008949 0.008337
10 0.945292 0.609316 0.010169 0.008962
10 0.933801 0.620363 0.008745 0.007295
10 0.930242 0.629742 0.008135 0.006461
10 0.948648 0.590454 0.007118 0.005836
10 0.970307 0.604106 0.006508 0.011046
10 0.977832 0.590871 0.007728 0.010004
10 0.869331 0.830346 0.007932 0.007086
10 0.837706 0.810233 0.009355 0.008128
10 0.833333 0.818570 0.008338 0.006878
10 0.902583 0.918195 0.008949 0.011046
10 0.747712 0.229054 0.007525 0.004585
10 0.776591 0.231867 0.008745 0.004377
10 0.624161 0.291684 0.008949 0.010629
10 0.626805 0.301271 0.008542 0.005211
10 0.625381 0.307524 0.007728 0.006044
10 0.784320 0.914235 0.009152 0.007712
10 0.747102 0.987495 0.009965 0.008754
10 0.887126 0.900167 0.009355 0.008337
10 0.879093 0.896207 0.008745 0.007920
10 0.865670 0.889120 0.008745 0.007503
10 0.857535 0.884535 0.009965 0.008337
10 0.908786 0.923301 0.009559 0.007503
10 0.829266 0.826490 0.010372 0.007712
10 0.940716 0.906315 0.007118 0.010213
10 0.935937 0.904231 0.006915 0.009796
10 0.921802 0.897978 0.007118 0.010213
10 0.854790 0.864840 0.006101 0.008128
10 0.984950 0.917987 0.005695 0.008545
10 0.991458 0.928720 0.007728 0.005419
10 0.945088 0.935494 0.005695 0.008128
10 0.813402 0.939454 0.007932 0.006044
10 0.813097 0.856711 0.009762 0.007712
10 0.817470 0.848791 0.010372 0.007712
10 0.823368 0.837015 0.009965 0.007920
10 0.982510 0.581805 0.008135 0.009379
10 0.991865 0.562526 0.008135 0.010004
10 0.301708 0.938203 0.010372 0.009796
10 0.957088 0.576386 0.008542 0.006461
10 0.965935 0.047416 0.005898 0.010213
10 0.852451 0.074719 0.007932 0.006044
10 0.834147 0.075031 0.003864 0.005836
10 0.795302 0.074198 0.005898 0.009170
10 0.916412 0.018028 0.005695 0.008962
10 0.912142 0.025740 0.006508 0.011046
10 0.904718 0.027303 0.008745 0.005002
10 0.888652 0.027303 0.003864 0.007086
10 0.839536 0.040329 0.004068 0.008128
10 0.830995 0.040850 0.005695 0.009587
10 0.127110 0.028866 0.007728 0.008962
10 0.053488 0.755836 0.009355 0.008545
10 0.007728 0.904960 0.008135 0.008754
10 0.497865 0.251772 0.008135 0.008754
10 0.491967 0.296686 0.004881 0.008128
10 0.351739 0.981555 0.009965 0.009379
10 0.507525 0.368799 0.005084 0.008962
10 0.557454 0.328366 0.004881 0.008545
10 0.557250 0.311067 0.005695 0.009379
10 0.527761 0.320550 0.004474 0.007503
10 0.493390 0.312943 0.005288 0.008962
10 0.527354 0.303460 0.005695 0.009170
10 0.568639 0.282826 0.004881 0.007503
10 0.574639 0.028762 0.005491 0.009170
10 0.916006 0.926115 0.006915 0.009796
10 0.950783 0.051063 0.006915 0.010004
10 0.936852 0.052626 0.007932 0.009379
10 0.911023 0.049500 0.007932 0.005627
10 0.913463 0.227803 0.007118 0.004168
10 0.995729 0.555648 0.006508 0.009170
10 0.973561 0.543456 0.007728 0.006044
10 0.966850 0.555544 0.009762 0.007295
10 0.962986 0.563672 0.007728 0.006878
10 0.987899 0.515840 0.009559 0.007086
10 0.995729 0.500938 0.008949 0.007295
10 0.979052 0.227074 0.008135 0.010629
10 0.986170 0.222384 0.008949 0.003335
10 0.984035 0.209775 0.009152 0.006044
10 0.984137 0.181951 0.009762 0.005836
10 0.960545 0.206336 0.008135 0.005836
10 0.947326 0.192684 0.006508 0.009796
10 0.792048 0.233014 0.007932 0.003752
10 0.964511 0.190392 0.005491 0.007712
10 0.931056 0.197582 0.006508 0.010004
10 0.915701 0.200917 0.005491 0.008754
10 0.910108 0.201647 0.005288 0.010629
10 0.893228 0.204460 0.006915 0.012505
10 0.883669 0.201230 0.004474 0.008128
10 0.857230 0.207274 0.005695 0.009379
10 0.844316 0.207482 0.005491 0.008545
10 0.855806 0.234368 0.008135 0.004377
10 0.825503 0.233847 0.009355 0.003752
10 0.805878 0.221030 0.008745 0.004377
10 0.730120 0.225823 0.009355 0.004794
10 0.778320 0.218737 0.007322 0.004794
10 0.751271 0.215923 0.008135 0.004168
10 0.759304 0.203314 0.006305 0.007712
10 0.475188 0.300646 0.006711 0.008962
10 0.477730 0.290642 0.007728 0.011046
10 0.499085 0.266569 0.005288 0.009587
10 0.529286 0.273968 0.005491 0.009796
10 0.551149 0.278762 0.006101 0.009796
10 0.559894 0.280742 0.005695 0.009170
10 0.572504 0.283035 0.005288 0.009170
10 0.587858 0.296165 0.006305 0.010421
10 0.566097 0.291580 0.006305 0.010421
10 0.557555 0.289391 0.005898 0.010213
10 0.552776 0.288975 0.006915 0.008962
10 0.548302 0.287203 0.004881 0.009587
10 0.535692 0.284598 0.005288 0.008545
10 0.518711 0.281055 0.007118 0.010213
10 0.509559 0.278554 0.005084 0.009379
10 0.496949 0.297207 0.006711 0.011672
10 0.506203 0.298875 0.005695 0.010838
10 0.558572 0.301480 0.009559 0.005627
10 0.565182 0.314298 0.005695 0.011255
10 0.561521 0.312943 0.006508 0.010629
10 0.548098 0.310233 0.006915 0.009796
10 0.544438 0.309400 0.006101 0.010213
10 0.510169 0.299812 0.005491 0.011046
10 0.514440 0.300542 0.006305 0.011255
10 0.518914 0.301792 0.006305 0.011255
10 0.472544 0.310233 0.006711 0.009796
10 0.496746 0.334306 0.006305 0.010421
10 0.513728 0.370154 0.006508 0.010004
10 0.079622 0.981242 0.010372 0.010004
10 0.292251 0.947791 0.010576 0.008962
10 0.307403 0.961755 0.009152 0.008545
10 0.246797 0.941017 0.008745 0.009170
10 0.011796 0.922572 0.009355 0.009796
10 0.036201 0.930283 0.006915 0.006461
10 0.024710 0.902668 0.008338 0.008337
10 0.032438 0.908712 0.006711 0.007086
10 0.082062 0.954877 0.009152 0.008962
10 0.024507 0.949354 0.009152 0.007086
10 0.108704 0.977178 0.008745 0.009379
10 0.094061 0.980304 0.009559 0.009796
10 0.070470 0.972176 0.007932 0.008128
10 0.519626 0.371717 0.005695 0.010213
10 0.232357 0.980096 0.007932 0.008545
10 0.201037 0.995727 0.007932 0.008545
10 0.328757 0.979992 0.008745 0.009170
10 0.340248 0.971655 0.009355 0.009170
10 0.561928 0.330346 0.005695 0.008754
10 0.565996 0.329825 0.006508 0.010629
10 0.570571 0.330242 0.007118 0.011046
10 0.553081 0.326699 0.005491 0.009379
10 0.466951 0.329825 0.006915 0.012297
10 0.483832 0.332847 0.005695 0.009587
10 0.481289 0.342018 0.006711 0.010838
10 0.502339 0.313777 0.006101 0.011463
10 0.506406 0.314923 0.005695 0.007920
10 0.510372 0.317632 0.006305 0.010004
10 0.757983 0.032097 0.005695 0.011255
10 0.541387 0.018028 0.006101 0.009379
10 0.482306 0.013547 0.005898 0.009170
10 0.642262 0.011046 0.005288 0.008337
10 0.653346 0.014381 0.009152 0.005836
10 0.659752 0.015527 0.004881 0.008962
10 0.672768 0.015632 0.009762 0.006669
10 0.668904 0.038349 0.010169 0.006253
10 0.649075 0.024489 0.009965 0.006461
10 0.624161 0.044498 0.005695 0.009796
10 0.662091 0.056169 0.007118 0.008962
10 0.715579 0.059817 0.005898 0.007086
10 0.527049 0.013026 0.005898 0.008962
10 0.587452 0.018862 0.009965 0.006044
10 0.613179 0.177366 0.007728 0.005419
10 0.621721 0.179867 0.005288 0.009170
10 0.639008 0.179971 0.006915 0.006044
10 0.695038 0.193518 0.010372 0.005211
10 0.713952 0.196540 0.005084 0.009170
10 0.733272 0.199041 0.005084 0.008754
10 0.652024 0.180179 0.005695 0.008545
10 0.703884 0.193101 0.004068 0.009379
10 0.683242 0.187682 0.004271 0.008128
10 0.671243 0.207899 0.008745 0.006044
10 0.722290 0.211859 0.009152 0.006044
10 0.549217 0.021676 0.005491 0.008754
10 0.444377 0.076594 0.006101 0.006044
10 0.514846 0.317737 0.005898 0.008545
10 0.555217 0.258337 0.004881 0.008962
10 0.519321 0.318883 0.005084 0.009170
10 0.523490 0.320550 0.005288 0.009587
10 0.535184 0.306378 0.006711 0.010421
10 0.541082 0.323572 0.005491 0.009796
10 0.544844 0.324719 0.005695 0.009587
10 0.602502 0.311901 0.010372 0.011880
10 0.594366 0.267612 0.005491 0.008754
10 0.589587 0.266465 0.005695 0.009379
10 0.585418 0.265110 0.005898 0.009587
10 0.580740 0.264902 0.005898 0.010004
10 0.576774 0.263652 0.005695 0.010004
10 0.546776 0.255627 0.006305 0.009796
10 0.440309 0.086599 0.006508 0.009379
10 0.538438 0.253231 0.005491 0.009587
10 0.490136 0.343997 0.005695 0.009796
10 0.604637 0.296061 0.005695 0.008962
10 0.482916 0.204773 0.007525 0.011880
10 0.595688 0.201647 0.006915 0.003960
10 0.417734 0.164860 0.008542 0.006669
10 0.500915 0.147978 0.008949 0.006669
10 0.558267 0.169237 0.008949 0.005836
10 0.490441 0.145060 0.007932 0.009587
10 0.389872 0.145686 0.003661 0.008337
10 0.393939 0.149750 0.004881 0.009796
13 0.168599 0.502709 0.211918 0.225094