10 0.970097 0.202924 0.023644 0.026901
4 0.517385 0.784211 0.097357 0.113450
4 0.212100 0.471345 0.095967 0.114620
4 0.291377 0.447953 0.095967 0.114620
4 0.370654 0.424561 0.095967 0.114620
4 0.449235 0.402339 0.094576 0.114620
4 0.284423 0.649123 0.095967 0.114620
4 0.363700 0.626901 0.095967 0.114620
4 0.442976 0.604678 0.095967 0.114620
4 0.522253 0.582456 0.095967 0.114620
4 0.277469 0.852632 0.095967 0.114620
4 0.358832 0.830409 0.097357 0.116959
4 0.437413 0.809357 0.098748 0.116959
4 0.596662 0.761988 0.094576 0.113450
10 0.055633 0.074269 0.025035 0.015205
14 0.285814 0.112865 0.040334 0.024561
14 0.205841 0.219883 0.041725 0.042105
14 0.285814 0.227485 0.040334 0.054971
14 0.239221 0.153801 0.038943 0.043275
14 0.643950 0.054971 0.038943 0.046784
14 0.688456 0.304094 0.055633 0.037427
14 0.949235 0.680702 0.057024 0.035088
14 0.922114 0.593567 0.066759 0.038596
12 0.483310 0.164327 0.045897 0.036257
10 0.134214 0.042690 0.023644 0.026901
10 0.369263 0.249123 0.029207 0.018713
4 0.132823 0.492982 0.095967 0.113450