10 0.980326 0.813849 0.013569 0.048561
10 0.586839 0.446043 0.010855 0.043165
4 0.698779 0.821942 0.033921 0.176259
4 0.739145 0.826439 0.035957 0.178058
4 0.779172 0.830935 0.034600 0.179856
4 0.818860 0.835432 0.035278 0.178058
4 0.859905 0.452338 0.034600 0.178058
4 0.819199 0.448741 0.034600 0.178058
4 0.779512 0.444245 0.033921 0.176259
4 0.739824 0.438849 0.035957 0.176259
4 0.697422 0.434353 0.035278 0.178058
4 0.486771 0.727518 0.034600 0.174460
4 0.303935 0.786871 0.035278 0.174460
4 0.263569 0.782374 0.034600 0.176259
4 0.223881 0.778777 0.033921 0.176259
4 0.183853 0.775180 0.035278 0.179856
4 0.144166 0.770683 0.034600 0.178058
4 0.104138 0.764388 0.034600 0.176259
4 0.309023 0.467626 0.034600 0.176259
4 0.268996 0.462230 0.034600 0.179856
4 0.229308 0.457734 0.035278 0.178058
4 0.188942 0.453237 0.034600 0.179856
4 0.126187 0.448741 0.036635 0.181655
4 0.659091 0.817446 0.035957 0.178058
4 0.619403 0.812050 0.035278 0.178058
10 0.177748 0.130396 0.006784 0.034173
10 0.257802 0.232914 0.008141 0.048561
10 0.578358 0.441547 0.010176 0.041367
10 0.130258 0.246403 0.006784 0.035971
10 0.150950 0.243705 0.006106 0.037770
10 0.158752 0.241906 0.005427 0.034173
10 0.204545 0.241906 0.007463 0.044964
10 0.227612 0.229317 0.007463 0.037770
10 0.235075 0.224820 0.006106 0.039568
10 0.241520 0.224820 0.006784 0.039568
10 0.248982 0.227518 0.008141 0.044964
10 0.285278 0.120504 0.010176 0.043165
10 0.192334 0.131295 0.007463 0.043165
10 0.268318 0.124101 0.007463 0.035971
10 0.252714 0.124101 0.007463 0.035971
10 0.244912 0.125899 0.008141 0.043165
10 0.236092 0.125899 0.006784 0.035971
10 0.227951 0.125000 0.006784 0.041367
10 0.221167 0.124101 0.006784 0.035971
10 0.214043 0.126799 0.006106 0.037770
10 0.206920 0.127698 0.006784 0.035971
10 0.200136 0.129496 0.008141 0.035971
4 0.086160 0.444245 0.033921 0.179856