10 0.994949 0.615973 0.008264 0.012852
4 0.904040 0.679315 0.044995 0.055080
10 0.471074 0.794676 0.007346 0.010404
10 0.463269 0.794370 0.008264 0.009792
10 0.453627 0.792534 0.007346 0.012240
10 0.350321 0.549266 0.019284 0.015300
3 0.192378 0.663709 0.125803 0.078947
4 0.878329 0.856487 0.046832 0.055692
4 0.830579 0.853427 0.046832 0.055692
4 0.892562 0.759792 0.045914 0.055692
4 0.844812 0.757344 0.044077 0.054468
4 0.855831 0.676561 0.044077 0.055692
10 0.497704 0.797430 0.009183 0.011016
4 0.914601 0.598531 0.047750 0.055080
4 0.866850 0.595777 0.045914 0.055692
4 0.927916 0.517748 0.044995 0.055080
4 0.879247 0.515300 0.046832 0.055080
4 0.938935 0.436659 0.046832 0.055692
4 0.890266 0.433905 0.046832 0.056304
13 0.635904 0.628519 0.254362 0.260710
13 0.612948 0.398103 0.364555 0.162179
5 0.597337 0.185741 0.098255 0.071603
10 0.478880 0.796206 0.008264 0.011016
10 0.507346 0.798042 0.008264 0.011016
10 0.991736 0.630355 0.009183 0.009792
10 0.958678 0.873929 0.009183 0.012240
10 0.984389 0.689106 0.011019 0.012240
10 0.980257 0.718788 0.010101 0.012852
10 0.977502 0.733782 0.010101 0.013464
10 0.974288 0.764382 0.011019 0.014688
10 0.960973 0.776010 0.010101 0.011016
10 0.972911 0.780600 0.010101 0.011628
10 0.969697 0.795288 0.009183 0.011628
10 0.967401 0.817013 0.010101 0.012240
10 0.963269 0.846389 0.011019 0.012240
10 0.954545 0.904835 0.010101 0.012852
10 0.524334 0.798654 0.007346 0.009792
10 0.952250 0.921971 0.011019 0.012852
10 0.756198 0.802020 0.015611 0.005508
10 0.755739 0.809364 0.016529 0.007956
10 0.716713 0.810282 0.010101 0.012240
10 0.649679 0.806304 0.008264 0.010404
10 0.590450 0.800796 0.009183 0.011628
10 0.581726 0.801714 0.008264 0.011016
10 0.573462 0.800796 0.010101 0.012852
10 0.532140 0.799572 0.008264 0.009180
5 0.530762 0.215728 0.099174 0.071603