10 0.898224 0.759076 0.004696 0.003772
10 0.103307 0.624941 0.003675 0.005658
10 0.217129 0.808227 0.004696 0.005422
10 0.225092 0.719708 0.003879 0.004715
10 0.222438 0.718293 0.004696 0.005658
10 0.207840 0.695191 0.004900 0.007072
10 0.202940 0.695309 0.003675 0.006365
1 0.154757 0.655233 0.004492 0.003536
10 0.109432 0.622348 0.004492 0.006601
10 0.209677 0.491278 0.005308 0.006129
10 0.057370 0.597006 0.003675 0.005893
10 0.015414 0.580622 0.005512 0.003300
10 0.219069 0.527463 0.004492 0.005422
1 0.208146 0.485384 0.005104 0.008958
1 0.201307 0.491631 0.008167 0.010137
1 0.141078 0.485502 0.004492 0.006836
1 0.223561 0.925625 0.004492 0.008722
10 0.296652 0.022159 0.004492 0.003300
10 0.339833 0.051155 0.004696 0.004243
10 0.415680 0.050802 0.004083 0.004950
1 0.219069 0.013319 0.007758 0.003536
1 0.206002 0.058227 0.005308 0.004243
10 0.270723 0.064003 0.005308 0.003536
10 0.271131 0.067657 0.004492 0.003772
10 0.269192 0.027346 0.004696 0.003300
10 0.295325 0.024045 0.005512 0.004243
1 0.336260 0.107379 0.004492 0.006365
1 0.372295 0.105728 0.005921 0.007779
1 0.369539 0.103725 0.006125 0.008487
1 0.363924 0.092645 0.005104 0.006601
1 0.374847 0.046794 0.004083 0.006365
1 0.353307 0.048798 0.004287 0.008487
1 0.259290 0.049151 0.008167 0.004479
1 0.138220 0.462989 0.003675 0.006129
10 0.113005 0.481377 0.003062 0.005186
1 0.342078 0.098067 0.005512 0.010372
7 0.516129 0.803512 0.016333 0.037954
7 0.592487 0.781471 0.008575 0.026874
7 0.577991 0.790193 0.008167 0.022159
7 0.566456 0.795026 0.012454 0.026638
7 0.552572 0.799269 0.017762 0.033239
7 0.544202 0.808817 0.013271 0.025931
7 0.530931 0.805163 0.016946 0.035596
7 0.508065 0.809995 0.012046 0.023574
10 0.111474 0.494342 0.003267 0.006129
7 0.353103 0.571664 0.021437 0.024517
7 0.362699 0.589816 0.036954 0.037247
7 0.370355 0.604314 0.039608 0.044083
7 0.367089 0.623880 0.028583 0.030882
7 0.370866 0.641089 0.025112 0.028053
7 0.381788 0.666549 0.024091 0.027110
1 0.729175 0.229844 0.002246 0.007544
1 0.737036 0.198491 0.005308 0.004243
1 0.652715 0.457449 0.005717 0.009194
10 0.744692 0.760019 0.003879 0.005186
1 0.619232 0.805988 0.002042 0.004243
10 0.626889 0.188472 0.003471 0.004008
1 0.216925 0.125884 0.006737 0.014144
1 0.026031 0.400754 0.002654 0.002829
10 0.099326 0.423149 0.003062 0.004243
10 0.031441 0.439298 0.002042 0.003536
1 0.118518 0.423621 0.003062 0.006129
1 0.113618 0.439062 0.006329 0.005422
1 0.038791 0.412188 0.006533 0.005893
1 0.031237 0.407709 0.003267 0.006365
1 0.032768 0.409123 0.003471 0.005422
10 0.004390 0.494460 0.003879 0.004479
10 0.104839 0.490099 0.003471 0.005186
1 0.208350 0.073079 0.004696 0.004243
10 0.284708 0.128241 0.004696 0.003300
10 0.409147 0.938826 0.004083 0.005422
1 0.323601 0.683168 0.002858 0.003772
10 0.228256 0.726190 0.002858 0.005893
10 0.326460 0.698256 0.004492 0.005186
10 0.342385 0.716172 0.004492 0.005658
1 0.336770 0.737506 0.006329 0.007308
1 0.332176 0.718058 0.006533 0.006129
1 0.333503 0.714757 0.005921 0.006601
1 0.327379 0.683758 0.005104 0.006836
10 0.309004 0.621759 0.003879 0.005422
1 0.312883 0.662423 0.007146 0.009430
1 0.310739 0.669967 0.006942 0.008015
10 0.238771 0.647690 0.003879 0.005422
10 0.327379 0.670674 0.004696 0.005186
10 0.131891 0.643800 0.003675 0.006129
10 0.129645 0.642150 0.004492 0.006601
10 0.348510 0.726426 0.004900 0.005422
10 0.345855 0.741749 0.004083 0.004950
10 0.347387 0.743164 0.003879 0.005422
10 0.214475 0.815182 0.005104 0.006601
10 0.306350 0.790429 0.004287 0.005186
10 0.294304 0.814003 0.005104 0.005186
10 0.273989 0.828972 0.002858 0.004950
14 0.227848 0.745521 0.016333 0.015794
14 0.201409 0.780057 0.012454 0.015087
10 0.282768 0.839345 0.006533 0.007779
1 0.169763 0.757190 0.004287 0.006129
1 0.324622 0.849953 0.011842 0.007779
1 0.335953 0.932343 0.005921 0.007544
10 0.336158 0.928689 0.004287 0.005422
1 0.349735 0.954503 0.006125 0.008958
1 0.390363 0.924800 0.006125 0.008015
10 0.377603 0.913484 0.003879 0.004243
10 0.287056 0.655705 0.004083 0.004479
10 0.237036 0.522395 0.004900 0.006129
10 0.310433 0.159123 0.003879 0.005186
10 0.378318 0.141678 0.004083 0.005658
10 0.418130 0.162070 0.004083 0.005422
10 0.419661 0.127652 0.005512 0.006365
10 0.414863 0.133310 0.005308 0.005893
10 0.393426 0.140736 0.004900 0.006129
10 0.390465 0.145450 0.005104 0.006601
10 0.381686 0.137671 0.004287 0.005186
10 0.400265 0.194602 0.004287 0.004950
10 0.235300 0.519920 0.004287 0.005422
10 0.338608 0.179868 0.003879 0.004715
10 0.326562 0.111622 0.004287 0.004008
10 0.327889 0.108204 0.004083 0.003300
10 0.387607 0.191419 0.004696 0.005658
10 0.366068 0.168081 0.004492 0.006129
10 0.327787 0.163838 0.005104 0.005658
10 0.414965 0.161716 0.005104 0.006129
10 0.410678 0.167845 0.004287 0.005658
1 0.271744 0.216997 0.006125 0.006365
1 0.299612 0.224658 0.005921 0.008487
1 0.398224 0.214639 0.005921 0.007779
1 0.380359 0.248350 0.003675 0.004479
1 0.400980 0.261551 0.003675 0.004950
1 0.371682 0.293847 0.007554 0.009665
1 0.414251 0.322489 0.008167 0.010372
1 0.144855 0.478076 0.005104 0.007072
1 0.146999 0.479844 0.004492 0.006836
1 0.143528 0.486091 0.004083 0.005658
1 0.190588 0.375530 0.005104 0.008015
1 0.227644 0.405705 0.005717 0.007544
1 0.198244 0.510608 0.002858 0.006129
1 0.198550 0.481848 0.003062 0.003300
10 0.233463 0.501179 0.003879 0.004715
7 0.391997 0.673739 0.031033 0.035832
7 0.395672 0.692244 0.015517 0.016737
7 0.406492 0.701556 0.024500 0.026403
7 0.871172 0.390264 0.025725 0.017209
7 0.746019 0.451084 0.019600 0.074257
7 0.775521 0.449552 0.009187 0.071193
7 0.785218 0.439180 0.008167 0.045262
7 0.794202 0.434936 0.005717 0.037247
7 0.837689 0.433993 0.020008 0.030174
7 0.872091 0.404290 0.036954 0.025931
7 0.875459 0.370698 0.025316 0.020981
7 0.826562 0.217115 0.020621 0.024517
7 0.879236 0.358793 0.026337 0.016030
7 0.878318 0.335573 0.018783 0.014380
7 0.883728 0.320839 0.036954 0.022159
7 0.882503 0.300919 0.031646 0.021924
7 0.887811 0.275813 0.025929 0.009901
7 0.863005 0.240570 0.018375 0.021452
7 0.727950 0.453206 0.014904 0.071900
7 0.705186 0.476308 0.031850 0.089816
7 0.672009 0.463225 0.012862 0.046676
7 0.661801 0.461928 0.019804 0.058227
7 0.647611 0.450495 0.016333 0.028760
7 0.640363 0.466761 0.017354 0.027346
7 0.636791 0.480669 0.027766 0.039132
7 0.798693 0.597713 0.012250 0.044083
7 0.762964 0.622112 0.019192 0.035832
7 0.752654 0.633899 0.014496 0.026874
7 0.740608 0.637789 0.022662 0.039368
7 0.735913 0.655351 0.013679 0.024045
7 0.723663 0.662895 0.021029 0.033003
7 0.718457 0.679397 0.015108 0.022631
7 0.700898 0.683993 0.023683 0.041254
7 0.689669 0.696605 0.025316 0.041490
7 0.680890 0.707803 0.022866 0.040311
7 0.843405 0.229727 0.017558 0.016737
7 0.800531 0.198256 0.033891 0.027346
7 0.419151 0.704738 0.021233 0.024752
7 0.220498 0.081094 0.024091 0.012730
7 0.077991 0.359500 0.010208 0.035361
7 0.240302 0.160773 0.025725 0.018859
7 0.231931 0.145332 0.026950 0.016266
7 0.230706 0.127063 0.025316 0.011787
7 0.228767 0.107496 0.025112 0.017916
7 0.226521 0.092645 0.019804 0.010844
7 0.210494 0.067893 0.031441 0.016973
7 0.791241 0.185644 0.028787 0.021924
7 0.209065 0.053277 0.026541 0.010372
7 0.219682 0.036539 0.015108 0.007544
7 0.220192 0.025106 0.015721 0.009194
7 0.222744 0.011080 0.014292 0.009901
7 0.029808 0.021924 0.026133 0.033475
7 0.127399 0.047973 0.004900 0.020038
7 0.088301 0.363979 0.010004 0.031117
7 0.104022 0.364686 0.009596 0.029703
7 0.120968 0.340170 0.013271 0.029231
7 0.113414 0.367280 0.009596 0.026874
7 0.131788 0.366219 0.012046 0.023810
7 0.148428 0.367869 0.014700 0.033711
7 0.165374 0.376827 0.015108 0.029467
7 0.184667 0.382485 0.018579 0.033239
7 0.205900 0.393564 0.019804 0.029939
7 0.224888 0.414074 0.020621 0.027581
7 0.243467 0.430339 0.016129 0.023338
7 0.776337 0.068835 0.012454 0.007544
7 0.775214 0.084394 0.022458 0.011787
7 0.778379 0.114097 0.032462 0.012258
7 0.775112 0.135667 0.018171 0.010137
7 0.783381 0.158769 0.026133 0.018152
7 0.791241 0.172914 0.030012 0.019566
7 0.673438 0.715582 0.021029 0.038897
7 0.663842 0.722772 0.021029 0.039604
7 0.655370 0.740099 0.015108 0.025695
7 0.503573 0.402405 0.024704 0.032060
7 0.549306 0.466407 0.039404 0.049269
7 0.545937 0.449788 0.024908 0.033003
7 0.538893 0.437412 0.021437 0.027581
7 0.527358 0.430693 0.029400 0.035832
7 0.520110 0.417727 0.023479 0.027817
7 0.517967 0.401344 0.008575 0.011080
7 0.498367 0.384371 0.017558 0.021452
7 0.640568 0.737270 0.024296 0.043612
7 0.487954 0.378124 0.025725 0.032060
7 0.480196 0.365865 0.024091 0.031117
7 0.469477 0.359972 0.025112 0.032532
7 0.464884 0.345474 0.015517 0.020038
7 0.451102 0.340405 0.021437 0.029703
7 0.440486 0.330858 0.023887 0.029939
7 0.576664 0.476073 0.021437 0.024281
7 0.311454 0.856907 0.010004 0.011315
7 0.332278 0.846535 0.003471 0.005186
7 0.332176 0.865394 0.013067 0.013201
7 0.400265 0.849010 0.022254 0.030410
7 0.364230 0.824140 0.011433 0.014144
7 0.410269 0.864569 0.014904 0.020038
7 0.420886 0.872230 0.012862 0.016973
7 0.429053 0.887671 0.006737 0.008722
7 0.437832 0.896393 0.007962 0.009194
7 0.444365 0.907355 0.005104 0.006129
7 0.455900 0.825200 0.011433 0.019566
7 0.467129 0.818835 0.015517 0.024281
7 0.480911 0.810702 0.014087 0.028289
7 0.493977 0.813649 0.007554 0.020038
7 0.447428 0.756365 0.021029 0.025695
7 0.433748 0.706035 0.023887 0.025460
7 0.425378 0.310113 0.017354 0.023338
7 0.276541 0.207331 0.016946 0.023338
7 0.302266 0.215111 0.019396 0.026167
7 0.902715 0.675978 0.015721 0.023338
7 0.634443 0.752475 0.016537 0.028289
7 0.623418 0.760844 0.016537 0.026167
7 0.614332 0.767327 0.015925 0.027346
7 0.603205 0.770038 0.012046 0.033711
7 0.800225 0.852074 0.014904 0.017680
7 0.819314 0.831094 0.014292 0.015794
7 0.823193 0.815889 0.003267 0.004243
7 0.832891 0.807049 0.004696 0.006365
7 0.857799 0.804573 0.010412 0.013201
7 0.884034 0.805398 0.014700 0.023338
7 0.892711 0.803041 0.018171 0.025695
7 0.902920 0.795615 0.017354 0.025460
7 0.943140 0.710042 0.013679 0.014144
7 0.919253 0.684936 0.024704 0.028524
7 0.876991 0.657826 0.020212 0.026167
7 0.315843 0.219826 0.020825 0.026167
7 0.867803 0.644507 0.027562 0.040075
7 0.848203 0.636139 0.032054 0.044554
7 0.258983 0.563531 0.021437 0.023338
7 0.323704 0.538307 0.022662 0.027110
7 0.278481 0.451084 0.018375 0.024281
7 0.267048 0.448963 0.017558 0.020038
7 0.379747 0.288190 0.020008 0.028053
7 0.368109 0.278289 0.017150 0.023338
7 0.402001 0.303984 0.022050 0.029467
7 0.358207 0.268152 0.018171 0.023338
7 0.342895 0.266620 0.032462 0.036775
7 0.344733 0.249293 0.024296 0.029939
7 0.336974 0.235031 0.023479 0.030646
7 0.321866 0.233852 0.027562 0.035832
10 0.371376 0.935879 0.003267 0.004715
10 0.361168 0.905233 0.004900 0.006129
10 0.793283 0.650990 0.003879 0.005893
1 0.720702 0.360443 0.007350 0.003772
1 0.697325 0.349364 0.008779 0.003772
1 0.693242 0.375530 0.004287 0.009430
1 0.694161 0.385314 0.004492 0.010608
1 0.703961 0.387435 0.009392 0.004479
1 0.721825 0.387789 0.011229 0.008958
1 0.720396 0.355493 0.007146 0.003772
1 0.720702 0.365040 0.006533 0.003536
1 0.765414 0.353843 0.005717 0.007072
1 0.721723 0.371169 0.009392 0.008251
1 0.722029 0.376945 0.010004 0.009430
1 0.729073 0.381895 0.004083 0.007544
1 0.729890 0.374470 0.003675 0.010137
1 0.737240 0.371641 0.004083 0.011080
1 0.736933 0.382485 0.003879 0.011080
1 0.698142 0.353371 0.007554 0.003772
1 0.706105 0.353017 0.008371 0.004008
1 0.705798 0.348656 0.008167 0.004243
1 0.706105 0.357850 0.010821 0.004243
1 0.698040 0.358086 0.005717 0.003772
1 0.698653 0.363154 0.006942 0.003536
1 0.699265 0.367633 0.005717 0.003065
1 0.706513 0.372112 0.007962 0.003536
1 0.706309 0.367633 0.008371 0.003065
1 0.706513 0.363390 0.007962 0.004008
1 0.703144 0.376827 0.011433 0.005422
1 0.699163 0.371994 0.006737 0.004243
1 0.703552 0.382485 0.012250 0.004950
1 0.714679 0.369637 0.004287 0.013673
1 0.713046 0.356318 0.004287 0.010608
1 0.805431 0.288190 0.005308 0.004950
1 0.708146 0.336752 0.006329 0.002593
1 0.753981 0.347595 0.003267 0.006836
1 0.771029 0.361858 0.007146 0.003772
10 0.792773 0.309288 0.003267 0.005186
1 0.718763 0.411480 0.004696 0.012494
1 0.704880 0.392032 0.011229 0.004715
1 0.714169 0.382838 0.002450 0.007072
1 0.722744 0.382131 0.010617 0.008487
1 0.722336 0.393329 0.011433 0.008722
1 0.727848 0.410891 0.005308 0.014144
1 0.723356 0.411834 0.004492 0.012730
1 0.706819 0.411127 0.004083 0.012730
1 0.770825 0.364922 0.007962 0.003300
1 0.706615 0.422207 0.002450 0.009430
1 0.702021 0.422207 0.003879 0.010844
1 0.701817 0.409359 0.003879 0.015323
1 0.687423 0.402169 0.008983 0.005186
1 0.687015 0.397336 0.009800 0.004479
1 0.687321 0.392386 0.008779 0.004479
1 0.749694 0.406884 0.004083 0.013201
1 0.752756 0.405705 0.003267 0.007544
1 0.758269 0.407591 0.003675 0.008487
1 0.763067 0.408062 0.004696 0.013201
1 0.767660 0.406884 0.005717 0.015559
1 0.772764 0.405351 0.005717 0.014851
1 0.770621 0.396157 0.008371 0.004950
1 0.762964 0.397808 0.008983 0.005422
1 0.743671 0.385667 0.010004 0.008015
1 0.743875 0.380127 0.009187 0.007779
1 0.744079 0.374587 0.008371 0.008487
1 0.743671 0.368694 0.009187 0.009430
1 0.742854 0.363036 0.007962 0.008015
1 0.752960 0.361975 0.003267 0.004950
1 0.758677 0.361975 0.004492 0.004950
1 0.776439 0.359618 0.003267 0.006365
1 0.763577 0.363390 0.006533 0.005422
10 0.790425 0.304455 0.005104 0.004479
10 0.785831 0.287836 0.003267 0.005186
10 0.366476 0.897218 0.003675 0.005186
1 0.643120 0.494696 0.008575 0.007779
10 0.469477 0.239981 0.003879 0.004715
10 0.253165 0.040311 0.003675 0.005186
10 0.901286 0.760962 0.004696 0.004243
10 0.905472 0.750118 0.003267 0.005658
10 0.838301 0.333451 0.005308 0.004479
1 0.691303 0.262848 0.003267 0.005186
1 0.633932 0.742928 0.005717 0.008251
1 0.049000 0.387435 0.002450 0.004950
1 0.434055 0.236917 0.006942 0.009430
1 0.455186 0.237388 0.005921 0.007544
1 0.630870 0.123645 0.005308 0.002593
1 0.382095 0.694955 0.002246 0.004715
1 0.283993 0.818718 0.006533 0.007072
1 0.353001 0.953795 0.004083 0.006601
10 0.472540 0.239392 0.003879 0.005893
10 0.666088 0.814003 0.003879 0.004715
10 0.558800 0.250589 0.004083 0.004715
10 0.729379 0.257190 0.002654 0.005658
10 0.825745 0.292079 0.005104 0.003300
14 0.136280 0.404998 0.010004 0.014616
14 0.150367 0.413956 0.014087 0.012258
1 0.361780 0.612683 0.003675 0.003772
1 0.648326 0.455328 0.003062 0.004479
1 0.652920 0.452145 0.002858 0.004243
10 0.727031 0.316242 0.003267 0.006365
10 0.712638 0.317539 0.002654 0.006129
10 0.758881 0.314121 0.002858 0.006365
10 0.739486 0.302098 0.004492 0.003065
10 0.728767 0.275931 0.003062 0.006836
10 0.605043 0.339934 0.005512 0.004715
1 0.926603 0.719472 0.005921 0.003300
1 0.034504 0.438355 0.005308 0.009194
1 0.050531 0.386846 0.001837 0.004243
10 0.761025 0.248586 0.003471 0.005893
10 0.671601 0.085219 0.004696 0.001650
1 0.760004 0.121641 0.005512 0.003772
10 0.724479 0.109147 0.004287 0.002357
10 0.627297 0.097713 0.003062 0.005893
10 0.636178 0.107732 0.004083 0.003300
10 0.713352 0.079915 0.004083 0.002829
10 0.679767 0.093588 0.004287 0.002357
10 0.810535 0.233263 0.004492 0.004950
1 0.052981 0.386256 0.001837 0.004008
10 0.728971 0.242928 0.005921 0.005422
10 0.728563 0.246228 0.005104 0.004479
10 0.729788 0.248821 0.004287 0.004008
10 0.733258 0.249175 0.003062 0.006129
10 0.743569 0.282296 0.002450 0.005893
10 0.745202 0.282178 0.002042 0.005186
1 0.730298 0.135785 0.007350 0.005186
1 0.729481 0.140028 0.006125 0.004243
1 0.671499 0.092881 0.008167 0.004715
1 0.631074 0.115983 0.006533 0.004243
1 0.630972 0.120226 0.006329 0.003300
1 0.631788 0.131070 0.005921 0.006601
1 0.829114 0.319189 0.006942 0.003300
1 0.827889 0.315535 0.007758 0.003536
1 0.899653 0.323786 0.005921 0.005893
1 0.904451 0.666902 0.006125 0.008958
1 0.918028 0.747407 0.007554 0.005422
10 0.909453 0.742810 0.005104 0.005186
10 0.880870 0.741631 0.003879 0.004715
10 0.908330 0.764144 0.004492 0.003065
10 0.912107 0.772159 0.005104 0.003065
10 0.856268 0.757661 0.004492 0.006601
1 0.886484 0.736209 0.005308 0.006129
1 0.686505 0.387671 0.007554 0.003536
1 0.686301 0.382838 0.008779 0.004243
1 0.685892 0.378006 0.008371 0.003536
1 0.602082 0.244814 0.006533 0.008251
10 0.662719 0.359972 0.004083 0.002829
10 0.606574 0.374116 0.004083 0.004715
10 0.572274 0.352546 0.004083 0.004950
1 0.586158 0.360443 0.004083 0.005658
1 0.614741 0.330033 0.004900 0.002829
1 0.582483 0.327440 0.005308 0.007072
10 0.554308 0.292079 0.005717 0.005658
10 0.489077 0.201084 0.004287 0.005658
10 0.527869 0.283828 0.005512 0.005658
10 0.494488 0.177628 0.004492 0.004950
1 0.599735 0.191891 0.006329 0.008015
10 0.604430 0.185526 0.005104 0.006129
10 0.476011 0.214521 0.005512 0.008015
10 0.477236 0.181990 0.004696 0.005658
10 0.662209 0.366690 0.004696 0.002593
10 0.591976 0.385431 0.004696 0.005186
1 0.614741 0.356671 0.005308 0.006601
1 0.462229 0.373527 0.006533 0.007779
1 0.624643 0.403465 0.003471 0.004008
1 0.649347 0.409595 0.003879 0.006836
1 0.536035 0.460750 0.005921 0.007779
1 0.555329 0.466643 0.007350 0.007779
1 0.546243 0.804691 0.005104 0.008722
1 0.579318 0.788425 0.003879 0.005893
1 0.592487 0.771334 0.004492 0.008958
1 0.522866 0.792079 0.005717 0.008487
1 0.529196 0.859500 0.005308 0.008487
1 0.624541 0.833451 0.002042 0.004950
1 0.513883 0.877770 0.005717 0.009194
10 0.533891 0.867515 0.003675 0.006129
10 0.538281 0.878359 0.003879 0.006129
10 0.473867 0.184111 0.004492 0.004715
10 0.459065 0.229609 0.005104 0.007072
1 0.685790 0.373291 0.006533 0.003065
1 0.449571 0.759312 0.003675 0.004715
1 0.361678 0.630245 0.004696 0.006365
1 0.378318 0.618812 0.006125 0.006601
1 0.376276 0.615158 0.007758 0.008722
1 0.331870 0.671028 0.005104 0.006365
10 0.396590 0.768388 0.004696 0.004950
10 0.370661 0.754361 0.003471 0.005186
1 0.371784 0.758251 0.005308 0.005893
1 0.507656 0.122702 0.005104 0.007779
1 0.366884 0.824847 0.007350 0.008487
1 0.446815 0.764734 0.007554 0.008958
1 0.403226 0.838520 0.007350 0.009901
1 0.414557 0.865512 0.006329 0.007779
1 0.418742 0.886139 0.002042 0.004715
10 0.347080 0.948256 0.004083 0.005422
1 0.385566 0.658769 0.007146 0.008722
1 0.391486 0.661952 0.006737 0.008015
1 0.433442 0.340523 0.008167 0.009665
1 0.439057 0.340288 0.007962 0.011080
1 0.447019 0.352074 0.005104 0.006836
1 0.442119 0.305398 0.004287 0.005422
1 0.425174 0.215229 0.004696 0.005658
1 0.424663 0.179868 0.002042 0.005186
1 0.454573 0.226073 0.003471 0.005186
10 0.424153 0.141914 0.004696 0.006129
10 0.426807 0.139557 0.005512 0.006129
10 0.428236 0.136610 0.005512 0.006836
10 0.430584 0.134253 0.005717 0.006836
10 0.423336 0.112447 0.005512 0.006601
10 0.437423 0.084394 0.004287 0.005658
1 0.439363 0.094531 0.006125 0.007072
10 0.505410 0.119283 0.005512 0.006129
10 0.540527 0.883192 0.003471 0.004950
10 0.560943 0.875177 0.003879 0.005893
10 0.614026 0.840052 0.003062 0.005422
10 0.815231 0.686940 0.002858 0.006129
1 0.708044 0.451320 0.006942 0.005422
1 0.640772 0.490688 0.006329 0.005893
1 0.645161 0.499293 0.011433 0.009901
10 0.769192 0.726308 0.003879 0.005658
10 0.782054 0.682697 0.003879 0.004715
10 0.785321 0.678100 0.003879 0.004950
1 0.700184 0.678454 0.004696 0.008015
10 0.532973 0.871876 0.004287 0.006836
1 0.783687 0.710160 0.003471 0.004008
1 0.781339 0.709807 0.002858 0.004243
10 0.733667 0.767562 0.003879 0.005658
10 0.776439 0.711693 0.004083 0.006129
10 0.817579 0.688944 0.003471 0.005422
1 0.863414 0.787011 0.004492 0.005893
1 0.708861 0.455917 0.009800 0.003772
1 0.727134 0.458274 0.008371 0.003772
1 0.747448 0.475719 0.010617 0.005186
1 0.748265 0.481377 0.011842 0.004243
1 0.709065 0.511669 0.004900 0.013909
1 0.724173 0.435172 0.006533 0.002357
10 0.675582 0.360679 0.004492 0.006129
10 0.728461 0.399811 0.004083 0.006601
10 0.744283 0.396393 0.005921 0.002593
10 0.752960 0.399929 0.005308 0.005893
10 0.734381 0.385667 0.002858 0.005186
10 0.827276 0.368458 0.005717 0.005186
1 0.684973 0.355846 0.005717 0.005893
1 0.677726 0.355611 0.004696 0.005893
1 0.692630 0.366572 0.002246 0.008958
1 0.685790 0.361150 0.008575 0.008958
1 0.685586 0.368812 0.008167 0.003536
1 0.731115 0.768388 0.004083 0.005893
1 0.812985 0.683404 0.004492 0.005658
1 0.795120 0.723008 0.003471 0.005658
1 0.793487 0.733970 0.003879 0.004479
10 0.569314 0.871051 0.003471 0.005658
10 0.580747 0.865276 0.004287 0.006365
10 0.610862 0.840759 0.003675 0.005893
10 0.618722 0.839816 0.003879 0.005893
10 0.556145 0.904526 0.003675 0.006129
10 0.487240 0.887199 0.003062 0.004950
1 0.816354 0.805281 0.005921 0.006129
1 0.802675 0.855728 0.006329 0.008958
10 0.699673 0.786421 0.004083 0.006129
10 0.650674 0.838284 0.003675 0.005658
10 0.654859 0.838402 0.004696 0.007308
10 0.770008 0.782178 0.005921 0.008015
14 0.772356 0.801509 0.011842 0.015559
1 0.766844 0.741631 0.004083 0.006129
1 0.804614 0.748939 0.002042 0.006601
1 0.795937 0.719590 0.005921 0.005893
1 0.834320 0.743399 0.004287 0.007308
10 0.763271 0.746110 0.003471 0.004243
10 0.859841 0.762612 0.003471 0.005186
10 0.712842 0.773338 0.003471 0.005422
10 0.714475 0.771688 0.004287 0.005893
10 0.789098 0.765677 0.004900 0.005658
10 0.854737 0.748114 0.004287 0.004479
10 0.867293 0.757897 0.004083 0.005186
10 0.855043 0.776167 0.004900 0.005422
1 0.772356 0.723715 0.005308 0.008015
1 0.786341 0.700259 0.004696 0.007779
1 0.790118 0.716643 0.002858 0.006129
1 0.792875 0.714639 0.001837 0.002593
1 0.792364 0.718411 0.002858 0.004950
7 0.064210 0.033239 0.019396 0.035361