10 0.125000 0.332293 0.008065 0.005550
10 0.910138 0.018384 0.013825 0.006937
10 0.885945 0.020291 0.011521 0.007978
10 0.875000 0.019598 0.010369 0.007284
10 0.864631 0.019424 0.010369 0.006937
10 0.853111 0.019251 0.010369 0.006590
10 0.842166 0.018730 0.011521 0.006937
10 0.824309 0.018210 0.010369 0.005897
10 0.809908 0.018384 0.013825 0.006937
10 0.798963 0.018557 0.014977 0.007284
10 0.788594 0.018210 0.010369 0.007284
10 0.778226 0.018384 0.010369 0.006937
10 0.765553 0.018037 0.010369 0.007631
10 0.752304 0.017170 0.009217 0.005897
10 0.742512 0.016302 0.010369 0.008325
10 0.732143 0.016996 0.010369 0.006937
10 0.721198 0.016649 0.011521 0.007631
10 0.985599 0.008151 0.014977 0.008672
10 0.963710 0.005897 0.012673 0.007631
10 0.932604 0.003642 0.010369 0.006590
10 0.922235 0.003642 0.012673 0.006590
10 0.910714 0.003469 0.010369 0.006243
10 0.709677 0.016476 0.011521 0.007284
10 0.697005 0.016129 0.011521 0.007284
10 0.686636 0.015435 0.011521 0.007284
10 0.677995 0.015609 0.010369 0.006937
10 0.665899 0.015088 0.009217 0.006590
10 0.653226 0.014395 0.009217 0.006590
10 0.642857 0.014221 0.013825 0.006243
10 0.898618 0.020465 0.013825 0.007631
10 0.920507 0.020465 0.011521 0.007631
10 0.073733 0.200312 0.023041 0.004509
10 0.940668 0.020812 0.012673 0.006937
10 0.716590 0.902879 0.018433 0.006243
10 0.725230 0.905307 0.021889 0.006937
10 0.782834 0.911377 0.017281 0.005897
10 0.801843 0.915019 0.020737 0.006937
10 0.523041 0.951439 0.013825 0.006243
10 0.528802 0.972251 0.016129 0.007631
10 0.566820 0.985258 0.013825 0.006590
1 0.682604 0.883802 0.021889 0.006243
1 0.527650 0.660943 0.020737 0.007978
1 0.644009 0.631634 0.029954 0.012487
1 0.569700 0.638744 0.033410 0.014915
10 0.227535 0.711585 0.019585 0.007284
10 0.217166 0.704128 0.017281 0.007631
10 0.208525 0.697190 0.016129 0.006243
10 0.198733 0.691294 0.019585 0.006243
10 0.188940 0.684530 0.016129 0.007284
10 0.179147 0.677766 0.019585 0.006937
10 0.169931 0.671176 0.017281 0.006243
10 0.162442 0.665453 0.018433 0.007284
10 0.209101 0.408255 0.021889 0.007631
10 0.163018 0.237947 0.028802 0.004856
10 0.171083 0.227888 0.021889 0.007631
10 0.224078 0.150364 0.017281 0.007284
10 0.182028 0.149324 0.020737 0.005897
10 0.973502 0.022199 0.011521 0.006937
10 0.960829 0.022026 0.009217 0.007284
10 0.950461 0.021159 0.011521 0.006937
10 0.633065 0.013874 0.010369 0.006243
10 0.623848 0.013874 0.010369 0.006243
10 0.611175 0.013874 0.008065 0.006243
10 0.600230 0.013874 0.009217 0.006243
10 0.259793 0.007458 0.010369 0.006590
10 0.248272 0.007978 0.014977 0.006937
10 0.404378 0.003122 0.020737 0.003469
10 0.237327 0.009018 0.013825 0.006243
10 0.225806 0.009018 0.011521 0.006243
10 0.214862 0.009365 0.014977 0.006937
10 0.205069 0.009192 0.013825 0.006590
10 0.195276 0.010059 0.012673 0.006937
1 0.862903 0.160770 0.013825 0.010059
1 0.427995 0.203607 0.021889 0.012487
1 0.567396 0.301422 0.026498 0.018037
7 0.942396 0.913978 0.073733 0.032605
7 0.849654 0.867326 0.213134 0.044745
7 0.781682 0.820673 0.277650 0.046479
7 0.748272 0.782692 0.337558 0.058619
7 0.729839 0.734825 0.406682 0.066250
7 0.724078 0.686785 0.441244 0.068678
7 0.694124 0.635276 0.441244 0.069719
7 0.658986 0.583247 0.447005 0.073881
7 0.625576 0.519598 0.490783 0.086022
7 0.509793 0.467742 0.388249 0.062088
7 0.550115 0.402532 0.618664 0.040583
7 0.543203 0.353104 0.625576 0.022199
7 0.523618 0.291883 0.632488 0.039195
7 0.521313 0.240201 0.616359 0.030871
7 0.557604 0.195456 0.658986 0.027402
7 0.582949 0.153833 0.663594 0.023933
10 0.269585 0.007458 0.011521 0.007284
10 0.282258 0.007804 0.011521 0.006590
10 0.292627 0.007804 0.011521 0.006590
10 0.458525 0.011273 0.011521 0.006590
10 0.590438 0.013528 0.012673 0.006937
10 0.577189 0.013528 0.011521 0.006937
10 0.566820 0.013007 0.009217 0.006590
10 0.556452 0.012834 0.011521 0.006937
10 0.546083 0.012660 0.011521 0.006590
10 0.534562 0.012314 0.011521 0.006590
10 0.524194 0.012140 0.013825 0.006937
10 0.512673 0.011273 0.011521 0.007284
10 0.502304 0.011446 0.011521 0.006243
10 0.491935 0.011620 0.011521 0.007284
10 0.480415 0.011100 0.009217 0.006937
10 0.469470 0.011100 0.010369 0.006937
10 0.447581 0.010753 0.010369 0.006937
10 0.304724 0.007458 0.010369 0.006590
10 0.436636 0.009712 0.011521 0.007631
10 0.423963 0.009712 0.011521 0.006243
10 0.413018 0.009539 0.010369 0.006590
10 0.402650 0.009539 0.010369 0.006590
10 0.391705 0.009192 0.011521 0.006590
10 0.380760 0.009365 0.010369 0.006243
10 0.370392 0.009018 0.010369 0.006243
10 0.360599 0.008151 0.009217 0.006590
10 0.348502 0.008498 0.010369 0.006590
10 0.336406 0.008325 0.009217 0.006937
10 0.325461 0.008325 0.010369 0.006937
10 0.314516 0.007458 0.011521 0.006590
10 0.708525 0.900104 0.018433 0.006243
10 0.698157 0.898196 0.018433 0.005897
10 0.691244 0.895768 0.020737 0.006590
10 0.222926 0.740895 0.014977 0.006243
10 0.099654 0.623482 0.017281 0.006590
10 0.112327 0.631460 0.017281 0.006590
10 0.067396 0.632154 0.014977 0.005897
10 0.074885 0.637704 0.018433 0.007284
10 0.082949 0.642907 0.018433 0.006590
10 0.092166 0.648630 0.018433 0.006937
10 0.120968 0.637704 0.018433 0.007284
10 0.129608 0.643600 0.019585 0.007978
10 0.139977 0.652099 0.019585 0.006937
10 0.149194 0.658342 0.017281 0.007631
10 0.104263 0.656434 0.017281 0.006590
10 0.111175 0.663025 0.019585 0.006590
10 0.119240 0.669268 0.017281 0.007284
10 0.130760 0.675512 0.017281 0.007284
10 0.139977 0.681408 0.017281 0.007284
10 0.148618 0.687652 0.018433 0.007978
10 0.239055 0.719736 0.017281 0.006937
10 0.248272 0.726500 0.017281 0.007284
10 0.256912 0.733091 0.016129 0.007284
10 0.275346 0.746792 0.023041 0.008325
10 0.265553 0.739854 0.021889 0.007631
10 0.264977 0.749220 0.013825 0.006243
10 0.171659 0.702393 0.018433 0.006937
10 0.179147 0.708810 0.017281 0.005897
10 0.184908 0.714187 0.017281 0.006937
10 0.195276 0.719910 0.014977 0.007978
10 0.202765 0.727367 0.016129 0.006243
10 0.091590 0.618106 0.019585 0.006937
10 0.082373 0.612730 0.019585 0.007284
10 0.070276 0.605099 0.020737 0.007978
10 0.275922 0.480923 0.019585 0.007978
10 0.081797 0.239681 0.023041 0.005550
10 0.016705 0.018904 0.021889 0.004509
10 0.546083 0.890392 0.020737 0.004856
10 0.118088 0.841485 0.017281 0.006937
10 0.131912 0.839057 0.017281 0.006937
10 0.144585 0.836802 0.017281 0.006590
10 0.071429 0.812175 0.020737 0.005897
10 0.475230 0.647763 0.012673 0.007284
10 0.436060 0.635969 0.021889 0.008672
10 0.430876 0.628339 0.020737 0.007978
10 0.459101 0.622268 0.012673 0.006937
10 0.419355 0.616372 0.020737 0.007631
10 0.242512 0.409296 0.012673 0.006937
10 0.056452 0.596254 0.018433 0.006937
10 0.011521 0.308186 0.018433 0.004509
10 0.129032 0.291883 0.027650 0.007284
10 0.130760 0.280784 0.019585 0.006590
10 0.058756 0.626951 0.018433 0.006590
10 0.069700 0.624003 0.017281 0.006937
10 0.046083 0.619320 0.018433 0.006590
10 0.036290 0.612556 0.017281 0.007631
10 0.025922 0.607007 0.017281 0.006937
10 0.013249 0.597641 0.017281 0.008325
10 0.020161 0.573708 0.019585 0.006937
10 0.035138 0.582379 0.017281 0.006937
10 0.046083 0.589317 0.020737 0.007631
10 0.213710 0.734651 0.017281 0.007631
10 0.231567 0.746792 0.016129 0.007631
10 0.682028 0.893687 0.018433 0.005897
10 0.240207 0.753902 0.017281 0.007978
10 0.710829 0.872008 0.020737 0.006937
10 0.717166 0.873916 0.024194 0.007284
10 0.730415 0.878772 0.020737 0.006590
10 0.757488 0.885709 0.019585 0.006590
10 0.784562 0.892473 0.020737 0.006937
10 0.792627 0.894901 0.023041 0.006937
10 0.801843 0.896289 0.020737 0.006937
10 0.810484 0.898543 0.019585 0.007284
10 0.819124 0.900624 0.018433 0.006590
10 0.827765 0.902359 0.019585 0.007284
10 0.835253 0.904613 0.020737 0.006937
10 0.846198 0.906868 0.019585 0.006590
10 0.729839 0.898023 0.019585 0.006243
10 0.714862 0.893340 0.021889 0.007284
10 0.698157 0.888658 0.023041 0.006937
10 0.691820 0.886230 0.024194 0.006937
10 0.676267 0.881027 0.023041 0.006937
10 0.668203 0.878772 0.023041 0.006590
10 0.661866 0.875997 0.024194 0.007284
10 0.652074 0.873743 0.020737 0.006243
10 0.644009 0.872008 0.020737 0.006243
10 0.627880 0.875477 0.020737 0.006243
10 0.635945 0.877905 0.018433 0.005550
10 0.649770 0.883455 0.018433 0.006937
10 0.658410 0.885883 0.019585 0.006937
10 0.666475 0.888658 0.019585 0.006937
10 0.674539 0.890912 0.019585 0.005897
10 0.412442 0.863510 0.016129 0.006590
10 0.582949 0.825702 0.018433 0.007978
10 0.570276 0.817378 0.016129 0.007284
10 0.341014 0.795005 0.016129 0.007631
10 0.248848 0.760493 0.016129 0.005897
10 0.271889 0.777662 0.016129 0.006937
10 0.264977 0.771766 0.016129 0.006243
10 0.255760 0.765695 0.016129 0.006590
10 0.284562 0.753902 0.018433 0.006590
10 0.295507 0.762574 0.014977 0.007284
10 0.302995 0.768123 0.016129 0.007284
10 0.297235 0.775754 0.016129 0.006590
10 0.508065 0.759279 0.018433 0.006243
10 0.312788 0.774714 0.017281 0.006590
10 0.321429 0.780784 0.018433 0.006937
10 0.331221 0.787895 0.017281 0.007978
10 0.349078 0.800902 0.018433 0.007631
10 0.557604 0.810441 0.013825 0.006590
10 0.358295 0.807666 0.020737 0.007978
10 0.176267 0.801769 0.023041 0.005897
10 0.417051 0.855012 0.016129 0.006937
10 0.409562 0.848942 0.017281 0.006590
10 0.400922 0.841311 0.016129 0.007284
10 0.393433 0.835761 0.014977 0.006590
10 0.384793 0.829518 0.016129 0.006590
10 0.376152 0.822754 0.014977 0.006243
10 0.367512 0.816684 0.016129 0.007978
10 0.364631 0.827263 0.012673 0.006937
10 0.301267 0.827957 0.017281 0.003469
10 0.320276 0.842872 0.020737 0.004162
7 0.616359 0.112556 0.635945 0.029483