10 0.982143 0.165323 0.023399 0.015396
10 0.913177 0.142229 0.025862 0.014663
14 0.075739 0.158724 0.057882 0.037390
10 0.980911 0.505132 0.023399 0.014663
10 0.902094 0.150293 0.023399 0.013196
10 0.890394 0.160557 0.027094 0.014663
10 0.878079 0.166056 0.024631 0.015396
10 0.868842 0.173387 0.023399 0.012463
9 0.958744 0.182185 0.018473 0.034457
3 0.550493 0.739736 0.290640 0.162757
3 0.280172 0.621701 0.181034 0.108504
3 0.874384 0.534457 0.167488 0.098240
3 0.737685 0.420821 0.169951 0.096774
3 0.310345 0.152859 0.167488 0.097507