10 0.986746 0.545972 0.017367 0.020140
10 0.217093 0.294658 0.015539 0.016637
9 0.078611 0.278459 0.032907 0.026270
9 0.085466 0.268389 0.030165 0.025394
10 0.084552 0.386602 0.017367 0.018389
10 0.040676 0.440455 0.021024 0.019264
10 0.107861 0.431261 0.018282 0.018389
10 0.076325 0.466725 0.017367 0.017513
10 0.129342 0.404991 0.019196 0.020140
10 0.173675 0.349825 0.018282 0.018389
10 0.131627 0.576182 0.016453 0.015762
10 0.099634 0.595447 0.021938 0.019264
10 0.119744 0.609895 0.021938 0.018389
10 0.200183 0.669877 0.021938 0.017513
10 0.221664 0.684764 0.019196 0.017513
10 0.242230 0.700088 0.020110 0.016637
10 0.246801 0.661996 0.020110 0.017513
10 0.292505 0.695709 0.020110 0.016637
10 0.278793 0.728109 0.023766 0.020140
10 0.200183 0.780648 0.016453 0.018389
10 0.019196 0.747811 0.016453 0.019264
10 0.308958 0.750876 0.020110 0.016637
10 0.331353 0.768389 0.021024 0.018389
10 0.370201 0.782399 0.021938 0.020140
10 0.413163 0.786340 0.021938 0.021016
10 0.450183 0.813923 0.021024 0.016637
10 0.468464 0.829247 0.021024 0.021016
10 0.355119 0.742995 0.019196 0.016637
10 0.551188 0.889229 0.021938 0.016637
9 0.175046 0.299037 0.022852 0.023643
10 0.185101 0.263135 0.017367 0.016637
10 0.408592 0.944396 0.018282 0.020140
10 0.241773 0.264011 0.015539 0.016637
3 0.604205 0.578371 0.142596 0.133975
3 0.724863 0.426445 0.124314 0.120841
3 0.464351 0.258757 0.151737 0.147986
3 0.288848 0.541156 0.202925 0.194396
10 0.163620 0.012697 0.016453 0.014886
10 0.176874 0.020578 0.019196 0.020140
10 0.197441 0.064799 0.020110 0.017513
10 0.252742 0.109019 0.021024 0.016637
10 0.225320 0.088879 0.021024 0.018389
10 0.329068 0.085814 0.018282 0.019264
10 0.367916 0.110333 0.017367 0.017513
10 0.354662 0.126532 0.016453 0.016637
10 0.340037 0.145359 0.016453 0.019264
10 0.326782 0.160683 0.017367 0.021891
10 0.314442 0.176883 0.018282 0.021016
10 0.284735 0.166375 0.017367 0.019264
10 0.247715 0.185639 0.018282 0.021016
10 0.232176 0.204904 0.018282 0.021016
10 0.282450 0.214974 0.016453 0.018389
10 0.268739 0.230736 0.018282 0.018389
10 0.256856 0.246935 0.016453 0.019264
10 0.443784 0.017075 0.017367 0.018389
10 0.484004 0.099387 0.021024 0.018389
10 0.526051 0.091506 0.017367 0.016637
10 0.424589 0.092820 0.019196 0.017513
10 0.429159 0.070490 0.021024 0.018389
10 0.449726 0.072242 0.018282 0.014886
10 0.571755 0.902802 0.017367 0.017513
10 0.439671 0.926445 0.020110 0.019264
10 0.978519 0.539842 0.019196 0.021891
10 0.561700 0.050788 0.021024 0.019264
10 0.741773 0.068301 0.021024 0.019264
10 0.756399 0.049037 0.019196 0.019264
10 0.809415 0.039842 0.017367 0.018389
10 0.823126 0.023643 0.019196 0.019264
10 0.905850 0.098949 0.023766 0.021016
10 0.979433 0.243870 0.015539 0.018389
10 0.981261 0.287653 0.021024 0.023643
10 0.909049 0.330123 0.017367 0.019264
10 0.943784 0.335814 0.017367 0.018389
10 0.928245 0.355079 0.019196 0.023643
10 0.893510 0.348511 0.019196 0.021016
10 0.914534 0.370841 0.019196 0.020140
10 0.835923 0.425569 0.019196 0.015762
10 0.877971 0.479422 0.017367 0.018389
10 0.890768 0.478984 0.017367 0.017513
10 0.878428 0.492557 0.018282 0.016637
10 0.953382 0.449650 0.020110 0.016637
10 0.970293 0.461909 0.019196 0.018389
10 0.931901 0.562172 0.019196 0.022767
10 0.939214 0.569615 0.019196 0.020140
10 0.950183 0.575306 0.019196 0.021016
10 0.957495 0.581436 0.019196 0.021016
10 0.966636 0.587566 0.019196 0.021016
10 0.973949 0.594571 0.017367 0.019264
10 0.984004 0.600263 0.019196 0.020140
10 0.958410 0.528897 0.019196 0.022767
10 0.968007 0.534588 0.020110 0.020140
10 0.576782 0.166375 0.018282 0.015762
10 0.805759 0.285464 0.019196 0.017513
10 0.362431 0.903678 0.015539 0.015762
10 0.824954 0.199650 0.021024 0.017513
10 0.133912 0.821366 0.015539 0.017513
10 0.122486 0.834501 0.016453 0.017513
10 0.024223 0.900175 0.015539 0.014011
10 0.042962 0.915499 0.018282 0.016637
10 0.060786 0.929510 0.019196 0.018389
10 0.073126 0.908056 0.018282 0.015762
10 0.089580 0.920753 0.018282 0.016637
10 0.106490 0.932137 0.019196 0.016637
10 0.120201 0.972417 0.017367 0.014886
10 0.212066 0.907618 0.014625 0.014886
10 0.223949 0.894046 0.016453 0.019264
10 0.248172 0.905429 0.017367 0.017513
10 0.288848 0.935639 0.020110 0.020140
10 0.425960 0.973730 0.018282 0.021016
1 0.234004 0.820490 0.021938 0.022767
1 0.314442 0.886602 0.021938 0.023643
10 0.585923 0.959282 0.018282 0.016637
10 0.606490 0.946147 0.019196 0.018389
10 0.661792 0.971541 0.018282 0.018389
10 0.605576 0.973730 0.019196 0.017513
10 0.622486 0.986865 0.021938 0.019264
10 0.437386 0.984238 0.019196 0.019264
10 0.783364 0.358581 0.018282 0.016637
10 0.761883 0.342820 0.019196 0.018389
10 0.670932 0.155429 0.018282 0.018389
10 0.687843 0.134851 0.017367 0.019264
10 0.734461 0.133975 0.017367 0.019264
3 0.492687 0.721103 0.138940 0.128722