9 0.900822 0.278710 0.012911 0.015018
4 0.765258 0.306979 0.046948 0.043286
10 0.055751 0.154152 0.024648 0.018551
10 0.071596 0.158569 0.023474 0.016784
10 0.107394 0.140018 0.022300 0.016784
10 0.132042 0.101148 0.029343 0.018551
10 0.197183 0.051237 0.028169 0.019435
9 0.857394 0.713339 0.050469 0.029152
5 0.926056 0.465989 0.136150 0.089223
5 0.822183 0.511926 0.139671 0.092756
5 0.886150 0.416519 0.131455 0.087456
5 0.782864 0.462898 0.133803 0.090106
13 0.499413 0.620583 0.372066 0.232332
4 0.825117 0.280477 0.049296 0.043286
4 0.794601 0.294170 0.049296 0.044170
4 0.865023 0.329064 0.049296 0.045053
10 0.026408 0.741608 0.024648 0.015018
4 0.832746 0.342756 0.052817 0.044170
4 0.802817 0.355124 0.051643 0.045936
4 0.772300 0.368816 0.051643 0.045053
4 0.734742 0.319788 0.046948 0.044170
4 0.699531 0.367933 0.098592 0.090989
4 0.644366 0.393110 0.100939 0.091873
4 0.589789 0.418286 0.099765 0.090989
4 0.532277 0.443905 0.102113 0.090989
4 0.478286 0.468198 0.099765 0.091873
4 0.420775 0.493375 0.099765 0.092756
4 0.365610 0.518993 0.102113 0.090989
4 0.309859 0.542403 0.100939 0.091873
4 0.254108 0.568021 0.099765 0.091873
10 0.017019 0.176678 0.026995 0.017668
10 0.042254 0.858216 0.021127 0.013251
9 0.867958 0.269435 0.012911 0.012367
10 0.873826 0.950972 0.026995 0.009717
9 0.950117 0.696996 0.026995 0.014134
9 0.527582 0.994700 0.024648 0.010601
10 0.911385 0.715548 0.029343 0.015901
10 0.860915 0.737633 0.026995 0.015901
10 0.803404 0.762809 0.026995 0.015018
10 0.775235 0.735866 0.024648 0.015901
10 0.755869 0.783569 0.030516 0.017668
10 0.836854 0.978799 0.023474 0.008834
10 0.808099 0.982774 0.024648 0.007951
10 0.982394 0.960247 0.023474 0.008834
10 0.956573 0.962898 0.028169 0.010601
10 0.950117 0.940813 0.026995 0.010601
10 0.923709 0.944346 0.025822 0.010601
10 0.636737 0.981449 0.024648 0.008834
10 0.039906 0.850265 0.025822 0.015018
10 0.662559 0.977915 0.026995 0.010601
10 0.784038 0.985866 0.023474 0.010601
10 0.722418 0.878092 0.015258 0.017668
10 0.714789 0.856449 0.014085 0.020318
10 0.678404 0.844523 0.014085 0.017668
10 0.702465 0.939046 0.012911 0.017668
9 0.572770 0.842314 0.039906 0.022085
10 0.364437 0.985866 0.015258 0.019435
10 0.641432 0.795936 0.024648 0.014134
10 0.598005 0.813163 0.022300 0.015018
10 0.051056 0.870141 0.017606 0.017668
10 0.026995 0.882067 0.014085 0.016784
10 0.042254 0.874558 0.021127 0.019435
4 0.198357 0.593198 0.100939 0.090989