10 0.440329 0.064322 0.013717 0.009506
10 0.489712 0.102662 0.027435 0.007605
4 0.408779 0.194867 0.060357 0.052598
4 0.240741 0.211660 0.058985 0.051965
4 0.170782 0.211027 0.058985 0.053232
3 0.621399 0.802598 0.126200 0.053866
3 0.373800 0.768061 0.138546 0.064639
3 0.420439 0.624525 0.141289 0.064005
3 0.406722 0.454689 0.212620 0.096958
10 0.319616 0.681242 0.030178 0.008872
10 0.480110 0.052281 0.024691 0.006971
10 0.071331 0.018378 0.030178 0.007605
10 0.425926 0.064639 0.012346 0.011407
10 0.069959 0.009506 0.027435 0.007605
10 0.139918 0.020279 0.027435 0.005070
1 0.104252 0.066857 0.013717 0.014575
1 0.120027 0.060520 0.017833 0.022180
9 0.372428 0.063054 0.050754 0.008238
10 0.879973 0.790875 0.015089 0.011407
10 0.140604 0.030735 0.023320 0.006971
10 0.136488 0.012357 0.026063 0.005703
10 0.137860 0.005070 0.026063 0.006337
4 0.340192 0.193599 0.057613 0.053866