10 0.926685 0.321665 0.007303 0.008106
10 0.251685 0.303242 0.006742 0.003685
10 0.244944 0.215549 0.005618 0.005158
10 0.242697 0.280398 0.004494 0.003685
10 0.212921 0.410833 0.004494 0.008106
10 0.216292 0.403832 0.003371 0.007369
10 0.248596 0.930361 0.006180 0.003685
10 0.271910 0.950258 0.005618 0.008106
10 0.235674 0.880619 0.006180 0.007369
10 0.316011 0.431835 0.006180 0.002948
10 0.332584 0.432572 0.004494 0.002948
10 0.259831 0.310980 0.005056 0.002948
10 0.272191 0.313559 0.006180 0.003685
10 0.252247 0.289978 0.005618 0.003685
10 0.896348 0.306190 0.006180 0.006632
10 0.198034 0.354458 0.005056 0.007369
10 0.466854 0.215917 0.006742 0.007369
10 0.354494 0.941415 0.004494 0.008106
10 0.356742 0.948416 0.003371 0.005895
10 0.359551 0.955048 0.004494 0.008843
10 0.693539 0.206706 0.005056 0.003685
10 0.694101 0.210391 0.005056 0.003685
10 0.694101 0.213338 0.005056 0.003685
10 0.703652 0.140015 0.003933 0.005895
10 0.742697 0.143699 0.004494 0.007369
10 0.763483 0.250921 0.004494 0.006632
10 0.245506 0.211864 0.005618 0.003685
10 0.275562 0.181282 0.002809 0.007369
10 0.272753 0.181282 0.002809 0.007369
10 0.265730 0.163965 0.003371 0.008106
14 0.128652 0.786293 0.025843 0.022108
14 0.176966 0.904937 0.010112 0.007369
14 0.324719 0.909359 0.017978 0.020634
14 0.187079 0.696758 0.016854 0.021371
14 0.195787 0.639278 0.015169 0.015475
14 0.490169 0.834562 0.009551 0.012528
14 0.506742 0.422255 0.022472 0.023581
14 0.700843 0.107222 0.010674 0.011054
14 0.785674 0.068534 0.008427 0.011791
12 0.870787 0.438467 0.084270 0.110538
14 0.957022 0.095063 0.019663 0.023581
4 0.320787 0.228814 0.011236 0.033161
4 0.380337 0.260870 0.011236 0.030951
4 0.398034 0.261238 0.011798 0.031688
4 0.355618 0.317612 0.011236 0.030951
4 0.337640 0.316507 0.010112 0.031688
4 0.301966 0.316139 0.011798 0.030951
14 0.799157 0.047900 0.007303 0.007369
14 0.367135 0.844141 0.011798 0.014001
14 0.455899 0.792926 0.011798 0.011791
14 0.485674 0.931835 0.008427 0.006632
10 0.246629 0.122329 0.003371 0.007369
10 0.275843 0.163596 0.002247 0.007369
10 0.767416 0.254974 0.004494 0.007369
10 0.768820 0.275976 0.005056 0.008106
10 0.860674 0.493736 0.006742 0.005895
10 0.880056 0.226234 0.003933 0.007369
10 0.910393 0.242447 0.007303 0.008843
10 0.893820 0.311349 0.005618 0.006632
10 0.898596 0.302506 0.005056 0.006632
10 0.905337 0.289609 0.005056 0.007369
10 0.913764 0.316875 0.005056 0.007369
10 0.912079 0.320929 0.005056 0.006632
10 0.917697 0.334930 0.005056 0.006632
10 0.914326 0.338983 0.005056 0.007369
10 0.921910 0.304348 0.005618 0.007369
10 0.919382 0.290346 0.005056 0.005895
10 0.918258 0.266396 0.005056 0.005158
10 0.952247 0.329772 0.006742 0.009580
10 0.983427 0.233604 0.006180 0.005895
10 0.240449 0.683125 0.005618 0.007369
10 0.356461 0.905674 0.005056 0.005895
10 0.358427 0.901621 0.005618 0.008106
10 0.007303 0.746131 0.006742 0.008106
10 0.564607 0.448416 0.006742 0.009580
10 0.778933 0.264923 0.005056 0.006632
10 0.788483 0.274871 0.006180 0.008843
10 0.680056 0.739867 0.005056 0.008843
10 0.809270 0.317981 0.007303 0.011054
10 0.818820 0.304348 0.006180 0.007369
10 0.891292 0.232130 0.003933 0.005895
10 0.858427 0.216286 0.003371 0.006632
10 0.772472 0.260501 0.005618 0.006632
10 0.855337 0.215549 0.002809 0.006632
10 0.784551 0.271923 0.005056 0.007369
10 0.800562 0.287030 0.004494 0.006632
10 0.803371 0.290346 0.004494 0.005895
10 0.807584 0.294768 0.005056 0.005895
10 0.835112 0.325718 0.005056 0.007369
10 0.802528 0.310243 0.006180 0.007369
10 0.806461 0.314296 0.006180 0.008106
10 0.783708 0.319823 0.005618 0.007369
10 0.818539 0.329403 0.005618 0.008843
10 0.822191 0.330877 0.005056 0.007369
10 0.828090 0.337878 0.005618 0.008106
10 0.831461 0.339352 0.005618 0.008106
10 0.845225 0.352248 0.002809 0.007369
10 0.853371 0.354827 0.003371 0.008106
10 0.859270 0.354090 0.002809 0.006632
10 0.839045 0.328666 0.005056 0.007369
10 0.875281 0.354827 0.003371 0.008106
10 0.897753 0.371408 0.006742 0.004422
10 0.889045 0.030951 0.006180 0.002948
10 0.797472 0.183125 0.005056 0.005158
10 0.827809 0.197863 0.005056 0.005158
10 0.842978 0.209285 0.003933 0.007369
10 0.848596 0.211864 0.002809 0.006632
14 0.361798 0.173913 0.008989 0.030951