14 0.801579 0.054256 0.015795 0.026193
14 0.275913 0.872311 0.010859 0.023386
14 0.783317 0.094013 0.020731 0.015903
14 0.527641 0.275023 0.014808 0.013096
14 0.706811 0.199719 0.015795 0.017774
14 0.557749 0.748831 0.025666 0.021515
14 0.594768 0.704864 0.016782 0.021515
14 0.641658 0.668849 0.017769 0.022451
14 0.708786 0.631431 0.015795 0.016838
14 0.542448 0.920486 0.022705 0.014967
14 0.458045 0.920954 0.025666 0.017774
14 0.388450 0.897568 0.016782 0.021515
14 0.337117 0.903648 0.022705 0.016838
14 0.172754 0.767072 0.021718 0.011225
10 0.666338 0.740879 0.011846 0.009355
10 0.080948 0.628157 0.005923 0.008419
10 0.077986 0.638447 0.005923 0.010290
10 0.466930 0.326941 0.011846 0.010290
10 0.471372 0.322264 0.008885 0.010290
10 0.556762 0.326473 0.011846 0.009355
10 0.622902 0.327409 0.011846 0.007484
10 0.933366 0.409261 0.008885 0.008419
10 0.977789 0.600561 0.006910 0.009355
10 0.108095 0.355005 0.008885 0.010290
10 0.228529 0.213283 0.010859 0.009355
10 0.230997 0.152479 0.009872 0.009355
14 0.286772 0.084659 0.022705 0.027128