10 0.957604 0.083130 0.014805 0.029340
10 0.440781 0.924205 0.028264 0.012225
4 0.450875 0.330685 0.053836 0.103912
4 0.537012 0.331296 0.053836 0.105134
4 0.624495 0.330073 0.053836 0.105134
4 0.201884 0.539120 0.040377 0.080685
4 0.267160 0.537897 0.039031 0.080685
4 0.331763 0.537897 0.041723 0.080685
4 0.397712 0.537897 0.041723 0.080685
4 0.540377 0.569071 0.055182 0.103912
4 0.625841 0.567848 0.053836 0.103912
4 0.691790 0.526895 0.026918 0.048900
4 0.691117 0.607579 0.028264 0.044010
10 0.721400 0.197433 0.013459 0.020782
10 0.964334 0.985941 0.030956 0.011002
10 0.930686 0.062347 0.017497 0.029340
10 0.814266 0.404034 0.024226 0.011002
10 0.810902 0.389364 0.028264 0.011002
10 0.807537 0.354523 0.026918 0.012225
10 0.808210 0.342910 0.022880 0.011002
10 0.808883 0.308068 0.026918 0.012225
10 0.806191 0.284841 0.024226 0.009780
10 0.886945 0.317848 0.013459 0.019560
10 0.914536 0.378362 0.014805 0.023227
10 0.923957 0.299511 0.014805 0.024450
10 0.943472 0.376528 0.010767 0.022005
10 0.927322 0.377751 0.013459 0.019560
10 0.868102 0.147311 0.016151 0.025672
4 0.363392 0.330685 0.053836 0.103912