10 0.656077 0.065307 0.011094 0.004125
10 0.665406 0.089368 0.010590 0.004583
10 0.633384 0.065078 0.011094 0.004583
10 0.621029 0.085014 0.009581 0.004125
10 0.622037 0.065078 0.009581 0.004583
10 0.622289 0.059120 0.009077 0.004583
10 0.621533 0.054308 0.008573 0.004125
10 0.552950 0.497479 0.006556 0.010541
10 0.378971 0.981210 0.010590 0.004583
10 0.219112 0.982126 0.010590 0.004583
10 0.122542 0.982126 0.012103 0.005500
10 0.059506 0.926214 0.010086 0.006416
10 0.044629 0.982126 0.009581 0.003666
10 0.338880 0.812786 0.005043 0.009624
10 0.313414 0.791476 0.005547 0.010082
14 0.901916 0.657195 0.090267 0.039413
3 0.739788 0.830889 0.058497 0.054079
3 0.580938 0.829285 0.056480 0.054537
3 0.728442 0.694775 0.060010 0.054079
3 0.581947 0.695005 0.061523 0.052704
3 0.386031 0.700275 0.079173 0.070577
3 0.109430 0.701421 0.076652 0.067369
3 0.106909 0.449817 0.073626 0.070119
3 0.388805 0.444546 0.068583 0.062328
3 0.169945 0.205775 0.075643 0.067828
3 0.167927 0.069890 0.078669 0.070119
3 0.319718 0.206233 0.073626 0.071494
10 0.632375 0.059349 0.010086 0.005041
10 0.620020 0.104720 0.009581 0.004125
5 0.950076 0.415903 0.029249 0.042621
10 0.690368 0.094867 0.009077 0.004583
10 0.933938 0.093263 0.010086 0.005041
10 0.925113 0.098304 0.013616 0.005041
10 0.891578 0.121448 0.009077 0.005500
10 0.890822 0.117094 0.010590 0.005041
10 0.902673 0.117094 0.009077 0.005041
10 0.902168 0.102429 0.012103 0.005041
10 0.892587 0.088680 0.011094 0.005041
10 0.868381 0.083410 0.010086 0.004583
10 0.868129 0.078139 0.009581 0.004125
10 0.923601 0.073098 0.008573 0.005041
10 0.924357 0.068057 0.010086 0.005041
10 0.923853 0.063245 0.010086 0.004583
10 0.965961 0.518790 0.004539 0.007333
10 0.799798 0.486709 0.005043 0.007333
10 0.909481 0.518332 0.005547 0.008249
10 0.903177 0.517874 0.006051 0.009166
10 0.887796 0.540330 0.004539 0.007333
10 0.882501 0.540101 0.005043 0.007791
10 0.809128 0.529331 0.009581 0.004583
10 0.891578 0.860678 0.015129 0.010999
10 0.637922 0.977085 0.010086 0.004583
10 0.636409 0.519248 0.005043 0.008249
10 0.707262 0.540330 0.005547 0.009166
10 0.680787 0.426444 0.013111 0.005041
10 0.689360 0.080202 0.012103 0.004583
3 0.320474 0.068057 0.077156 0.068286