14 0.268031 0.162802 0.007147 0.010628
1 0.594867 0.650725 0.009747 0.012560
7 0.600715 0.628019 0.109812 0.191304
7 0.565627 0.553140 0.146199 0.254106
14 0.275179 0.398068 0.024042 0.021256
12 0.261858 0.210145 0.016894 0.024155
12 0.204678 0.153623 0.014295 0.025121
1 0.610136 0.589855 0.009097 0.012560
1 0.620533 0.600000 0.007797 0.009662
1 0.572125 0.662802 0.008447 0.011594
14 0.416829 0.170531 0.011046 0.018357
1 0.576023 0.685507 0.011046 0.012560
1 0.571800 0.689855 0.006498 0.007729
1 0.565302 0.682126 0.006498 0.007729
1 0.561728 0.684058 0.008447 0.011594
1 0.556855 0.546377 0.007797 0.010628
14 0.441196 0.142029 0.007797 0.011594
14 0.431774 0.153623 0.008447 0.013527
7 0.681287 0.611594 0.183886 0.320773