9 0.501340 0.144681 0.008937 0.003191
9 0.520554 0.100266 0.008937 0.003723
9 0.520777 0.133511 0.008490 0.002128
9 0.521224 0.122340 0.009383 0.002128
9 0.520554 0.118351 0.008937 0.002660
9 0.521001 0.114894 0.008937 0.002128
9 0.521224 0.111170 0.009383 0.003191
9 0.521001 0.107713 0.008937 0.002660
9 0.520777 0.104255 0.009383 0.003191
9 0.520331 0.096277 0.008490 0.003191
9 0.501564 0.141223 0.009383 0.002660
9 0.520331 0.092553 0.008490 0.003191
9 0.520777 0.081117 0.009383 0.002660
2 0.303396 0.802128 0.008937 0.011702
8 0.636059 0.065957 0.008490 0.008511
8 0.670241 0.147340 0.008937 0.015957
8 0.516533 0.672340 0.046470 0.048936
8 0.138070 0.813564 0.008043 0.013298
9 0.520777 0.137234 0.009383 0.003191
9 0.521001 0.140957 0.008937 0.004255
9 0.520554 0.144681 0.008937 0.003191
9 0.520107 0.155319 0.008937 0.003191
9 0.501117 0.137234 0.009383 0.003191
9 0.501564 0.134309 0.008490 0.002660
9 0.501787 0.130585 0.009830 0.002660
9 0.501340 0.126330 0.008937 0.002660
9 0.501787 0.122606 0.008937 0.002660
9 0.502011 0.119415 0.009383 0.002660
9 0.502011 0.115426 0.009383 0.003191
9 0.500894 0.100798 0.008937 0.002660
9 0.500894 0.096277 0.008937 0.003191
9 0.501340 0.092553 0.008937 0.002128
9 0.501787 0.089362 0.008937 0.003191
9 0.501787 0.085904 0.009830 0.002660
9 0.512064 0.167287 0.008937 0.002660
9 0.520107 0.162500 0.008937 0.002660
9 0.520554 0.159043 0.008043 0.003191
8 0.225424 0.603457 0.040661 0.048404