10 0.892210 0.446154 0.004701 0.002930
9 0.370383 0.600733 0.011417 0.014652
9 0.373069 0.578755 0.010074 0.014652
9 0.369711 0.581685 0.008731 0.014652
9 0.361652 0.586081 0.008731 0.016117
9 0.358294 0.589011 0.010074 0.016117
9 0.350907 0.593407 0.010074 0.014652
9 0.335460 0.602564 0.011417 0.015385
9 0.332438 0.605128 0.010745 0.016117
9 0.328408 0.606960 0.009402 0.013919
9 0.324043 0.609158 0.008731 0.013919
9 0.320685 0.610623 0.010074 0.013919
9 0.308932 0.617582 0.010745 0.014652
9 0.320349 0.627106 0.008059 0.010256
9 0.316655 0.629670 0.008731 0.009524
9 0.345198 0.651648 0.010745 0.015385
9 0.349228 0.649817 0.010745 0.014652
9 0.377770 0.595604 0.011417 0.014652
9 0.359302 0.606960 0.010745 0.013919
9 0.356615 0.645055 0.010745 0.015385
9 0.354936 0.609890 0.010074 0.013919
10 0.394224 0.746886 0.005373 0.002198
9 0.371390 0.742857 0.013432 0.004396
9 0.352250 0.553114 0.011417 0.016117
9 0.348892 0.555678 0.010074 0.015385
9 0.345198 0.558242 0.010745 0.014652
9 0.342176 0.560440 0.008731 0.014652
9 0.334453 0.564469 0.009402 0.015385
9 0.312626 0.578755 0.010074 0.014652
9 0.302216 0.585714 0.010745 0.015385
9 0.325050 0.626740 0.010745 0.015385
9 0.328408 0.624542 0.010745 0.013919
9 0.332438 0.621978 0.010745 0.014652
9 0.343855 0.616117 0.010745 0.014652
9 0.347549 0.613919 0.010074 0.014652
9 0.351914 0.612088 0.010745 0.015385
9 0.352586 0.647253 0.010745 0.015385
9 0.361316 0.643223 0.010745 0.014652
10 0.188046 0.840659 0.005373 0.006593
9 0.402619 0.546154 0.012760 0.008059
9 0.400604 0.524908 0.014103 0.009524
9 0.367361 0.540659 0.013432 0.011722
9 0.365346 0.536630 0.013432 0.010989
9 0.359973 0.528205 0.009402 0.007326
9 0.359302 0.548718 0.010745 0.014652
10 0.353593 0.536630 0.006044 0.008059
10 0.346541 0.540293 0.005373 0.008059
10 0.344527 0.542125 0.005373 0.007326
10 0.340833 0.544689 0.006044 0.008059
10 0.337811 0.545788 0.005373 0.007326
10 0.334788 0.547985 0.006044 0.007326
10 0.331766 0.550549 0.005373 0.008059
10 0.329080 0.552381 0.005373 0.007326
10 0.388180 0.496703 0.005373 0.002930
10 0.388852 0.501099 0.005373 0.004396
9 0.401276 0.530037 0.014103 0.009524
9 0.403627 0.551648 0.013432 0.008791
9 0.364674 0.641392 0.010745 0.013919
9 0.404634 0.561172 0.014103 0.008791
9 0.369040 0.638828 0.010074 0.014652
9 0.372398 0.636630 0.010074 0.013187
9 0.376091 0.633700 0.010745 0.014652
9 0.383479 0.628938 0.010745 0.013919
9 0.387844 0.627106 0.010074 0.014652
9 0.391202 0.624908 0.010074 0.016117
9 0.399261 0.618681 0.010074 0.015385
9 0.407992 0.603663 0.012760 0.008791
9 0.407320 0.598901 0.015447 0.010989
9 0.406313 0.593773 0.014775 0.009524
9 0.406985 0.589011 0.014775 0.010256
9 0.406649 0.583883 0.014103 0.008791
9 0.404634 0.578755 0.008731 0.007326
9 0.406985 0.573626 0.010745 0.007326
9 0.406313 0.569597 0.012089 0.008059
10 0.419073 0.760440 0.006716 0.005861
10 0.095702 0.889744 0.006044 0.005128
10 0.955339 0.411722 0.004701 0.002930
10 0.044997 0.966667 0.005373 0.003663
10 0.076561 0.946886 0.005373 0.005128
10 0.087979 0.940293 0.005373 0.005128
10 0.094023 0.936264 0.005373 0.004396
10 0.100067 0.933333 0.005373 0.004396
10 0.104768 0.929304 0.005373 0.005128
10 0.110477 0.926374 0.004701 0.005128
10 0.115850 0.922344 0.004701 0.004396
10 0.127267 0.915751 0.006044 0.004396
10 0.134990 0.910623 0.005373 0.004396
10 0.140698 0.906960 0.004701 0.004396
10 0.146743 0.902930 0.004701 0.005128
10 0.036938 0.980220 0.005373 0.004396
10 0.053727 0.969597 0.005373 0.005128
10 0.059772 0.965568 0.005373 0.004396
10 0.054063 0.977289 0.006044 0.002930
10 0.050369 0.963004 0.004030 0.005128
10 0.038617 0.970696 0.004701 0.004396
10 0.114506 0.932234 0.006044 0.005128
10 0.033580 0.973626 0.005373 0.004396
10 0.258899 0.914286 0.002015 0.005861
10 0.259906 0.946886 0.005373 0.002198
10 0.260242 0.943223 0.006044 0.002198
10 0.260913 0.939927 0.006044 0.002930
10 0.261585 0.937363 0.006044 0.002198
10 0.262257 0.931868 0.006044 0.002930
10 0.262928 0.928205 0.006044 0.002930
10 0.263264 0.924908 0.005373 0.002198
10 0.262928 0.921612 0.004701 0.002930
10 0.264607 0.915385 0.005373 0.002198
10 0.264943 0.912454 0.004701 0.002198
10 0.246138 0.891209 0.002015 0.005128
10 0.251511 0.891575 0.002015 0.007326
10 0.065480 0.924542 0.006044 0.005861
10 0.030222 0.946520 0.005373 0.005861
10 0.108462 0.936630 0.004701 0.005128
10 0.120215 0.928938 0.004030 0.004396
10 0.341169 0.740659 0.005373 0.002930
10 0.221961 0.856044 0.004701 0.003663
10 0.235393 0.847985 0.004701 0.003663
10 0.240430 0.844322 0.005373 0.003663
10 0.347549 0.791575 0.006044 0.005128
10 0.279382 0.823077 0.005373 0.005128
10 0.300537 0.810623 0.004701 0.005128
10 0.331095 0.790476 0.004030 0.004396
10 0.312626 0.802930 0.004701 0.004396
10 0.354936 0.787912 0.004701 0.003663
10 0.361316 0.782418 0.004030 0.004396
10 0.368368 0.778022 0.004701 0.004396
10 0.374412 0.774359 0.004701 0.004396
10 0.386501 0.764469 0.004701 0.005128
10 0.287441 0.794872 0.005373 0.004396
10 0.331430 0.776557 0.006044 0.004396
10 0.360981 0.746154 0.004701 0.002198
10 0.229349 0.851648 0.004701 0.005128
10 0.225991 0.862637 0.004701 0.005128
10 0.126259 0.925275 0.005373 0.005861
10 0.253190 0.837363 0.005373 0.004396
10 0.131968 0.921612 0.004701 0.004396
10 0.137005 0.918315 0.005373 0.005128
10 0.151108 0.910256 0.005373 0.005128
10 0.156481 0.906227 0.005373 0.004396
10 0.161182 0.903663 0.004030 0.003663
10 0.167562 0.899267 0.004701 0.005128
10 0.172935 0.895971 0.004701 0.004396
10 0.181666 0.890842 0.004701 0.004396
10 0.186702 0.887546 0.005373 0.003663
10 0.191739 0.884249 0.006044 0.005861
10 0.202821 0.876557 0.005373 0.005128
10 0.216588 0.859707 0.004701 0.005128
10 0.208865 0.873260 0.004030 0.004396
10 0.214574 0.869963 0.004701 0.005128
10 0.220618 0.866667 0.004701 0.004396
10 0.373405 0.508791 0.004030 0.006593
10 0.370383 0.510256 0.003358 0.006593
10 0.368032 0.510989 0.002686 0.006593
10 0.302216 0.264835 0.006716 0.006593
10 0.348220 0.230769 0.007388 0.007326
10 0.343519 0.245788 0.007388 0.006593
10 0.289120 0.222711 0.006044 0.005861
10 0.243116 0.189011 0.006716 0.007326
10 0.216924 0.216117 0.005373 0.005861
10 0.220282 0.223810 0.008059 0.006593
10 0.188381 0.207326 0.007388 0.007326
10 0.171256 0.191941 0.008059 0.007326
10 0.207186 0.187912 0.007388 0.006593
10 0.202821 0.179121 0.006716 0.006593
10 0.198791 0.159707 0.006716 0.005861
10 0.190396 0.161538 0.006044 0.005128
10 0.169913 0.162271 0.006716 0.005128
9 0.410678 0.136630 0.004701 0.015385
10 0.411686 0.183150 0.002686 0.005861
10 0.264271 0.241026 0.007388 0.007326
10 0.310275 0.261538 0.006716 0.005861
10 0.432169 0.140659 0.002015 0.005861
10 0.349899 0.285348 0.006716 0.005128
10 0.138012 0.447253 0.006044 0.003663
10 0.152787 0.447619 0.004701 0.002930
10 0.169241 0.448718 0.005373 0.003663
10 0.189725 0.447985 0.004701 0.003663
10 0.402283 0.426374 0.005373 0.008791
10 0.395903 0.291941 0.003358 0.008059
10 0.388852 0.289744 0.004030 0.006593
10 0.383815 0.288278 0.003358 0.005128
10 0.384150 0.280952 0.002686 0.005128
10 0.415379 0.309158 0.006044 0.005861
10 0.405641 0.311355 0.006716 0.005861
10 0.390866 0.297802 0.006716 0.005128
9 0.085292 0.305861 0.004030 0.018315
9 0.324379 0.244322 0.013432 0.009524
10 0.354265 0.281685 0.006044 0.006593
10 0.412693 0.175458 0.003358 0.006593
10 0.429819 0.117949 0.002686 0.005861
10 0.365010 0.512088 0.003358 0.005861
10 0.147750 0.136630 0.008059 0.008059
10 0.122565 0.119048 0.007388 0.006593
10 0.119879 0.122344 0.007388 0.005861
10 0.104433 0.132601 0.007388 0.005861
10 0.068502 0.139927 0.005373 0.004396
10 0.059436 0.139927 0.007388 0.005861
10 0.033580 0.097802 0.006716 0.005128
10 0.066823 0.091575 0.006044 0.004396
10 0.016790 0.071795 0.006716 0.005861
10 0.095030 0.025641 0.004701 0.002930
10 0.095366 0.031136 0.005373 0.003663
10 0.084285 0.032601 0.004701 0.002198
10 0.084956 0.024176 0.004701 0.002930
10 0.084621 0.017582 0.005373 0.002930
5 0.390195 0.823077 0.028207 0.038828
5 0.372062 0.831136 0.028207 0.038828
10 0.136669 0.108425 0.008731 0.007326
10 0.157152 0.137729 0.008059 0.007326
10 0.427132 0.123810 0.002686 0.005861
10 0.262928 0.065934 0.004701 0.004396
10 0.434856 0.126007 0.003358 0.005861
10 0.433512 0.104762 0.002015 0.005861
10 0.398254 0.178755 0.004030 0.005861
10 0.400940 0.171062 0.004030 0.006593
10 0.402619 0.163736 0.003358 0.005128
10 0.403962 0.155678 0.003358 0.006593
10 0.415379 0.127473 0.003358 0.005861
10 0.411686 0.123443 0.002686 0.006593
10 0.333445 0.036264 0.004701 0.002198
10 0.332438 0.033700 0.005373 0.001465
10 0.304567 0.149451 0.006044 0.004396
10 0.263600 0.047985 0.004701 0.005128
10 0.263264 0.054945 0.004030 0.004396
10 0.263264 0.058974 0.005373 0.005128
10 0.262928 0.062637 0.004701 0.003663
10 0.131632 0.446154 0.005373 0.002930
10 0.112156 0.446154 0.005373 0.002930
10 0.096373 0.445788 0.004701 0.003663
10 0.278375 0.542857 0.004701 0.005861
10 0.284083 0.541026 0.004030 0.006593
10 0.284755 0.534066 0.004030 0.007326
10 0.287441 0.532601 0.004030 0.005861
10 0.289792 0.531136 0.003358 0.005861
10 0.292478 0.531136 0.003358 0.005861
10 0.281397 0.534066 0.004030 0.005861
10 0.278375 0.535165 0.003358 0.006593
10 0.276024 0.536264 0.004030 0.007326
10 0.270651 0.537729 0.004030 0.005861
10 0.267965 0.539194 0.004030 0.005861
10 0.375756 0.486447 0.003358 0.005861
10 0.370047 0.488278 0.004030 0.006593
10 0.365346 0.489744 0.004030 0.006593
10 0.361988 0.490842 0.004030 0.007326
10 0.356615 0.492308 0.004030 0.007326
10 0.281397 0.542491 0.004030 0.006593
10 0.276024 0.543956 0.004030 0.006593
10 0.085292 0.462271 0.002686 0.007326
10 0.272330 0.544322 0.003358 0.007326
10 0.362995 0.512821 0.003358 0.007326
10 0.359973 0.513919 0.004030 0.006593
10 0.371390 0.503297 0.005373 0.005861
10 0.369040 0.503663 0.003358 0.006593
10 0.365682 0.504396 0.003358 0.005128
10 0.363667 0.505861 0.003358 0.006593
10 0.360309 0.506227 0.003358 0.005861
10 0.357623 0.507326 0.004701 0.006593
10 0.281397 0.562637 0.002686 0.005861
10 0.349563 0.510623 0.003358 0.005861
10 0.343519 0.520147 0.003358 0.005861
10 0.327401 0.525641 0.004701 0.006593
10 0.325050 0.527839 0.004030 0.006593
10 0.303224 0.527106 0.003358 0.006593
10 0.269644 0.545788 0.003358 0.005861
10 0.353593 0.493040 0.003358 0.005861
10 0.348556 0.495604 0.004030 0.006593
10 0.345534 0.496337 0.003358 0.006593
10 0.342512 0.497436 0.004030 0.007326
10 0.316320 0.508059 0.004030 0.006593
10 0.310947 0.509524 0.002686 0.006593
10 0.299530 0.512821 0.004030 0.007326
10 0.286098 0.518681 0.004030 0.007326
10 0.281061 0.519780 0.003358 0.008059
10 0.277703 0.520513 0.003358 0.006593
10 0.275353 0.521245 0.004030 0.006593
10 0.272330 0.522344 0.003358 0.007326
10 0.266286 0.523810 0.004701 0.007326
10 0.256548 0.528571 0.004030 0.006593
10 0.139691 0.554579 0.005373 0.004396
10 0.131296 0.549451 0.006044 0.004396
10 0.083277 0.512088 0.002686 0.005861
10 0.083613 0.493773 0.003358 0.007326
10 0.083949 0.478388 0.002686 0.007326
10 0.252854 0.539194 0.004701 0.005861
10 0.254533 0.542125 0.005373 0.005861
10 0.256548 0.544689 0.005373 0.005128
10 0.280725 0.583150 0.005373 0.005861
10 0.337475 0.499634 0.004701 0.007326
10 0.324379 0.503663 0.004030 0.006593
10 0.288449 0.595604 0.006044 0.005861
10 0.285762 0.591209 0.004701 0.004396
10 0.283412 0.589011 0.005373 0.005861
10 0.282069 0.586081 0.005373 0.005861
10 0.279046 0.580586 0.004701 0.005128
10 0.259570 0.549817 0.004701 0.005128
10 0.275688 0.575458 0.004701 0.006593
10 0.270316 0.568864 0.004701 0.005128
10 0.269644 0.565934 0.004701 0.005128
10 0.267965 0.562637 0.005373 0.004396
10 0.266286 0.559707 0.004701 0.005861
10 0.260913 0.552015 0.004701 0.005128
10 0.253526 0.913553 0.004701 0.002930
10 0.252183 0.922344 0.004701 0.002930
10 0.252518 0.925275 0.005373 0.002930
10 0.674278 0.171795 0.002686 0.005128
10 0.677300 0.127106 0.002015 0.006593
10 0.677972 0.119780 0.002015 0.005128
10 0.680322 0.104396 0.002686 0.006593
10 0.679987 0.088278 0.003358 0.006593
10 0.676629 0.080952 0.003358 0.006593
10 0.496978 0.128205 0.005373 0.008791
10 0.499328 0.132234 0.004701 0.006593
10 0.504365 0.135165 0.005373 0.006593
10 0.507388 0.136264 0.004701 0.005861
10 0.512760 0.138828 0.004701 0.006593
10 0.516790 0.140293 0.004701 0.006593
10 0.520148 0.142125 0.004701 0.005861
10 0.504701 0.125641 0.004701 0.006593
10 0.507723 0.127106 0.004030 0.006593
10 0.515111 0.131136 0.005373 0.007326
10 0.676293 0.140293 0.002686 0.006593
10 0.669241 0.108059 0.002015 0.005128
10 0.525856 0.135531 0.004030 0.007326
10 0.679651 0.095971 0.002686 0.005861
10 0.570181 0.270330 0.005373 0.004396
10 0.562458 0.267766 0.004701 0.003663
10 0.617864 0.290110 0.005373 0.004396
10 0.602418 0.287546 0.005373 0.005128
10 0.595366 0.283883 0.006044 0.005128
10 0.462391 0.225275 0.004701 0.006593
10 0.450302 0.222344 0.004701 0.006593
10 0.439557 0.214652 0.006044 0.007326
10 0.672263 0.247985 0.005373 0.003663
10 0.618200 0.168498 0.006044 0.004396
10 0.449966 0.191941 0.004030 0.007326
10 0.665212 0.164469 0.002015 0.005128
10 0.666219 0.155678 0.002686 0.006593
10 0.666891 0.140659 0.002686 0.004396
10 0.667226 0.132601 0.002015 0.005861
10 0.520819 0.133700 0.004701 0.006593
10 0.518469 0.114286 0.004030 0.005861
10 0.820685 0.814652 0.004030 0.005861
10 0.752854 0.632601 0.005373 0.006593
10 0.767629 0.613919 0.005373 0.004396
10 0.776360 0.605128 0.005373 0.005861
10 0.975487 0.665201 0.002015 0.005861
10 0.950974 0.764103 0.002686 0.007326
10 0.788113 0.651282 0.003358 0.005861
10 0.801209 0.692308 0.004030 0.007326
10 0.860645 0.695971 0.002015 0.005861
10 0.820685 0.743223 0.002686 0.005128
10 0.824715 0.747619 0.002686 0.005128
10 0.814976 0.739194 0.003358 0.005861
10 0.960376 0.777289 0.002686 0.005861
10 0.960376 0.790842 0.002686 0.006593
10 0.954332 0.811355 0.005373 0.006593
10 0.722968 0.838095 0.003358 0.005861
10 0.766622 0.841026 0.006044 0.004396
10 0.768301 0.618681 0.005373 0.005128
10 0.691739 0.708791 0.005373 0.006593
10 0.521155 0.115385 0.004030 0.006593
10 0.654130 0.643956 0.005373 0.005861
10 0.532236 0.120513 0.004701 0.006593
10 0.534251 0.121978 0.003358 0.006593
10 0.537273 0.123077 0.004030 0.005861
10 0.539960 0.124542 0.004030 0.005861
10 0.507052 0.109890 0.004030 0.005861
10 0.504701 0.108059 0.003358 0.006593
10 0.538952 0.115018 0.003358 0.005861
10 0.524849 0.108059 0.003358 0.005128
10 0.519812 0.106227 0.004030 0.005861
10 0.517461 0.104762 0.003358 0.005861
10 0.515111 0.103297 0.004030 0.005861
10 0.512424 0.102198 0.004030 0.005128
10 0.551041 0.044322 0.006044 0.003663
10 0.529886 0.034799 0.006716 0.005128
9 0.659839 0.642491 0.011417 0.013187
10 0.688717 0.284982 0.004701 0.004396
10 0.724983 0.298535 0.006044 0.005128
10 0.438214 0.287179 0.006044 0.004396
10 0.650772 0.036630 0.005373 0.004396
10 0.671592 0.074359 0.002686 0.005128
10 0.554735 0.264103 0.005373 0.005128
10 0.602082 0.299267 0.006044 0.003663
10 0.743788 0.344322 0.006044 0.004396
10 0.901612 0.374359 0.006044 0.004396
10 0.889523 0.367033 0.006044 0.002930
10 0.903627 0.452015 0.006044 0.004396
10 0.924110 0.450916 0.005373 0.003663
10 0.744124 0.415751 0.005373 0.003663
10 0.910678 0.386447 0.006716 0.005128
10 0.869711 0.393773 0.008059 0.005128
10 0.879449 0.400733 0.007388 0.004396
10 0.724647 0.343590 0.006716 0.004396
10 0.782740 0.392308 0.006044 0.003663
10 0.771995 0.394139 0.006044 0.004396
10 0.667898 0.117949 0.002015 0.004396
10 0.746138 0.632601 0.005373 0.006593
10 0.510745 0.302564 0.006044 0.004396
10 0.744459 0.642125 0.006044 0.006593
10 0.972801 0.457509 0.006044 0.002198
10 0.826058 0.390476 0.005373 0.002930
10 0.321357 0.191941 0.006044 0.005861
10 0.448287 0.203663 0.004701 0.005861
10 0.450974 0.680220 0.006044 0.005128
10 0.422767 0.687179 0.007388 0.005861
10 0.461383 0.665568 0.006716 0.005128
10 0.952317 0.090842 0.005373 0.004396
10 0.958026 0.092674 0.006044 0.005128
10 0.658160 0.574725 0.005373 0.005128
10 0.753190 0.551282 0.006044 0.005128
10 0.822028 0.589011 0.005373 0.002930
10 0.812290 0.594872 0.006044 0.002930
10 0.811954 0.590842 0.005373 0.003663
10 0.876427 0.101832 0.002686 0.005861
10 0.846206 0.337363 0.006716 0.003663
10 0.658831 0.255678 0.002686 0.005861
10 0.659503 0.249084 0.001343 0.005861
10 0.659839 0.240293 0.002015 0.005861
10 0.561786 0.286081 0.006044 0.005128
10 0.509738 0.243956 0.005373 0.004396
10 0.502686 0.241758 0.006044 0.004396
9 0.535594 0.254945 0.012760 0.008791
9 0.521491 0.249084 0.014103 0.008791
10 0.480860 0.223810 0.005373 0.005128
9 0.468099 0.384249 0.005373 0.016850
9 0.461048 0.498168 0.004701 0.016117
10 0.463398 0.519780 0.004030 0.008059
10 0.458361 0.372894 0.003358 0.007326
10 0.461048 0.375092 0.003358 0.007326
10 0.500000 0.349451 0.007388 0.004396
10 0.654802 0.356777 0.005373 0.004396
10 0.632975 0.335165 0.007388 0.005128
10 0.585628 0.324908 0.006716 0.005128
10 0.931833 0.080952 0.006044 0.003663
10 0.946273 0.087912 0.006716 0.004396
10 0.965413 0.096703 0.006044 0.004396
9 0.808596 0.282051 0.010745 0.014652
10 0.921424 0.212454 0.005373 0.004396
10 0.778711 0.305128 0.006044 0.005128
10 0.784419 0.295238 0.005373 0.004396
10 0.782404 0.298168 0.005373 0.004396
10 0.786770 0.290110 0.006044 0.005861
10 0.920081 0.278755 0.005373 0.005128
9 0.853257 0.214652 0.012760 0.016117
10 0.813969 0.267766 0.005373 0.006593
9 0.866689 0.190842 0.010074 0.012454
9 0.876091 0.166667 0.007388 0.013919
10 0.867696 0.165934 0.004030 0.005128
10 0.869711 0.159341 0.002686 0.005128
10 0.724647 0.225641 0.004030 0.005861
10 0.722297 0.223443 0.004701 0.005861
10 0.815312 0.805495 0.004030 0.006593
10 0.826058 0.824176 0.005373 0.002930
10 0.251847 0.928571 0.005373 0.002198
10 0.464406 0.924908 0.004701 0.005128
10 0.478845 0.905861 0.004030 0.005128
10 0.478173 0.901099 0.005373 0.005861
10 0.536266 0.884615 0.004701 0.006593
10 0.536266 0.893040 0.004701 0.005861
10 0.543653 0.896703 0.004701 0.005861
10 0.552048 0.915751 0.005373 0.005861
10 0.559100 0.918681 0.004701 0.005861
10 0.567159 0.928571 0.004701 0.005128
10 0.575890 0.941758 0.006044 0.005128
10 0.584621 0.942857 0.004701 0.004396
10 0.587643 0.949817 0.005373 0.005128
10 0.605104 0.959707 0.005373 0.004396
10 0.617193 0.971062 0.005373 0.005128
10 0.416387 0.957875 0.005373 0.005128
10 0.406985 0.960073 0.005373 0.005128
10 0.459704 0.921978 0.004701 0.005128
10 0.459704 0.928205 0.004701 0.004396
10 0.267629 0.984615 0.006044 0.002930
10 0.475823 0.915751 0.004701 0.004396
10 0.510410 0.874359 0.004030 0.006593
10 0.504365 0.875458 0.006716 0.005861
10 0.495635 0.869963 0.002686 0.006593
10 0.505037 0.889377 0.005373 0.004396
10 0.504701 0.879853 0.004701 0.005861
10 0.515111 0.880586 0.005373 0.005861
10 0.520148 0.880220 0.004701 0.006593
10 0.515447 0.889744 0.003358 0.006593
10 0.529550 0.898535 0.003358 0.005128
10 0.531901 0.904762 0.002686 0.004396
10 0.531565 0.916850 0.003358 0.005128
10 0.527535 0.915751 0.003358 0.005861
10 0.540631 0.929304 0.002686 0.005128
10 0.538281 0.944689 0.003358 0.005128
10 0.399597 0.973993 0.005373 0.006593
10 0.400269 0.966300 0.005373 0.005861
10 0.265950 0.981319 0.005373 0.002198
10 0.853257 0.820147 0.004701 0.002198
10 0.238751 0.929304 0.004701 0.002198
10 0.238415 0.923443 0.004030 0.002198
10 0.238751 0.920147 0.004701 0.002930
10 0.239422 0.917582 0.004701 0.002198
10 0.240766 0.907692 0.004701 0.002930
10 0.241101 0.905128 0.005373 0.003663
10 0.241773 0.902198 0.005373 0.003663
10 0.250504 0.899267 0.001343 0.005128
10 0.253862 0.899267 0.002686 0.005128
10 0.256548 0.900366 0.002686 0.005861
10 0.249161 0.912821 0.001343 0.005861
10 0.248489 0.920147 0.002686 0.005861
10 0.247817 0.926374 0.002686 0.006593
10 0.246138 0.940293 0.002015 0.005128
10 0.249832 0.943223 0.004030 0.002198
10 0.251511 0.931136 0.004701 0.001465
10 0.238751 0.927106 0.004701 0.002198
10 0.238079 0.932967 0.004701 0.002198
10 0.265615 0.977656 0.006044 0.002198
10 0.237408 0.935897 0.004701 0.003663
10 0.267629 0.969963 0.004701 0.005861
10 0.271659 0.962637 0.004701 0.004396
10 0.267293 0.958974 0.004030 0.002930
10 0.260242 0.964835 0.004701 0.001465
10 0.260578 0.968132 0.004030 0.002198
10 0.262257 0.971795 0.006044 0.003663
10 0.261921 0.988278 0.005373 0.004396
10 0.260242 0.984249 0.004701 0.003663
10 0.254869 0.969963 0.004701 0.002930
10 0.195769 0.911355 0.004701 0.004396
10 0.183680 0.910989 0.006044 0.005128
10 0.237408 0.971062 0.003358 0.005128
10 0.239422 0.969597 0.003358 0.005128
10 0.236736 0.945421 0.004701 0.002198
10 0.237072 0.939194 0.004030 0.002930
10 0.448287 0.915018 0.004701 0.005861
10 0.446944 0.927106 0.004701 0.005128
10 0.436199 0.935897 0.006044 0.006593
10 0.637005 0.755311 0.004701 0.005861
10 0.584621 0.831868 0.004701 0.005128
10 0.590665 0.826007 0.004701 0.005128
10 0.596038 0.821245 0.004701 0.004396
10 0.603761 0.813187 0.006716 0.007326
10 0.504701 0.808425 0.003358 0.006593
10 0.480188 0.764469 0.002686 0.006593
10 0.479852 0.776190 0.003358 0.006593
10 0.472129 0.776190 0.004030 0.008059
10 0.430154 0.765568 0.006044 0.004396
10 0.473808 0.793040 0.004701 0.005128
10 0.469443 0.794872 0.004030 0.004396
10 0.480188 0.802930 0.005373 0.005861
10 0.576897 0.819048 0.004030 0.004396
10 0.567495 0.828571 0.005373 0.004396
10 0.557085 0.838095 0.004701 0.004396
10 0.573539 0.842125 0.005373 0.005128
10 0.631968 0.760806 0.005373 0.005128
10 0.497314 0.897436 0.006044 0.004396
10 0.628946 0.768498 0.006044 0.005861
10 0.875420 0.818315 0.006044 0.002930
10 0.920752 0.818681 0.005373 0.002198
10 0.609805 0.638095 0.006716 0.002930
10 0.465077 0.696337 0.003358 0.006593
10 0.552048 0.863736 0.005373 0.005861
10 0.597381 0.802564 0.004701 0.005128
10 0.589993 0.806227 0.004701 0.005128
10 0.592344 0.799267 0.005373 0.005861
10 0.600067 0.795971 0.004701 0.005128
10 0.607119 0.793773 0.005373 0.005128
10 0.609134 0.787546 0.005373 0.004396
10 0.613499 0.787912 0.004701 0.005128
10 0.616521 0.780220 0.005373 0.005861
10 0.619543 0.782051 0.004701 0.005128
10 0.622230 0.773626 0.004701 0.005861
10 0.554399 0.846520 0.006044 0.005128
10 0.576897 0.823810 0.005373 0.005128
10 0.565480 0.835897 0.005373 0.005861
10 0.567159 0.849451 0.004701 0.003663
10 0.601410 0.923810 0.004701 0.004396
10 0.592344 0.936996 0.005373 0.004396
10 0.587307 0.927839 0.004701 0.003663
10 0.586635 0.932601 0.006044 0.004396
10 0.516454 0.926007 0.004030 0.005861
10 0.522163 0.940293 0.004701 0.006593
10 0.486568 0.813553 0.006044 0.006593
10 0.500336 0.831502 0.005373 0.005861
10 0.502351 0.826374 0.004030 0.005861
10 0.521827 0.858242 0.004030 0.006593
10 0.520484 0.865201 0.004030 0.005861
10 0.526192 0.869231 0.004701 0.005128
10 0.485225 0.895604 0.006044 0.005128
10 0.485897 0.901099 0.004701 0.004396
10 0.493620 0.906960 0.005373 0.004396
10 0.604768 0.928571 0.004701 0.005128
10 0.610141 0.924908 0.004701 0.005128
10 0.610477 0.916850 0.005373 0.005128
10 0.678979 0.868498 0.005373 0.005128
10 0.546004 0.849084 0.004030 0.004396
10 0.542982 0.856777 0.004701 0.003663
10 0.533915 0.855311 0.005373 0.003663
10 0.637005 0.780952 0.004701 0.005861
10 0.657488 0.880220 0.005373 0.005128
10 0.685024 0.864835 0.005373 0.005128
10 0.639019 0.890842 0.006044 0.005861
10 0.623909 0.914652 0.005373 0.005128
10 0.608462 0.913553 0.005373 0.004396
10 0.653459 0.894505 0.005373 0.004396
10 0.646743 0.898901 0.005373 0.004396
10 0.639355 0.903663 0.005373 0.005128
10 0.629953 0.906593 0.006716 0.005128
10 0.615850 0.920513 0.005373 0.005128
6 0.380457 0.827106 0.083949 0.071795