12 0.938615 0.402422 0.014602 0.011426
12 0.236885 0.774680 0.010817 0.009141
12 0.617090 0.547761 0.024878 0.019653
2 0.586804 0.324040 0.023797 0.020110
2 0.619794 0.309415 0.018388 0.015539
2 0.610059 0.291133 0.019470 0.017367
2 0.576798 0.290676 0.020011 0.018282
14 0.200108 0.937386 0.006490 0.006399
14 0.095727 0.921161 0.007572 0.005941
14 0.173337 0.913848 0.007031 0.005941
14 0.148999 0.893510 0.005949 0.004570
14 0.024337 0.541362 0.006490 0.005027
8 0.647377 0.461380 0.016225 0.015082
8 0.197945 0.748400 0.017307 0.012340
6 0.217956 0.505713 0.107085 0.090951