9 0.525093 0.414441 0.001602 0.008601
9 0.528564 0.358533 0.002136 0.004527
9 0.188468 0.590991 0.004271 0.001358
10 0.519221 0.002943 0.001602 0.002263
10 0.527229 0.005432 0.001602 0.001811
10 0.522691 0.009733 0.001068 0.002263
10 0.528831 0.026030 0.001602 0.002263
10 0.534437 0.044138 0.002136 0.002263
10 0.533369 0.067678 0.002136 0.003169
10 0.525627 0.066999 0.001602 0.001811
10 0.534437 0.169307 0.001068 0.001811
10 0.533102 0.186736 0.001602 0.002263
10 0.535238 0.212992 0.001602 0.002263
10 0.534170 0.219330 0.001602 0.002263
10 0.535238 0.255772 0.002670 0.002716
10 0.532034 0.231100 0.001602 0.004074
10 0.540844 0.346084 0.002136 0.002263
9 0.101442 0.584880 0.004271 0.001811
9 0.175387 0.416252 0.002670 0.004980
9 0.190069 0.116795 0.007475 0.003622
9 0.497597 0.691263 0.004271 0.008148
13 0.380673 0.636261 0.058729 0.059303
13 0.434864 0.622454 0.051789 0.052512
13 0.417245 0.665912 0.052856 0.054323
8 0.460758 0.827750 0.032034 0.059303
10 0.421249 0.990267 0.002136 0.003169
9 0.463962 0.852875 0.003203 0.006338
9 0.515216 0.601403 0.003203 0.007696
9 0.035238 0.024898 0.005339 0.001811
9 0.500534 0.600498 0.003737 0.007696
9 0.505339 0.576279 0.002670 0.007243
9 0.521089 0.568583 0.002136 0.004527
9 0.519487 0.475555 0.003203 0.007696
9 0.477843 0.434359 0.009610 0.002263
9 0.532568 0.483477 0.002670 0.005432
9 0.542979 0.145994 0.002136 0.008601
9 0.396156 0.548891 0.005339 0.002263
9 0.523225 0.555229 0.003203 0.007696
9 0.364656 0.541648 0.006407 0.002263
9 0.223705 0.568809 0.006407 0.001358
9 0.230379 0.573336 0.006941 0.002263
9 0.229845 0.571526 0.005873 0.002263
9 0.230913 0.569262 0.008009 0.002263
9 0.239188 0.571073 0.007475 0.003169
9 0.237053 0.569715 0.008542 0.003169
9 0.233582 0.567225 0.006941 0.002716
9 0.255739 0.582164 0.003203 0.004527
9 0.181794 0.672476 0.003737 0.001358
9 0.251468 0.683115 0.006407 0.003622
9 0.438334 0.903350 0.002136 0.004074
10 0.440737 0.902671 0.002670 0.003622
10 0.436199 0.984608 0.002136 0.003622
10 0.538708 0.137166 0.002136 0.002716
10 0.540043 0.127207 0.001602 0.002716
9 0.223438 0.570394 0.005873 0.001811
9 0.223438 0.572431 0.005873 0.003169
9 0.190336 0.586917 0.011212 0.003169
9 0.094501 0.371209 0.003203 0.001811
9 0.443673 0.946356 0.002136 0.004980
10 0.448478 0.861928 0.002136 0.002716
10 0.475174 0.794930 0.002136 0.002716
10 0.474907 0.784744 0.001602 0.002263
10 0.466898 0.776596 0.001602 0.002263
10 0.473572 0.744681 0.001068 0.001811
9 0.132408 0.372114 0.004271 0.001811
9 0.090763 0.585785 0.005339 0.002716
9 0.154298 0.369398 0.003203 0.001811
9 0.174319 0.576958 0.004805 0.003169
10 0.457822 0.868493 0.001602 0.002263
9 0.112387 0.372340 0.003737 0.002263
9 0.195675 0.370756 0.003737 0.001811
9 0.071810 0.587144 0.009076 0.001811
6 0.381474 0.635808 0.084891 0.087370