9 0.992159 0.284998 0.010455 0.005472
14 0.205698 0.247834 0.008887 0.007752
9 0.519341 0.472412 0.016205 0.011856
9 0.461840 0.454628 0.015159 0.014592
9 0.394929 0.625171 0.016205 0.013680
12 0.455306 0.411765 0.028228 0.026448
9 0.750131 0.408117 0.007318 0.009120
10 0.621798 0.421797 0.004705 0.003648
10 0.686357 0.337437 0.006273 0.002736
9 0.185834 0.910853 0.005750 0.007752
9 0.267642 0.339033 0.012546 0.012312
9 0.261370 0.778386 0.011500 0.015504
8 0.622582 0.706110 0.070047 0.097127
14 0.150026 0.498176 0.020910 0.018696
10 0.775745 0.349521 0.006273 0.004104
14 0.254574 0.513908 0.013591 0.010032
9 0.489545 0.515960 0.015159 0.013224
9 0.490068 0.510260 0.005750 0.005472
10 0.487454 0.500912 0.005750 0.005016
9 0.489284 0.428181 0.009409 0.004560
9 0.521432 0.431373 0.008887 0.007296
9 0.759540 0.165983 0.007318 0.007296
10 0.773131 0.174419 0.008364 0.004104
10 0.701516 0.335385 0.006273 0.003192
10 0.596707 0.427725 0.005750 0.004560
10 0.958965 0.982900 0.006796 0.003192
9 0.204914 0.860237 0.008364 0.012312