10 0.991078 0.531981 0.002327 0.003900
10 0.042281 0.302067 0.002327 0.004290
10 0.067106 0.303237 0.001552 0.003510
10 0.062258 0.304602 0.001939 0.003900
10 0.060318 0.300117 0.001939 0.003510
10 0.062839 0.299337 0.002327 0.004290
10 0.064973 0.298947 0.001939 0.004290
10 0.071761 0.290757 0.003103 0.001950
10 0.071567 0.294657 0.004267 0.001950
10 0.038402 0.307527 0.002327 0.005070
10 0.006206 0.322153 0.002327 0.004680
10 0.036074 0.308112 0.002327 0.005460
10 0.020946 0.320008 0.002327 0.004290
10 0.018813 0.320398 0.002715 0.004290
10 0.017067 0.320593 0.002327 0.003900
10 0.014740 0.320983 0.002327 0.004680
10 0.012607 0.321958 0.001939 0.004290
10 0.010667 0.321958 0.001939 0.004290
10 0.067300 0.299337 0.001939 0.004290
10 0.180566 0.286661 0.002715 0.004680
10 0.179209 0.277106 0.002327 0.004290
10 0.102017 0.273011 0.003879 0.002340
9 0.392940 0.475624 0.003879 0.008970
4 0.169899 0.458658 0.011637 0.021061
4 0.155159 0.460608 0.011637 0.021841
4 0.163887 0.417902 0.012025 0.021451
4 0.149147 0.420047 0.012801 0.021061
10 0.074864 0.453783 0.004655 0.004290
10 0.189100 0.432527 0.004267 0.002340
10 0.187742 0.418292 0.004655 0.002730
10 0.186967 0.416537 0.004655 0.001560
10 0.187161 0.414002 0.005043 0.002730
10 0.186579 0.411076 0.004655 0.002340
10 0.184445 0.399571 0.005043 0.002730
14 0.108029 0.322153 0.007370 0.007800
14 0.141195 0.299727 0.010861 0.012090
14 0.137898 0.322543 0.048487 0.042902
10 0.008534 0.321958 0.002327 0.004290
10 0.003879 0.322543 0.001552 0.003900
9 0.372382 0.477184 0.009310 0.003510
10 0.021334 0.006825 0.004655 0.002730
10 0.006982 0.027106 0.004655 0.002730
10 0.014546 0.014821 0.003491 0.003900
10 0.013770 0.011505 0.004267 0.004290
10 0.013382 0.008970 0.005043 0.004680
10 0.012801 0.007020 0.003879 0.003900
10 0.012025 0.004485 0.003879 0.004290
10 0.020946 0.004485 0.004655 0.002730
10 0.021916 0.008775 0.004267 0.001950
10 0.021528 0.309672 0.001939 0.003900
10 0.021916 0.011115 0.004267 0.002730
10 0.022498 0.013261 0.004655 0.001560
10 0.020559 0.002145 0.004655 0.002730
8 0.212374 0.923557 0.015904 0.013261
13 0.232739 0.370905 0.069822 0.095164
6 0.234678 0.372465 0.097750 0.148986
8 0.575640 0.441498 0.031808 0.070203
10 0.006400 0.022816 0.005043 0.002730
10 0.005431 0.020281 0.004655 0.002340
10 0.004849 0.017746 0.005043 0.002730
10 0.004267 0.014041 0.005431 0.002340
10 0.019007 0.310257 0.002327 0.004290
10 0.035687 0.292512 0.001552 0.003900
10 0.037820 0.292317 0.001939 0.004290
10 0.039760 0.292122 0.001939 0.003900
10 0.045966 0.290952 0.001939 0.003900
10 0.048487 0.290562 0.001552 0.003900
10 0.053336 0.289587 0.001939 0.003510
10 0.055275 0.289392 0.001939 0.003900
10 0.057603 0.289392 0.001939 0.004680
10 0.063033 0.289002 0.001939 0.003900
10 0.065167 0.288612 0.002327 0.004680
10 0.027735 0.116810 0.003491 0.004290
10 0.005237 0.107254 0.001939 0.003120
10 0.002327 0.058112 0.003879 0.003900
10 0.008534 0.036856 0.006206 0.002730
9 0.389449 0.475624 0.003879 0.008970
9 0.369472 0.481279 0.009697 0.003120
10 0.927851 0.398596 0.003879 0.006240
10 0.589022 0.522426 0.001939 0.003510
10 0.582622 0.630460 0.002327 0.004290
10 0.595423 0.620710 0.002327 0.004290
10 0.590186 0.581513 0.002715 0.004680
10 0.592320 0.563963 0.002327 0.004680
10 0.577192 0.556162 0.002327 0.005460
10 0.576998 0.550507 0.002715 0.005070
10 0.587665 0.550897 0.002327 0.004290
10 0.585337 0.519111 0.002327 0.003900
10 0.476726 0.448323 0.003879 0.001950
10 0.590962 0.481279 0.001939 0.003900
9 0.573313 0.492395 0.003879 0.012090
10 0.582816 0.481669 0.001939 0.003900
10 0.575834 0.484984 0.001939 0.005070
10 0.574088 0.466459 0.002327 0.004680
10 0.583398 0.459633 0.002327 0.004290
10 0.582816 0.444228 0.002715 0.003900
10 0.593095 0.632995 0.003103 0.003900
10 0.585337 0.666342 0.002327 0.005070
10 0.596587 0.673167 0.002327 0.003900
10 0.592320 0.714119 0.002327 0.004680
10 0.992630 0.399961 0.003103 0.004290
10 0.986424 0.392551 0.003103 0.003510
10 0.967804 0.402496 0.003879 0.005460
10 0.966253 0.400546 0.004655 0.006240
10 0.953064 0.356669 0.009310 0.005850
10 0.925330 0.397231 0.004267 0.005850
8 0.725369 0.378705 0.009310 0.010920
8 0.768037 0.370125 0.057409 0.007020
8 0.769395 0.416927 0.062452 0.015601
10 0.604344 0.997465 0.002327 0.004290
10 0.602599 0.967044 0.001939 0.004290
10 0.606284 0.968214 0.002327 0.005070
10 0.613654 0.959828 0.002327 0.004680
10 0.608223 0.837754 0.003103 0.005460
10 0.592901 0.765601 0.002715 0.005460
10 0.401668 0.449883 0.004267 0.001950
10 0.463538 0.443253 0.003879 0.001950
9 0.365981 0.489080 0.008922 0.003120
10 0.533747 0.061622 0.002327 0.003900
10 0.552172 0.162637 0.002715 0.003900
10 0.549845 0.146256 0.001939 0.003900
10 0.540535 0.131825 0.002715 0.004680
10 0.546936 0.113495 0.002327 0.003900
10 0.538596 0.109789 0.002715 0.004290
10 0.547324 0.089119 0.002327 0.004290
10 0.543445 0.078588 0.002327 0.004290
10 0.527735 0.003510 0.002715 0.003900
10 0.486811 0.441303 0.003879 0.001950
10 0.527541 0.032371 0.003879 0.007020
9 0.235066 0.022621 0.005431 0.009360
9 0.261831 0.109009 0.006206 0.003510
9 0.367339 0.501365 0.008534 0.003510
9 0.366563 0.498440 0.008534 0.003120
9 0.366563 0.495515 0.008534 0.003510
9 0.366369 0.492395 0.008922 0.003510
10 0.556827 0.177262 0.001939 0.003510
10 0.554888 0.198713 0.002715 0.004290
10 0.548099 0.202808 0.002327 0.004680
10 0.561288 0.232254 0.003103 0.006630
10 0.568076 0.419657 0.001939 0.003900
10 0.564197 0.423752 0.004267 0.006630
10 0.573507 0.398986 0.002715 0.005460
10 0.561094 0.381825 0.002715 0.004680
10 0.571179 0.379290 0.002715 0.005070
10 0.570403 0.353549 0.002715 0.005070
10 0.567300 0.329173 0.002715 0.004680
10 0.568076 0.305187 0.001939 0.005070
10 0.554112 0.306747 0.002715 0.005070
10 0.564003 0.289587 0.002327 0.004290
10 0.564391 0.268721 0.003879 0.007020
10 0.561094 0.264626 0.001939 0.004290
8 0.673778 0.226794 0.011637 0.023011
8 0.646625 0.195788 0.024050 0.008580
10 0.558960 0.237520 0.002327 0.003900
8 0.574864 0.435062 0.051978 0.019111