9 0.801914 0.554542 0.017225 0.016135
10 0.889234 0.659418 0.011005 0.007717
4 0.386364 0.102420 0.028230 0.036478
4 0.397608 0.158892 0.028708 0.036478
4 0.433732 0.155209 0.028230 0.036128
9 0.605742 0.202736 0.008612 0.011926
10 0.633732 0.347773 0.008134 0.009470
10 0.731100 0.495440 0.008612 0.007366
10 0.755981 0.506138 0.009569 0.007717
10 0.716507 0.468257 0.009091 0.007717
10 0.690431 0.431603 0.008612 0.008067
10 0.624402 0.306384 0.008612 0.009470
10 0.608612 0.238337 0.005742 0.007366
10 0.912201 0.647843 0.011005 0.008418
10 0.830861 0.613118 0.009091 0.007717
13 0.156220 0.080849 0.158373 0.160996
10 0.586842 0.010523 0.004306 0.006314
10 0.593301 0.007015 0.004785 0.007015
10 0.587081 0.020168 0.003828 0.006664
10 0.592823 0.035602 0.003828 0.006664
10 0.599761 0.039811 0.004306 0.005261
10 0.696172 0.026307 0.005742 0.007015
10 0.928469 0.080147 0.007177 0.006664
10 0.939234 0.075412 0.006699 0.007015
10 0.983732 0.053139 0.011483 0.005261
10 0.982775 0.061733 0.009569 0.004911
10 0.982775 0.182568 0.006699 0.006664
10 0.158612 0.571028 0.009091 0.009120
4 0.375598 0.049982 0.029665 0.036829
14 0.223923 0.364960 0.021053 0.029814
10 0.266746 0.597860 0.009091 0.009470
4 0.126316 0.513329 0.026794 0.036829
1 0.205981 0.886882 0.204306 0.061382
1 0.021770 0.710979 0.032057 0.009821
1 0.688517 0.876359 0.189474 0.092950
4 0.125120 0.289372 0.028230 0.037180
4 0.090909 0.291652 0.027751 0.036128
4 0.045215 0.295510 0.026316 0.036128
4 0.082536 0.232199 0.027273 0.037180
4 0.033971 0.458436 0.028708 0.037180
4 0.068660 0.455630 0.028230 0.035777
4 0.114354 0.452297 0.027751 0.036128
4 0.148565 0.449316 0.027273 0.036478
4 0.144737 0.368818 0.028230 0.036128
4 0.159809 0.510873 0.026794 0.036128
1 0.433493 0.796036 0.129187 0.039635
4 0.192823 0.507892 0.026794 0.036478
4 0.240191 0.533497 0.027751 0.035075
4 0.275120 0.530516 0.028708 0.036829
13 0.376794 0.251315 0.207177 0.116100
4 0.444258 0.402841 0.047368 0.036829
4 0.473445 0.387057 0.046411 0.037531
4 0.502392 0.371624 0.045933 0.037531
4 0.532057 0.356015 0.046890 0.038583
4 0.470335 0.455279 0.044976 0.037180
4 0.528947 0.424237 0.046411 0.036829
4 0.500478 0.439670 0.046890 0.038232
4 0.525837 0.562259 0.046890 0.036478
10 0.170574 0.589968 0.007177 0.008418
10 0.016268 0.696773 0.005742 0.008067
5 0.890670 0.823571 0.177512 0.154332
10 0.961483 0.117327 0.008134 0.008067
10 0.718660 0.009821 0.010526 0.003508
10 0.855502 0.037180 0.010526 0.004209
10 0.866507 0.042266 0.006699 0.007366
10 0.627273 0.052964 0.004785 0.007717
10 0.834928 0.031568 0.012440 0.004911
10 0.904785 0.011224 0.007656 0.008418
10 0.923445 0.025780 0.005742 0.007366
10 0.893541 0.031042 0.008134 0.003858
10 0.942344 0.045949 0.011005 0.004911
10 0.948325 0.056647 0.010526 0.005261
10 0.925598 0.070852 0.005263 0.007717
10 0.938756 0.098036 0.006699 0.008067
10 0.965311 0.125921 0.009091 0.009120
10 0.708612 0.016485 0.004785 0.007015
10 0.766029 0.082252 0.005742 0.005963
10 0.699043 0.125219 0.010526 0.003508
10 0.727512 0.125395 0.011005 0.003858
10 0.740191 0.127148 0.005742 0.007366
10 0.995215 0.181340 0.007656 0.008418
10 0.714593 0.515609 0.011005 0.009120
10 0.835885 0.587513 0.010526 0.007717
10 0.994258 0.730445 0.011483 0.008067
14 0.229665 0.396703 0.020096 0.028060
5 0.125120 0.641354 0.206220 0.118906
5 0.326555 0.686075 0.204306 0.117853
5 0.770335 0.773939 0.177990 0.156086
10 0.716986 0.005261 0.010048 0.003508
10 0.683493 0.027183 0.006220 0.007366
10 0.021053 0.697825 0.004785 0.006664
10 0.461244 0.535075 0.010526 0.006664
10 0.025598 0.698527 0.005263 0.008067
10 0.004306 0.694142 0.006699 0.008418
10 0.547608 0.684146 0.010048 0.005261
10 0.553828 0.642932 0.007177 0.007717
10 0.511962 0.585584 0.010526 0.004560
10 0.507177 0.581901 0.009569 0.004209
10 0.502871 0.577517 0.008612 0.003157
10 0.499282 0.573132 0.010048 0.003508
10 0.494258 0.568923 0.010526 0.003508
10 0.489952 0.565416 0.010526 0.004209
10 0.486603 0.562083 0.010526 0.003858
10 0.483493 0.557874 0.009091 0.003858
10 0.649282 0.364258 0.007656 0.007366
10 0.594019 0.061031 0.004306 0.007717
10 0.651435 0.383550 0.007177 0.008067
10 0.664354 0.403543 0.009091 0.008067
10 0.613158 0.287268 0.006220 0.007717
10 0.549043 0.236584 0.008134 0.009470
10 0.608612 0.191161 0.004785 0.006314
10 0.600239 0.168187 0.004306 0.008067
10 0.462440 0.111189 0.007177 0.007717
10 0.599282 0.004384 0.004306 0.006664
10 0.593301 0.017362 0.003828 0.005261
10 0.592344 0.025605 0.003828 0.007015
10 0.586842 0.031919 0.004306 0.007015
10 0.592584 0.049281 0.005263 0.006664
1 0.221770 0.750789 0.202392 0.061382