10 0.902793 0.593036 0.020112 0.003721
10 0.946927 0.599947 0.018994 0.004785
3 0.546927 0.223020 0.229050 0.103668
3 0.691620 0.329612 0.232402 0.105263
3 0.602235 0.484848 0.230168 0.107390
3 0.761453 0.586124 0.202235 0.091972
3 0.645251 0.718501 0.200000 0.087719
3 0.327933 0.870016 0.249162 0.106858
3 0.400000 0.720362 0.232402 0.106326
3 0.264246 0.611643 0.224581 0.100478
3 0.350838 0.452419 0.221229 0.101010
3 0.207263 0.346624 0.231285 0.106326
3 0.296089 0.192451 0.212291 0.103137
10 0.918436 0.480330 0.020112 0.004785
10 0.882682 0.495215 0.020112 0.004785
10 0.888268 0.523392 0.020112 0.004785
10 0.932961 0.544391 0.017877 0.004253
10 0.935754 0.558480 0.021229 0.004785
10 0.895531 0.555821 0.021229 0.003721
10 0.906145 0.611377 0.026816 0.004253
10 0.913966 0.639288 0.020112 0.003721
10 0.917318 0.657363 0.020112 0.004785
10 0.921229 0.672249 0.016760 0.004785
10 0.921788 0.681552 0.020112 0.005316
10 0.958101 0.656034 0.016760 0.004253
10 0.955866 0.641680 0.018994 0.003190
10 0.954190 0.637161 0.020112 0.003721
10 0.948045 0.614567 0.018994 0.005316
10 0.939106 0.577352 0.018994 0.004253
10 0.939106 0.572036 0.018994 0.004253
10 0.942458 0.586922 0.021229 0.005316
3 0.632961 0.065391 0.213408 0.098884