7 0.756814 0.498272 0.229131 0.212095
1 0.775767 0.452700 0.044719 0.042333
1 0.781729 0.460043 0.044719 0.041469
1 0.717206 0.505400 0.041738 0.038013
1 0.722743 0.512527 0.040886 0.038445
5 0.627981 0.605184 0.022572 0.025054
7 0.548126 0.480130 0.041738 0.054860
13 0.441865 0.793521 0.065162 0.049244
6 0.441014 0.794168 0.120528 0.077322
9 0.344549 0.627214 0.007666 0.006911
9 0.342206 0.624406 0.008092 0.006479
5 0.369463 0.631102 0.032794 0.030238
1 0.373722 0.496976 0.014055 0.022030
7 0.383731 0.205184 0.114140 0.135637
7 0.372658 0.510151 0.033220 0.053564