1 0.692852 0.630010 0.020104 0.011923
1 0.735480 0.695586 0.032390 0.025875
1 0.732130 0.607813 0.048771 0.025875
7 0.659717 0.464866 0.046165 0.002790
7 0.747580 0.540081 0.027550 0.003551
7 0.674981 0.157154 0.014147 0.018519
1 0.730454 0.142948 0.018615 0.021055
1 0.767312 0.723871 0.025316 0.020041
1 0.771593 0.721969 0.024944 0.020294
1 0.693596 0.668062 0.032018 0.026636
1 0.698622 0.666032 0.032390 0.026129
1 0.724870 0.736936 0.035741 0.025875
2 0.942107 0.815068 0.012286 0.008625
1 0.551750 0.755454 0.006701 0.026383
1 0.546351 0.719432 0.016009 0.027905
1 0.532390 0.683536 0.017126 0.027144
1 0.522710 0.646880 0.017870 0.028919
1 0.517312 0.648021 0.016754 0.028666
1 0.501489 0.608955 0.015637 0.029173
7 0.332092 0.548706 0.027550 0.029427
7 0.491251 0.581177 0.017498 0.020802
7 0.462770 0.416159 0.061057 0.023085
12 0.876024 0.636225 0.009680 0.007103
2 0.912137 0.809361 0.005212 0.003805
1 0.726545 0.473364 0.011541 0.002537
1 0.777550 0.445205 0.013775 0.003044
1 0.777364 0.390665 0.017870 0.003551
1 0.752792 0.392567 0.017126 0.003298
1 0.752048 0.389904 0.015637 0.003044
1 0.717796 0.446854 0.011914 0.002283
1 0.738459 0.446601 0.013031 0.002283
1 0.738645 0.444318 0.012658 0.002790
1 0.759680 0.447742 0.013775 0.002029
1 0.759308 0.445205 0.014520 0.003551
1 0.777923 0.447362 0.014520 0.002283
1 0.789092 0.434551 0.004095 0.012177
2 0.911579 0.818874 0.003351 0.002537
1 0.788905 0.402588 0.004468 0.012684
1 0.785182 0.402334 0.004468 0.013699
1 0.789278 0.281076 0.004468 0.013699
1 0.786672 0.281329 0.003723 0.013191
1 0.782576 0.280949 0.004468 0.012938
14 0.822971 0.305302 0.005585 0.004820
14 0.817200 0.305048 0.006701 0.003298
14 0.789092 0.557331 0.010052 0.011669
6 0.862993 0.201928 0.027550 0.040589
1 0.470588 0.412100 0.055101 0.022577