10 0.583056 0.099815 0.011779 0.011381
10 0.599819 0.030452 0.011477 0.010458
4 0.384023 0.136727 0.061915 0.056906
4 0.402295 0.164257 0.062217 0.054752
4 0.421172 0.192402 0.062519 0.056290
13 0.535035 0.279914 0.246753 0.225777
13 0.498339 0.804522 0.162489 0.175638
13 0.730746 0.633651 0.313802 0.294679
4 0.760495 0.161181 0.057989 0.067056
4 0.790849 0.138265 0.060103 0.067979
4 0.853821 0.092279 0.059801 0.067671
4 0.822561 0.114273 0.061311 0.069209
10 0.693144 0.172716 0.015101 0.012612
10 0.676382 0.148723 0.012987 0.011996
10 0.668378 0.134420 0.016913 0.011689
10 0.654636 0.114580 0.014799 0.011996
10 0.546059 0.046293 0.010873 0.009536
10 0.551948 0.049216 0.010571 0.009843
10 0.593174 0.021224 0.009665 0.009843
6 0.216551 0.361273 0.360012 0.485697