5 0.727378 0.511597 0.064965 0.081178
5 0.662993 0.511597 0.063805 0.081178
4 0.280742 0.289028 0.053364 0.080285
4 0.343387 0.289474 0.053364 0.081178
4 0.407193 0.290366 0.053364 0.079393
4 0.485499 0.320250 0.052204 0.082070
4 0.551044 0.319804 0.053364 0.081178
4 0.293503 0.419715 0.053364 0.081178
4 0.226218 0.548171 0.053364 0.081178
4 0.288863 0.548171 0.053364 0.082962
4 0.353248 0.548171 0.054524 0.082962
4 0.416473 0.548617 0.053364 0.082070
4 0.214617 0.752899 0.053364 0.080285
4 0.277262 0.753345 0.053364 0.082962
4 0.339907 0.753791 0.053364 0.082070
4 0.532483 0.787690 0.053364 0.082070
4 0.597448 0.788136 0.053364 0.081178
4 0.660673 0.788582 0.052204 0.083854
4 0.724478 0.788136 0.052204 0.081178
4 0.216357 0.289028 0.052204 0.080285