1 0.133847 0.938284 0.049090 0.018642
1 0.329724 0.580352 0.041253 0.012620
1 0.208660 0.374601 0.038633 0.011780
1 0.360609 0.510560 0.047683 0.012872
1 0.313421 0.633162 0.043175 0.013858
1 0.206846 0.359712 0.036395 0.012651
1 0.748781 0.319763 0.033387 0.011392
1 0.719226 0.346637 0.084805 0.015180
0 0.821555 0.804252 0.008270 0.018279
0 0.947365 0.860913 0.009065 0.019993
1 0.166236 0.360057 0.033842 0.013019
1 0.350381 0.467305 0.063939 0.015105
1 0.326877 0.593104 0.039741 0.012658
0 0.678973 0.852540 0.009221 0.018906
0 0.112250 0.757127 0.019600 0.016259
1 0.447434 0.342355 0.043716 0.013045
0 0.758618 0.564375 0.017866 0.017351
0 0.745354 0.855441 0.010154 0.019156
0 0.895922 0.491566 0.016440 0.015409
1 0.425307 0.554960 0.081153 0.014652
0 0.068949 0.775706 0.017479 0.014800
0 0.189946 0.845915 0.014847 0.020141
0 0.226962 0.730161 0.016713 0.009306
0 0.765427 0.801766 0.008920 0.018969
1 0.324376 0.606327 0.041280 0.013563
0 0.772756 0.549650 0.017359 0.015595
0 0.829018 0.645401 0.008210 0.017259
0 0.794909 0.697999 0.010203 0.018668
0 0.783341 0.534942 0.016857 0.016240
0 0.871452 0.427915 0.018635 0.017961
0 0.746728 0.579496 0.017219 0.016618
0 0.834118 0.673247 0.016959 0.018564
0 0.688653 0.852696 0.009024 0.018691
0 0.227022 0.710879 0.017284 0.009039
0 0.112200 0.768668 0.017147 0.014402
0 0.071673 0.492530 0.008913 0.019610
1 0.191330 0.316174 0.084796 0.013023
0 0.070120 0.764393 0.018457 0.016208
0 0.740209 0.586945 0.015743 0.015285
0 0.065717 0.786468 0.017135 0.016206
0 0.819428 0.645677 0.008809 0.017862
0 0.160347 0.788518 0.015923 0.008542
1 0.419528 0.623022 0.071285 0.014831
0 0.047460 0.419086 0.009392 0.019292
0 0.763253 0.856693 0.010188 0.018621
0 0.789850 0.526980 0.017099 0.016466
0 0.156349 0.848393 0.015352 0.018561
0 0.068926 0.849401 0.019867 0.018147
0 0.795366 0.518225 0.017473 0.015879
0 0.800529 0.592258 0.015264 0.015058
0 0.718455 0.662793 0.016720 0.026048
0 0.177275 0.476077 0.016371 0.009291
0 0.751981 0.676540 0.015077 0.020774
0 0.669692 0.852462 0.010343 0.019825
1 0.609044 0.209309 0.015824 0.066270
0 0.811377 0.803474 0.008565 0.018654
1 0.423599 0.583184 0.048145 0.012057
0 0.938013 0.860676 0.009044 0.019358
0 0.177337 0.846199 0.015888 0.020734
1 0.367936 0.582621 0.036330 0.011513
0 0.820750 0.858637 0.008831 0.018512
0 0.206880 0.729610 0.016858 0.010160
1 0.406196 0.196202 0.013244 0.066169
1 0.439619 0.357128 0.064087 0.016374
0 0.068089 0.835955 0.018387 0.016184
1 0.404204 0.340942 0.035587 0.014213
0 0.879424 0.420709 0.018791 0.017510
0 0.114864 0.684908 0.018219 0.008764
