1 0.457253 0.465219 0.108018 0.076581
1 0.630130 0.231186 0.080282 0.082702
1 0.774162 0.223984 0.080819 0.082031
1 0.087584 0.504255 0.101344 0.075500
1 0.669682 0.236377 0.075197 0.081574
1 0.362071 0.266725 0.085744 0.083420
1 0.185669 0.489016 0.093499 0.070844
1 0.315504 0.269988 0.084827 0.081787
1 0.104979 0.292124 0.083677 0.084281
1 0.479439 0.565496 0.092458 0.090612
1 0.132672 0.495421 0.093910 0.075973
1 0.579324 0.236133 0.081970 0.080174
1 0.876829 0.213177 0.079748 0.084181
1 0.420007 0.258076 0.081918 0.082095
1 0.195743 0.805283 0.109260 0.076719
0 0.172739 0.909585 0.052781 0.051082
1 0.188530 0.667662 0.118717 0.045842
1 0.618761 0.761438 0.107004 0.076755
1 0.410350 0.786209 0.105813 0.075931
1 0.615192 0.444799 0.108049 0.082173
0 0.052012 0.306256 0.047947 0.049295
1 0.143401 0.816618 0.105506 0.078498
1 0.468009 0.785066 0.109553 0.077146
1 0.408534 0.472217 0.108895 0.077531
1 0.468046 0.256789 0.087198 0.079860
0 0.704047 0.724830 0.060760 0.046070
1 0.158575 0.280166 0.097517 0.099037
0 0.282357 0.467871 0.060819 0.046492
1 0.695025 0.855540 0.093762 0.089648
0 0.914132 0.657855 0.030499 0.048816
1 0.534025 0.556853 0.093205 0.090404
0 0.312626 0.591424 0.047246 0.044927
0 0.431515 0.562813 0.056422 0.047425
0 0.631482 0.872216 0.054917 0.052946
0 0.770827 0.819283 0.049281 0.049855
0 0.425068 0.893861 0.065647 0.065464
