1 0.593454 0.499310 0.054753 0.067438
1 0.709674 0.572447 0.051526 0.063264
1 0.432058 0.393094 0.051096 0.061484
1 0.525316 0.453211 0.052691 0.064678
1 0.495455 0.687577 0.053481 0.067157
1 0.733684 0.586491 0.050263 0.061940
1 0.642038 0.527626 0.054236 0.063508
1 0.663342 0.542020 0.053268 0.063466
0 0.898147 0.782962 0.037459 0.032028
1 0.618865 0.512492 0.051544 0.061863
1 0.688053 0.553560 0.046301 0.054379
1 0.452621 0.407794 0.051681 0.064592
1 0.575076 0.480240 0.042980 0.056034
0 0.448439 0.839792 0.029273 0.034714
1 0.779492 0.615020 0.054968 0.064292
1 0.262127 0.329230 0.089746 0.117883
1 0.535966 0.715819 0.052463 0.064994
1 0.572804 0.740017 0.057137 0.063500
0 0.279707 0.640194 0.039414 0.032608
1 0.348756 0.335022 0.048804 0.053549
0 0.644984 0.874156 0.036144 0.032035
0 0.318657 0.663670 0.037423 0.031048
1 0.403212 0.630134 0.058445 0.069973
0 0.935169 0.724926 0.039741 0.032777
0 0.490485 0.776300 0.037937 0.033899
0 0.682035 0.895897 0.035871 0.036073
1 0.715322 0.668707 0.032316 0.067658
0 0.721322 0.920378 0.042992 0.035261
1 0.409675 0.381835 0.052563 0.065373
0 0.311372 0.861742 0.031272 0.028773
0 0.494874 0.870425 0.029613 0.036374
0 0.261404 0.724825 0.029105 0.038852
0 0.904052 0.765752 0.034558 0.030417
0 0.973903 0.665343 0.033539 0.032769
1 0.300428 0.492089 0.050445 0.054270
0 0.654923 0.770301 0.031583 0.033227
0 0.777319 0.840997 0.029573 0.031821
1 0.221317 0.300451 0.091524 0.117763
0 0.945500 0.709742 0.035400 0.029623
0 0.761539 0.945771 0.038135 0.037547
1 0.548213 0.469257 0.052291 0.064158
0 0.432766 0.833002 0.028910 0.034456
0 0.866454 0.896146 0.028906 0.038351
0 0.835324 0.881281 0.027325 0.034145
0 0.187639 0.671410 0.030365 0.034294
0 0.351535 0.685214 0.037962 0.032717
0 0.914720 0.752150 0.035893 0.030380
1 0.045693 0.052038 0.050509 0.073600
0 0.684719 0.785856 0.027394 0.031135
0 0.244778 0.716389 0.033347 0.039457
0 0.232344 0.703058 0.031448 0.037229
1 0.612721 0.765281 0.051831 0.062692
0 0.838717 0.715803 0.033795 0.030819
1 0.261208 0.283837 0.052898 0.060319
0 0.171433 0.570779 0.037723 0.035133
0 0.312602 0.746237 0.024535 0.030382
0 0.670622 0.777090 0.031932 0.036271
