1 0.828092 0.303139 0.030055 0.035661
1 0.809401 0.308672 0.027789 0.031644
1 0.911631 0.287199 0.033423 0.038218
1 0.912060 0.357971 0.029914 0.032928
1 0.867284 0.297453 0.030185 0.037123
1 0.795004 0.312081 0.032914 0.031378
1 0.970616 0.276224 0.028166 0.031197
1 0.937702 0.071002 0.054107 0.021870
1 0.895395 0.298900 0.019333 0.025935
1 0.867255 0.372738 0.041085 0.039895
1 0.983629 0.346887 0.029380 0.035627
0 0.458484 0.480090 0.022260 0.012290
1 0.956537 0.277584 0.026745 0.034034
1 0.960600 0.277102 0.029757 0.033259
1 0.860114 0.298121 0.028405 0.036953
1 0.845845 0.301110 0.027166 0.033589
