0 0.215393 0.272139 0.031300 0.009093
0 0.101259 0.308140 0.033213 0.011122
0 0.098684 0.320161 0.040768 0.011522
0 0.227818 0.237537 0.031759 0.010622
0 0.107018 0.290537 0.034278 0.009422
1 0.457374 0.039041 0.028673 0.029553
0 0.343553 0.146483 0.031453 0.009138
0 0.094799 0.335735 0.039107 0.012856
0 0.129722 0.247760 0.034347 0.010959
0 0.139091 0.219895 0.031306 0.010402
1 0.505602 0.040095 0.024504 0.030448
0 0.188683 0.335674 0.033067 0.009782
0 0.285410 0.271832 0.030376 0.009627
0 0.223278 0.255780 0.031073 0.010531
0 0.303847 0.208624 0.033805 0.011285
0 0.253291 0.166381 0.037537 0.011199
0 0.259510 0.358374 0.028645 0.009441
0 0.160508 0.398215 0.036201 0.011530
0 0.341500 0.158067 0.033920 0.010043
0 0.160510 0.398285 0.036739 0.011660
0 0.301458 0.227230 0.030403 0.012055
0 0.180718 0.103426 0.031891 0.011315
0 0.175600 0.354427 0.031720 0.010540
0 0.122353 0.261888 0.032558 0.011750
0 0.149868 0.413953 0.035963 0.013050
0 0.640785 0.283969 0.023909 0.022343
0 0.217323 0.281633 0.031007 0.009093
0 0.167285 0.130292 0.031382 0.010995
