1 0.558961 0.753856 0.059960 0.039363
1 0.225014 0.918658 0.135427 0.067905
1 0.794068 0.549540 0.125832 0.066952
1 0.557733 0.782831 0.065665 0.039289
0 0.587642 0.351069 0.041217 0.030436
1 0.563961 0.818979 0.062878 0.033531
1 0.307348 0.746809 0.044896 0.131362
1 0.750079 0.258155 0.119246 0.063691
1 0.326542 0.711917 0.032781 0.080017
1 0.713174 0.771273 0.034127 0.089372
0 0.630451 0.672710 0.054012 0.040570
1 0.278728 0.754632 0.050529 0.143272
1 0.778273 0.400960 0.111742 0.056012
1 0.694588 0.376392 0.104692 0.121813
1 0.234162 0.731233 0.030718 0.072237
