0 0.415442 0.190681 0.013893 0.013336
0 0.662079 0.071665 0.012511 0.012666
0 0.228152 0.151855 0.010939 0.010541
0 0.200059 0.302541 0.010783 0.011081
0 0.208290 0.321403 0.011229 0.009825
0 0.102513 0.272685 0.010478 0.010665
0 0.115117 0.278255 0.012229 0.012205
0 0.093528 0.440091 0.011130 0.010833
0 0.484054 0.210994 0.010592 0.011174
0 0.387604 0.197882 0.013588 0.011381
0 0.688194 0.016250 0.012274 0.007714
0 0.288135 0.347967 0.011391 0.010623
0 0.344013 0.345439 0.012604 0.012244
0 0.215813 0.147599 0.011803 0.011401
