0 0.271354 0.257818 0.025429 0.035899
0 0.176659 0.426976 0.028946 0.037382
0 0.089062 0.948857 0.022939 0.036584
0 0.076582 0.902957 0.023878 0.039437
0 0.920449 0.611906 0.019612 0.031724
0 0.048832 0.817535 0.022971 0.036350
0 0.180711 0.535305 0.030040 0.029330
0 0.205857 0.404207 0.026814 0.035929
0 0.119320 0.587550 0.028846 0.028999
0 0.082456 0.616512 0.027759 0.029499
0 0.978219 0.734816 0.014981 0.031750
0 0.031351 0.763482 0.022486 0.032455
0 0.103464 0.984189 0.020409 0.031622
0 0.545757 0.772527 0.014079 0.030420
0 0.078549 0.412136 0.030707 0.028303
0 0.189098 0.413056 0.035684 0.043881
0 0.984871 0.813752 0.030259 0.023610
