1 0.814320 0.607019 0.065638 0.031212
1 0.239089 0.393382 0.018067 0.077210
1 0.814288 0.539743 0.064325 0.033778
1 0.912659 0.138056 0.042938 0.026537
1 0.727702 0.595272 0.061682 0.025789
1 0.258239 0.572977 0.045566 0.029284
1 0.259506 0.395609 0.019298 0.072792
1 0.280015 0.396441 0.020433 0.073105
1 0.129464 0.467688 0.059936 0.024328
1 0.600728 0.591384 0.082188 0.027483
1 0.128510 0.497340 0.061486 0.023865
1 0.894747 0.196496 0.037378 0.025173
1 0.729791 0.413108 0.066829 0.025364
0 0.671072 0.721949 0.015163 0.043685
1 0.817791 0.445982 0.061454 0.037991
0 0.782011 0.723017 0.014805 0.046303
1 0.220556 0.395279 0.018374 0.071939
0 0.815913 0.726749 0.015652 0.046118
1 0.899236 0.263000 0.053154 0.026740
0 0.889158 0.532290 0.032312 0.022324
1 0.123977 0.614971 0.061128 0.025842
1 0.894654 0.166752 0.043824 0.026612
1 0.901401 0.229227 0.048699 0.025858
0 0.434431 0.478008 0.014035 0.042507
0 0.770073 0.403312 0.014836 0.045273
1 0.302248 0.395102 0.017220 0.072605
0 0.624584 0.724667 0.014204 0.037578
0 0.282172 0.696363 0.019637 0.060947
1 0.275907 0.890649 0.099002 0.034071
1 0.365132 0.602752 0.046395 0.023561
0 0.895607 0.908736 0.029639 0.022276
1 0.129370 0.428388 0.042199 0.024542
0 0.472167 0.475658 0.015792 0.048106
0 0.703211 0.721517 0.015625 0.042384
0 0.544074 0.715549 0.017855 0.047134
0 0.610088 0.721844 0.016093 0.044009
0 0.240548 0.690615 0.021283 0.060255
0 0.886896 0.642108 0.026745 0.022147
