1 0.783765 0.516448 0.064027 0.032021
1 0.447641 0.619780 0.032134 0.064860
1 0.668701 0.361674 0.056660 0.029861
1 0.687432 0.682010 0.033973 0.072317
1 0.615295 0.706670 0.034086 0.062990
1 0.564170 0.585922 0.031037 0.070963
1 0.481739 0.603985 0.033114 0.062314
1 0.650831 0.689636 0.032512 0.074460
1 0.538383 0.595608 0.033596 0.076026
1 0.430931 0.487244 0.032195 0.075161
1 0.782394 0.585544 0.066812 0.036363
1 0.465827 0.611249 0.030755 0.062804
1 0.465688 0.473261 0.034520 0.077989
1 0.615474 0.444636 0.027164 0.069265
1 0.822546 0.605027 0.046184 0.026026
1 0.518705 0.592514 0.030898 0.065388
1 0.667458 0.425223 0.030213 0.077769
1 0.633262 0.441096 0.025228 0.070506
1 0.580784 0.722459 0.030139 0.054672
1 0.133031 0.729566 0.026596 0.054236
1 0.619573 0.308986 0.038571 0.027738
1 0.577489 0.446635 0.035728 0.077760
1 0.583766 0.585752 0.030375 0.073411
1 0.747351 0.343239 0.039630 0.028326
0 0.052003 0.281362 0.024647 0.050381
1 0.770652 0.450341 0.050762 0.028404
1 0.150291 0.723879 0.025865 0.052771
1 0.705688 0.676173 0.033451 0.064474
1 0.206574 0.775077 0.058256 0.032979
0 0.459253 0.091632 0.018950 0.032361
