0 0.119622 0.142517 0.022814 0.033893
0 0.069139 0.201077 0.023182 0.032373
0 0.130109 0.719168 0.024897 0.017945
0 0.077017 0.188844 0.021058 0.030589
0 0.160376 0.099216 0.022831 0.033775
0 0.210858 0.036104 0.021195 0.033216
0 0.200871 0.050061 0.022748 0.035975
0 0.201461 0.741064 0.014865 0.031566
0 0.029584 0.683225 0.022311 0.039153
0 0.221285 0.025120 0.022407 0.033272
0 0.097061 0.165865 0.021468 0.037962
0 0.190697 0.064167 0.021580 0.032394
0 0.036393 0.234285 0.021090 0.035089
0 0.170763 0.086802 0.021019 0.033691
0 0.085908 0.177828 0.020983 0.031923
0 0.168560 0.802458 0.026182 0.018215
0 0.180565 0.074848 0.022120 0.037203
0 0.139991 0.117499 0.020509 0.031768
0 0.150789 0.106942 0.020378 0.031610
0 0.191960 0.715087 0.014740 0.032569
0 0.152348 0.778268 0.025147 0.020061
