1 0.421698 0.340404 0.124943 0.094184
1 0.720998 0.506618 0.127605 0.091072
0 0.632779 0.859555 0.055019 0.069023
0 0.285370 0.290241 0.063432 0.052118
1 0.294084 0.647638 0.181280 0.164722
0 0.189802 0.380717 0.054070 0.080261
1 0.882970 0.606207 0.066128 0.099982
1 0.616795 0.628161 0.085378 0.110227
0 0.612590 0.748989 0.056824 0.062100
1 0.547640 0.432466 0.124620 0.105407
1 0.738089 0.546445 0.093829 0.077216
0 0.434039 0.511106 0.057464 0.074004
0 0.434495 0.511187 0.060513 0.074795
0 0.160683 0.367636 0.062309 0.086785
0 0.175410 0.563898 0.072673 0.080735
0 0.674038 0.798718 0.056172 0.078186
0 0.472154 0.889964 0.060701 0.069726
1 0.804457 0.582620 0.072893 0.096076
0 0.381951 0.476613 0.045736 0.082780
