0 0.940738 0.782999 0.017680 0.020266
0 0.957926 0.760799 0.015702 0.017154
0 0.977694 0.742385 0.015388 0.016261
0 0.984285 0.735510 0.015946 0.017669
0 0.900505 0.958274 0.020293 0.021860
0 0.826651 0.974603 0.016208 0.018061
0 0.779261 0.960567 0.017442 0.018725
0 0.821963 0.982039 0.015810 0.017654
0 0.869322 0.861633 0.016110 0.018277
0 0.994156 0.788291 0.011688 0.015164
0 0.876880 0.920056 0.016548 0.017757
0 0.947696 0.775743 0.017056 0.019583
0 0.821324 0.913877 0.015596 0.018207
0 0.833899 0.967766 0.016072 0.017586
0 0.852488 0.947850 0.015892 0.017849
0 0.971129 0.748428 0.014218 0.016296
0 0.911852 0.881504 0.016437 0.017596
0 0.888381 0.841987 0.018342 0.020634
0 0.850783 0.882755 0.018045 0.018567
0 0.934035 0.788840 0.015583 0.016083
0 0.953635 0.835166 0.016255 0.017311
0 0.964541 0.753784 0.015870 0.017993
0 0.954262 0.770228 0.014567 0.016404
0 0.924610 0.802557 0.016298 0.018230
0 0.863644 0.932858 0.018357 0.020358
0 0.869952 0.926236 0.017929 0.018592
0 0.969654 0.823480 0.015620 0.017023
0 0.863200 0.869198 0.017213 0.018556
0 0.934788 0.853150 0.014160 0.016283
0 0.841121 0.960998 0.015863 0.017564
0 0.857121 0.939535 0.017937 0.019422
0 0.928659 0.859914 0.015619 0.017429
0 0.772725 0.968228 0.016636 0.017050
0 0.818005 0.923729 0.014993 0.017435
0 0.838462 0.895668 0.017041 0.018637
0 0.855975 0.874879 0.015585 0.018740
0 0.855557 0.873620 0.015883 0.017117
0 0.904739 0.821679 0.018609 0.020830
0 0.916999 0.873216 0.014377 0.017254
0 0.924864 0.868605 0.015130 0.016953
0 0.760451 0.981697 0.019148 0.021533
0 0.918704 0.807584 0.016588 0.018359
0 0.808301 0.928238 0.017099 0.019083
0 0.900611 0.891529 0.015094 0.018671
0 0.947526 0.841883 0.016311 0.017604
