1 0.722552 0.754303 0.023284 0.041930
1 0.170603 0.463455 0.033306 0.026641
1 0.233302 0.291043 0.034510 0.028560
1 0.407636 0.492853 0.034569 0.027719
1 0.192657 0.402641 0.034721 0.027002
1 0.294902 0.470997 0.033882 0.026730
1 0.360904 0.424462 0.032131 0.024284
1 0.314662 0.300566 0.034955 0.027832
1 0.308632 0.537206 0.034709 0.027648
1 0.044914 0.369619 0.021980 0.041539
1 0.371261 0.486384 0.033436 0.027511
1 0.621892 0.707289 0.021104 0.041632
1 0.301476 0.448986 0.033535 0.026302
1 0.304939 0.330600 0.035723 0.027694
1 0.395880 0.417408 0.034562 0.027462
1 0.308413 0.511297 0.038040 0.029070
1 0.062334 0.323437 0.020347 0.044598
1 0.282764 0.370596 0.034047 0.027186
1 0.347371 0.531968 0.037057 0.028656
1 0.232700 0.410586 0.034166 0.027357
1 0.295426 0.351040 0.032850 0.027634
1 0.358038 0.395822 0.034484 0.027280
1 0.063582 0.380469 0.021351 0.041527
1 0.176577 0.311644 0.033560 0.026911
1 0.423473 0.359249 0.032277 0.025480
1 0.329241 0.489953 0.034367 0.028111
1 0.062765 0.206741 0.021919 0.020518
1 0.285223 0.549293 0.034611 0.026206
1 0.320155 0.569157 0.032858 0.027695
1 0.156057 0.491160 0.036819 0.025749
1 0.226062 0.432979 0.034543 0.028495
1 0.196073 0.449212 0.037586 0.028245
1 0.397986 0.525742 0.035725 0.029061
1 0.243861 0.538854 0.034323 0.026912
1 0.343575 0.556534 0.035875 0.027285
1 0.640919 0.713665 0.021666 0.042273
1 0.353942 0.322320 0.035224 0.024961
1 0.266207 0.429891 0.034375 0.026096
1 0.769638 0.780514 0.021355 0.042884
1 0.366882 0.497006 0.035016 0.027664
1 0.430162 0.435658 0.034885 0.027461
1 0.378913 0.574098 0.033253 0.026848
1 0.544117 0.656738 0.022422 0.044927
1 0.116931 0.469950 0.033996 0.024619
1 0.479884 0.622519 0.023060 0.042606
1 0.269508 0.310649 0.034986 0.027828
1 0.233010 0.470111 0.034554 0.028129
1 0.353926 0.587880 0.035643 0.025739
1 0.167292 0.256089 0.035933 0.026149
1 0.384740 0.552411 0.037300 0.029108
1 0.405269 0.505468 0.034131 0.025844
1 0.049257 0.305990 0.023194 0.056911
1 0.447202 0.386543 0.033945 0.026772
1 0.050366 0.433979 0.038728 0.027078
1 0.261758 0.330428 0.035654 0.026540
1 0.333277 0.478418 0.033492 0.026781
1 0.162655 0.510113 0.033762 0.025612
1 0.270910 0.489513 0.040337 0.025877
1 0.413595 0.368569 0.036439 0.027792
1 0.223807 0.542243 0.036561 0.028753
1 0.451934 0.374752 0.026626 0.021771
1 0.106422 0.532952 0.027772 0.027802
1 0.053480 0.379468 0.018703 0.035796
1 0.379440 0.349217 0.035181 0.026143
1 0.700880 0.920112 0.031266 0.019758
1 0.727129 0.523610 0.055869 0.036846
1 0.235800 0.458106 0.026562 0.022629
1 0.264935 0.441193 0.032114 0.027029
1 0.055880 0.450799 0.036072 0.027321
0 0.200462 0.654226 0.013083 0.020746
1 0.289248 0.485903 0.027317 0.021800
0 0.128549 0.592433 0.011102 0.017936
1 0.193239 0.511723 0.035816 0.027497
1 0.197811 0.391380 0.034483 0.026985
1 0.228439 0.422396 0.035125 0.025635
1 0.318034 0.388839 0.035211 0.027526
1 0.194283 0.293932 0.035657 0.025493
1 0.043326 0.417030 0.036099 0.029894
1 0.080828 0.336518 0.022652 0.043851
1 0.029544 0.208000 0.024634 0.020436
1 0.337458 0.467721 0.034786 0.025366
1 0.277431 0.509299 0.034591 0.027601
1 0.289228 0.359342 0.033525 0.026033
1 0.053595 0.410268 0.034342 0.028747
1 0.460857 0.610306 0.019532 0.042324
1 0.402188 0.516120 0.032370 0.026337
1 0.495212 0.460591 0.019483 0.032928
1 0.592293 0.685740 0.020044 0.038733
0 0.185069 0.694327 0.012633 0.022295
1 0.209421 0.471032 0.033589 0.026835
1 0.034239 0.178071 0.021861 0.018304
1 0.228952 0.313275 0.034065 0.025793
0 0.976535 0.690441 0.010625 0.018916
1 0.261232 0.563103 0.037232 0.028996
1 0.246612 0.348379 0.033403 0.025756
1 0.273517 0.517919 0.034703 0.027966
0 0.195187 0.699456 0.011469 0.019027
0 0.981382 0.873897 0.011281 0.019368
0 0.262671 0.667461 0.011706 0.021291
1 0.010070 0.176651 0.020140 0.019811
1 0.511173 0.633659 0.017555 0.029912
0 0.953026 0.857062 0.010738 0.019587
0 0.448201 0.080817 0.009599 0.018564
1 0.352970 0.599593 0.033855 0.025615
1 0.644363 0.910519 0.029372 0.025347
1 0.080251 0.518351 0.022203 0.021378
0 0.906454 0.698490 0.014574 0.010618
0 0.964663 0.749395 0.013159 0.022879
0 0.934196 0.866799 0.011915 0.019434
0 0.120997 0.589044 0.010972 0.018761
1 0.210240 0.443251 0.025394 0.021616
1 0.112222 0.454109 0.032578 0.025093
0 0.966330 0.866337 0.011121 0.019586
0 0.234155 0.720488 0.013063 0.020068
1 0.389068 0.341057 0.034743 0.026669
0 0.958929 0.814664 0.012420 0.021458
0 0.009110 0.267552 0.011574 0.020230
1 0.331641 0.601562 0.037310 0.028505
1 0.079928 0.449673 0.035885 0.023316
0 0.071549 0.583751 0.012107 0.022445
0 0.184884 0.645547 0.011926 0.019308
0 0.620779 0.828482 0.014229 0.016359
1 0.214600 0.191917 0.017401 0.029894
0 0.981777 0.893595 0.011315 0.019651
0 0.645709 0.833103 0.016402 0.019453
0 0.171281 0.637608 0.011573 0.019639
0 0.945793 0.874822 0.013445 0.019408
1 0.323710 0.378548 0.033677 0.025229
1 0.297319 0.582955 0.037506 0.027315
0 0.026849 0.276302 0.011475 0.020276
1 0.355851 0.407899 0.035021 0.024418
1 0.196249 0.176310 0.016790 0.027117
1 0.262163 0.472358 0.024876 0.020727
