1 0.431974 0.486676 0.115056 0.034609
1 0.423005 0.460395 0.113125 0.038590
1 0.458927 0.535594 0.115723 0.039720
1 0.443588 0.510387 0.116259 0.035142
1 0.437826 0.738906 0.061224 0.066733
0 0.874576 0.196648 0.040854 0.037521
1 0.456242 0.558136 0.107653 0.032746
1 0.666916 0.293292 0.068686 0.074577
1 0.412783 0.676975 0.042729 0.072154
1 0.969498 0.197465 0.061004 0.033767
1 0.673263 0.056301 0.075024 0.024819
1 0.603974 0.349191 0.077341 0.027193
0 0.927600 0.237695 0.036341 0.035177
0 0.626654 0.844299 0.030717 0.028073
1 0.405502 0.414590 0.156718 0.048733
