0 0.688536 0.472590 0.012636 0.015451
0 0.424723 0.527320 0.020238 0.008707
0 0.574309 0.453886 0.011749 0.016937
0 0.504786 0.646347 0.024527 0.009612
0 0.477375 0.564301 0.022053 0.008853
0 0.396767 0.609082 0.023678 0.008770
0 0.636814 0.745806 0.012614 0.020797
0 0.652292 0.395523 0.012097 0.019450
0 0.619374 0.258336 0.025770 0.010378
0 0.636906 0.570015 0.013369 0.019012
0 0.662708 0.529336 0.011345 0.015780
0 0.572423 0.471966 0.011669 0.015848
0 0.610538 0.566922 0.013187 0.019608
0 0.424475 0.590696 0.025278 0.009456
0 0.662949 0.472112 0.010898 0.016655
0 0.815423 0.513853 0.028394 0.010640
0 0.584771 0.564386 0.012816 0.019528
0 0.748770 0.377387 0.025628 0.009193
0 0.698737 0.509932 0.012053 0.018473
0 0.671518 0.704913 0.011232 0.017252
0 0.598974 0.471942 0.011545 0.016482
0 0.571461 0.528426 0.012391 0.017646
0 0.479351 0.589875 0.024659 0.009567
0 0.605865 0.354462 0.013028 0.018383
0 0.425767 0.545781 0.024407 0.009597
0 0.558022 0.529403 0.013365 0.018870
0 0.711812 0.744719 0.012676 0.018810
0 0.724476 0.529648 0.012010 0.016719
0 0.687154 0.453433 0.012512 0.019310
0 0.653184 0.745998 0.013066 0.020043
0 0.575189 0.391718 0.012184 0.017777
0 0.506053 0.672156 0.025867 0.009842
0 0.478786 0.627241 0.023530 0.009512
0 0.478674 0.546479 0.020602 0.008218
0 0.555374 0.252723 0.025733 0.008584
0 0.575835 0.354078 0.014501 0.018563
0 0.583659 0.783727 0.013617 0.018205
0 0.397812 0.590357 0.020938 0.008101
0 0.364623 0.470971 0.013281 0.018636
0 0.638311 0.471338 0.011609 0.015360
0 0.425014 0.509404 0.022173 0.008212
0 0.585250 0.626299 0.012610 0.020033
0 0.612221 0.453878 0.011102 0.017916
0 0.635762 0.628654 0.014038 0.018968
0 0.556442 0.271421 0.023772 0.008099
0 0.698172 0.745496 0.013891 0.020609
0 0.628027 0.552890 0.020951 0.016859
0 0.580511 0.904401 0.025059 0.014547
0 0.739013 0.570968 0.012114 0.016413
0 0.598684 0.453892 0.010474 0.017370
0 0.343290 0.653061 0.018859 0.019637
0 0.738939 0.453937 0.012565 0.017453
0 0.576387 0.413552 0.012342 0.017516
0 0.698948 0.587972 0.011890 0.016996
0 0.720608 0.709424 0.012376 0.016902
0 0.625379 0.453932 0.011721 0.019157
0 0.666905 0.783076 0.015552 0.020730
0 0.342044 0.590641 0.024072 0.009023
0 0.696344 0.354628 0.011720 0.017475
0 0.623372 0.588639 0.013984 0.018465
0 0.583485 0.323032 0.013694 0.020880
0 0.585208 0.646565 0.013007 0.017222
0 0.650713 0.452761 0.012252 0.018958
0 0.424440 0.571839 0.024482 0.010402
0 0.239201 0.565036 0.025031 0.009432
0 0.506897 0.583313 0.024878 0.010034
0 0.682094 0.745253 0.012609 0.019253
0 0.571280 0.627017 0.011988 0.018559
0 0.397747 0.546312 0.021301 0.008114
0 0.636330 0.354116 0.013190 0.019435
0 0.398651 0.564170 0.025360 0.009587
0 0.563441 0.413557 0.012347 0.017232
0 0.636095 0.529478 0.012384 0.016759
0 0.650467 0.472248 0.011912 0.016199
0 0.555632 0.262889 0.024648 0.008470
0 0.662723 0.413960 0.012420 0.017493
0 0.681114 0.354037 0.013225 0.018399
0 0.601245 0.615633 0.020143 0.019623
0 0.572927 0.742962 0.012839 0.020287
0 0.590728 0.353871 0.013761 0.018488
0 0.608563 0.689101 0.012532 0.017411
0 0.090093 0.891519 0.024052 0.012795
0 0.667162 0.353842 0.014337 0.018201
0 0.422666 0.627309 0.022796 0.008145
0 0.615303 0.412842 0.011293 0.017035
0 0.236955 0.590703 0.023464 0.009805
0 0.819090 0.432517 0.025027 0.009030
0 0.637041 0.453411 0.011663 0.018277
0 0.811629 0.638726 0.028921 0.011028
0 0.302333 0.581635 0.024537 0.008993
0 0.377767 0.471694 0.012577 0.016262
0 0.585646 0.530014 0.012254 0.019668
0 0.724946 0.510176 0.011566 0.015977
0 0.978414 0.247864 0.027642 0.010040
0 0.302017 0.553663 0.024492 0.008237
0 0.192884 0.872148 0.022636 0.018016
0 0.570176 0.564250 0.013425 0.019973
0 0.974392 0.531911 0.023458 0.008784
0 0.340084 0.545556 0.023719 0.009540
0 0.276019 0.642004 0.013001 0.016628
0 0.821328 0.386406 0.022876 0.008182
0 0.626900 0.413804 0.011359 0.016300
0 0.727798 0.743044 0.013471 0.019419
0 0.585362 0.896165 0.021206 0.012525
0 0.624380 0.393187 0.014325 0.019162
0 0.562886 0.354298 0.014608 0.018430
0 0.529795 0.295424 0.012981 0.018504
0 0.667672 0.745503 0.012007 0.017704
0 0.341927 0.527373 0.022793 0.007944
0 0.548895 0.453644 0.013244 0.016792
0 0.355707 0.657788 0.020496 0.018246
0 0.301778 0.645747 0.011965 0.016675
0 0.555754 0.235830 0.023365 0.008170
0 0.597528 0.565410 0.012573 0.019733
0 0.811523 0.739563 0.025291 0.009623
0 0.726258 0.570631 0.011321 0.015782
0 0.571772 0.704119 0.012194 0.016990
0 0.659106 0.704574 0.011418 0.016940
0 0.725846 0.354373 0.013333 0.016973
0 0.711142 0.648326 0.014165 0.019816
0 0.674131 0.452398 0.011259 0.017817
0 0.478449 0.636697 0.023198 0.007777
0 0.739148 0.472992 0.012299 0.015248
0 0.820343 0.376061 0.022896 0.009492
0 0.507399 0.690823 0.028676 0.010620
0 0.676378 0.471975 0.011563 0.015725
0 0.663181 0.509717 0.012711 0.018500
0 0.341604 0.508667 0.021459 0.008722
0 0.585787 0.584978 0.012670 0.017672
0 0.557380 0.563995 0.012200 0.016838
0 0.652083 0.354684 0.013277 0.018845
0 0.672356 0.567148 0.011386 0.018536
0 0.481990 0.508864 0.025308 0.009357
0 0.747249 0.414290 0.025769 0.010063
0 0.238803 0.580113 0.023012 0.008479
0 0.369267 0.665325 0.021723 0.018368
0 0.584346 0.685111 0.012857 0.018344
0 0.650524 0.413738 0.012026 0.017638
0 0.588429 0.392656 0.011985 0.017776
0 0.448425 0.738636 0.025141 0.017115
0 0.020830 0.865505 0.016029 0.016919
0 0.685403 0.566867 0.011504 0.018068
0 0.712665 0.471339 0.011771 0.015974
0 0.673591 0.588642 0.011879 0.016895
0 0.689732 0.413321 0.014267 0.017640
0 0.478736 0.662966 0.023482 0.008992
0 0.548265 0.361137 0.013758 0.016626
0 0.816691 0.485954 0.024761 0.009113
0 0.675467 0.509524 0.012618 0.019134
0 0.301691 0.517274 0.024107 0.008960
0 0.650427 0.530452 0.013438 0.018041
0 0.818556 0.441413 0.025215 0.009600
0 0.508422 0.528648 0.026041 0.009391
0 0.339688 0.572044 0.022648 0.008464
0 0.749733 0.368056 0.021867 0.008157
0 0.924738 0.342402 0.013039 0.018362
0 0.398637 0.573024 0.023141 0.008653
0 0.661029 0.568322 0.012460 0.019245
0 0.919126 0.734220 0.011753 0.015491
0 0.596969 0.785922 0.013322 0.019623
0 0.589831 0.413457 0.012327 0.016717
0 0.726154 0.475410 0.012590 0.012801
0 0.622385 0.704438 0.012435 0.017867
0 0.677680 0.392517 0.012287 0.017367
0 0.556108 0.226782 0.023202 0.009060
0 0.302223 0.526686 0.026119 0.009121
0 0.046418 0.888190 0.023347 0.009708
