1 0.253543 0.276408 0.048304 0.048018
1 0.589123 0.815933 0.050062 0.046983
1 0.522560 0.147819 0.049271 0.029533
1 0.444527 0.604897 0.029642 0.084461
1 0.267040 0.326090 0.047119 0.046482
1 0.258875 0.300483 0.047259 0.045504
1 0.289284 0.391558 0.046899 0.044875
1 0.613313 0.268600 0.024001 0.082297
1 0.570338 0.483394 0.054236 0.043269
1 0.409436 0.171900 0.049476 0.030344
1 0.280538 0.371571 0.046511 0.044467
1 0.794038 0.713987 0.030200 0.082991
1 0.500502 0.402829 0.023586 0.086148
1 0.466648 0.161021 0.048249 0.033915
1 0.464176 0.186387 0.047594 0.031170
1 0.663318 0.794196 0.028634 0.083920
1 0.550289 0.284102 0.024439 0.085983
1 0.490504 0.676935 0.025612 0.079115
1 0.381848 0.447761 0.024795 0.081302
1 0.646092 0.807507 0.027730 0.078960
1 0.762690 0.728700 0.026961 0.082576
1 0.875653 0.517668 0.029768 0.082296
1 0.734064 0.580870 0.027345 0.084653
1 0.396768 0.446115 0.025470 0.084047
1 0.701699 0.326388 0.027689 0.080638
1 0.750829 0.574505 0.025548 0.080457
1 0.455317 0.261730 0.047993 0.036530
1 0.754425 0.481012 0.032463 0.082976
1 0.251159 0.148875 0.028262 0.086311
1 0.516301 0.400389 0.023860 0.082352
1 0.719752 0.750114 0.026975 0.083840
1 0.739281 0.487342 0.029656 0.082021
1 0.729019 0.219312 0.020382 0.085138
1 0.784920 0.400795 0.057015 0.046452
1 0.613769 0.357680 0.027669 0.084971
1 0.575591 0.222829 0.049444 0.032141
1 0.797570 0.462072 0.030440 0.082117
1 0.412868 0.337878 0.027495 0.083682
1 0.530258 0.454829 0.050525 0.040977
1 0.902420 0.419653 0.032790 0.084228
1 0.782643 0.467261 0.028408 0.082258
1 0.543391 0.644837 0.027340 0.080433
1 0.613860 0.523865 0.026700 0.085837
1 0.141577 0.231699 0.049596 0.032250
1 0.458357 0.598623 0.026717 0.082094
1 0.471164 0.317230 0.026024 0.082777
1 0.426763 0.433054 0.025003 0.088483
1 0.673535 0.397767 0.052477 0.041159
1 0.383921 0.357467 0.026456 0.081875
1 0.403412 0.105874 0.022335 0.086791
1 0.684282 0.243495 0.024870 0.084321
1 0.852264 0.674552 0.029976 0.083593
1 0.898522 0.656522 0.034728 0.085718
1 0.881013 0.664643 0.030487 0.083987
1 0.469485 0.408435 0.021531 0.080612
1 0.585143 0.278795 0.022735 0.081301
1 0.563069 0.371783 0.024211 0.081441
1 0.443712 0.326469 0.025285 0.086069
1 0.695517 0.596000 0.027880 0.080098
1 0.747747 0.736315 0.029284 0.083075
1 0.715895 0.319657 0.027339 0.079251
1 0.440666 0.420393 0.026256 0.082886
1 0.355618 0.185534 0.048867 0.028750
1 0.589273 0.632164 0.028256 0.080922
1 0.826505 0.535286 0.026680 0.079523
1 0.672903 0.451353 0.053776 0.041208
1 0.811690 0.452065 0.027167 0.083222
1 0.596117 0.360117 0.025224 0.082178
1 0.804899 0.111769 0.053061 0.047787
1 0.610106 0.420328 0.056285 0.036400
1 0.410021 0.439427 0.025791 0.085625
1 0.777938 0.721920 0.028906 0.083583
1 0.450533 0.098630 0.021342 0.086081
1 0.309970 0.122465 0.024017 0.083721
1 0.369282 0.362442 0.026362 0.083432
1 0.453518 0.487170 0.050957 0.045343
1 0.354067 0.105064 0.024534 0.084605
1 0.592413 0.074169 0.028186 0.084940
1 0.713957 0.227044 0.021608 0.084881
1 0.646659 0.520566 0.028289 0.086739
1 0.339969 0.114750 0.024349 0.081670
1 0.510707 0.241707 0.049643 0.037158
1 0.540138 0.558424 0.027286 0.082628
1 0.796046 0.553943 0.025359 0.083479
1 0.472827 0.594182 0.025222 0.081651
1 0.733597 0.743258 0.027425 0.083201
1 0.525944 0.561863 0.026525 0.086060
1 0.766074 0.566468 0.025210 0.082327
1 0.856537 0.437331 0.029864 0.080282
1 0.933770 0.632049 0.028690 0.086192
1 0.678686 0.516188 0.026818 0.081998
1 0.587705 0.136488 0.055446 0.027004
1 0.641429 0.259758 0.023400 0.081037
1 0.824756 0.697316 0.029106 0.082201
1 0.584037 0.541717 0.028148 0.088592
1 0.219747 0.132326 0.029083 0.084518
1 0.604177 0.624297 0.026885 0.080305
1 0.918126 0.638173 0.030241 0.086605
1 0.668517 0.246828 0.022855 0.085108
1 0.510909 0.507596 0.047354 0.034857
1 0.142935 0.259180 0.047358 0.033876
1 0.266285 0.141714 0.025938 0.079439
1 0.294766 0.126734 0.026618 0.084742
1 0.656365 0.349657 0.027799 0.081302
1 0.664670 0.600136 0.026938 0.084982
1 0.780441 0.557380 0.023372 0.082288
1 0.609343 0.420711 0.059389 0.037075
1 0.354508 0.367574 0.025803 0.081485
1 0.606825 0.064649 0.026767 0.084848
1 0.569614 0.550122 0.027549 0.083516
1 0.974853 0.534582 0.031048 0.086979
1 0.627735 0.263420 0.024237 0.082256
1 0.691440 0.063232 0.024559 0.084759
1 0.457063 0.321780 0.025314 0.084079
1 0.427430 0.333459 0.028030 0.083356
1 0.663246 0.519808 0.026967 0.082687
1 0.685286 0.330804 0.030111 0.077246
1 0.529682 0.293403 0.028801 0.087787
1 0.698945 0.236077 0.024436 0.083423
1 0.840006 0.524543 0.026660 0.079661
1 0.455404 0.411321 0.023064 0.083435
1 0.545229 0.382528 0.025119 0.087849
1 0.838407 0.431485 0.027131 0.082920
1 0.512755 0.567922 0.025127 0.083452
1 0.783213 0.064544 0.014260 0.084330
1 0.558222 0.638098 0.027847 0.082556
1 0.501064 0.305934 0.025613 0.083127
1 0.768060 0.065708 0.015512 0.081911
1 0.527563 0.079806 0.024799 0.085885
1 0.873744 0.434321 0.031315 0.084084
1 0.556635 0.557122 0.029026 0.082449
1 0.722558 0.492837 0.031929 0.082668
1 0.692900 0.511042 0.027335 0.083810
1 0.731092 0.312133 0.030889 0.079007
1 0.487681 0.587534 0.024897 0.082926
1 0.561981 0.082602 0.028799 0.083742
1 0.405258 0.203546 0.048891 0.035376
1 0.768581 0.473718 0.028770 0.082216
1 0.659553 0.066735 0.023123 0.087575
1 0.706019 0.765733 0.028192 0.083880
1 0.891559 0.511286 0.027861 0.081760
1 0.326711 0.123129 0.024417 0.083290
1 0.710863 0.591534 0.027438 0.083375
1 0.486103 0.313074 0.026413 0.085453
1 0.518659 0.662071 0.028988 0.081975
1 0.737131 0.062620 0.020433 0.070320
1 0.810712 0.704528 0.031274 0.082821
1 0.691654 0.126593 0.039725 0.025164
1 0.812016 0.547436 0.028141 0.084740
1 0.480105 0.092750 0.022131 0.087895
1 0.627834 0.352865 0.026442 0.081171
1 0.579231 0.363540 0.023456 0.082044
1 0.647967 0.599849 0.029392 0.081807
1 0.466636 0.097458 0.020872 0.085958
1 0.621991 0.060904 0.026746 0.085761
1 0.512725 0.083790 0.023864 0.083232
1 0.838979 0.688760 0.029768 0.082245
1 0.398871 0.352737 0.026647 0.084071
1 0.419036 0.106524 0.019270 0.083842
1 0.405119 0.203128 0.048569 0.036840
1 0.855973 0.510542 0.028990 0.083387
1 0.947408 0.390026 0.021009 0.070319
0 0.973859 0.408298 0.021875 0.019057
1 0.708193 0.503381 0.030995 0.086422
1 0.743254 0.298647 0.029866 0.076535
1 0.567769 0.281255 0.023506 0.085666
0 0.980256 0.279006 0.024092 0.019896
0 0.837502 0.262689 0.010808 0.038538
1 0.694124 0.777147 0.029273 0.083931
1 0.201609 0.135784 0.024672 0.082532
1 0.306632 0.416283 0.026674 0.028928
0 0.851638 0.265279 0.012064 0.040506
1 0.654611 0.254408 0.022553 0.083174
1 0.316816 0.513963 0.027627 0.046539
1 0.680498 0.602066 0.026778 0.082584
0 0.573466 0.890473 0.017733 0.036217
1 0.808398 0.183023 0.035355 0.019503
0 0.970808 0.386895 0.021571 0.019531
1 0.808114 0.161367 0.031112 0.017822
1 0.505893 0.672960 0.026922 0.079512
0 0.487975 0.835633 0.027314 0.034676
1 0.632786 0.607401 0.027828 0.079250
