1 0.503035 0.339733 0.118376 0.041579
1 0.822671 0.586586 0.122458 0.040177
1 0.864691 0.122455 0.115058 0.038266
1 0.255966 0.528350 0.122948 0.044759
1 0.511743 0.206031 0.129264 0.046597
1 0.137202 0.639748 0.128615 0.046343
1 0.232267 0.932491 0.128042 0.048641
1 0.258252 0.448132 0.120237 0.043858
1 0.159275 0.229606 0.124801 0.047361
1 0.493069 0.556525 0.131247 0.045026
1 0.841198 0.210684 0.119137 0.042898
1 0.828904 0.388437 0.121364 0.037074
1 0.842004 0.483700 0.115906 0.038147
1 0.832713 0.329150 0.122714 0.039761
1 0.837415 0.620913 0.118158 0.038111
1 0.846464 0.363239 0.116756 0.037689
1 0.247752 0.682463 0.131046 0.048118
1 0.615184 0.303155 0.109851 0.040288
1 0.824615 0.646360 0.117581 0.037874
1 0.491736 0.717123 0.140576 0.053261
1 0.845364 0.501368 0.118109 0.038565
1 0.498434 0.496631 0.121550 0.042437
1 0.828038 0.409467 0.120114 0.037456
1 0.819705 0.529587 0.122702 0.039593
1 0.248503 0.801202 0.129103 0.045068
1 0.830962 0.547313 0.118885 0.041834
1 0.615071 0.382309 0.107209 0.040781
1 0.249300 0.642949 0.129741 0.045930
1 0.823933 0.724045 0.116649 0.041385
1 0.252112 0.545622 0.128596 0.046004
1 0.500380 0.439407 0.114244 0.039175
1 0.846265 0.421178 0.118240 0.038314
1 0.509567 0.264282 0.112595 0.039723
1 0.504277 0.360194 0.116619 0.040519
1 0.123797 0.679076 0.130924 0.045991
1 0.499120 0.419390 0.115490 0.041567
1 0.129014 0.739250 0.124947 0.046086
1 0.246994 0.703466 0.131589 0.046105
1 0.146501 0.487713 0.123922 0.047028
1 0.611096 0.340789 0.110044 0.041435
1 0.614007 0.322005 0.109483 0.039872
1 0.141176 0.525035 0.131618 0.045287
1 0.482260 0.651305 0.118145 0.043458
1 0.605874 0.439274 0.110089 0.041806
1 0.811218 0.864500 0.120876 0.041138
1 0.508407 0.283008 0.110178 0.039228
1 0.124348 0.915121 0.124778 0.045230
1 0.840512 0.659573 0.119167 0.039933
1 0.604516 0.777095 0.125108 0.044789
1 0.631328 0.230429 0.125038 0.045667
1 0.150640 0.407897 0.129008 0.046300
1 0.598953 0.798195 0.121064 0.047020
1 0.131181 0.619515 0.123567 0.043377
1 0.511757 0.245973 0.130296 0.045742
1 0.832607 0.193036 0.117724 0.043478
1 0.834991 0.348321 0.116768 0.040586
1 0.830399 0.780306 0.115660 0.040305
1 0.262833 0.227000 0.130502 0.047125
1 0.499919 0.476777 0.122031 0.043734
1 0.127971 0.853349 0.121131 0.045708
1 0.843673 0.873029 0.092589 0.032422
1 0.490353 0.613740 0.122936 0.043372
1 0.239388 0.957006 0.126290 0.045683
1 0.136140 0.663891 0.129167 0.045752
1 0.276656 0.272875 0.131728 0.045492
1 0.267780 0.408251 0.125721 0.046075
1 0.266179 0.348420 0.122343 0.046565
1 0.599295 0.754141 0.132614 0.045099
1 0.514408 0.164769 0.129064 0.047264
1 0.836096 0.231420 0.121161 0.041151
1 0.490383 0.754740 0.128554 0.047683
1 0.513337 0.226053 0.128503 0.044512
1 0.121936 0.937459 0.121289 0.047352
1 0.261601 0.248177 0.131500 0.045862
1 0.606131 0.476711 0.111826 0.040685
1 0.133406 0.600866 0.123443 0.044353
1 0.854406 0.144717 0.123266 0.037939
1 0.597943 0.633447 0.117086 0.044940
1 0.145978 0.305329 0.127748 0.047311
1 0.145776 0.247506 0.132317 0.045470
1 0.820734 0.607584 0.122374 0.039322
1 0.253987 0.586226 0.126518 0.046837
1 0.124005 0.814998 0.126174 0.045257
1 0.835676 0.170603 0.123443 0.038489
1 0.834152 0.349013 0.117142 0.039658
1 0.500790 0.299941 0.112048 0.039399
1 0.251904 0.663135 0.124386 0.044758
1 0.609544 0.419716 0.113440 0.041898
1 0.256184 0.365080 0.124458 0.046732
1 0.275027 0.292964 0.123959 0.047476
1 0.157326 0.288447 0.125378 0.044033
1 0.254065 0.566207 0.126776 0.046726
1 0.148971 0.364459 0.128752 0.047858
1 0.817472 0.763862 0.122316 0.039591
1 0.494117 0.594997 0.124103 0.045171
1 0.252484 0.604566 0.126803 0.046656
1 0.265759 0.428414 0.120499 0.042915
1 0.146814 0.448010 0.124222 0.044874
1 0.263931 0.511266 0.122156 0.045998
1 0.834172 0.289017 0.123775 0.038500
1 0.124757 0.871741 0.117631 0.043056
1 0.145853 0.325830 0.127864 0.049114
1 0.143480 0.427601 0.135150 0.049183
1 0.250984 0.466556 0.121715 0.045363
1 0.500332 0.578236 0.121788 0.041268
1 0.253100 0.625195 0.125826 0.046092
1 0.612212 0.399986 0.110645 0.039889
1 0.148259 0.469123 0.122340 0.044081
1 0.603603 0.596740 0.117034 0.043875
1 0.243692 0.724331 0.125780 0.045713
1 0.499086 0.399987 0.118689 0.041228
1 0.247762 0.302699 0.114735 0.046446
1 0.234137 0.912810 0.129877 0.046255
1 0.122121 0.794460 0.126216 0.043006
1 0.147404 0.386650 0.131347 0.047408
1 0.503933 0.381255 0.117721 0.041165
1 0.243365 0.779978 0.127978 0.046733
1 0.133090 0.701868 0.124831 0.044589
1 0.125724 0.834185 0.119978 0.043372
1 0.134277 0.582098 0.124122 0.044257
1 0.238954 0.856535 0.123083 0.044792
1 0.242160 0.895118 0.132909 0.046812
1 0.242205 0.760135 0.132122 0.046974
1 0.621238 0.285926 0.116971 0.043194
1 0.516045 0.186737 0.127796 0.045984
1 0.254045 0.625352 0.123101 0.044136
1 0.238714 0.836655 0.126694 0.045343
1 0.124662 0.775112 0.124994 0.043759
1 0.239230 0.817563 0.129302 0.044796
1 0.622687 0.247868 0.123605 0.045302
