1 0.670262 0.096319 0.047986 0.052111
1 0.810503 0.716359 0.045627 0.058428
1 0.146163 0.344535 0.049126 0.050115
1 0.126346 0.314301 0.052599 0.056599
1 0.156910 0.357499 0.051176 0.055615
1 0.429410 0.723600 0.048396 0.052198
1 0.440691 0.738018 0.048678 0.052177
1 0.483078 0.079372 0.055441 0.052035
1 0.254177 0.380346 0.052435 0.056067
1 0.689941 0.220222 0.046555 0.051803
1 0.271176 0.415632 0.048852 0.052481
1 0.696429 0.235173 0.046076 0.051129
1 0.532088 0.862395 0.047703 0.051722
1 0.734811 0.552756 0.047444 0.063932
1 0.751812 0.327914 0.050397 0.054315
1 0.513065 0.833875 0.051140 0.053649
1 0.739978 0.167072 0.048990 0.053785
1 0.207840 0.429783 0.047588 0.051347
1 0.629024 0.628647 0.045958 0.061614
1 0.177121 0.387676 0.049467 0.054487
1 0.559733 0.787579 0.047011 0.049446
1 0.194647 0.298525 0.049703 0.053963
1 0.790459 0.358805 0.048836 0.053144
1 0.797106 0.280497 0.046786 0.052429
1 0.418842 0.710234 0.050128 0.053451
1 0.471068 0.778905 0.049359 0.052015
1 0.222852 0.340703 0.050298 0.056313
1 0.447381 0.633330 0.050552 0.056719
1 0.601056 0.845077 0.048612 0.054143
1 0.502190 0.820305 0.049616 0.053898
1 0.219368 0.442387 0.052593 0.057127
1 0.766833 0.211944 0.048781 0.053998
1 0.482491 0.792819 0.050112 0.055138
1 0.747520 0.513633 0.044729 0.059176
1 0.664133 0.593486 0.046829 0.060315
1 0.648415 0.087156 0.047457 0.054233
1 0.636098 0.788374 0.065747 0.080775
1 0.522462 0.847613 0.050242 0.054121
1 0.491876 0.806528 0.050435 0.051486
1 0.677933 0.187664 0.048274 0.051308
1 0.651216 0.717489 0.048744 0.067061
1 0.549037 0.772306 0.046211 0.050703
1 0.570605 0.801340 0.047750 0.048044
1 0.775101 0.229078 0.049978 0.055133
1 0.763857 0.189947 0.048423 0.052707
1 0.297705 0.435740 0.050117 0.055215
1 0.250215 0.485136 0.053099 0.054796
1 0.284322 0.425889 0.050523 0.053439
1 0.260169 0.497598 0.050686 0.058102
0 0.444102 0.584899 0.023503 0.027629
1 0.490175 0.099455 0.051992 0.052690
1 0.785644 0.569078 0.044412 0.060102
1 0.174493 0.265862 0.055104 0.058849
1 0.700082 0.091097 0.054493 0.057347
1 0.769058 0.486658 0.046942 0.067977
1 0.833264 0.550609 0.047735 0.066241
1 0.198408 0.413539 0.050420 0.057681
1 0.617777 0.641913 0.045756 0.063821
1 0.797426 0.472030 0.046056 0.060844
1 0.717236 0.811685 0.046589 0.062015
1 0.737164 0.527964 0.047443 0.063158
1 0.468336 0.660585 0.036452 0.039147
1 0.815713 0.555206 0.048807 0.064781
1 0.311194 0.448453 0.051200 0.054489
1 0.659432 0.335499 0.049989 0.064213
1 0.721850 0.618353 0.046065 0.065121
1 0.594316 0.669934 0.047348 0.066529
1 0.315342 0.385861 0.050525 0.065034
1 0.580664 0.835845 0.064069 0.070328
0 0.221171 0.542480 0.021028 0.025669
1 0.229110 0.262842 0.046589 0.065205
1 0.726384 0.712838 0.044433 0.060431
1 0.788758 0.743105 0.042316 0.062495
1 0.460081 0.764850 0.050754 0.053609
1 0.799064 0.731214 0.043573 0.061091
1 0.249725 0.485165 0.050003 0.054500
1 0.271517 0.325083 0.046045 0.059433
1 0.411361 0.691983 0.049270 0.054101
1 0.606796 0.654997 0.044852 0.064427
1 0.926701 0.596553 0.027909 0.036938
1 0.894118 0.636201 0.048831 0.065586
1 0.757806 0.672985 0.044575 0.058418
0 0.565251 0.051392 0.019922 0.029320
1 0.916319 0.538879 0.034325 0.028218
1 0.210530 0.327436 0.046411 0.051094
1 0.740076 0.699989 0.043185 0.057497
1 0.754719 0.606258 0.046251 0.061391
1 0.800549 0.559797 0.044657 0.061002
1 0.713744 0.720551 0.042286 0.057276
1 0.818942 0.370343 0.029957 0.034196
0 0.851819 0.354112 0.021351 0.025355
1 0.670313 0.572250 0.048611 0.062560
1 0.293347 0.500823 0.036898 0.037020
1 0.726385 0.795008 0.044245 0.061266
1 0.667985 0.171579 0.030381 0.033927
1 0.740078 0.785416 0.044907 0.061023
1 0.881770 0.646746 0.046280 0.063228
1 0.236016 0.349923 0.029819 0.034138
1 0.911126 0.525598 0.034633 0.027686
0 0.855018 0.747854 0.019644 0.028830
1 0.765680 0.768141 0.048353 0.063847
1 0.806123 0.455507 0.044993 0.061715
0 0.422006 0.554601 0.020564 0.024406
1 0.712363 0.550284 0.044232 0.063516
1 0.803038 0.368641 0.029752 0.034475
1 0.265657 0.394393 0.048056 0.053174
1 0.708406 0.627055 0.047002 0.066336
1 0.702808 0.649438 0.042269 0.058737
0 0.912481 0.496786 0.021296 0.020008
1 0.752838 0.298528 0.055660 0.059348
