0 0.290078 0.272415 0.039781 0.015262
0 0.293491 0.289550 0.040231 0.015745
0 0.391890 0.295105 0.039904 0.016394
0 0.781463 0.531835 0.019189 0.030876
0 0.540617 0.247733 0.041819 0.018072
0 0.539363 0.335099 0.035959 0.015222
0 0.680583 0.234737 0.041030 0.015360
0 0.533965 0.316430 0.038898 0.015587
0 0.437123 0.191169 0.039061 0.015325
0 0.893758 0.094437 0.036196 0.035184
0 0.588695 0.108402 0.036301 0.014821
0 0.396314 0.278751 0.042448 0.016125
0 0.292383 0.254019 0.041076 0.016038
0 0.588244 0.145048 0.039038 0.016252
0 0.584864 0.337840 0.039991 0.016062
0 0.434238 0.331801 0.041071 0.017625
0 0.583087 0.264234 0.039634 0.016902
0 0.293677 0.326044 0.042014 0.016887
0 0.433088 0.295517 0.037179 0.016153
0 0.678014 0.288035 0.034883 0.015378
0 0.938413 0.040219 0.036154 0.032408
0 0.686292 0.165766 0.039423 0.016177
0 0.582024 0.214251 0.039002 0.013847
