1 0.289094 0.251547 0.030310 0.028439
0 0.783840 0.137360 0.007883 0.023183
0 0.816065 0.138901 0.007972 0.023957
0 0.759178 0.137246 0.008583 0.022928
0 0.833500 0.059546 0.019802 0.015835
1 0.332303 0.225598 0.043000 0.035150
0 0.808407 0.137836 0.008270 0.024152
0 0.776188 0.137483 0.008691 0.023181
0 0.797399 0.136730 0.008672 0.026200
0 0.751375 0.136577 0.007950 0.021563
0 0.764806 0.078631 0.007558 0.023425
0 0.748850 0.080907 0.008855 0.024351
0 0.592621 0.027356 0.019485 0.020037
0 0.766976 0.137743 0.008882 0.022484
0 0.736109 0.058372 0.019177 0.014369
0 0.823046 0.138759 0.008242 0.024517
