9 0.193051 0.373535 0.015979 0.035163
10 0.226496 0.360271 0.013006 0.025910
10 0.259755 0.262801 0.011148 0.022209
10 0.267930 0.271437 0.011891 0.024676
10 0.283909 0.174584 0.015608 0.022209
10 0.316425 0.208205 0.016722 0.020358
10 0.125232 0.138803 0.011148 0.028378
10 0.215905 0.354102 0.011148 0.023442
10 0.293200 0.327267 0.017094 0.025293
10 0.280565 0.309068 0.010405 0.022209
10 0.264214 0.297656 0.011148 0.022825
10 0.306020 0.254473 0.014493 0.017890
10 0.247863 0.238433 0.012635 0.024059
10 0.245819 0.220234 0.012263 0.020975