10 0.568357 0.175556 0.015803 0.014815
10 0.779125 0.189259 0.008820 0.031852
10 0.814774 0.190000 0.007350 0.025926
10 0.105843 0.591111 0.016171 0.013333
10 0.145535 0.421481 0.014700 0.013333
10 0.102168 0.356667 0.016906 0.014074
10 0.775083 0.054815 0.016906 0.014815
10 0.769754 0.191481 0.006983 0.028889
10 0.825616 0.189259 0.006983 0.031852
10 0.629180 0.119630 0.007350 0.033333
10 0.100698 0.281111 0.013230 0.012593
10 0.787762 0.188148 0.007718 0.026667
10 0.798787 0.189630 0.007718 0.026667
9 0.665380 0.768889 0.009923 0.056296
9 0.682470 0.772963 0.010290 0.051111
10 0.329291 0.160741 0.019111 0.014815
10 0.147005 0.630741 0.016171 0.015556
10 0.106027 0.575185 0.016538 0.017037
10 0.144616 0.439259 0.018008 0.016296
10 0.146270 0.402593 0.013965 0.014074
10 0.144065 0.387407 0.013965 0.016296
10 0.188350 0.167778 0.017273 0.015556
10 0.710584 0.112593 0.006248 0.025185
10 0.058251 0.033333 0.015068 0.014815
10 0.683940 0.193333 0.006615 0.032593
10 0.643881 0.202963 0.013965 0.011852
10 0.618890 0.121111 0.007350 0.028889
10 0.638368 0.117407 0.006615 0.028889
10 0.648291 0.115556 0.007350 0.031111
10 0.656744 0.118148 0.008085 0.036296
10 0.665748 0.116296 0.006983 0.029630
10 0.683572 0.112222 0.007350 0.027407
10 0.692209 0.117037 0.006248 0.022222