10 0.207877 0.409774 0.010556 0.041890
10 0.203816 0.303437 0.009744 0.046187
10 0.073285 0.317401 0.009338 0.044039
10 0.035323 0.340494 0.008120 0.042965
10 0.067397 0.371106 0.009744 0.048335
10 0.102111 0.302363 0.010150 0.050483
10 0.143524 0.331901 0.010150 0.045113
10 0.114901 0.350161 0.010556 0.049409
10 0.116931 0.190655 0.009744 0.048335
10 0.106983 0.191729 0.010150 0.052632
10 0.088104 0.197637 0.009744 0.042965
10 0.077548 0.202470 0.009744 0.048335
10 0.076736 0.361439 0.009744 0.041890
10 0.214779 0.300752 0.011368 0.047261
10 0.171133 0.434479 0.010962 0.046187
10 0.140073 0.286251 0.010556 0.039742
10 0.160171 0.434479 0.009338 0.041890
10 0.076736 0.479592 0.009744 0.048335
10 0.047300 0.492481 0.008526 0.041890
10 0.027406 0.491407 0.009338 0.041890
10 0.105156 0.348550 0.009744 0.046187
10 0.182298 0.319012 0.010556 0.045113
10 0.096427 0.353921 0.011774 0.046187
10 0.092570 0.303437 0.011368 0.052632
10 0.273244 0.368421 0.012180 0.049409
10 0.253553 0.377014 0.012586 0.058002
10 0.189809 0.420516 0.010962 0.044039
10 0.180877 0.424275 0.010962 0.045113
10 0.151441 0.440924 0.009744 0.046187
10 0.142306 0.445220 0.010962 0.048335
10 0.132359 0.450054 0.011368 0.049409
10 0.122412 0.454887 0.012586 0.048335
10 0.104141 0.462406 0.012586 0.054780
10 0.094194 0.464554 0.011368 0.050483
10 0.085668 0.477981 0.010556 0.047261
10 0.067194 0.481203 0.009338 0.045113
10 0.057247 0.489796 0.010556 0.049409
10 0.037353 0.490333 0.010556 0.048335
10 0.120991 0.295918 0.011368 0.052632