10 0.178773 0.619005 0.007052 0.012433
10 0.130818 0.560983 0.007757 0.013618
10 0.331982 0.619893 0.003879 0.013025
10 0.139986 0.659562 0.007052 0.007105
10 0.129408 0.659858 0.007757 0.008881
10 0.144570 0.590882 0.006347 0.013025
10 0.150035 0.605092 0.008110 0.015394
10 0.291961 0.646536 0.010578 0.010657
10 0.341150 0.619893 0.004584 0.015394
10 0.336742 0.615453 0.003526 0.014802
10 0.382581 0.776791 0.004937 0.011841
10 0.384520 0.753700 0.007405 0.010657
10 0.381876 0.764358 0.007052 0.008289
10 0.386460 0.773831 0.004937 0.013025
10 0.390515 0.743931 0.005994 0.012433
10 0.434767 0.751036 0.009873 0.012433
10 0.564528 0.918591 0.006347 0.013618