10 0.128461 0.791908 0.033223 0.041618
10 0.264120 0.795376 0.034330 0.043931
10 0.344408 0.912139 0.031008 0.043931
10 0.431340 0.909827 0.027685 0.046243
10 0.400886 0.800578 0.035437 0.047399
10 0.569767 0.914451 0.029900 0.048555
10 0.702658 0.806936 0.045404 0.023121
10 0.623477 0.921387 0.031008 0.043931
10 0.674419 0.923699 0.028793 0.048555
10 0.319491 0.906936 0.036545 0.045087
10 0.789590 0.814451 0.039867 0.045087
10 0.853267 0.807514 0.032115 0.047399
10 0.879845 0.808671 0.032115 0.047399