10 0.433353 0.698998 0.019903 0.024590
10 0.083233 0.520492 0.016888 0.035519
10 0.053076 0.423042 0.025332 0.030055
10 0.590772 0.974044 0.021110 0.035519
10 0.537394 0.876594 0.022919 0.033698
10 0.031665 0.687158 0.023522 0.048270
10 0.065742 0.658925 0.020507 0.040984
10 0.076297 0.620674 0.023522 0.042805
10 0.167370 0.527322 0.024729 0.030965
10 0.108866 0.494536 0.012666 0.036430
10 0.537093 0.793260 0.025935 0.034608
10 0.487033 0.748634 0.027141 0.032787
10 0.389324 0.658925 0.019903 0.028233
10 0.281665 0.633424 0.026538 0.037341
10 0.238540 0.524590 0.028347 0.036430