10 0.489629 0.038056 0.042576 0.029274
10 0.408297 0.163934 0.028384 0.049180
10 0.306223 0.031030 0.046943 0.029274
10 0.385371 0.156323 0.030568 0.050351
10 0.514192 0.184426 0.028384 0.050351
10 0.774563 0.021077 0.042576 0.025761
10 0.556769 0.193794 0.026201 0.048009
10 0.662118 0.210187 0.027293 0.048009
10 0.609170 0.015222 0.043668 0.028103
10 0.659389 0.047424 0.039301 0.026932
10 0.772380 0.069672 0.040393 0.026932
10 0.365721 0.150468 0.030568 0.052693
10 0.342795 0.146956 0.028384 0.055035
10 0.449782 0.173302 0.030568 0.053864
10 0.766376 0.091335 0.043668 0.028103