10 0.852018 0.732814 0.028401 0.028349
10 0.818012 0.706237 0.029148 0.026223
10 0.020553 0.053508 0.026158 0.016300
10 0.608744 0.099929 0.029148 0.029766
10 0.876682 0.752658 0.026906 0.026931
10 0.605381 0.395819 0.028401 0.023388
10 0.635277 0.433735 0.028401 0.024096
10 0.639013 0.195252 0.028401 0.030475
10 0.987668 0.171155 0.026158 0.029057
10 0.596413 0.408575 0.031390 0.024805
10 0.613602 0.386251 0.031390 0.022679
10 0.649103 0.407158 0.035127 0.027640
10 0.790359 0.688164 0.027653 0.025514
10 0.804559 0.696669 0.029148 0.026931