12 0.220250 0.134604 0.009500 0.007864
12 0.068000 0.702158 0.008000 0.005646
12 0.222500 0.672212 0.008000 0.005445
12 0.265750 0.684311 0.012500 0.011091
12 0.206625 0.179875 0.012250 0.009679
12 0.312125 0.206292 0.010250 0.008469
12 0.331375 0.162331 0.013750 0.010889
12 0.193500 0.085904 0.016500 0.013309
12 0.122250 0.967635 0.006500 0.005445
12 0.133875 0.296532 0.018750 0.012301
12 0.189000 0.984372 0.012500 0.010688
12 0.139250 0.971970 0.008500 0.008066
12 0.202500 0.736035 0.011000 0.010083
12 0.801500 0.565840 0.005500 0.005243
12 0.034750 0.705082 0.007500 0.006251
12 0.077375 0.865295 0.008750 0.006050
12 0.709250 0.773442 0.008500 0.007864
12 0.687625 0.821537 0.009750 0.007663
12 0.783500 0.608086 0.009500 0.007461
12 0.577125 0.539322 0.010250 0.008671
12 0.366750 0.469752 0.008000 0.007058
12 0.351875 0.389292 0.013250 0.010284
12 0.387875 0.403307 0.014250 0.011293
12 0.440625 0.289373 0.016750 0.013309
12 0.402000 0.263360 0.016000 0.013309
12 0.808750 0.548699 0.003500 0.003226