10 0.305970 0.380471 0.031208 0.026936
10 0.098372 0.113636 0.031208 0.028620
10 0.110583 0.059764 0.033921 0.028620
10 0.103121 0.096801 0.029851 0.028620
10 0.151967 0.179293 0.029851 0.028620
10 0.156716 0.161616 0.028494 0.026936
10 0.181818 0.193603 0.029851 0.026936
10 0.297151 0.398990 0.029851 0.026936
10 0.239484 0.364478 0.028494 0.031987
10 0.293080 0.416667 0.032564 0.028620
10 0.213026 0.436027 0.027137 0.023569
10 0.222524 0.422559 0.029851 0.030303
10 0.194708 0.404882 0.025780 0.028620
10 0.225237 0.403199 0.029851 0.025253
10 0.203528 0.371212 0.029851 0.028620
10 0.208955 0.353535 0.027137 0.026936
10 0.266621 0.132997 0.028494 0.030303
10 0.143148 0.301347 0.031208 0.033670
10 0.156038 0.264310 0.032564 0.030303
10 0.163501 0.250000 0.031208 0.031987
10 0.135685 0.231481 0.029851 0.028620
10 0.167571 0.228956 0.031208 0.030303
10 0.175034 0.212963 0.029851 0.025253