10 0.925938 0.092068 0.014075 0.010765
10 0.914544 0.100000 0.012735 0.010765
10 0.906836 0.110198 0.016086 0.013031
10 0.209450 0.347309 0.012735 0.011331
10 0.214812 0.343059 0.012735 0.010765
10 0.248995 0.352691 0.014075 0.011898
10 0.254021 0.347875 0.013405 0.011331
10 0.262399 0.337960 0.016756 0.013031
10 0.271783 0.330028 0.015416 0.011898
10 0.245308 0.311331 0.012064 0.010765
10 0.202413 0.306516 0.013405 0.012465
10 0.277145 0.323513 0.012735 0.010198
10 0.281836 0.319830 0.012735 0.010765
10 0.284517 0.314164 0.012735 0.010765
10 0.259383 0.296884 0.012064 0.010198
10 0.294571 0.306232 0.012735 0.010765
10 0.262735 0.246176 0.013405 0.013031
10 0.295576 0.259773 0.013405 0.010765
10 0.321046 0.279037 0.013405 0.010765
10 0.380697 0.298584 0.013405 0.012465
10 0.371984 0.292351 0.012064 0.012465
10 0.366957 0.288102 0.011394 0.011898
10 0.204424 0.351841 0.012064 0.010198
10 0.235925 0.364589 0.013405 0.010765
10 0.200737 0.357224 0.011394 0.009632
10 0.172252 0.387252 0.013405 0.013031
10 0.176944 0.379887 0.013405 0.011898
10 0.195710 0.361190 0.013405 0.010765
10 0.181971 0.376204 0.012735 0.011331
10 0.205764 0.396601 0.010724 0.009065
10 0.210121 0.392635 0.014075 0.011331
10 0.215147 0.386402 0.013405 0.010198
10 0.221180 0.379320 0.013405 0.011898
10 0.230563 0.371388 0.014745 0.011898
10 0.187668 0.370822 0.013405 0.010765
10 0.191354 0.365439 0.012735 0.010198
10 0.362265 0.284986 0.012735 0.012465
10 0.355898 0.281586 0.012064 0.011331
10 0.346515 0.272805 0.012064 0.011898
10 0.864276 0.088385 0.012735 0.011331
10 0.829424 0.080737 0.014075 0.013031
10 0.824397 0.085269 0.014745 0.013031
10 0.816689 0.095751 0.014075 0.011331
10 0.848525 0.103966 0.013405 0.011898
10 0.858244 0.112748 0.014075 0.012465
10 0.871984 0.102550 0.014745 0.013598
10 0.852882 0.098584 0.014075 0.012465
10 0.859584 0.093484 0.015416 0.013598
10 0.878016 0.096034 0.013405 0.011898
10 0.845509 0.067705 0.018097 0.017564
10 0.869638 0.082720 0.016756 0.014731
10 0.875000 0.076204 0.018097 0.014164
10 0.880362 0.072238 0.015416 0.013031
10 0.894772 0.080170 0.017426 0.014164
10 0.874330 0.139943 0.011394 0.010198
10 0.881367 0.133144 0.014745 0.013598
10 0.886394 0.128329 0.011394 0.010765
10 0.891756 0.124929 0.015416 0.011898
10 0.838807 0.070822 0.014075 0.011331
10 0.866957 0.042210 0.018097 0.014164
10 0.407172 0.267705 0.012735 0.011898
10 0.424933 0.194901 0.012064 0.012465
10 0.434651 0.283569 0.012735 0.013031
10 0.402480 0.261756 0.014075 0.013598
10 0.387064 0.251558 0.014075 0.011331
10 0.376676 0.244759 0.014745 0.012465
10 0.382373 0.228045 0.014075 0.011898
10 0.393097 0.219547 0.012735 0.011898
10 0.409853 0.206799 0.012735 0.011331
10 0.379357 0.191501 0.013405 0.012465
10 0.435322 0.186686 0.014075 0.011898
10 0.395107 0.092351 0.014075 0.013598
10 0.415214 0.163173 0.014075 0.011331
10 0.444370 0.175071 0.014745 0.013598
10 0.455094 0.170255 0.016086 0.014164
10 0.466153 0.161756 0.012735 0.010765
10 0.436327 0.145609 0.012064 0.011331
10 0.447051 0.136544 0.013405 0.011331
10 0.505697 0.127762 0.014075 0.013031
10 0.485925 0.105099 0.013405 0.011898