10 0.320130 0.006606 0.019571 0.007745
10 0.463653 0.348747 0.017707 0.009567
10 0.474837 0.096128 0.019571 0.009112
10 0.480895 0.091800 0.020503 0.009567
10 0.494874 0.370843 0.016775 0.009112
10 0.149115 0.031663 0.018639 0.006834
10 0.426375 0.304328 0.017707 0.009112
10 0.328984 0.304328 0.018639 0.008200
10 0.338304 0.297267 0.014911 0.006834
10 0.350885 0.290433 0.017707 0.007745
10 0.376048 0.285421 0.017707 0.008656
10 0.382106 0.288610 0.014911 0.007745
10 0.271202 0.338497 0.016775 0.008200
10 0.286580 0.328702 0.015843 0.006834
10 0.064306 0.055809 0.016775 0.007745
10 0.109972 0.042141 0.018639 0.006834
10 0.129077 0.036674 0.015843 0.006834