10 0.360774 0.566174 0.014470 0.015169
10 0.268870 0.386234 0.015252 0.009480
10 0.261048 0.378840 0.013688 0.009101
10 0.307391 0.430034 0.013297 0.007584
10 0.311889 0.437998 0.015252 0.006826
10 0.272194 0.461130 0.014079 0.015169
10 0.348064 0.489382 0.012515 0.013273
10 0.338678 0.539818 0.014079 0.015548
10 0.245209 0.358741 0.014861 0.009101
10 0.324208 0.598218 0.014861 0.007964
10 0.281189 0.592340 0.014861 0.008343
10 0.265350 0.589496 0.014470 0.007964
9 0.328314 0.869170 0.016034 0.008343
10 0.355495 0.890027 0.016425 0.007584
10 0.256942 0.371824 0.014079 0.008722
10 0.280016 0.399697 0.014079 0.009101
10 0.380133 0.443307 0.010950 0.013652
10 0.418068 0.425484 0.014079 0.005309
10 0.389323 0.438187 0.012124 0.014790
10 0.425303 0.432499 0.013688 0.006447
10 0.431952 0.439515 0.013688 0.006068
10 0.436253 0.447289 0.013688 0.006447
10 0.445053 0.460940 0.014079 0.005688
10 0.447790 0.469283 0.014079 0.005688
10 0.451115 0.477626 0.014470 0.006447
10 0.438991 0.510239 0.013688 0.017823
10 0.427845 0.497914 0.011732 0.015927
10 0.421392 0.491088 0.012124 0.015927
10 0.415330 0.485590 0.010168 0.014790
10 0.409073 0.478195 0.010168 0.012893
10 0.250880 0.365757 0.014470 0.008722
10 0.240712 0.350588 0.013688 0.008722
10 0.234259 0.344141 0.014861 0.007964
9 0.166406 0.863860 0.016817 0.008343
9 0.197888 0.850777 0.021901 0.009480
10 0.117129 0.274744 0.013688 0.014790
10 0.052796 0.558779 0.015643 0.007205
10 0.065311 0.831437 0.012515 0.006447
10 0.074697 0.850398 0.014861 0.007205
10 0.145483 0.842814 0.014861 0.007964
9 0.138248 0.859499 0.016817 0.007964
10 0.218811 0.871255 0.014470 0.007205
10 0.158975 0.574137 0.015252 0.008343
10 0.228588 0.337694 0.016034 0.010239
10 0.432538 0.644103 0.010168 0.013273
10 0.432538 0.668563 0.009386 0.015169
10 0.441338 0.688661 0.010559 0.015169
10 0.448377 0.707433 0.011341 0.016306
10 0.464607 0.712173 0.010950 0.015927
10 0.465194 0.793895 0.006648 0.013273
10 0.448964 0.888510 0.015643 0.007584
10 0.485139 0.930603 0.007431 0.015169
10 0.467540 0.833333 0.006648 0.014790
10 0.505084 0.783466 0.005866 0.013652
9 0.135510 0.297308 0.014470 0.015927