1 0.432166 0.413268 0.075666 0.026475
1 0.176767 0.357243 0.082974 0.024518
1 0.400259 0.335482 0.091987 0.028012
1 0.421141 0.362816 0.065962 0.021942
1 0.429166 0.436466 0.065666 0.023501
1 0.156969 0.425366 0.064649 0.020525
1 0.827052 0.470352 0.097859 0.021219
1 0.158651 0.653506 0.071268 0.022029
0 0.640081 0.779399 0.016579 0.031677
1 0.164951 0.561999 0.063730 0.020137
1 0.160598 0.538524 0.068423 0.016727
0 0.590911 0.775541 0.016025 0.031217
1 0.439844 0.644598 0.123865 0.023930
1 0.819214 0.682034 0.125201 0.026171
1 0.461324 0.595647 0.128731 0.024865
0 0.670547 0.773922 0.015486 0.034256
1 0.546686 0.414956 0.121697 0.025248
1 0.456566 0.620396 0.127808 0.023975
1 0.452802 0.520275 0.119414 0.023499
1 0.565091 0.669714 0.111664 0.024315
1 0.570332 0.668527 0.105212 0.025272
1 0.459471 0.571140 0.122582 0.025509
1 0.707810 0.774141 0.020302 0.042605
0 0.701604 0.341246 0.016446 0.035318
1 0.449990 0.469695 0.104460 0.021610
1 0.193050 0.468622 0.111001 0.024070
