0 0.216122 0.454570 0.027666 0.026237
0 0.758360 0.704805 0.032110 0.018079
0 0.441525 0.762819 0.028158 0.028846
0 0.381957 0.319482 0.030902 0.026684
0 0.404673 0.859834 0.025539 0.028240
0 0.365008 0.844084 0.020719 0.024895
0 0.296842 0.373913 0.022373 0.027980
0 0.725488 0.576608 0.019952 0.025408
0 0.914127 0.847311 0.030806 0.020276
0 0.293656 0.454840 0.015079 0.024821
0 0.629812 0.305575 0.027676 0.028041
0 0.085084 0.059828 0.020451 0.033641
0 0.061619 0.270531 0.019682 0.034545
0 0.249004 0.783415 0.015884 0.025395
0 0.149431 0.135553 0.020931 0.037188
0 0.618706 0.686541 0.029905 0.023810
0 0.299817 0.579240 0.019785 0.030663
0 0.393630 0.274583 0.042257 0.028732
0 0.519485 0.729043 0.031051 0.021210
0 0.036053 0.779405 0.018377 0.031570
0 0.832439 0.391257 0.030766 0.026848
1 0.455965 0.807862 0.048554 0.038871
1 0.855028 0.833381 0.039243 0.027394
0 0.223402 0.888645 0.018066 0.028706
0 0.451135 0.287334 0.035913 0.019535
0 0.649706 0.629974 0.029835 0.026607
0 0.332492 0.925063 0.019457 0.025572
0 0.565851 0.683807 0.030752 0.019466
0 0.649297 0.630649 0.027986 0.026811
0 0.183570 0.425762 0.025186 0.015267
