0 0.528955 0.822490 0.036157 0.028221
0 0.255329 0.828922 0.030252 0.028598
0 0.775020 0.896154 0.038802 0.015794
0 0.507171 0.832986 0.032999 0.025382
0 0.550319 0.811075 0.026655 0.031392
0 0.696914 0.930207 0.019477 0.029058
0 0.904270 0.230091 0.027473 0.027141
0 0.697934 0.813307 0.022450 0.031902
0 0.445343 0.940097 0.031183 0.016778
0 0.465495 0.957313 0.027885 0.028327
0 0.676406 0.806662 0.017328 0.025003
0 0.740254 0.834022 0.033587 0.026463
0 0.764430 0.864662 0.037115 0.023386
0 0.476408 0.860668 0.036685 0.021687
0 0.722310 0.820494 0.027466 0.025420
0 0.091072 0.345875 0.016903 0.023992
0 0.614809 0.809626 0.017827 0.026684
0 0.572351 0.811354 0.025974 0.031700
0 0.559058 0.910443 0.015528 0.023519
0 0.718407 0.902023 0.016695 0.023939
0 0.464534 0.872513 0.036560 0.019972
0 0.543367 0.877342 0.020026 0.026788
0 0.852344 0.402178 0.019450 0.028358
0 0.678055 0.890197 0.018396 0.025947
0 0.853916 0.977044 0.039092 0.025415
0 0.487033 0.959968 0.025961 0.025411
0 0.230058 0.854823 0.027564 0.025885
1 0.931893 0.558634 0.058125 0.025598
0 0.540071 0.908100 0.019663 0.028229
0 0.638788 0.916555 0.018116 0.025410
0 0.035572 0.472803 0.018664 0.027610
1 0.850747 0.508805 0.023389 0.038949
0 0.657883 0.926027 0.018079 0.026916
0 0.501754 0.968584 0.025460 0.027059
0 0.598473 0.912030 0.019318 0.027061
0 0.769538 0.881138 0.035858 0.018872
0 0.759807 0.264908 0.026606 0.026516
0 0.541717 0.975577 0.022982 0.025472
0 0.654079 0.803981 0.016115 0.025522
0 0.202060 0.893321 0.027296 0.026669
0 0.444967 0.920964 0.033059 0.012720
0 0.779605 0.928386 0.034004 0.012969
0 0.855057 0.627507 0.014262 0.024854
0 0.136106 0.360416 0.017630 0.027141
0 0.114069 0.352966 0.017552 0.027989
0 0.070698 0.337959 0.015223 0.026801
0 0.466370 0.890814 0.040026 0.024347
0 0.580493 0.881109 0.017544 0.025761
0 0.716012 0.931205 0.016345 0.026290
0 0.520314 0.974769 0.020868 0.025850
1 0.849904 0.458167 0.019310 0.041368
0 0.078887 0.483525 0.018835 0.022266
0 0.059400 0.477263 0.018111 0.024056
0 0.052231 0.330680 0.016348 0.024627
0 0.854300 0.593261 0.015824 0.027201
0 0.143234 0.961567 0.029294 0.026507
0 0.640613 0.884586 0.018282 0.028403
1 0.906427 0.433220 0.020145 0.044688
0 0.699219 0.892667 0.019585 0.029581
0 0.562983 0.879667 0.019938 0.028605
0 0.581198 0.983909 0.018398 0.019064
0 0.763266 0.153833 0.023468 0.025473
0 0.170151 0.930218 0.027922 0.025485
0 0.634432 0.805971 0.016235 0.026083
0 0.451560 0.900962 0.034930 0.020232
0 0.859362 0.364292 0.020562 0.027155
0 0.698822 0.892649 0.018458 0.028197
0 0.850215 0.546061 0.016498 0.024653
0 0.600767 0.881024 0.020084 0.026493
0 0.594513 0.810131 0.023265 0.030367
0 0.820519 0.048884 0.025830 0.026941
0 0.659832 0.885872 0.017154 0.028927
0 0.677286 0.926302 0.018196 0.029241
0 0.100999 0.495598 0.019189 0.028272
0 0.618848 0.917538 0.017023 0.025216
0 0.919218 0.199382 0.028160 0.031783
0 0.579294 0.911524 0.016348 0.025891
0 0.860339 0.658464 0.019968 0.030216
0 0.920215 0.679561 0.018914 0.029504
0 0.337970 0.571795 0.021381 0.034572
0 0.562438 0.978095 0.022866 0.024035
0 0.305610 0.835803 0.036497 0.037552
0 0.782688 0.942340 0.035700 0.013484
0 0.803444 0.081719 0.030380 0.031299
