0 0.419031 0.975392 0.019202 0.039156
0 0.041938 0.450317 0.024439 0.025488
0 0.055389 0.405340 0.021803 0.023957
0 0.020188 0.858318 0.014432 0.029300
0 0.058282 0.387975 0.021410 0.022863
0 0.493183 0.949347 0.015337 0.030814
0 0.457985 0.921131 0.014724 0.029315
0 0.528142 0.959460 0.014938 0.029381
0 0.383484 0.954971 0.015619 0.033797
1 0.687739 0.872674 0.047962 0.063388
0 0.227720 0.849955 0.017451 0.032752
0 0.009425 0.852464 0.016647 0.031433
0 0.047909 0.331356 0.021882 0.023755
0 0.348273 0.973562 0.023460 0.030680
0 0.048739 0.420117 0.020361 0.022402
0 0.064051 0.370946 0.022554 0.022525
0 0.371793 0.986611 0.018584 0.026777
0 0.034547 0.697865 0.016724 0.033367
0 0.020228 0.905001 0.015222 0.030927
0 0.215326 0.840143 0.013746 0.029757
0 0.010310 0.886430 0.016057 0.030989
0 0.072733 0.342394 0.024148 0.024501
0 0.691818 0.523682 0.016651 0.032259
0 0.360925 0.937972 0.017870 0.032123
