1 0.653222 0.617481 0.079496 0.058667
1 0.654306 0.700532 0.078792 0.058990
1 0.651802 0.559416 0.081259 0.062040
1 0.400652 0.416702 0.085406 0.044287
1 0.568467 0.123540 0.081630 0.059507
1 0.571215 0.792486 0.078744 0.061947
1 0.406117 0.246744 0.083840 0.048445
1 0.577670 0.488425 0.082472 0.063332
1 0.401826 0.557302 0.083951 0.045325
1 0.400239 0.308434 0.082489 0.041849
1 0.400522 0.664329 0.087669 0.048978
1 0.573936 0.432907 0.082153 0.058583
1 0.121607 0.417291 0.078360 0.062577
1 0.654003 0.729634 0.078897 0.063004
1 0.402088 0.445926 0.085807 0.035586
1 0.804632 0.445117 0.079488 0.057751
1 0.121666 0.470826 0.076503 0.059704
1 0.892927 0.729590 0.082578 0.058598
1 0.651015 0.644589 0.082310 0.050781
1 0.880889 0.510840 0.077766 0.051213
1 0.305466 0.446496 0.083782 0.043868
1 0.130791 0.247309 0.078938 0.056588
1 0.120558 0.224216 0.079145 0.058035
1 0.891252 0.674801 0.081978 0.059677
1 0.896124 0.341610 0.078330 0.055029
1 0.303349 0.749629 0.086635 0.046603
1 0.303472 0.280955 0.086541 0.040540
1 0.888746 0.815089 0.080693 0.058890
1 0.808979 0.746794 0.077916 0.056912
1 0.893371 0.310626 0.080736 0.058650
1 0.119996 0.363356 0.078218 0.061264
1 0.310461 0.526203 0.083397 0.044535
1 0.399429 0.124946 0.084472 0.059401
1 0.894892 0.619326 0.079586 0.055425
1 0.894091 0.561139 0.080908 0.057139
1 0.811227 0.360337 0.079573 0.060392
1 0.651119 0.809100 0.082611 0.063671
1 0.303235 0.614789 0.085804 0.042829
1 0.308142 0.472701 0.082687 0.042873
1 0.307270 0.775932 0.069999 0.033566
1 0.399524 0.691542 0.084488 0.044692
0 0.015006 0.074476 0.030012 0.020849
1 0.123259 0.497934 0.076052 0.057712
1 0.304766 0.362201 0.087109 0.044302
1 0.398916 0.278720 0.085142 0.046423
1 0.305073 0.585056 0.088903 0.041829
1 0.568444 0.595038 0.079914 0.060731
1 0.398071 0.637578 0.085661 0.044135
1 0.403536 0.388397 0.083323 0.043893
1 0.403662 0.582838 0.083011 0.043783
0 0.011804 0.399421 0.023344 0.016888
1 0.809460 0.805930 0.080348 0.056376
1 0.298361 0.175361 0.081782 0.058340
1 0.402293 0.528263 0.072147 0.040153
0 0.012365 0.610792 0.023969 0.016349
1 0.128492 0.550447 0.079251 0.057699
0 0.844475 0.112120 0.015222 0.037563
1 0.815430 0.827322 0.083597 0.061566
1 0.816149 0.662095 0.079632 0.057025
0 0.011440 0.627689 0.022743 0.015250
1 0.300924 0.254584 0.087040 0.043941
1 0.309657 0.498812 0.082812 0.043253
1 0.307593 0.667582 0.086959 0.042108
1 0.309125 0.308677 0.083188 0.039759
1 0.406675 0.498144 0.082830 0.044136
1 0.901282 0.365300 0.078147 0.050417
0 0.012367 0.324729 0.024200 0.016031
0 0.163087 0.914282 0.018139 0.037987
1 0.657871 0.842856 0.077735 0.062522
0 0.014183 0.501986 0.028143 0.016925
0 0.012870 0.542608 0.025155 0.017870
1 0.893428 0.591728 0.079096 0.054501
1 0.308262 0.417862 0.083843 0.045183
1 0.654495 0.670950 0.079522 0.056202
1 0.120116 0.527153 0.067201 0.050807
1 0.406514 0.217091 0.085056 0.048802
1 0.568470 0.652309 0.080784 0.055178
1 0.402422 0.334034 0.083535 0.043783
0 0.013772 0.290201 0.027544 0.019370
1 0.564120 0.818964 0.079664 0.059630
1 0.400122 0.610528 0.088036 0.044953
1 0.379771 0.923126 0.087057 0.039161
0 0.011787 0.559823 0.022826 0.015935
1 0.567967 0.344013 0.077837 0.061499
1 0.629237 0.215726 0.078074 0.063066
1 0.405596 0.470939 0.084406 0.038538
1 0.302192 0.391849 0.085660 0.044276
0 0.011652 0.594365 0.022960 0.015513
0 0.014057 0.484501 0.027944 0.017408
0 0.014203 0.521897 0.027723 0.019197
0 0.011663 0.643284 0.023326 0.015123
0 0.196967 0.980118 0.015916 0.039765
1 0.568113 0.681753 0.078143 0.055989
1 0.129022 0.579817 0.067046 0.051397
0 0.850118 0.021790 0.017930 0.041421
0 0.015025 0.093475 0.030050 0.023430
1 0.401303 0.716846 0.087505 0.046860
1 0.570692 0.513495 0.083429 0.053508
0 0.872991 0.116448 0.016641 0.036885
1 0.809153 0.693733 0.078060 0.059389
0 0.321960 0.979155 0.037239 0.015929
0 0.012575 0.380285 0.024819 0.017650
0 0.013583 0.273634 0.026770 0.016687
