1 0.390993 0.765305 0.074552 0.046255
0 0.104368 0.964251 0.047252 0.036697
1 0.294997 0.608371 0.086806 0.058025
0 0.971572 0.105945 0.046385 0.033056
0 0.197466 0.815045 0.051675 0.040043
1 0.372449 0.219865 0.063142 0.088090
0 0.159475 0.769009 0.032981 0.048406
1 0.409630 0.709021 0.077158 0.047461
1 0.326494 0.196991 0.062274 0.092350
0 0.201053 0.852121 0.041454 0.034828
1 0.703535 0.567505 0.088172 0.138476
1 0.399206 0.230857 0.063998 0.091189
0 0.328439 0.522380 0.075638 0.053133
1 0.400129 0.573833 0.052011 0.076629
0 0.142710 0.882717 0.058523 0.047801
0 0.112738 0.942863 0.043975 0.037253
0 0.210009 0.789715 0.056342 0.041424
1 0.242630 0.714703 0.078633 0.054762
1 0.288086 0.638338 0.092620 0.061034
0 0.489491 0.582262 0.067766 0.050347
1 0.314008 0.775682 0.062586 0.097996
1 0.399733 0.738063 0.076893 0.045674
1 0.313978 0.775345 0.066323 0.097289
0 0.226600 0.737809 0.064212 0.047609
0 0.884126 0.032236 0.053653 0.038829
1 0.367147 0.434274 0.070133 0.043377
