0 0.363571 0.062422 0.012111 0.026115
0 0.708107 0.188253 0.009406 0.023573
0 0.557797 0.054375 0.011815 0.026628
0 0.732695 0.149125 0.010459 0.022857
0 0.599776 0.071885 0.011092 0.023982
0 0.944970 0.197203 0.010226 0.023681
0 0.246439 0.016992 0.011033 0.026763
0 0.577078 0.089059 0.008641 0.020973
0 0.416373 0.099124 0.016840 0.013228
0 0.552291 0.131628 0.008816 0.022529
0 0.590779 0.070648 0.011091 0.024794
0 0.465861 0.024127 0.009067 0.022067
0 0.667355 0.120402 0.009922 0.021617
0 0.537739 0.073534 0.010585 0.024458
0 0.753610 0.079421 0.010649 0.024253
0 0.824938 0.230880 0.009999 0.022431
0 0.553669 0.076971 0.009925 0.020937
0 0.491264 0.034875 0.010567 0.023583
0 0.891342 0.201253 0.011205 0.025957
0 0.390484 0.099505 0.016048 0.014668
0 0.716265 0.140146 0.010656 0.021529
0 0.750958 0.149778 0.009783 0.021688
0 0.696214 0.104675 0.009804 0.024728
0 0.956988 0.277128 0.011945 0.027974
0 0.766587 0.205362 0.010153 0.025082
0 0.678789 0.098847 0.010648 0.025875
0 0.569575 0.087112 0.008914 0.020468
0 0.708426 0.134932 0.011338 0.024780
0 0.698538 0.184226 0.010728 0.026031
0 0.516007 0.043889 0.009517 0.024344
0 0.736301 0.123980 0.009637 0.021808
0 0.726095 0.191183 0.009450 0.021318
0 0.831403 0.168710 0.010092 0.022723
0 0.335260 0.050318 0.009118 0.021306
0 0.692042 0.129732 0.009334 0.022383
0 0.978854 0.158557 0.012297 0.027243
0 0.900064 0.206205 0.009519 0.023031
0 0.675252 0.126105 0.010700 0.022866
0 0.662362 0.097440 0.009593 0.023676
0 0.783327 0.212759 0.010447 0.024953
0 0.598424 0.147929 0.011142 0.024688
0 0.548389 0.008801 0.007974 0.017601
0 0.684930 0.126419 0.010740 0.024305
0 0.759041 0.153369 0.009711 0.024436
0 0.537884 0.047566 0.009264 0.022887
0 0.681814 0.180837 0.010608 0.021692
0 0.770775 0.082810 0.010034 0.023148
0 0.581587 0.064291 0.012431 0.027455
0 0.816122 0.228120 0.011798 0.026524
0 0.704058 0.108144 0.009272 0.024472
0 0.904599 0.134249 0.010865 0.025730
0 0.798860 0.218665 0.011112 0.023628
0 0.560897 0.135568 0.008974 0.025231
0 0.529532 0.117913 0.009613 0.023358
0 0.886904 0.176325 0.009086 0.024802
0 0.767214 0.157386 0.009055 0.020632
0 0.873798 0.248507 0.009940 0.025695
0 0.378714 0.068700 0.011454 0.023177
