0 0.782947 0.965898 0.032951 0.034679
0 0.906071 0.932647 0.031213 0.033980
0 0.825306 0.917452 0.033702 0.035626
0 0.936236 0.788886 0.030000 0.029891
0 0.989755 0.866929 0.020491 0.032669
0 0.988398 0.906490 0.023205 0.029760
0 0.863983 0.943469 0.031155 0.031980
0 0.883798 0.939198 0.032317 0.034796
0 0.806406 0.924349 0.035456 0.034002
0 0.843902 0.949642 0.031700 0.033584
0 0.848971 0.911565 0.033189 0.034353
0 0.893830 0.897965 0.036922 0.032943
0 0.961520 0.787499 0.035375 0.033077
0 0.805436 0.960386 0.031477 0.034226
0 0.870908 0.904146 0.032689 0.034260
0 0.973268 0.872648 0.031306 0.034178
0 0.765774 0.934709 0.029802 0.034071
0 0.929030 0.887198 0.032701 0.032206
0 0.788978 0.929699 0.034789 0.031730
0 0.954766 0.881204 0.033732 0.031346
0 0.929393 0.925744 0.035430 0.035597
0 0.913619 0.799295 0.039366 0.044269
