0 0.578131 0.084678 0.046609 0.055212
0 0.825912 0.402754 0.032127 0.048851
0 0.548648 0.119078 0.039270 0.041140
1 0.273300 0.370524 0.073332 0.083108
0 0.068416 0.152424 0.051803 0.047705
0 0.302971 0.122809 0.048014 0.056706
0 0.282848 0.106463 0.043439 0.061559
1 0.362580 0.431134 0.078099 0.086502
1 0.332755 0.406417 0.066356 0.076581
1 0.518636 0.556952 0.079196 0.072937
0 0.849091 0.575655 0.043229 0.051109
0 0.973976 0.313312 0.041337 0.050436
0 0.692571 0.089002 0.041036 0.045791
1 0.592609 0.356205 0.064032 0.061811
0 0.903430 0.620997 0.036142 0.050209
0 0.052723 0.170567 0.047032 0.050623
0 0.524756 0.034654 0.040456 0.048651
0 0.747112 0.313726 0.052452 0.063634
1 0.610977 0.465310 0.067073 0.064412
0 0.556960 0.067911 0.043529 0.053488
0 0.623113 0.208613 0.040802 0.051457
0 0.942628 0.258616 0.047242 0.042582
0 0.944452 0.349478 0.046056 0.050902
0 0.725140 0.289618 0.042335 0.048445
0 0.890493 0.601647 0.046030 0.049407
0 0.424326 0.253650 0.054446 0.058387
0 0.933365 0.281549 0.052430 0.051036
1 0.249897 0.350746 0.074563 0.080138
1 0.588510 0.484928 0.068781 0.064082
0 0.220601 0.773382 0.061681 0.068316
0 0.535581 0.236843 0.044468 0.043525
0 0.707961 0.272804 0.038864 0.042739
1 0.232807 0.332565 0.071311 0.075317
1 0.467350 0.286785 0.070464 0.081265
0 0.920625 0.299476 0.049147 0.048312
0 0.658747 0.235395 0.039738 0.050855
0 0.730350 0.124776 0.045742 0.050216
0 0.445613 0.269151 0.058896 0.059569
0 0.680757 0.266310 0.050711 0.062198
1 0.497480 0.581316 0.082160 0.074145
0 0.499245 0.029088 0.036052 0.043968
0 0.942653 0.258717 0.047096 0.042591
0 0.769012 0.159701 0.048203 0.044384
0 0.120923 0.513156 0.038322 0.045534
0 0.943884 0.650406 0.037886 0.047117
0 0.088223 0.474693 0.040962 0.055095
0 0.409482 0.231163 0.061760 0.070400
0 0.923968 0.631938 0.043928 0.055093
1 0.536316 0.536182 0.063863 0.063912
0 0.899062 0.318163 0.065202 0.055893
0 0.394717 0.207131 0.047772 0.056839
1 0.495825 0.577917 0.083094 0.081156
