0 0.010722 0.702731 0.021443 0.026375
0 0.032809 0.707959 0.020825 0.025668
0 0.039941 0.649684 0.015088 0.025803
0 0.070870 0.662278 0.015200 0.025790
0 0.113707 0.897004 0.017406 0.028569
0 0.193825 0.129806 0.014979 0.026333
0 0.340183 0.980737 0.014815 0.026356
0 0.022253 0.818157 0.017731 0.027882
0 0.738962 0.040152 0.009597 0.028852
0 0.070206 0.733021 0.018978 0.024748
0 0.042972 0.717225 0.021084 0.024568
0 0.188905 0.057651 0.022737 0.026871
0 0.413982 0.038570 0.009828 0.023033
0 0.132612 0.918251 0.015956 0.026298
0 0.981995 0.888896 0.018947 0.017052
0 0.956590 0.977616 0.022033 0.021815
0 0.820795 0.044716 0.011234 0.022968
0 0.060438 0.659022 0.015630 0.026710
0 0.244945 0.085172 0.019577 0.025788
0 0.945455 0.995047 0.017984 0.009905
0 0.319097 0.974689 0.014780 0.027740
0 0.297546 0.172908 0.018172 0.028249
0 0.063539 0.850491 0.015025 0.023871
0 0.349198 0.079196 0.017932 0.027714
0 0.329462 0.977238 0.014032 0.028029
0 0.668165 0.041645 0.009139 0.025158
0 0.718796 0.043813 0.010092 0.027454
0 0.938518 0.213843 0.019482 0.021105
0 0.164497 0.868128 0.016831 0.026531
0 0.256894 0.090606 0.016822 0.023080
0 0.470305 0.033828 0.011465 0.029109
0 0.316163 0.190859 0.018141 0.027241
