0 0.990175 0.265585 0.019651 0.035833
0 0.975320 0.403593 0.041493 0.026295
0 0.840250 0.833825 0.031825 0.036332
0 0.970748 0.383212 0.033650 0.026334
0 0.022037 0.274547 0.022268 0.036711
0 0.943396 0.286863 0.029710 0.046001
0 0.987325 0.455521 0.025351 0.025328
0 0.936649 0.455088 0.041757 0.029669
0 0.606782 0.918656 0.031739 0.040423
0 0.988572 0.475869 0.022600 0.025427
0 0.980392 0.421126 0.036314 0.025039
0 0.984387 0.438173 0.031226 0.026032
0 0.965442 0.364487 0.044326 0.028633
0 0.162202 0.469070 0.032806 0.017889
0 0.949705 0.488211 0.033795 0.023500
