0 0.801873 0.098166 0.018970 0.015584
0 0.275228 0.557748 0.017300 0.017537
0 0.870918 0.201636 0.019666 0.016290
0 0.051582 0.019614 0.021596 0.017548
0 0.814700 0.117487 0.021115 0.018422
0 0.231443 0.563917 0.017329 0.016486
0 0.454531 0.756130 0.023619 0.009707
0 0.862171 0.440858 0.024342 0.014337
0 0.885619 0.072056 0.028052 0.012093
0 0.283726 0.591567 0.020674 0.016350
0 0.765014 0.259152 0.023178 0.014042
0 0.635653 0.837862 0.024442 0.011354
0 0.464304 0.772017 0.025730 0.011268
0 0.491430 0.820289 0.024674 0.010147
0 0.925250 0.283456 0.019123 0.015247
0 0.852992 0.129030 0.019370 0.016092
0 0.683187 0.476967 0.023693 0.010210
0 0.451128 0.747255 0.024790 0.010335
0 0.656835 0.907556 0.020279 0.016151
0 0.445841 0.522148 0.016057 0.015066
0 0.109458 0.107050 0.018816 0.013549
0 0.667080 0.926911 0.021570 0.017266
0 0.100299 0.041686 0.021725 0.016813
0 0.374215 0.031994 0.023621 0.009833
0 0.954925 0.330644 0.019057 0.015041
0 0.560730 0.503113 0.017563 0.015315
0 0.965767 0.347644 0.016722 0.014577
0 0.311854 0.586405 0.020475 0.018060
0 0.987018 0.379112 0.019133 0.014030
0 0.756119 0.029635 0.020188 0.016138
0 0.802906 0.314912 0.026448 0.013059
0 0.883092 0.220500 0.019313 0.016151
0 0.668788 0.820521 0.027775 0.011196
0 0.904116 0.253494 0.016780 0.013672
0 0.643690 0.935235 0.017914 0.013707
0 0.290294 0.557095 0.017093 0.016486
0 0.888284 0.803669 0.025168 0.008531
0 0.837204 0.364830 0.026281 0.010980
0 0.904665 0.762679 0.029308 0.014367
0 0.320328 0.676320 0.028872 0.013420
0 0.181050 0.058803 0.024518 0.012867
0 0.836293 0.148763 0.020075 0.016560
0 0.757373 0.241937 0.023559 0.010911
0 0.257719 0.038391 0.027925 0.011943
0 0.268516 0.059210 0.026566 0.012144
0 0.221177 0.047379 0.023298 0.011790
0 0.978002 0.364656 0.017284 0.015300
0 0.585268 0.496128 0.015366 0.013311
0 0.151673 0.065766 0.026770 0.012181
0 0.477810 0.876657 0.026931 0.009877
0 0.485335 0.802274 0.022814 0.011120
0 0.444851 0.730209 0.024449 0.010768
0 0.064339 0.039382 0.018580 0.017007
0 0.715073 0.989857 0.021064 0.018171
0 0.856337 0.396048 0.023461 0.009675
0 0.091116 0.080612 0.019896 0.016589
0 0.163861 0.141681 0.020978 0.017352
0 0.038114 0.938932 0.022103 0.008749
0 0.544566 0.505205 0.017941 0.015619
0 0.371129 0.574513 0.018020 0.017054
0 0.392858 0.568144 0.019788 0.016543
0 0.711184 0.472223 0.024909 0.009600
0 0.431534 0.525832 0.017392 0.017368
0 0.447759 0.739047 0.025282 0.009144
0 0.744275 0.816493 0.022591 0.009059
0 0.788770 0.054241 0.021846 0.017639
0 0.142532 0.108030 0.020573 0.017098
0 0.362748 0.992647 0.020178 0.014707
0 0.012376 0.943649 0.021875 0.008713
0 0.875585 0.423386 0.020910 0.010464
0 0.552559 0.839884 0.022305 0.010757
0 0.476881 0.516827 0.016683 0.015153
0 0.615472 0.898080 0.018117 0.013003
0 0.407389 0.565751 0.017987 0.016151
0 0.573285 0.498961 0.016232 0.014749
0 0.420379 0.561447 0.018289 0.017379
0 0.846627 0.166668 0.020124 0.016124
0 0.370908 0.008764 0.026703 0.011685
0 0.153278 0.125600 0.019522 0.015765
0 0.745402 0.013096 0.018742 0.015364
0 0.446832 0.884454 0.027050 0.009110
0 0.526877 0.846130 0.026565 0.011001
0 0.442063 0.558037 0.017322 0.016829
0 0.824442 0.344696 0.022841 0.010838
0 0.242679 0.065578 0.026054 0.011908
0 0.399312 0.003839 0.025098 0.007678
0 0.633802 0.922991 0.018559 0.014964
0 0.378264 0.534742 0.015137 0.015175
0 0.960308 0.052383 0.028308 0.011821
0 0.527111 0.759960 0.024792 0.010387
0 0.788518 0.289518 0.026936 0.011144
0 0.945584 0.315182 0.018197 0.015559
0 0.305759 0.646347 0.021889 0.010251
0 0.517280 0.507156 0.015167 0.013881
0 0.893107 0.049872 0.026775 0.012813
0 0.521568 0.750878 0.025751 0.010280
0 0.908440 0.748613 0.025480 0.013675
0 0.417465 0.528629 0.016493 0.015933
0 0.688598 0.952060 0.016223 0.014878
0 0.726528 0.810335 0.027654 0.011223
0 0.681004 0.989692 0.017399 0.016164
0 0.686711 0.162621 0.012539 0.011878
0 0.217976 0.072877 0.024739 0.011870
0 0.527355 0.760024 0.026585 0.011001
0 0.293464 0.052528 0.025870 0.012072
0 0.903277 0.201848 0.014705 0.010346
0 0.404718 0.529744 0.015246 0.015764
0 0.971475 0.028766 0.025279 0.012409
0 0.607141 0.883410 0.018096 0.016587
0 0.810771 0.792433 0.021587 0.011203
0 0.669765 0.971870 0.018150 0.016409
0 0.316744 0.550755 0.014858 0.015609
0 0.894396 0.237249 0.017738 0.014366
0 0.524203 0.534233 0.017682 0.013107
0 0.850501 0.059874 0.024665 0.011984
