1 0.563275 0.371335 0.025671 0.080780
1 0.445006 0.605591 0.030021 0.084747
1 0.613538 0.269384 0.024644 0.081979
1 0.500955 0.405061 0.024129 0.085398
1 0.251468 0.150692 0.028746 0.085161
1 0.382204 0.449299 0.026299 0.083374
1 0.253277 0.276225 0.049189 0.047140
1 0.529339 0.455381 0.051095 0.043330
1 0.875805 0.518016 0.030780 0.082945
1 0.614239 0.526045 0.027885 0.087186
1 0.699447 0.235120 0.026496 0.083112
1 0.596160 0.359637 0.025428 0.080899
1 0.455436 0.261903 0.047824 0.036567
1 0.881127 0.664271 0.032394 0.084844
1 0.812360 0.548012 0.029988 0.083557
1 0.258388 0.300535 0.048240 0.046362
1 0.673185 0.398030 0.052417 0.042629
1 0.294903 0.128763 0.026826 0.083419
1 0.450539 0.099868 0.021747 0.083626
1 0.646542 0.808481 0.028760 0.076613
1 0.884531 0.294315 0.015304 0.083170
1 0.569693 0.484448 0.055487 0.044042
1 0.632754 0.607404 0.029268 0.081157
1 0.326821 0.123906 0.025036 0.081071
1 0.201272 0.136655 0.026005 0.080244
1 0.695876 0.597645 0.028516 0.082309
1 0.409372 0.172250 0.049537 0.029697
1 0.796203 0.554187 0.025533 0.083960
1 0.663823 0.520890 0.028418 0.081859
1 0.588105 0.816503 0.050721 0.046683
1 0.470440 0.408915 0.021864 0.080143
1 0.614072 0.357558 0.028874 0.081294
1 0.701785 0.326881 0.028583 0.082229
1 0.691122 0.063998 0.025447 0.081607
1 0.396884 0.446874 0.026092 0.084812
1 0.668823 0.248247 0.024096 0.085342
1 0.733855 0.581119 0.028357 0.085082
1 0.663801 0.795583 0.029306 0.084046
1 0.750989 0.574312 0.026499 0.080963
1 0.917588 0.638540 0.031086 0.085728
1 0.529160 0.293151 0.029850 0.089099
1 0.804686 0.111251 0.054513 0.048563
1 0.545489 0.383606 0.026386 0.089279
1 0.453102 0.486899 0.052021 0.045987
1 0.567511 0.280771 0.025097 0.083975
1 0.975204 0.536493 0.030822 0.082080
1 0.794111 0.714638 0.033554 0.086145
1 0.607195 0.067458 0.028375 0.085405
1 0.680325 0.602848 0.029386 0.083643
1 0.219626 0.133495 0.030516 0.084397
1 0.340188 0.115270 0.024813 0.079908
1 0.143014 0.259224 0.047067 0.032877
1 0.934229 0.633826 0.029645 0.085022
1 0.589823 0.633222 0.028375 0.081179
1 0.779975 0.558070 0.025655 0.084465
1 0.743210 0.299438 0.030866 0.078197
1 0.267141 0.326351 0.048057 0.046548
1 0.592348 0.075934 0.029645 0.083726
1 0.826918 0.535580 0.028059 0.079987
1 0.574898 0.222509 0.049986 0.031274
1 0.443914 0.327934 0.026175 0.085856
1 0.656678 0.351177 0.029592 0.082925
1 0.490795 0.679512 0.025397 0.080610
1 0.902832 0.421542 0.033594 0.083918
1 0.586904 0.137157 0.056332 0.028397
1 0.510651 0.507898 0.047347 0.034099
1 0.526567 0.563411 0.027965 0.086603
1 0.664887 0.602123 0.026836 0.084036
1 0.562691 0.085839 0.030536 0.079894
1 0.402907 0.106843 0.023120 0.085385
1 0.405382 0.204148 0.048882 0.035185
1 0.141510 0.231965 0.048577 0.031033
1 0.857106 0.437976 0.031536 0.079630
1 0.766094 0.567414 0.025829 0.083554
1 0.522699 0.148214 0.048935 0.029024
1 0.713288 0.227121 0.022808 0.083113
1 0.413376 0.338710 0.028578 0.082417
1 0.797623 0.461575 0.032204 0.084832
1 0.540659 0.558427 0.027564 0.083194
1 0.739572 0.487650 0.030578 0.081765
1 0.466209 0.097800 0.022804 0.081491
1 0.497436 0.090801 0.024200 0.087913
1 0.708545 0.504328 0.030221 0.090804
1 0.583887 0.542381 0.029083 0.091772
1 0.737751 0.062506 0.019366 0.068049
1 0.518882 0.663490 0.030523 0.083062
1 0.527750 0.082618 0.025425 0.080342
1 0.558255 0.638436 0.028345 0.083596
1 0.516425 0.401634 0.025150 0.084484
1 0.729240 0.221494 0.020365 0.081606
1 0.441281 0.422161 0.027149 0.086001
1 0.673342 0.452322 0.053495 0.041909
1 0.479844 0.092930 0.023973 0.084430
1 0.513751 0.568899 0.026415 0.084395
1 0.369713 0.362237 0.027636 0.082618
1 0.840528 0.525749 0.027349 0.081681
1 0.627657 0.352835 0.027243 0.078413
1 0.763196 0.730234 0.029020 0.082602
1 0.501391 0.307274 0.026518 0.082519
1 0.627728 0.262979 0.024699 0.083167
1 0.642699 0.352949 0.029807 0.080094
1 0.585388 0.279041 0.023924 0.081160
1 0.734212 0.744038 0.029038 0.087070
1 0.455631 0.412477 0.022724 0.083165
1 0.427684 0.333534 0.028867 0.084558
1 0.783484 0.468518 0.028990 0.083239
1 0.512742 0.085807 0.024254 0.080263
1 0.812429 0.451557 0.030712 0.085474
1 0.510796 0.240936 0.050494 0.038287
1 0.604521 0.626291 0.028486 0.082537
1 0.310127 0.124701 0.024788 0.083175
1 0.684343 0.244423 0.025717 0.087256
1 0.482029 0.942436 0.024407 0.047979
1 0.754525 0.480439 0.033163 0.083446
1 0.464248 0.186911 0.047875 0.031473
1 0.621930 0.064021 0.027257 0.083491
1 0.354484 0.369287 0.028163 0.083226
1 0.288998 0.392224 0.047548 0.045430
1 0.685587 0.331107 0.031272 0.077133
1 0.543820 0.645611 0.029895 0.081710
1 0.647096 0.521606 0.029755 0.086879
1 0.778630 0.723233 0.030833 0.085831
1 0.641251 0.259771 0.024641 0.081434
1 0.784828 0.401333 0.057342 0.047703
1 0.410083 0.441172 0.027057 0.086225
1 0.705975 0.058683 0.021774 0.077831
1 0.279979 0.371832 0.049247 0.046105
1 0.472628 0.594469 0.027316 0.083070
1 0.839334 0.688368 0.030627 0.080216
1 0.678815 0.516031 0.028844 0.082729
1 0.768889 0.474654 0.030289 0.082017
1 0.266559 0.143250 0.027733 0.080183
1 0.853116 0.675796 0.031563 0.084802
1 0.488453 0.587708 0.026565 0.080433
1 0.693101 0.510501 0.028714 0.084556
1 0.716496 0.321474 0.029150 0.083146
1 0.556164 0.556338 0.031930 0.083767
1 0.898789 0.656729 0.035372 0.086356
1 0.720159 0.751235 0.028180 0.087876
0 0.980592 0.279043 0.024691 0.020926
1 0.642179 0.068510 0.024519 0.087365
0 0.235465 0.473892 0.026338 0.036570
0 0.371403 0.738033 0.026175 0.038402
1 0.659780 0.068290 0.023534 0.084672
1 0.679432 0.784667 0.030350 0.085198
1 0.723194 0.492499 0.032500 0.083809
1 0.356372 0.185092 0.051013 0.031378
1 0.385477 0.107668 0.026399 0.085240
1 0.550393 0.284279 0.025569 0.086902
0 0.851721 0.266014 0.013362 0.041185
0 0.284769 0.573456 0.027401 0.038699
0 0.970447 0.387414 0.021848 0.019427
0 0.466652 0.778195 0.028293 0.036899
0 0.979934 0.256317 0.023707 0.020417
1 0.810848 0.705100 0.032920 0.086705
1 0.891639 0.512372 0.028263 0.081286
1 0.575105 0.638181 0.030964 0.080542
1 0.398925 0.352404 0.028502 0.084750
1 0.427223 0.434131 0.025151 0.083094
0 0.573627 0.890667 0.017745 0.035127
1 0.785645 0.400931 0.056201 0.048163
1 0.457603 0.321879 0.026263 0.086246
1 0.629716 0.519554 0.030654 0.085178
1 0.783783 0.066707 0.014520 0.081220
0 0.521020 0.747110 0.022386 0.016938
1 0.654598 0.254416 0.024039 0.083634
0 0.296692 0.589253 0.026319 0.036703
1 0.383826 0.356323 0.027605 0.080110
0 0.345093 0.689213 0.025456 0.038482
1 0.706445 0.766028 0.029531 0.082100
1 0.470867 0.316652 0.026374 0.083316
1 0.598389 0.530677 0.026922 0.084938
0 0.945316 0.311471 0.019637 0.036963
1 0.486372 0.313819 0.027655 0.085327
1 0.541256 0.075051 0.026771 0.078829
1 0.839543 0.432177 0.028295 0.083220
0 0.276709 0.555307 0.025681 0.037722
0 0.344848 0.514347 0.029548 0.040537
1 0.856187 0.511215 0.029936 0.082963
1 0.458766 0.598434 0.027766 0.083248
0 0.384105 0.755242 0.026054 0.041092
0 0.406660 0.817948 0.026186 0.036927
1 0.947778 0.390228 0.021951 0.070832
1 0.711084 0.592238 0.029270 0.083255
0 0.474450 0.796278 0.027690 0.034819
0 0.312940 0.629598 0.028258 0.038624
0 0.252488 0.504693 0.027095 0.034754
1 0.628934 0.848082 0.026032 0.047368
1 0.609341 0.420799 0.055851 0.035482
0 0.210189 0.437721 0.025257 0.034763
0 0.560925 0.900684 0.027435 0.047383
1 0.693748 0.777279 0.031533 0.085347
1 0.630190 0.521500 0.029414 0.084147
1 0.825197 0.697424 0.031927 0.083973
1 0.515270 0.930297 0.026723 0.048352
0 0.306872 0.606552 0.026247 0.035338
0 0.987005 0.341931 0.025729 0.020131
0 0.354873 0.707286 0.025369 0.039422
1 0.731315 0.313238 0.032337 0.080433
1 0.731334 0.313126 0.032085 0.079176
0 0.481687 0.815713 0.028108 0.035684
1 0.467166 0.161042 0.047867 0.032889
0 0.306775 0.606402 0.025956 0.035902
1 0.505897 0.673965 0.030478 0.082018
1 0.747886 0.736213 0.030761 0.085388
0 0.413498 0.838175 0.027207 0.038893
1 0.809312 0.160793 0.028087 0.018475
0 0.973993 0.408167 0.021556 0.017177
0 0.825453 0.252993 0.011744 0.034537
1 0.418448 0.107923 0.019391 0.078517
1 0.808638 0.182729 0.033539 0.019539
0 0.325206 0.648811 0.026657 0.036554
0 0.393579 0.775645 0.030268 0.044282
0 0.226328 0.453512 0.026204 0.036760
0 0.962009 0.463145 0.015366 0.036314
1 0.266341 0.355067 0.057346 0.049876
1 0.768207 0.066855 0.015552 0.083716
0 0.488087 0.835311 0.027644 0.035192
1 0.570317 0.549641 0.027852 0.085304
1 0.530698 0.652032 0.027363 0.077600
0 0.419257 0.860078 0.027155 0.035754
0 0.188379 0.392654 0.027239 0.034143
1 0.499670 0.935896 0.027058 0.050237
