1 0.392419 0.394892 0.106193 0.029470
1 0.407487 0.358838 0.106898 0.030209
1 0.145867 0.660127 0.063040 0.053990
1 0.238049 0.336039 0.080734 0.047966
1 0.661192 0.417705 0.078118 0.044616
1 0.383110 0.412812 0.105307 0.030483
1 0.333853 0.522487 0.104785 0.029682
1 0.418111 0.339084 0.106340 0.028213
1 0.291038 0.633694 0.112428 0.031046
1 0.225666 0.355305 0.082458 0.053480
1 0.266305 0.693234 0.035711 0.047386
1 0.372973 0.432299 0.106718 0.029766
1 0.637634 0.480136 0.080142 0.045550
1 0.437943 0.284449 0.107941 0.028853
1 0.721528 0.229704 0.113519 0.040195
1 0.475695 0.451068 0.103249 0.030889
1 0.144049 0.803284 0.060159 0.052154
1 0.400399 0.376585 0.105893 0.029815
1 0.247053 0.315240 0.080286 0.048382
1 0.504002 0.381682 0.101612 0.031235
1 0.385986 0.696781 0.119080 0.033046
1 0.535507 0.307015 0.104433 0.031320
1 0.534085 0.742093 0.049692 0.050221
1 0.624507 0.498980 0.078727 0.046688
1 0.492640 0.415064 0.099663 0.028366
1 0.295288 0.613085 0.109126 0.030717
1 0.321818 0.557443 0.109178 0.029634
1 0.332440 0.538692 0.106023 0.030849
1 0.399324 0.612910 0.105402 0.030961
1 0.421435 0.575906 0.101101 0.031014
1 0.082406 0.772665 0.117432 0.026553
1 0.377670 0.667033 0.107524 0.031297
1 0.423451 0.322173 0.107416 0.028927
1 0.407911 0.197862 0.049516 0.052111
1 0.386890 0.647866 0.104254 0.030176
1 0.065797 0.802322 0.104069 0.024789
1 0.351546 0.484849 0.108074 0.030001
1 0.701417 0.335690 0.091936 0.042935
1 0.168700 0.480735 0.084094 0.054642
1 0.523603 0.343306 0.104245 0.031868
1 0.429899 0.304358 0.109040 0.030009
1 0.528417 0.325114 0.102484 0.030874
1 0.436875 0.540975 0.103411 0.030468
0 0.545429 0.925821 0.046852 0.013002
1 0.484058 0.209298 0.105445 0.039828
1 0.667931 0.396169 0.079867 0.046612
1 0.109255 0.728514 0.107198 0.025064
1 0.097238 0.759011 0.112479 0.025351
1 0.343972 0.503340 0.110162 0.029324
0 0.482763 0.909063 0.057520 0.015988
1 0.577856 0.603138 0.079979 0.046831
1 0.409998 0.594865 0.101788 0.031474
1 0.371726 0.684064 0.106902 0.032229
1 0.643398 0.458006 0.080665 0.046631
0 0.523250 0.977530 0.043822 0.013744
1 0.123390 0.583533 0.074139 0.046145
1 0.104188 0.615563 0.075562 0.018198
1 0.614839 0.519175 0.078026 0.044474
1 0.312267 0.575153 0.107428 0.030029
1 0.710095 0.315744 0.095174 0.039128
1 0.360561 0.466699 0.106228 0.029788
1 0.199486 0.837469 0.050808 0.055154
1 0.655398 0.438837 0.079453 0.046067
1 0.442832 0.523111 0.103894 0.030472
1 0.425593 0.559486 0.101388 0.031364
1 0.308800 0.194848 0.071715 0.049570
1 0.572027 0.218360 0.093986 0.037104
1 0.394694 0.858712 0.046543 0.048803
0 0.494948 0.886378 0.057766 0.015928
1 0.134130 0.565876 0.084778 0.050015
1 0.217663 0.378448 0.085771 0.049222
0 0.552129 0.914923 0.052031 0.014148
1 0.358029 0.854023 0.048722 0.050595
0 0.665741 0.672552 0.050890 0.013916
1 0.118819 0.714197 0.108717 0.022872
0 0.626352 0.760883 0.053334 0.015239
1 0.720061 0.280027 0.085906 0.034022
1 0.273848 0.254691 0.070239 0.046749
1 0.590250 0.583266 0.085874 0.048219
0 0.598803 0.812878 0.049188 0.016082
1 0.688030 0.355758 0.080877 0.045615
1 0.622953 0.221919 0.098505 0.038904
1 0.264883 0.276598 0.078137 0.047604
1 0.186075 0.606348 0.047643 0.048872
1 0.499239 0.398651 0.103231 0.031406
1 0.356495 0.295479 0.062572 0.046207
1 0.604862 0.541392 0.079463 0.046963
1 0.342125 0.746815 0.026650 0.055283
1 0.664982 0.227201 0.082363 0.034517
1 0.144116 0.547202 0.089268 0.052143
1 0.190001 0.440786 0.084172 0.051762
1 0.333063 0.848585 0.050950 0.055473
1 0.161358 0.501787 0.080520 0.049574
1 0.306218 0.593944 0.106562 0.029505
0 0.461604 0.963962 0.053930 0.015187
0 0.638510 0.719536 0.047558 0.013360
0 0.707586 0.576368 0.045116 0.010921
1 0.367659 0.449205 0.108110 0.031279
0 0.533347 0.783554 0.040776 0.025901
1 0.513647 0.646705 0.042238 0.053845
1 0.074618 0.787692 0.106031 0.026590
0 0.649136 0.708547 0.047266 0.013471
0 0.655053 0.683909 0.051616 0.013072
0 0.522512 0.990959 0.049795 0.012579
1 0.372034 0.756150 0.029580 0.049820
0 0.464816 0.938642 0.060643 0.016671
0 0.656676 0.696466 0.054380 0.013622
0 0.639894 0.734815 0.047407 0.013168
1 0.384494 0.412468 0.105334 0.031080
1 0.253868 0.295374 0.083170 0.053457
1 0.535444 0.213012 0.104100 0.042117
1 0.570130 0.625151 0.079979 0.046276
1 0.407439 0.730484 0.082130 0.044252
1 0.675719 0.373980 0.079976 0.047455
0 0.568942 0.890142 0.059866 0.015478
0 0.633826 0.747365 0.044995 0.012298
0 0.679604 0.645465 0.047538 0.012045
1 0.394035 0.630860 0.106753 0.031661
0 0.530421 0.962153 0.049663 0.016138
1 0.152743 0.523846 0.083398 0.050877
1 0.153351 0.524360 0.087867 0.053955
1 0.548119 0.684959 0.052471 0.039097
1 0.531738 0.213748 0.103003 0.041404
0 0.398433 0.913686 0.038492 0.027501
1 0.712338 0.297954 0.093076 0.036343
1 0.505202 0.381713 0.102341 0.031643
1 0.295221 0.213396 0.074705 0.051663
1 0.306310 0.722159 0.035080 0.045234
1 0.481424 0.433893 0.100919 0.031508
1 0.379267 0.192408 0.042702 0.052835
1 0.451088 0.506127 0.101134 0.031785
1 0.573796 0.218264 0.097665 0.037103
1 0.050232 0.820267 0.100464 0.025467
0 0.614166 0.774956 0.051298 0.014775
0 0.671919 0.659443 0.045033 0.012925
1 0.467447 0.469780 0.104497 0.031553
0 0.604613 0.803042 0.051319 0.015310
0 0.228909 0.991923 0.036373 0.016155
1 0.530171 0.325038 0.100679 0.031332
0 0.536564 0.949085 0.053596 0.016078
1 0.182473 0.461970 0.077973 0.049518
1 0.046991 0.841805 0.093982 0.023314
0 0.488762 0.897922 0.059060 0.015734
1 0.448909 0.506394 0.101736 0.031268
