1 0.551941 0.227095 0.008810 0.048580
1 0.621170 0.233384 0.010044 0.057467
1 0.427572 0.333378 0.053632 0.009867
1 0.578692 0.232546 0.010290 0.063527
1 0.245667 0.497215 0.032073 0.020660
1 0.693826 0.282279 0.038377 0.054662
1 0.258043 0.368488 0.057876 0.009243
0 0.727095 0.147866 0.015608 0.016023
1 0.405311 0.227406 0.009102 0.046244
1 0.426060 0.432293 0.053159 0.009992
1 0.164916 0.295615 0.010493 0.067092
1 0.209790 0.446031 0.053273 0.032769
1 0.937854 0.622226 0.043604 0.033681
1 0.946418 0.725100 0.029915 0.023648
1 0.532648 0.590809 0.010233 0.050838
1 0.395185 0.229982 0.008292 0.059413
1 0.639609 0.234106 0.010372 0.059042
1 0.654864 0.347146 0.041941 0.010618
1 0.525671 0.232395 0.009203 0.059737
1 0.812561 0.649402 0.009731 0.044074
1 0.728329 0.314693 0.037928 0.052173
1 0.821406 0.475860 0.050734 0.009819
0 0.134810 0.596032 0.014962 0.015696
1 0.490385 0.226533 0.008998 0.058084
1 0.464996 0.226359 0.010134 0.060470
1 0.429117 0.382682 0.058171 0.009312
0 0.341079 0.754465 0.006038 0.013084
1 0.318737 0.339432 0.054070 0.010123
1 0.881619 0.819486 0.022208 0.046995
1 0.259669 0.459350 0.035891 0.030732
1 0.740298 0.326255 0.037305 0.050042
0 0.820410 0.232763 0.014906 0.013803
1 0.483412 0.550207 0.044839 0.034559
1 0.482734 0.551104 0.044094 0.029469
1 0.147531 0.297678 0.010259 0.061853
1 0.214233 0.429613 0.055682 0.032515
1 0.199046 0.488674 0.055242 0.034769
0 0.777654 0.181710 0.012776 0.011843
1 0.117230 0.410504 0.049354 0.014795
1 0.427124 0.472495 0.054861 0.009348
1 0.444730 0.532213 0.058656 0.010709
1 0.239074 0.524688 0.033003 0.020969
1 0.650379 0.377296 0.050011 0.009469
1 0.428592 0.352304 0.055102 0.009625
1 0.269058 0.446986 0.031469 0.027558
1 0.824252 0.426932 0.053487 0.010384
1 0.713838 0.299085 0.035626 0.051079
1 0.377552 0.227802 0.008588 0.060161
1 0.952996 0.796352 0.045553 0.032394
1 0.608320 0.482080 0.055777 0.011772
0 0.322069 0.752731 0.006069 0.014234
0 0.361147 0.754196 0.006318 0.014662
0 0.371877 0.754659 0.007358 0.015041
1 0.544176 0.227103 0.008111 0.047314
1 0.137633 0.300574 0.009857 0.054639
1 0.258337 0.346756 0.057705 0.009761
1 0.064469 0.237719 0.010115 0.055095
1 0.425860 0.322097 0.051241 0.009423
1 0.484393 0.363365 0.053328 0.010065
0 0.310150 0.752753 0.005010 0.011338
0 0.571899 0.012490 0.012612 0.014131
1 0.514585 0.623783 0.010296 0.055270
0 0.348405 0.753879 0.006306 0.013489
1 0.276377 0.434275 0.030093 0.026225
1 0.235108 0.538835 0.032480 0.020562
1 0.118820 0.737171 0.009605 0.045693
1 0.893396 0.676068 0.031164 0.012051
0 0.403581 0.810120 0.005369 0.011885
1 0.315606 0.265455 0.028745 0.009273
0 0.303407 0.752582 0.005665 0.011409
1 0.319833 0.519443 0.063144 0.026704
1 0.655307 0.447955 0.044391 0.010797
1 0.596434 0.386492 0.052498 0.008225
0 0.275696 0.673317 0.009454 0.015107
0 0.933693 0.652546 0.019080 0.017166
1 0.260193 0.318302 0.053701 0.007933
1 0.484068 0.343485 0.053206 0.008513
1 0.826175 0.455277 0.055133 0.010809
1 0.649251 0.397160 0.049984 0.009580
1 0.484693 0.382779 0.055669 0.009132
1 0.596080 0.396177 0.053335 0.009042
0 0.064746 0.885034 0.005585 0.012390
1 0.157577 0.394303 0.056054 0.021867
1 0.450482 0.531885 0.048379 0.011511
0 0.677215 0.817524 0.006847 0.015436
1 0.534169 0.233155 0.009095 0.056371
1 0.900105 0.811255 0.024749 0.049577
0 0.154288 0.644794 0.010859 0.013849
1 0.777191 0.653235 0.010089 0.034129
1 0.596612 0.376475 0.048596 0.008683
0 0.416637 0.847927 0.006633 0.015209
0 0.424771 0.782833 0.012064 0.010912
1 0.590166 0.231118 0.012849 0.064101
1 0.569143 0.233551 0.009507 0.062794
0 0.317239 0.845920 0.006843 0.013913
1 0.822666 0.649252 0.009497 0.042263
1 0.648793 0.365907 0.052199 0.008653
0 0.396125 0.844993 0.006248 0.015214
1 0.758477 0.344507 0.039657 0.051532
1 0.257701 0.338578 0.055319 0.008836
1 0.682006 0.740338 0.023829 0.009089
0 0.285717 0.805996 0.006231 0.013109
1 0.426692 0.443841 0.056844 0.011104
1 0.127301 0.304176 0.011101 0.046574
1 0.598227 0.326236 0.053558 0.009055
1 0.427938 0.370091 0.057068 0.013516
1 0.804789 0.540202 0.009611 0.031310
1 0.775425 0.355360 0.035585 0.049658
0 0.006907 0.746755 0.011267 0.008215
1 0.482847 0.443165 0.054861 0.010878
1 0.757074 0.692590 0.010955 0.027193
1 0.463040 0.617413 0.010692 0.057518
1 0.650753 0.437059 0.047210 0.008863
1 0.773036 0.357212 0.036440 0.051033
1 0.785749 0.803539 0.010542 0.043219
1 0.672455 0.262088 0.037558 0.049080
1 0.957062 0.764411 0.044006 0.027056
