1 0.727470 0.231191 0.010389 0.056712
1 0.816100 0.679045 0.010953 0.055376
1 0.672873 0.222488 0.010686 0.054002
1 0.352481 0.176272 0.010559 0.053086
1 0.489110 0.713322 0.010655 0.081748
1 0.550569 0.767314 0.010794 0.080949
1 0.691512 0.225663 0.010258 0.053635
1 0.335329 0.648825 0.011521 0.055368
1 0.344815 0.651279 0.011002 0.054274
1 0.289468 0.167280 0.009826 0.050670
1 0.764131 0.236155 0.009816 0.050890
1 0.371045 0.178723 0.010006 0.050972
1 0.682466 0.225465 0.010275 0.053384
1 0.397089 0.181226 0.010547 0.051914
1 0.809328 0.242339 0.009768 0.054803
1 0.153524 0.409493 0.013252 0.079805
1 0.460271 0.191735 0.010521 0.052594
1 0.846162 0.247969 0.009339 0.052478
1 0.326316 0.172094 0.011372 0.054988
1 0.191158 0.457463 0.013420 0.076847
1 0.478478 0.194326 0.010279 0.052399
1 0.864228 0.250270 0.010053 0.051916
1 0.160601 0.449539 0.012634 0.081248
1 0.531604 0.766166 0.010893 0.080102
1 0.709464 0.228050 0.009722 0.054049
1 0.745431 0.233779 0.010410 0.051349
1 0.282209 0.611736 0.012719 0.057525
1 0.882729 0.255365 0.010748 0.052566
1 0.700605 0.227479 0.009579 0.053036
1 0.202274 0.288767 0.012084 0.077709
1 0.308347 0.638424 0.010866 0.053265
1 0.270893 0.163753 0.010701 0.055110
1 0.509885 0.677634 0.013661 0.077463
1 0.627041 0.215901 0.011845 0.053623
1 0.873028 0.251888 0.010300 0.053163
1 0.361393 0.176977 0.009838 0.053653
1 0.469546 0.193800 0.010225 0.052763
1 0.441835 0.188273 0.012411 0.050710
1 0.827516 0.245245 0.009727 0.054534
1 0.282201 0.297259 0.012471 0.077917
1 0.354390 0.652015 0.010487 0.053568
1 0.166425 0.197610 0.052589 0.045862
1 0.097824 0.316786 0.036668 0.019480
1 0.806833 0.678354 0.011809 0.056281
1 0.428011 0.712789 0.029783 0.045579
1 0.272218 0.296840 0.011724 0.077584
1 0.563942 0.684414 0.009950 0.079054
1 0.825560 0.680888 0.010025 0.051930
1 0.532119 0.202987 0.010903 0.053268
1 0.171324 0.449539 0.011991 0.081830
1 0.099373 0.301081 0.034579 0.019868
1 0.513206 0.764631 0.012485 0.079599
1 0.316673 0.171503 0.010536 0.052715
1 0.415892 0.184470 0.012925 0.054589
1 0.298768 0.168127 0.010249 0.050200
1 0.094238 0.359345 0.033130 0.018334
1 0.176166 0.368260 0.011605 0.074890
1 0.554020 0.682953 0.012789 0.078918
1 0.391344 0.657137 0.013295 0.057599
1 0.448319 0.468739 0.034023 0.016234
1 0.773109 0.235894 0.010315 0.052157
1 0.654626 0.220065 0.010281 0.052019
1 0.271532 0.466114 0.012200 0.075416
1 0.449139 0.453632 0.033402 0.016255
1 0.168442 0.535997 0.050817 0.043846
1 0.445536 0.510828 0.034951 0.017535
1 0.645499 0.218970 0.009875 0.051951
1 0.182044 0.282548 0.012693 0.078686
1 0.256299 0.379753 0.012304 0.079247
1 0.280122 0.164189 0.009910 0.054426
1 0.446177 0.495686 0.033980 0.017837
1 0.719209 0.230531 0.010288 0.054759
1 0.800683 0.242307 0.009925 0.055280
1 0.100253 0.288475 0.033918 0.017020
1 0.519262 0.677813 0.013207 0.076271
1 0.377176 0.501962 0.036111 0.017336
0 0.844527 0.094746 0.008497 0.024147
1 0.378690 0.472886 0.036204 0.016384
1 0.338625 0.482031 0.033969 0.017813
1 0.523266 0.201032 0.012428 0.053254
1 0.447552 0.482115 0.034077 0.017324
1 0.389022 0.180462 0.010770 0.051352
1 0.834972 0.681533 0.010203 0.052951
1 0.754823 0.234260 0.010392 0.051831
1 0.169239 0.327870 0.011234 0.082992
1 0.201819 0.458466 0.013301 0.081208
1 0.343657 0.175455 0.011120 0.054601
1 0.092754 0.387230 0.033815 0.018468
1 0.537882 0.679059 0.013121 0.078867
1 0.382278 0.270500 0.052100 0.018267
1 0.266644 0.381745 0.012234 0.080565
1 0.790937 0.240175 0.010764 0.054339
1 0.381984 0.655684 0.012075 0.055596
1 0.292007 0.299659 0.013010 0.079783
1 0.678144 0.903879 0.051212 0.017299
1 0.186491 0.369484 0.011998 0.078802
1 0.818739 0.245162 0.009054 0.052988
1 0.534103 0.678464 0.016336 0.076647
1 0.545979 0.680976 0.011414 0.076868
1 0.179028 0.327651 0.012547 0.092200
1 0.261384 0.297145 0.011877 0.079135
1 0.326460 0.647467 0.011460 0.054142
1 0.376118 0.530078 0.035101 0.018291
1 0.212353 0.290361 0.013151 0.078807
1 0.337327 0.523907 0.032549 0.018890
1 0.183393 0.410826 0.010814 0.075707
1 0.572863 0.684657 0.010771 0.081143
1 0.339447 0.467941 0.034138 0.017482
0 0.012944 0.379214 0.009410 0.022857
0 0.667057 0.117109 0.015469 0.021063
0 0.657004 0.056427 0.010122 0.026359
1 0.528099 0.678846 0.012954 0.074537
0 0.007779 0.435735 0.008049 0.021732
1 0.250913 0.460197 0.012889 0.080991
1 0.374371 0.386088 0.050295 0.017557
1 0.096063 0.343172 0.034990 0.017268
1 0.504119 0.764670 0.011701 0.076918
1 0.282039 0.466389 0.012805 0.078012
1 0.379481 0.459175 0.036351 0.017025
1 0.380902 0.357169 0.044997 0.016385
1 0.159247 0.325635 0.012268 0.077569
1 0.541628 0.767948 0.011655 0.081351
0 0.025509 0.215379 0.007982 0.024444
1 0.290948 0.618336 0.011584 0.058764
1 0.846890 0.791347 0.009395 0.077835
1 0.338398 0.510864 0.033858 0.018349
1 0.636585 0.216411 0.010154 0.053041
1 0.261915 0.461287 0.011632 0.080386
1 0.274002 0.425868 0.010483 0.081238
0 0.604128 0.045956 0.008175 0.021838
0 0.021253 0.287610 0.007929 0.019231
1 0.378487 0.341453 0.049732 0.016489
1 0.731301 0.182112 0.030235 0.017625
0 0.667026 0.009940 0.007921 0.019880
0 0.982780 0.012325 0.011741 0.023455
1 0.317765 0.643555 0.011449 0.053535
0 0.788271 0.137151 0.008753 0.022524
1 0.439509 0.608020 0.055486 0.021618
1 0.276627 0.383161 0.011483 0.073142
1 0.663796 0.221652 0.009938 0.053296
1 0.300114 0.633797 0.010939 0.056132
0 0.985945 0.889484 0.016904 0.021338
1 0.240286 0.461687 0.013330 0.077735
0 0.436254 0.010458 0.007753 0.020916
1 0.523094 0.766378 0.012379 0.080293
1 0.564038 0.069618 0.021829 0.016959
1 0.479697 0.713380 0.012200 0.080144
1 0.837268 0.247164 0.009009 0.053129
0 0.820502 0.041765 0.009231 0.024255
1 0.556944 0.683091 0.013241 0.079087
1 0.253459 0.430543 0.012695 0.094388
