0 0.917766 0.538991 0.011871 0.011790
0 0.074488 0.477388 0.013147 0.007749
0 0.778919 0.457797 0.010699 0.011926
0 0.599757 0.256251 0.013945 0.012415
0 0.075666 0.464896 0.011640 0.006871
0 0.140650 0.160499 0.012045 0.005993
0 0.093744 0.373138 0.010030 0.005576
0 0.904593 0.432126 0.013133 0.009212
0 0.769762 0.384445 0.013592 0.011674
0 0.061798 0.652276 0.011864 0.006559
0 0.015583 0.740504 0.011546 0.006124
0 0.971609 0.488598 0.011870 0.007688
0 0.092487 0.385040 0.012143 0.006708
0 0.139683 0.179174 0.011767 0.006004
0 0.027769 0.647015 0.011835 0.006556
0 0.168223 0.020860 0.010387 0.005298
0 0.119964 0.138037 0.006356 0.010875
0 0.056978 0.690753 0.011142 0.007287
0 0.047203 0.758566 0.011466 0.005972
0 0.094173 0.366422 0.010817 0.005423
0 0.909883 0.418940 0.016041 0.011093
0 0.013939 0.751198 0.011235 0.006223
0 0.061439 0.660539 0.011526 0.005903
0 0.126579 0.359997 0.011764 0.006745
0 0.101002 0.322651 0.011099 0.005983
0 0.113696 0.445987 0.011293 0.007429
0 0.875785 0.406739 0.013482 0.009302
0 0.126876 0.345567 0.011988 0.006663
0 0.115104 0.189444 0.006352 0.012595
0 0.027249 0.654098 0.011844 0.006043
0 0.128304 0.067347 0.009357 0.017457
0 0.141488 0.153117 0.011510 0.006014
