1 0.747741 0.890732 0.040346 0.046243
1 0.664240 0.775663 0.040347 0.043771
1 0.554751 0.642258 0.042649 0.045422
1 0.729464 0.675325 0.041759 0.045410
1 0.622588 0.724605 0.041484 0.042723
1 0.549461 0.442788 0.042005 0.043019
1 0.537888 0.618209 0.043867 0.046768
1 0.672966 0.795273 0.040641 0.045501
1 0.682518 0.807538 0.041499 0.046476
0 0.039252 0.180012 0.022149 0.022587
1 0.566055 0.467213 0.040959 0.043913
1 0.691477 0.819545 0.040298 0.046094
0 0.130289 0.337791 0.018589 0.019725
1 0.573526 0.665449 0.041055 0.043804
1 0.747304 0.699919 0.039954 0.044516
1 0.738116 0.687576 0.042019 0.042911
1 0.528151 0.420831 0.040643 0.045685
1 0.619911 0.537399 0.043532 0.046432
1 0.493334 0.372491 0.044033 0.048193
1 0.676918 0.506270 0.040016 0.048881
1 0.539738 0.432111 0.043642 0.044105
0 0.989215 0.617618 0.015178 0.023106
1 0.756614 0.903354 0.040134 0.044779
1 0.603491 0.512919 0.040064 0.044828
1 0.774470 0.735492 0.042477 0.045166
1 0.362372 0.359901 0.048769 0.037422
1 0.420945 0.231654 0.047441 0.034666
1 0.221664 0.359836 0.034776 0.055959
0 0.072837 0.255095 0.020645 0.023131
0 0.927320 0.658652 0.016041 0.022962
1 0.788873 0.761023 0.044723 0.048692
1 0.502934 0.384393 0.039262 0.043802
1 0.316780 0.512208 0.032030 0.052132
0 0.130837 0.210667 0.018896 0.020481
1 0.773694 0.920726 0.042572 0.047375
1 0.595020 0.686722 0.034446 0.037892
0 0.116211 0.193613 0.018235 0.020519
0 0.977443 0.575373 0.014501 0.022756
0 0.258579 0.475365 0.017707 0.022711
1 0.640260 0.559206 0.039051 0.040394
0 0.208597 0.296392 0.024681 0.022874
0 0.146765 0.357465 0.020101 0.021848
1 0.773857 0.920767 0.041964 0.046101
0 0.990053 0.684415 0.015950 0.023383
0 0.273032 0.089797 0.019359 0.018690
0 0.295120 0.400553 0.017208 0.025335
1 0.649228 0.571780 0.042012 0.042469
1 0.235011 0.346747 0.029944 0.053274
0 0.377651 0.065578 0.019837 0.018309
1 0.522108 0.405644 0.039765 0.044395
0 0.971212 0.698162 0.014953 0.020498
0 0.307287 0.065875 0.019992 0.017887
0 0.953787 0.641053 0.015326 0.022495
0 0.327443 0.382789 0.019664 0.027273
1 0.611259 0.711925 0.040830 0.044496
1 0.629968 0.549114 0.042365 0.046478
1 0.763957 0.725997 0.045900 0.045257
0 0.194563 0.419146 0.023078 0.030378
1 0.655799 0.583238 0.042613 0.044859
0 0.372479 0.056328 0.019417 0.018817
1 0.756037 0.712459 0.041408 0.043185
1 0.585794 0.488947 0.040241 0.042754
0 0.090232 0.287713 0.017558 0.019277
0 0.951938 0.711858 0.015441 0.022455
0 0.202546 0.430704 0.018089 0.022864
1 0.545367 0.631346 0.042167 0.043590
0 0.987816 0.568098 0.015079 0.021861
1 0.583472 0.675166 0.041214 0.040721
0 0.979992 0.625209 0.015282 0.022437
0 0.971617 0.630266 0.014168 0.023460
1 0.781215 0.750025 0.041894 0.042566
1 0.511342 0.395010 0.042802 0.045362
1 0.630599 0.548728 0.043199 0.046813
0 0.994045 0.563209 0.011910 0.021709
0 0.105597 0.308047 0.024950 0.025172
0 0.585804 0.162826 0.021622 0.018970
0 0.083333 0.277633 0.016327 0.019509
0 0.966762 0.580631 0.015907 0.022824
0 0.202381 0.285607 0.017568 0.018549
0 0.945481 0.645769 0.014698 0.023479
0 0.176799 0.271510 0.020104 0.019384
1 0.372255 0.481540 0.030514 0.053259
0 0.937643 0.652788 0.015343 0.021298
0 0.274029 0.102664 0.018851 0.018335
0 0.918911 0.668884 0.016234 0.021471
1 0.611204 0.712370 0.040527 0.044863
1 0.611529 0.524595 0.041156 0.042711
1 0.603450 0.698451 0.038740 0.040801
1 0.755687 0.711688 0.042078 0.043550
1 0.593874 0.500862 0.041490 0.042541
1 0.329417 0.506647 0.032054 0.053242
0 0.137658 0.218128 0.016710 0.018147
0 0.874379 0.634272 0.014904 0.022741
0 0.149384 0.236321 0.018298 0.019804
0 0.990021 0.768482 0.019959 0.014469
