0 0.029634 0.771431 0.020184 0.031302
0 0.135610 0.852384 0.015881 0.026756
1 0.588739 0.188268 0.015813 0.041310
0 0.579065 0.269715 0.021387 0.030833
0 0.065688 0.306446 0.011290 0.028258
0 0.695658 0.189171 0.021529 0.027572
0 0.047403 0.109356 0.012516 0.028359
0 0.024674 0.672298 0.019192 0.026842
0 0.117596 0.929243 0.016317 0.026695
0 0.105158 0.950013 0.018617 0.026887
0 0.077746 0.911493 0.018477 0.028729
0 0.069385 0.987575 0.017861 0.024850
1 0.621575 0.163300 0.017252 0.035126
1 0.602628 0.167943 0.017137 0.035826
