0 0.761527 0.324667 0.023916 0.014558
0 0.517466 0.402599 0.025548 0.014955
0 0.704184 0.611362 0.026626 0.016182
0 0.737127 0.656634 0.026101 0.016201
0 0.435643 0.378936 0.023737 0.015291
0 0.315682 0.526895 0.024175 0.016490
0 0.328339 0.689331 0.026306 0.016114
0 0.599280 0.425519 0.025409 0.015507
0 0.866171 0.526099 0.026792 0.015139
0 0.897585 0.540120 0.024518 0.016256
0 0.774211 0.471422 0.024699 0.015889
0 0.398595 0.549151 0.028071 0.019186
0 0.772512 0.454650 0.025345 0.016110
0 0.760199 0.308812 0.026995 0.016057
0 0.469142 0.442397 0.027640 0.017701
0 0.537471 0.285450 0.026225 0.016437
0 0.478986 0.573162 0.026001 0.016781
0 0.549365 0.431985 0.027077 0.017533
0 0.703603 0.215042 0.025051 0.016568
0 0.610006 0.572484 0.027347 0.015819
0 0.385765 0.402407 0.024595 0.016502
0 0.447094 0.542716 0.027278 0.017359
0 0.560878 0.612697 0.027388 0.015892
0 0.466900 0.409297 0.028087 0.018592
0 0.785202 0.617536 0.026839 0.016032
0 0.598089 0.409211 0.028619 0.015900
0 0.535248 0.269605 0.023969 0.016821
0 0.373238 0.618427 0.027440 0.016233
0 0.816747 0.548170 0.026030 0.014932
0 0.900588 0.588354 0.023195 0.014884
0 0.328308 0.672594 0.020963 0.014465
0 0.691722 0.464916 0.027982 0.016588
0 0.559436 0.579895 0.027607 0.017033
0 0.455086 0.279283 0.025133 0.014874
0 0.785961 0.634861 0.025717 0.014800
0 0.478234 0.555995 0.026500 0.016434
0 0.167489 0.757163 0.026245 0.017497
0 0.712470 0.346628 0.024124 0.016371
0 0.409259 0.695166 0.027676 0.017356
0 0.398542 0.566128 0.023442 0.015792
0 0.615384 0.622399 0.025725 0.014506
0 0.401736 0.598288 0.026898 0.016036
0 0.524744 0.517108 0.026113 0.016286
0 0.589175 0.295075 0.025219 0.015806
0 0.425924 0.188023 0.013879 0.031918
0 0.304798 0.758150 0.027321 0.015876
0 0.608721 0.556911 0.028901 0.017054
0 0.681813 0.317147 0.023767 0.015867
0 0.139507 0.279587 0.026611 0.032714
0 0.630357 0.323066 0.026846 0.016978
0 0.553068 0.480955 0.027525 0.015286
0 0.563050 0.594500 0.027097 0.015413
0 0.362926 0.471299 0.026595 0.016196
0 0.548632 0.450811 0.023711 0.015278
0 0.818865 0.564265 0.025139 0.014855
0 0.684030 0.349165 0.026020 0.016173
0 0.601691 0.459583 0.025201 0.015005
0 0.592154 0.326421 0.023096 0.014031
0 0.691247 0.448184 0.029061 0.016710
0 0.798307 0.318770 0.027219 0.016306
0 0.585768 0.262738 0.026852 0.015207
0 0.410696 0.711811 0.027999 0.017330
0 0.388609 0.435293 0.026688 0.016427
0 0.766501 0.373683 0.025345 0.014665
0 0.347742 0.197514 0.013385 0.033110
0 0.696263 0.496911 0.029468 0.016721
0 0.590843 0.311280 0.024305 0.014062
0 0.239964 0.222159 0.016125 0.034260
0 0.396807 0.533936 0.029409 0.018812
0 0.384000 0.749840 0.025318 0.015948
0 0.646684 0.536637 0.026364 0.015469
0 0.824803 0.662967 0.026110 0.014587
0 0.980786 0.346985 0.023300 0.013895
0 0.479150 0.589692 0.026088 0.015738
0 0.680393 0.301014 0.026252 0.015339
0 0.456200 0.656125 0.025277 0.016207
0 0.683161 0.333052 0.021977 0.014533
0 0.426546 0.281429 0.027332 0.016137
0 0.453006 0.607248 0.024284 0.015687
0 0.298268 0.659461 0.025836 0.015411
0 0.821149 0.613551 0.025361 0.014782
0 0.296220 0.643329 0.024648 0.015538
0 0.971838 0.231474 0.021446 0.013224
0 0.455352 0.261604 0.026786 0.017013
0 0.450948 0.575863 0.025666 0.015553
0 0.704525 0.248604 0.022974 0.015389
0 0.433789 0.363062 0.025862 0.016809
0 0.585747 0.246760 0.027240 0.015682
0 0.623223 0.225253 0.028152 0.016942
0 0.393968 0.516808 0.026259 0.017326
0 0.899229 0.555387 0.022999 0.013907
0 0.288396 0.822180 0.012420 0.031840
0 0.716171 0.395632 0.027505 0.016695
0 0.314117 0.821122 0.013198 0.030760
0 0.301974 0.821447 0.012356 0.030207
0 0.647004 0.519603 0.028113 0.015679
0 0.458658 0.673287 0.022702 0.014603
0 0.457958 0.310484 0.022494 0.014209
0 0.851456 0.328843 0.026550 0.013782
0 0.765695 0.357639 0.025302 0.014753
0 0.526106 0.533480 0.025738 0.015094
0 0.603257 0.491606 0.026764 0.015687
0 0.540734 0.350582 0.025748 0.014842
0 0.633141 0.355549 0.026992 0.014667
0 0.633794 0.373473 0.024318 0.014181
0 0.889846 0.456439 0.021677 0.013967
0 0.472338 0.475047 0.027654 0.016506
0 0.677472 0.269126 0.027712 0.017907
0 0.460124 0.327939 0.023672 0.014356
0 0.395706 0.820473 0.012459 0.031337
0 0.540032 0.318493 0.025702 0.016489
0 0.292358 0.610784 0.027235 0.016272
0 0.616451 0.673974 0.027686 0.016053
0 0.481375 0.606017 0.026254 0.016183
0 0.508439 0.289637 0.024670 0.015394
0 0.402496 0.614226 0.026915 0.015410
0 0.855497 0.377411 0.025598 0.015198
0 0.676689 0.162654 0.011967 0.025841
0 0.438598 0.428457 0.025840 0.015500
0 0.809139 0.434152 0.026800 0.016220
0 0.903849 0.636295 0.024677 0.015086
0 0.386376 0.384967 0.027087 0.016585
0 0.155148 0.610454 0.024658 0.015144
0 0.852272 0.344436 0.026894 0.014120
0 0.326591 0.657074 0.025443 0.016172
0 0.705764 0.232140 0.027076 0.016969
0 0.704066 0.594983 0.030313 0.015775
0 0.718912 0.411875 0.029585 0.016874
0 0.715737 0.379190 0.024703 0.015051
0 0.388194 0.418503 0.027582 0.018808
0 0.720997 0.444625 0.026448 0.015368
0 0.689397 0.158497 0.012979 0.028909
0 0.303490 0.363720 0.026844 0.016933
0 0.777609 0.536521 0.027154 0.015048
1 0.888135 0.875512 0.061296 0.030141
0 0.509141 0.305593 0.025434 0.014523
0 0.520506 0.452146 0.027210 0.016389
0 0.468903 0.459109 0.022799 0.014946
0 0.983997 0.379906 0.026809 0.015725
0 0.611705 0.588850 0.028765 0.015955
0 0.726909 0.526821 0.029974 0.019362
0 0.657930 0.683127 0.026053 0.015386
0 0.553441 0.498073 0.027584 0.014455
0 0.552799 0.513860 0.025237 0.014539
0 0.445180 0.509482 0.023814 0.015838
0 0.695329 0.480182 0.030001 0.016430
0 0.322262 0.591666 0.026796 0.015072
0 0.984699 0.397268 0.025150 0.015678
0 0.516451 0.387499 0.027391 0.015712
0 0.218429 0.809865 0.020439 0.030858
0 0.819390 0.580861 0.025442 0.015609
0 0.563325 0.629066 0.021991 0.014416
0 0.328353 0.820802 0.012835 0.031413
0 0.713970 0.363176 0.022540 0.015111
0 0.365232 0.503045 0.027425 0.016866
0 0.722631 0.460142 0.026117 0.015540
0 0.507046 0.179623 0.013072 0.031821
0 0.737022 0.640586 0.022635 0.014654
0 0.777284 0.520482 0.028863 0.015787
0 0.379331 0.682721 0.024904 0.015743
0 0.444263 0.525698 0.026798 0.018429
0 0.710463 0.313495 0.028984 0.015455
0 0.388769 0.451579 0.022395 0.014558
0 0.378481 0.304739 0.027764 0.017124
0 0.373141 0.601329 0.027054 0.016454
0 0.738764 0.672953 0.026173 0.015266
0 0.366145 0.521150 0.023888 0.015140
0 0.873322 0.590043 0.022936 0.014050
0 0.529991 0.583033 0.026494 0.016786
0 0.550575 0.466535 0.026616 0.016816
0 0.320118 0.573642 0.023291 0.013844
0 0.869741 0.558526 0.027353 0.015468
0 0.702915 0.157190 0.012669 0.029946
0 0.731258 0.575536 0.023534 0.016370
0 0.809814 0.451647 0.022603 0.014173
0 0.691597 0.432012 0.027742 0.016273
0 0.892625 0.474109 0.024377 0.014522
0 0.850735 0.312601 0.025540 0.014338
0 0.300796 0.330875 0.025534 0.016713
0 0.514464 0.370851 0.028227 0.018833
0 0.727548 0.543090 0.024569 0.016723
0 0.708445 0.661177 0.026979 0.015083
0 0.987096 0.444705 0.024056 0.015232
0 0.307757 0.429121 0.025289 0.016898
0 0.158344 0.641935 0.027707 0.017051
0 0.615703 0.638189 0.025584 0.015412
0 0.697648 0.530124 0.026160 0.014456
0 0.991596 0.560231 0.016809 0.014347
0 0.811449 0.466805 0.023930 0.013437
0 0.821155 0.596583 0.026165 0.014401
0 0.244793 0.649058 0.027417 0.016804
0 0.332470 0.738429 0.023841 0.015180
0 0.707274 0.264471 0.028499 0.014529
0 0.900784 0.571884 0.023595 0.014004
0 0.293738 0.627925 0.024448 0.014483
0 0.635390 0.389769 0.028119 0.015959
0 0.879097 0.310778 0.024572 0.014521
0 0.541450 0.366653 0.022757 0.014140
0 0.853900 0.361379 0.026715 0.016272
0 0.275242 0.821437 0.012509 0.030735
0 0.564950 0.644291 0.025512 0.014621
0 0.600715 0.442682 0.029084 0.015930
0 0.391009 0.467361 0.025199 0.015869
0 0.783403 0.602275 0.025722 0.015425
0 0.479572 0.183337 0.012421 0.029081
0 0.903667 0.619675 0.021347 0.013205
0 0.453003 0.187174 0.012386 0.027245
0 0.325643 0.640213 0.025337 0.014978
0 0.708440 0.297208 0.026296 0.014790
0 0.361608 0.454621 0.026650 0.016457
0 0.719776 0.428662 0.025766 0.015004
0 0.627910 0.290520 0.026724 0.014856
0 0.706654 0.644147 0.027514 0.015951
0 0.383831 0.731395 0.025497 0.015297
0 0.540217 0.334912 0.022093 0.013291
0 0.770911 0.437976 0.026774 0.015418
0 0.461209 0.344386 0.026789 0.014352
0 0.656259 0.650436 0.024330 0.015449
0 0.691185 0.768750 0.012525 0.034276
0 0.858593 0.427331 0.024083 0.013495
0 0.252750 0.747632 0.027262 0.015054
0 0.675935 0.234287 0.029719 0.015957
0 0.439896 0.444641 0.027990 0.016912
0 0.862430 0.460710 0.022941 0.013812
0 0.597170 0.166614 0.011139 0.026493
0 0.976220 0.296970 0.024073 0.013974
0 0.993148 0.574423 0.013704 0.013364
0 0.379117 0.665692 0.026064 0.015158
0 0.988245 0.428446 0.021677 0.013907
0 0.537719 0.302027 0.024278 0.015431
0 0.707771 0.282387 0.026853 0.015345
0 0.442002 0.460180 0.025108 0.014017
0 0.869259 0.542078 0.023308 0.013878
0 0.989503 0.544545 0.018925 0.014031
0 0.367391 0.536249 0.024623 0.014382
0 0.888808 0.440585 0.023388 0.015176
0 0.988674 0.494572 0.021027 0.015362
0 0.466523 0.392727 0.026421 0.018570
0 0.298639 0.280932 0.027427 0.017027
0 0.279109 0.212753 0.012014 0.027797
0 0.312624 0.493023 0.024101 0.017059
0 0.883326 0.359851 0.026566 0.014946
0 0.451282 0.591466 0.026568 0.015840
0 0.756189 0.242641 0.027519 0.014769
0 0.687156 0.366260 0.026852 0.016636
0 0.990630 0.509566 0.018454 0.015166
0 0.482546 0.637782 0.023120 0.014187
0 0.823576 0.630459 0.022260 0.013586
0 0.269292 0.282508 0.026428 0.014516
0 0.728774 0.559029 0.023417 0.014675
0 0.400503 0.582048 0.025410 0.016574
0 0.371125 0.568054 0.027879 0.015518
0 0.314271 0.509432 0.022955 0.017315
0 0.456365 0.294416 0.021671 0.014461
0 0.529483 0.550028 0.024995 0.014244
0 0.303702 0.723843 0.028233 0.015847
0 0.676282 0.251961 0.026624 0.015080
0 0.566162 0.661004 0.028712 0.015476
0 0.229966 0.817726 0.022097 0.036188
0 0.383926 0.368204 0.026621 0.017029
0 0.892249 0.491504 0.026872 0.014332
0 0.475596 0.490698 0.025656 0.016329
0 0.426153 0.265490 0.021873 0.013020
0 0.411241 0.820591 0.010906 0.026686
0 0.724069 0.492791 0.026294 0.016600
0 0.465523 0.809847 0.013220 0.029663
0 0.217723 0.306477 0.027632 0.015473
0 0.789806 0.667624 0.026972 0.014783
0 0.643347 0.470915 0.029278 0.017483
0 0.975173 0.281157 0.026416 0.015126
0 0.608347 0.167035 0.010216 0.023250
0 0.518335 0.419729 0.025056 0.014512
0 0.559142 0.173956 0.012345 0.028934
0 0.331643 0.200111 0.014243 0.029248
0 0.874251 0.640357 0.026559 0.014236
0 0.779482 0.568477 0.026851 0.015673
0 0.813686 0.498759 0.022015 0.014780
0 0.991024 0.525249 0.017544 0.015347
0 0.372041 0.585040 0.024774 0.015280
0 0.762563 0.759132 0.012044 0.032452
0 0.451653 0.813852 0.014026 0.026862
0 0.698182 0.545927 0.023952 0.014472
0 0.595668 0.359824 0.029689 0.016433
0 0.648290 0.552801 0.026000 0.015819
0 0.377340 0.650114 0.025518 0.015574
0 0.641496 0.454436 0.026799 0.016536
0 0.403920 0.631222 0.023300 0.015329
0 0.988116 0.412982 0.023745 0.014917
0 0.757000 0.258846 0.025921 0.015306
0 0.644665 0.503189 0.027485 0.017133
0 0.321631 0.607738 0.024343 0.014528
0 0.887788 0.424247 0.026286 0.016068
0 0.603529 0.475559 0.025911 0.015643
0 0.253319 0.729941 0.026688 0.015247
0 0.317998 0.542844 0.022139 0.013366
0 0.250479 0.715228 0.023100 0.015163
0 0.705011 0.768153 0.012605 0.032537
0 0.803247 0.369780 0.025828 0.015689
0 0.331525 0.722045 0.025671 0.014433
0 0.144118 0.475441 0.028190 0.016705
