1 0.515176 0.431824 0.100247 0.069478
1 0.515193 0.467657 0.099995 0.070084
1 0.919141 0.654280 0.161265 0.089178
1 0.331111 0.605366 0.104391 0.068812
1 0.285795 0.644315 0.105588 0.072475
1 0.332861 0.468725 0.096561 0.069500
0 0.232149 0.688130 0.057004 0.030699
1 0.622490 0.564549 0.112815 0.058974
1 0.518562 0.616295 0.114190 0.063348
1 0.367121 0.564264 0.102423 0.069573
1 0.353974 0.587889 0.100229 0.068781
1 0.421269 0.503339 0.082357 0.060419
1 0.496284 0.486683 0.099791 0.069030
1 0.200956 0.578269 0.095063 0.073723
1 0.465462 0.500199 0.101987 0.069279
0 0.245251 0.672543 0.050158 0.030310
0 0.043740 0.020919 0.063917 0.025870
1 0.425349 0.400752 0.104223 0.070960
1 0.405923 0.424267 0.096447 0.070314
