0 0.880448 0.779283 0.031657 0.032972
0 0.900071 0.933650 0.033138 0.032925
0 0.871817 0.959763 0.032776 0.032679
0 0.078636 0.808789 0.037608 0.034788
0 0.088995 0.758481 0.033530 0.030443
0 0.873468 0.909581 0.032798 0.032178
0 0.110213 0.788771 0.035315 0.028694
0 0.768938 0.890770 0.032072 0.032260
0 0.886455 0.946372 0.034123 0.035503
0 0.133246 0.664848 0.029175 0.025230
0 0.068845 0.730755 0.034114 0.027566
0 0.212029 0.782471 0.030242 0.024190
0 0.845884 0.933419 0.032440 0.032444
0 0.192463 0.752491 0.033940 0.028892
0 0.830014 0.830282 0.033295 0.031436
0 0.242375 0.827750 0.032018 0.027299
0 0.231825 0.813491 0.034008 0.029716
0 0.152293 0.907214 0.033821 0.029487
0 0.105324 0.832835 0.032431 0.028058
0 0.909706 0.867115 0.034673 0.033405
0 0.151125 0.694241 0.031762 0.026816
0 0.018662 0.870012 0.031552 0.029039
0 0.031705 0.616022 0.030034 0.034426
0 0.911012 0.921258 0.035454 0.033570
0 0.740766 0.914683 0.032359 0.032459
0 0.191656 0.903026 0.033865 0.029313
0 0.924237 0.908499 0.033851 0.032400
0 0.100213 0.773877 0.033374 0.028757
0 0.121426 0.651732 0.032426 0.029225
0 0.134159 0.816599 0.032935 0.027658
0 0.900050 0.883856 0.032049 0.031302
0 0.834965 0.946945 0.030197 0.033784
0 0.947412 0.778184 0.030569 0.028412
0 0.933975 0.766005 0.033731 0.035422
0 0.957008 0.987656 0.034802 0.024689
0 0.038853 0.898191 0.034769 0.029189
0 0.162966 0.921136 0.033484 0.028165
0 0.203678 0.766738 0.031653 0.025598
0 0.887068 0.896165 0.031103 0.032675
0 0.077079 0.957326 0.034814 0.028221
0 0.138420 0.897203 0.034751 0.031651
0 0.139470 0.833780 0.033672 0.031640
0 0.179833 0.891144 0.033326 0.029000
0 0.859129 0.921542 0.035033 0.034106
0 0.045267 0.913898 0.032136 0.029459
0 0.737925 0.985159 0.029999 0.027589
0 0.143117 0.678622 0.031908 0.027619
0 0.061683 0.714244 0.035739 0.030085
0 0.854744 0.802201 0.034219 0.031385
0 0.088259 0.969650 0.037644 0.029905
0 0.221510 0.799989 0.034272 0.031148
0 0.124121 0.865849 0.031934 0.031450
0 0.165842 0.877471 0.027903 0.028143
0 0.254479 0.840784 0.030606 0.026590
0 0.753163 0.902587 0.036021 0.037022
0 0.068248 0.941833 0.034745 0.028822
0 0.233661 0.208397 0.027525 0.032539
0 0.151062 0.845849 0.033679 0.031996
0 0.157146 0.862280 0.030222 0.028420
0 0.133093 0.880675 0.029998 0.027727
0 0.842420 0.816360 0.033580 0.030983
0 0.068387 0.730809 0.033851 0.028142
0 0.868218 0.792125 0.033693 0.032450
0 0.079008 0.744014 0.033169 0.028793
0 0.170859 0.725558 0.033147 0.028553
0 0.893642 0.768666 0.033586 0.034090
0 0.118313 0.804551 0.035913 0.029814
0 0.816290 0.841413 0.032771 0.031465
0 0.057362 0.929634 0.041174 0.033024
0 0.110740 0.849246 0.032508 0.028380
0 0.100125 0.773886 0.033876 0.029019
0 0.942165 0.992848 0.031447 0.014304
0 0.163853 0.710096 0.034371 0.029001
0 0.968782 0.979530 0.032382 0.033738
