0 0.418328 0.394418 0.029304 0.075702
0 0.705020 0.225911 0.028799 0.076107
1 0.447458 0.581986 0.088938 0.041213
1 0.420818 0.772612 0.093517 0.042283
0 0.527010 0.214377 0.022451 0.070968
0 0.391325 0.395654 0.024557 0.068985
0 0.628967 0.222729 0.027570 0.083542
0 0.244764 0.832858 0.048162 0.031657
0 0.858839 0.381439 0.043486 0.032031
0 0.549373 0.393845 0.032479 0.084194
0 0.271690 0.229359 0.025286 0.068211
0 0.244822 0.798249 0.047257 0.030066
0 0.632490 0.392369 0.025073 0.068208
0 0.241743 0.479296 0.049889 0.031311
1 0.923800 0.478577 0.065878 0.039611
0 0.338971 0.209632 0.024456 0.068454
1 0.929384 0.563190 0.070215 0.037668
0 0.479582 0.204304 0.024123 0.080102
1 0.445054 0.521971 0.094211 0.039265
1 0.922681 0.522262 0.059876 0.034129
0 0.241023 0.409285 0.059060 0.034336
0 0.846933 0.563031 0.054693 0.034375
0 0.851360 0.457089 0.052830 0.032175
1 0.670743 0.634788 0.087502 0.038988
0 0.410996 0.212228 0.022179 0.081657
0 0.234672 0.298591 0.046472 0.028792
1 0.551784 0.470315 0.116233 0.040229
1 0.923668 0.437348 0.065949 0.037786
1 0.446588 0.647545 0.103424 0.044865
0 0.676239 0.225733 0.026867 0.077289
1 0.974468 0.474121 0.023481 0.086901
0 0.444214 0.386838 0.027482 0.079851
0 0.470265 0.387968 0.027413 0.081513
1 0.920751 0.401928 0.062720 0.041352
0 0.240661 0.338425 0.059353 0.037516
0 0.450596 0.211287 0.024874 0.080070
0 0.244657 0.695776 0.055572 0.032569
0 0.576597 0.396739 0.030403 0.084219
1 0.046674 0.335733 0.082077 0.041456
1 0.930668 0.696848 0.062327 0.034273
1 0.686528 0.927059 0.112314 0.038730
0 0.243628 0.548892 0.048984 0.029502
1 0.560354 0.638251 0.104454 0.041391
0 0.240110 0.443374 0.047455 0.031867
1 0.964750 0.334344 0.039277 0.085862
0 0.930669 0.889874 0.061876 0.048682
1 0.417816 0.466412 0.073046 0.047735
1 0.689475 0.924878 0.105445 0.032893
