0 0.267712 0.554614 0.021230 0.070819
0 0.623686 0.316707 0.023608 0.071714
0 0.934973 0.330178 0.021214 0.071254
0 0.841250 0.506900 0.019724 0.068511
0 0.373852 0.820100 0.021006 0.070665
0 0.202957 0.556348 0.020821 0.068344
0 0.233704 0.221599 0.025635 0.073093
0 0.229277 0.301579 0.023528 0.073600
0 0.342052 0.232651 0.020454 0.068959
0 0.536186 0.320360 0.022162 0.077878
0 0.264568 0.735147 0.019825 0.067598
0 0.715587 0.069331 0.020625 0.071013
0 0.804482 0.078286 0.021984 0.070843
0 0.312332 0.553173 0.020956 0.074757
0 0.703081 0.839060 0.021697 0.071586
0 0.577989 0.317512 0.019751 0.065665
0 0.793357 0.583532 0.020974 0.071892
0 0.648556 0.239870 0.022526 0.067498
0 0.747778 0.572795 0.020326 0.065924
0 0.253491 0.296842 0.020634 0.073301
0 0.548668 0.819011 0.020192 0.067321
0 0.290336 0.552969 0.021192 0.081183
0 0.429353 0.231099 0.019940 0.067648
0 0.552322 0.488844 0.019113 0.064287
0 0.441750 0.735085 0.020255 0.062812
0 0.351964 0.733777 0.021576 0.071787
0 0.617360 0.818402 0.019148 0.069093
0 0.334848 0.557192 0.019350 0.070352
0 0.598047 0.560544 0.020567 0.062132
0 0.083074 0.844818 0.046359 0.069768
0 0.396533 0.735363 0.022389 0.076100
0 0.472997 0.300511 0.019425 0.062408
0 0.648164 0.316322 0.020085 0.069621
0 0.506507 0.488823 0.023371 0.070004
0 0.405693 0.299245 0.020959 0.065182
0 0.428472 0.306326 0.019397 0.065166
0 0.726252 0.754780 0.019730 0.067955
0 0.473336 0.219774 0.019940 0.068184
0 0.559326 0.239543 0.018862 0.066109
0 0.599635 0.315471 0.021729 0.068900
0 0.770136 0.752311 0.020231 0.066690
0 0.352015 0.810350 0.020941 0.065129
0 0.223286 0.478147 0.020655 0.064767
0 0.330485 0.806709 0.022528 0.071250
0 0.867120 0.318427 0.019621 0.063468
0 0.576153 0.562655 0.018541 0.062783
0 0.515961 0.309008 0.019550 0.066851
0 0.489480 0.565215 0.019090 0.067832
0 0.314183 0.476555 0.019252 0.063355
0 0.814267 0.753980 0.020352 0.066972
0 0.822160 0.316543 0.019377 0.068395
0 0.553724 0.566099 0.020859 0.070489
0 0.373711 0.732867 0.019698 0.061899
0 0.730371 0.496876 0.020399 0.070148
0 0.152906 0.117817 0.044998 0.032396
0 0.423641 0.486780 0.020876 0.070714
0 0.684140 0.748691 0.019379 0.065489
0 0.307949 0.729456 0.019983 0.065908
0 0.548332 0.744920 0.019919 0.065060
0 0.660994 0.823945 0.020917 0.065700
0 0.464529 0.735806 0.019946 0.068850
0 0.295489 0.300941 0.020402 0.066503
0 0.447567 0.478095 0.019300 0.064702
0 0.693096 0.315731 0.022222 0.067826
0 0.525629 0.818597 0.019250 0.064087
0 0.384913 0.304257 0.018504 0.062957
0 0.242351 0.730512 0.019748 0.062956
0 0.246092 0.479671 0.019549 0.066775
0 0.340408 0.307889 0.020365 0.067724
0 0.518901 0.735228 0.023997 0.070155
0 0.298597 0.220273 0.021285 0.074341
0 0.844690 0.104299 0.050391 0.036424
0 0.910183 0.332278 0.020521 0.071158
0 0.291477 0.471245 0.021565 0.068341
0 0.664882 0.578164 0.021657 0.072937
0 0.485796 0.741483 0.021393 0.076280
0 0.440949 0.816680 0.019144 0.066203
0 0.733950 0.318202 0.019560 0.064999
0 0.624417 0.563766 0.023691 0.067461
0 0.605293 0.235565 0.021500 0.079868
0 0.466446 0.558768 0.020936 0.068055
0 0.929792 0.500657 0.021676 0.068177
0 0.225463 0.554258 0.019265 0.067045
0 0.599346 0.488757 0.026046 0.076944
0 0.199750 0.731669 0.020131 0.069788
0 0.285842 0.729125 0.019899 0.062824
0 0.382651 0.478261 0.019905 0.070305
0 0.105423 0.647080 0.023973 0.067375
0 0.534887 0.235937 0.022159 0.073578
0 0.402798 0.484409 0.020404 0.065617
0 0.841534 0.580071 0.020011 0.062229
0 0.863578 0.498972 0.021094 0.071445
0 0.570574 0.820964 0.022288 0.063734
0 0.575116 0.487398 0.019855 0.069003
0 0.775086 0.498054 0.018436 0.063972
0 0.337821 0.479251 0.019152 0.065099
0 0.759539 0.077336 0.020285 0.070562
0 0.637974 0.758316 0.019983 0.073099
0 0.450499 0.221949 0.017951 0.066259
0 0.401588 0.555083 0.019221 0.064031
0 0.670685 0.309785 0.019836 0.061892
0 0.359324 0.475348 0.020106 0.068629
0 0.594552 0.740311 0.019615 0.068592
0 0.423048 0.561395 0.019564 0.058878
0 0.777811 0.314722 0.018665 0.062089
0 0.890196 0.250768 0.020499 0.070532
0 0.902618 0.109709 0.048810 0.036949
0 0.758361 0.235655 0.019618 0.064167
0 0.737230 0.076421 0.020656 0.070771
0 0.243499 0.807634 0.018661 0.063822
0 0.220778 0.810002 0.020824 0.071014
0 0.269301 0.467760 0.018584 0.066968
0 0.616214 0.746266 0.019631 0.065266
0 0.525993 0.562355 0.023098 0.075969
0 0.650395 0.067144 0.018374 0.060614
0 0.687134 0.500195 0.022667 0.073611
0 0.199872 0.483243 0.020474 0.062988
0 0.887239 0.503951 0.020503 0.070374
0 0.672311 0.066763 0.019992 0.067299
0 0.624665 0.493486 0.020282 0.067941
0 0.274854 0.298083 0.018942 0.068021
0 0.285397 0.815262 0.019721 0.067099
0 0.318514 0.226826 0.025106 0.078404
0 0.866447 0.233962 0.020450 0.064994
0 0.256019 0.224266 0.018606 0.058661
0 0.385437 0.236166 0.018867 0.062050
0 0.756648 0.309448 0.018445 0.065611
0 0.246024 0.553189 0.021216 0.068809
0 0.861917 0.578512 0.019812 0.065093
0 0.556109 0.318939 0.021404 0.066545
0 0.450311 0.301723 0.019547 0.069828
0 0.418562 0.817155 0.018619 0.064573
0 0.708003 0.573634 0.021053 0.070016
0 0.493635 0.314398 0.018995 0.071689
0 0.844239 0.239652 0.021062 0.069532
0 0.593728 0.816563 0.018703 0.061585
0 0.444421 0.556609 0.020302 0.067221
0 0.275282 0.219398 0.019884 0.065113
0 0.798463 0.500631 0.021424 0.066797
0 0.264490 0.816704 0.020941 0.069381
0 0.818739 0.583415 0.021070 0.071180
0 0.220603 0.730111 0.022133 0.071142
0 0.844153 0.322292 0.019130 0.061373
0 0.933769 0.245593 0.020628 0.067785
0 0.359717 0.556596 0.021619 0.076716
