1 0.477990 0.348663 0.056438 0.032090
1 0.468087 0.362757 0.051345 0.031199
1 0.709850 0.286559 0.020356 0.048893
1 0.823995 0.313672 0.021995 0.052093
1 0.213787 0.643242 0.057034 0.033156
0 0.363756 0.904133 0.012872 0.021625
1 0.443265 0.386691 0.055707 0.031648
1 0.133933 0.733526 0.054934 0.028335
1 0.602996 0.264481 0.022482 0.050997
1 0.260401 0.592584 0.055291 0.030997
1 0.179520 0.681457 0.055739 0.030251
1 0.860226 0.449292 0.048649 0.020791
1 0.840389 0.552893 0.049790 0.022458
1 0.166837 0.836050 0.035212 0.041513
0 0.357250 0.669903 0.021954 0.023259
1 0.876334 0.373295 0.044443 0.023616
1 0.329040 0.515880 0.055080 0.030494
0 0.376657 0.690189 0.021507 0.023366
1 0.155947 0.707501 0.054869 0.028722
0 0.319379 0.899251 0.013207 0.023823
1 0.269550 0.776058 0.041701 0.039233
1 0.110360 0.758276 0.059415 0.034275
1 0.724473 0.292407 0.023138 0.053890
1 0.269946 0.578938 0.058403 0.034484
1 0.830789 0.614862 0.048985 0.022277
1 0.853813 0.315011 0.021343 0.050143
1 0.680551 0.282872 0.023087 0.054035
0 0.631538 0.904943 0.018026 0.020765
0 0.767428 0.812440 0.025717 0.024450
0 0.639607 0.912717 0.020643 0.022432
0 0.345821 0.963339 0.012816 0.024252
1 0.200986 0.656283 0.055366 0.029602
1 0.777978 0.312593 0.022358 0.046639
1 0.866206 0.402761 0.049143 0.020717
0 0.356444 0.964695 0.012398 0.022399
0 0.214369 0.937155 0.014675 0.023917
0 0.719308 0.942596 0.023463 0.022996
1 0.854899 0.478220 0.047989 0.020261
0 0.703471 0.878422 0.021491 0.021166
1 0.237443 0.615854 0.054215 0.030918
0 0.348326 0.681290 0.023223 0.022599
1 0.740194 0.296553 0.024566 0.048242
1 0.479074 0.046046 0.047655 0.042007
1 0.833622 0.598063 0.047792 0.019493
1 0.649561 0.273105 0.019975 0.047136
1 0.845547 0.522119 0.047328 0.021370
0 0.170286 0.925550 0.014838 0.026715
0 0.257522 0.944321 0.013021 0.023251
0 0.757354 0.899951 0.019753 0.021200
0 0.727024 0.852180 0.021367 0.020021
1 0.857348 0.463872 0.049384 0.019915
1 0.318313 0.528016 0.054768 0.031168
1 0.339167 0.502498 0.054190 0.031538
0 0.706138 0.497674 0.023430 0.024863
0 0.706286 0.583792 0.019824 0.023853
0 0.663308 0.457986 0.019546 0.022947
1 0.732393 0.780564 0.027882 0.048641
1 0.839888 0.313638 0.021309 0.048841
0 0.344738 0.729006 0.021977 0.022178
1 0.795296 0.709785 0.029454 0.050472
1 0.620416 0.270259 0.022832 0.057598
1 0.410012 0.425750 0.055823 0.033976
1 0.301638 0.756392 0.046696 0.047353
1 0.782843 0.718132 0.028319 0.050039
0 0.765725 0.889960 0.021184 0.023031
0 0.368666 0.705725 0.021986 0.022987
0 0.713323 0.870054 0.022831 0.022476
0 0.068374 0.120896 0.021043 0.026915
0 0.410395 0.975195 0.010741 0.021380
1 0.443177 0.069036 0.043119 0.042668
0 0.386037 0.911565 0.013374 0.022163
0 0.687860 0.481706 0.020072 0.023162
1 0.492027 0.031290 0.052195 0.044127
0 0.299233 0.889751 0.012696 0.021386
0 0.619964 0.490811 0.018813 0.020054
0 0.725507 0.931778 0.021229 0.021926
1 0.864197 0.419359 0.047797 0.020358
0 0.686856 0.945374 0.018534 0.021812
0 0.107312 0.147664 0.018588 0.024383
0 0.432870 0.979063 0.011496 0.022136
1 0.837258 0.568608 0.048784 0.020244
0 0.510221 0.936099 0.013450 0.026533
0 0.202564 0.932683 0.015810 0.028494
0 0.614663 0.889713 0.020243 0.024000
0 0.331229 0.690524 0.026069 0.028653
1 0.752982 0.757042 0.027241 0.049735
0 0.356078 0.717702 0.022438 0.022028
0 0.658816 0.530131 0.018092 0.020767
1 0.871065 0.388583 0.045968 0.021438
0 0.266375 0.886496 0.012097 0.022218
0 0.498923 0.934709 0.012005 0.022171
0 0.398264 0.973128 0.011749 0.021330
0 0.803836 0.849564 0.020766 0.021344
0 0.312871 0.953589 0.015415 0.023475
0 0.352524 0.902553 0.012017 0.021376
0 0.341822 0.900681 0.012089 0.021142
0 0.673718 0.942705 0.018070 0.021489
1 0.754116 0.298430 0.023300 0.047116
0 0.166772 0.106686 0.021643 0.025551
1 0.473957 0.060012 0.041486 0.043794
1 0.711203 0.803991 0.029633 0.048875
0 0.584406 0.459028 0.019223 0.019822
0 0.456591 0.981392 0.012111 0.020720
1 0.742987 0.769698 0.028511 0.048342
1 0.360357 0.477926 0.059467 0.032206
0 0.023255 0.087330 0.018187 0.024677
1 0.398359 0.439841 0.054644 0.029900
1 0.427802 0.415822 0.039690 0.025983
1 0.721922 0.791048 0.028785 0.047988
0 0.079200 0.126608 0.016848 0.019919
0 0.722642 0.512446 0.024994 0.026812
0 0.178006 0.115611 0.021872 0.028310
0 0.309033 0.893181 0.012663 0.023169
1 0.762947 0.743433 0.028527 0.049681
1 0.805653 0.696794 0.030569 0.053393
1 0.699631 0.815881 0.030103 0.046077
1 0.376226 0.465910 0.051458 0.029010
1 0.773582 0.731496 0.027946 0.046526
0 0.650523 0.523245 0.018644 0.021570
0 0.476529 0.928740 0.014193 0.025412
0 0.140256 0.842685 0.020495 0.027204
1 0.687814 0.827290 0.029448 0.048580
0 0.096643 0.138361 0.019821 0.022237
0 0.656850 0.928938 0.017053 0.021077
1 0.634129 0.272566 0.020085 0.051481
1 0.698357 0.416847 0.031387 0.020204
0 0.330866 0.900272 0.012771 0.022882
0 0.698110 0.488641 0.022737 0.027286
0 0.478434 0.984451 0.011383 0.015270
0 0.085834 0.784066 0.028145 0.022307
