1 0.537736 0.784768 0.034528 0.041302
1 0.413396 0.389988 0.033762 0.040076
1 0.320796 0.691832 0.024556 0.035804
1 0.428999 0.684024 0.033758 0.042877
1 0.327762 0.584203 0.034777 0.039915
1 0.646616 0.892071 0.022990 0.030438
1 0.294711 0.426128 0.033989 0.043231
1 0.573265 0.718682 0.026399 0.030173
1 0.622314 0.714252 0.012897 0.035319
1 0.290232 0.723419 0.034481 0.029162
1 0.647025 0.701447 0.017901 0.037519
1 0.567813 0.785761 0.033864 0.039029
1 0.449864 0.520716 0.033114 0.041384
1 0.234263 0.221609 0.027063 0.044203
1 0.415547 0.782176 0.023518 0.025783
1 0.207822 0.275077 0.026801 0.044528
1 0.596259 0.900292 0.020159 0.028576
1 0.357548 0.326263 0.032721 0.039031
1 0.348941 0.383626 0.032060 0.040821
1 0.245895 0.419647 0.035567 0.040708
1 0.532269 0.520505 0.025616 0.030586
1 0.439189 0.489459 0.037271 0.038322
1 0.253643 0.486937 0.035027 0.039977
1 0.565826 0.622816 0.020673 0.027478
1 0.228516 0.583021 0.026164 0.033177
1 0.379067 0.616254 0.026199 0.033415
1 0.256072 0.682621 0.024962 0.039355
1 0.338271 0.427323 0.035198 0.039588
1 0.496453 0.288443 0.026786 0.031644
1 0.227094 0.687997 0.021559 0.036965
1 0.309116 0.287915 0.034686 0.041574
1 0.656178 0.703523 0.015927 0.037984
1 0.239091 0.688543 0.021085 0.037445
1 0.290824 0.586115 0.037822 0.045830
1 0.368065 0.727178 0.037090 0.035468
1 0.380152 0.490580 0.035682 0.039903
1 0.544913 0.326773 0.032293 0.040951
1 0.645253 0.222599 0.021698 0.043288
1 0.372897 0.294201 0.027880 0.033519
1 0.588609 0.833880 0.008460 0.031881
1 0.640187 0.835180 0.008548 0.025161
1 0.607506 0.835158 0.007688 0.028124
1 0.501791 0.428831 0.037322 0.041228
1 0.316120 0.385352 0.030722 0.037706
1 0.338758 0.787615 0.029892 0.034746
1 0.301760 0.485692 0.033640 0.038562
1 0.454143 0.226651 0.029839 0.041082
1 0.406321 0.529835 0.018947 0.023777
1 0.474136 0.327629 0.035643 0.042766
1 0.789235 0.631124 0.020229 0.037201
1 0.172145 0.484198 0.034856 0.041364
1 0.279453 0.227077 0.032189 0.041089
1 0.217684 0.414891 0.033008 0.041703
1 0.451912 0.593263 0.027682 0.032522
1 0.444649 0.427462 0.034731 0.041847
1 0.146015 0.778886 0.035605 0.037724
1 0.421745 0.426077 0.030501 0.036522
1 0.456274 0.728711 0.040189 0.037081
1 0.566240 0.689770 0.014828 0.024792
1 0.585289 0.532256 0.026352 0.035015
1 0.178823 0.683362 0.023094 0.038895
1 0.269481 0.782818 0.029371 0.035668
1 0.655540 0.838380 0.008345 0.028757
1 0.596836 0.834407 0.008505 0.033668
1 0.373589 0.227983 0.031277 0.040533
1 0.259634 0.580894 0.031584 0.041129
1 0.601224 0.697416 0.014526 0.025028
1 0.291156 0.393042 0.025159 0.032729
1 0.482687 0.225095 0.022913 0.032568
1 0.298534 0.688236 0.025627 0.036397
1 0.450673 0.690503 0.023375 0.031780
1 0.192478 0.611675 0.027534 0.036600
1 0.508773 0.225704 0.026170 0.032755
1 0.082367 0.719449 0.047763 0.018363
1 0.659706 0.938769 0.020908 0.026651
1 0.491360 0.787317 0.027976 0.033792
1 0.392258 0.723987 0.026282 0.027143
1 0.454498 0.624337 0.028356 0.038951
1 0.201115 0.519347 0.033287 0.039280
1 0.339647 0.524088 0.034259 0.039737
1 0.424512 0.290102 0.031651 0.035890
1 0.882633 0.055614 0.018627 0.016813
1 0.819351 0.924250 0.023000 0.018809
1 0.569648 0.958623 0.020681 0.030893
1 0.665141 0.274592 0.022823 0.045314
1 0.814197 0.914148 0.026665 0.020782
1 0.187958 0.690356 0.022670 0.033851
1 0.137050 0.767102 0.028867 0.029606
1 0.930342 0.491507 0.008463 0.043662
1 0.620690 0.951420 0.028313 0.038939
1 0.553236 0.330927 0.032002 0.041625
1 0.384435 0.523515 0.023447 0.031056
1 0.308102 0.519055 0.031077 0.038428
1 0.335537 0.222143 0.026469 0.035908
1 0.938789 0.498022 0.008745 0.052275
1 0.271591 0.617494 0.025143 0.038339
1 0.377072 0.693817 0.021606 0.035243
1 0.668939 0.954373 0.025870 0.027891
1 0.203147 0.784636 0.032198 0.037459
1 0.577663 0.835511 0.008651 0.030375
1 0.344777 0.688798 0.022668 0.035273
1 0.613000 0.942351 0.019790 0.024544
1 0.269180 0.156637 0.028024 0.039148
1 0.671614 0.841251 0.009038 0.030105
1 0.477644 0.848884 0.008332 0.030177
1 0.568929 0.785052 0.033206 0.038178
1 0.479694 0.906818 0.014234 0.033264
1 0.403951 0.225013 0.032616 0.041285
1 0.295566 0.585373 0.038529 0.043414
1 0.432969 0.293878 0.029325 0.035207
1 0.661692 0.420280 0.028311 0.015200
1 0.207862 0.613615 0.032527 0.040872
1 0.654542 0.921249 0.025532 0.034090
1 0.538790 0.430198 0.031524 0.040292
1 0.277364 0.323112 0.034673 0.040997
1 0.596277 0.273045 0.037259 0.018843
1 0.435542 0.427404 0.034730 0.038218
1 0.523173 0.327857 0.033667 0.041124
1 0.698059 0.911885 0.019812 0.025858
1 0.507333 0.590711 0.028425 0.036391
1 0.488707 0.628533 0.035974 0.042184
1 0.611471 0.675843 0.019380 0.033605
0 0.635618 0.556347 0.011236 0.014536
0 0.770316 0.362330 0.011396 0.009654
1 0.218733 0.415985 0.031008 0.041630
1 0.716800 0.945863 0.023119 0.032555
1 0.097159 0.706703 0.047781 0.021237
1 0.612402 0.943090 0.018122 0.023716
1 0.522652 0.489126 0.033516 0.038406
1 0.387035 0.290418 0.031260 0.037473
1 0.257375 0.723090 0.036912 0.028102
1 0.619682 0.336529 0.040667 0.020011
1 0.319386 0.330901 0.020001 0.025041
1 0.503550 0.294077 0.033241 0.041336
1 0.285656 0.292954 0.022162 0.028964
1 0.319993 0.726568 0.039247 0.035532
1 0.499666 0.729693 0.042635 0.038028
1 0.435055 0.390890 0.034192 0.038762
1 0.578926 0.978313 0.017834 0.022134
1 0.276375 0.390025 0.031787 0.038527
1 0.206308 0.575975 0.026731 0.029619
1 0.578751 0.488813 0.022099 0.027885
1 0.228777 0.486027 0.031807 0.038138
0 0.737797 0.866556 0.011194 0.010151
1 0.689724 0.290610 0.011817 0.034770
1 0.479241 0.294086 0.022357 0.028870
1 0.615802 0.323651 0.033141 0.016350
1 0.422665 0.220687 0.028038 0.033606
1 0.257500 0.420777 0.026185 0.038325
1 0.424025 0.785693 0.031161 0.041537
1 0.255478 0.581200 0.027044 0.040524
0 0.941815 0.641821 0.006247 0.013928
0 0.533152 0.032414 0.013831 0.014897
1 0.485852 0.330197 0.031485 0.041228
1 0.573496 0.532868 0.026607 0.033569
1 0.946188 0.501979 0.008616 0.040229
1 0.654254 0.399377 0.024601 0.016192
1 0.171383 0.513163 0.027338 0.033353
0 0.740458 0.639398 0.011309 0.017058
0 0.734892 0.856577 0.009852 0.008291
1 0.196188 0.416925 0.026595 0.035543
1 0.387850 0.227965 0.029208 0.041382
