1 0.808223 0.647586 0.094414 0.039120
1 0.597826 0.633470 0.096250 0.040046
1 0.805208 0.621848 0.095683 0.040020
1 0.821213 0.730516 0.094309 0.038773
1 0.816880 0.703556 0.096044 0.040570
1 0.609137 0.716699 0.096069 0.041004
1 0.620076 0.768438 0.093176 0.039045
1 0.800855 0.594058 0.094097 0.040029
1 0.796794 0.566837 0.092910 0.038938
1 0.784286 0.485380 0.092989 0.038535
1 0.583571 0.551341 0.095972 0.037663
1 0.622958 0.797231 0.098717 0.041655
1 0.285292 0.427814 0.046150 0.103927
0 0.352366 0.667141 0.021248 0.037017
0 0.334104 0.575367 0.022037 0.038864
1 0.587751 0.578871 0.095994 0.039920
1 0.770594 0.403275 0.093288 0.039656
1 0.721679 0.344859 0.049717 0.104317
1 0.788423 0.512740 0.093291 0.038530
1 0.519844 0.788168 0.093749 0.034557
1 0.812992 0.676039 0.096551 0.039504
1 0.604861 0.687324 0.096452 0.037116
0 0.489614 0.545919 0.032823 0.021017
1 0.601924 0.660859 0.097462 0.036207
0 0.250629 0.773228 0.032642 0.022316
1 0.792728 0.540901 0.094727 0.038277
1 0.593700 0.606972 0.094231 0.038681
1 0.578038 0.524318 0.100662 0.038572
1 0.524621 0.817011 0.092695 0.038348
1 0.078195 0.477371 0.097414 0.039175
1 0.576906 0.371776 0.049340 0.105598
1 0.826498 0.757809 0.093719 0.039858
1 0.433598 0.400438 0.043770 0.107369
1 0.516177 0.761722 0.091824 0.037153
1 0.490664 0.387866 0.045799 0.103023
1 0.527646 0.845406 0.096172 0.039636
1 0.776184 0.431936 0.095152 0.040529
1 0.520833 0.381703 0.043518 0.102181
1 0.635271 0.362301 0.044203 0.103457
0 0.343021 0.619046 0.019138 0.038053
0 0.300056 0.065640 0.024417 0.040597
0 0.476591 0.657660 0.038628 0.023657
1 0.403351 0.406999 0.049576 0.105816
0 0.304756 0.597880 0.041603 0.022877
1 0.831099 0.785523 0.096998 0.042443
1 0.547809 0.375250 0.045561 0.102801
0 0.465705 0.633861 0.034708 0.022168
1 0.346580 0.415447 0.048161 0.106481
1 0.315671 0.421743 0.048240 0.104450
1 0.695183 0.347960 0.044345 0.101956
1 0.404146 0.822097 0.040203 0.114815
1 0.626701 0.827966 0.096367 0.047319
1 0.513404 0.732988 0.090425 0.034463
1 0.606549 0.367336 0.054123 0.110154
1 0.283156 0.428077 0.051496 0.108205
1 0.345216 0.417225 0.051858 0.111052
