0 0.985588 0.768464 0.011274 0.018923
0 0.482665 0.288022 0.014634 0.011604
0 0.070886 0.523724 0.013710 0.016186
0 0.465733 0.030000 0.013854 0.023532
1 0.683087 0.346866 0.048764 0.018717
0 0.479538 0.262987 0.014116 0.012503
0 0.252288 0.584199 0.012052 0.012714
0 0.976387 0.782666 0.010840 0.019149
0 0.435247 0.076743 0.012972 0.010533
0 0.966041 0.800114 0.012165 0.020492
0 0.464785 0.399751 0.014084 0.012292
0 0.060370 0.568199 0.013743 0.013644
0 0.082158 0.495422 0.014062 0.019613
0 0.964076 0.536085 0.011777 0.018707
0 0.484928 0.323067 0.012277 0.010244
0 0.979806 0.391604 0.012631 0.020775
0 0.483885 0.298876 0.012527 0.010849
0 0.258113 0.594315 0.012639 0.012873
