1 0.352824 0.915667 0.096702 0.025004
1 0.499782 0.682866 0.076558 0.024347
1 0.806943 0.508272 0.061957 0.050094
1 0.368802 0.592338 0.107146 0.022925
1 0.143862 0.714715 0.094267 0.023688
1 0.367587 0.680099 0.106906 0.022969
1 0.806385 0.545629 0.062649 0.049739
1 0.512173 0.454371 0.082026 0.024902
1 0.366703 0.795857 0.108549 0.023444
1 0.147990 0.684933 0.093624 0.023293
1 0.363772 0.883857 0.106723 0.024275
1 0.368467 0.766042 0.104426 0.023381
1 0.496130 0.540076 0.082733 0.024662
1 0.503459 0.510086 0.083618 0.024068
1 0.477628 0.884281 0.070374 0.024140
1 0.806432 0.581659 0.062218 0.046169
1 0.139041 0.772030 0.094466 0.023362
1 0.496653 0.713661 0.083897 0.023800
1 0.484201 0.596929 0.083832 0.023142
1 0.150063 0.329495 0.099218 0.024002
1 0.807627 0.685889 0.058520 0.049670
1 0.138956 0.743233 0.096671 0.023696
1 0.672090 0.902568 0.064682 0.025177
1 0.137032 0.802168 0.095864 0.023422
1 0.497334 0.626269 0.084159 0.023778
1 0.363878 0.709496 0.106799 0.024140
1 0.674081 0.509397 0.060803 0.022386
1 0.671465 0.682749 0.063576 0.024556
1 0.134999 0.829377 0.076299 0.025434
1 0.806511 0.615780 0.061052 0.049075
1 0.479278 0.853982 0.073004 0.024785
1 0.484068 0.481340 0.083935 0.022812
1 0.130094 0.859748 0.071711 0.023050
1 0.372231 0.445577 0.109326 0.022814
1 0.371789 0.416476 0.107777 0.023993
1 0.156490 0.626399 0.096216 0.023694
1 0.667828 0.710862 0.061363 0.022423
1 0.491645 0.311001 0.082218 0.023278
1 0.674247 0.872197 0.061649 0.022910
1 0.682071 0.282010 0.062244 0.023892
1 0.679916 0.338648 0.060634 0.023455
1 0.498105 0.798063 0.078951 0.023742
1 0.372507 0.533590 0.111106 0.024657
1 0.373422 0.359191 0.107269 0.024434
1 0.153850 0.271964 0.099015 0.023751
1 0.363905 0.622441 0.108853 0.024001
1 0.485041 0.396504 0.078434 0.023645
1 0.489861 0.281444 0.085510 0.023376
1 0.677199 0.653930 0.060823 0.024170
1 0.365002 0.825423 0.109421 0.023903
1 0.496559 0.198650 0.116674 0.023958
1 0.487158 0.568045 0.076111 0.023124
1 0.802631 0.726690 0.058173 0.049835
1 0.374772 0.238396 0.106378 0.024771
1 0.680999 0.310954 0.061119 0.022941
1 0.676134 0.396963 0.063280 0.022976
1 0.799657 0.873385 0.057995 0.050215
1 0.480066 0.826188 0.074716 0.024605
1 0.668585 0.627880 0.068367 0.028800
1 0.808131 0.757998 0.063253 0.053587
1 0.502633 0.225086 0.099396 0.026567
1 0.678839 0.482255 0.060334 0.022995
1 0.483381 0.654506 0.087709 0.025558
1 0.491186 0.914090 0.071924 0.024549
1 0.133751 0.887705 0.072522 0.022850
1 0.803155 0.402313 0.057804 0.050871
1 0.366206 0.737316 0.109431 0.022753
1 0.803394 0.441928 0.061974 0.048591
1 0.494181 0.770918 0.076156 0.026040
1 0.511577 0.425090 0.081708 0.022801
1 0.133951 0.916770 0.072351 0.024086
1 0.156561 0.594926 0.114664 0.023552
1 0.798340 0.838511 0.058834 0.049620
1 0.674914 0.454932 0.061732 0.023491
1 0.371298 0.562850 0.110032 0.023691
1 0.162407 0.476665 0.117642 0.023906
1 0.804023 0.653094 0.060069 0.048280
1 0.368558 0.650875 0.108528 0.023282
1 0.803332 0.906604 0.058269 0.049500
1 0.159076 0.240386 0.097918 0.024615
1 0.376675 0.475898 0.113717 0.024972
1 0.492932 0.742132 0.084804 0.025811
1 0.155527 0.536886 0.116445 0.023762
1 0.160488 0.506052 0.114367 0.024055
1 0.156902 0.566162 0.117279 0.023779
1 0.362820 0.854440 0.105888 0.023891
1 0.372267 0.206135 0.104449 0.021990
1 0.160608 0.098705 0.056068 0.018284
1 0.674311 0.842212 0.065237 0.018340
1 0.800381 0.334494 0.059819 0.049485
1 0.516684 0.366800 0.083831 0.026927
1 0.805086 0.799909 0.059108 0.046875
1 0.675268 0.367426 0.061022 0.023552
1 0.155971 0.360974 0.117160 0.022906
1 0.672962 0.568420 0.061464 0.024376
0 0.068949 0.342900 0.045623 0.019125
1 0.680746 0.426319 0.063377 0.023735
1 0.675165 0.929857 0.076976 0.027929
0 0.059968 0.057504 0.024061 0.036744
1 0.673667 0.540326 0.062034 0.024808
0 0.236867 0.164160 0.048335 0.021183
0 0.061509 0.669082 0.049883 0.018377
0 0.065249 0.641592 0.045871 0.020097
0 0.066553 0.399817 0.047865 0.020142
1 0.803520 0.476002 0.063170 0.049216
0 0.229415 0.094626 0.047789 0.017985
1 0.673887 0.598186 0.061164 0.025004
