1 0.181112 0.533043 0.098193 0.022793
1 0.152636 0.708118 0.110093 0.023028
1 0.176390 0.559359 0.088804 0.021823
1 0.177508 0.634076 0.111021 0.024031
1 0.201470 0.410517 0.095879 0.021881
1 0.178197 0.508517 0.108511 0.022665
1 0.752981 0.152472 0.098424 0.023142
1 0.175106 0.734151 0.103137 0.021501
1 0.748307 0.182470 0.099783 0.022704
1 0.175467 0.776824 0.084108 0.019768
1 0.563140 0.409079 0.101666 0.022996
1 0.182615 0.435669 0.115901 0.022256
1 0.743572 0.281478 0.100028 0.022546
1 0.751719 0.124289 0.111601 0.022825
1 0.554011 0.740401 0.022652 0.118886
1 0.174250 0.585466 0.122558 0.021779
1 0.621597 0.740108 0.024913 0.114636
1 0.193158 0.483442 0.116677 0.021024
1 0.261765 0.731021 0.021665 0.114251
1 0.338493 0.735089 0.025421 0.114904
1 0.187029 0.459048 0.123594 0.022707
0 0.895219 0.675201 0.019612 0.038082
0 0.953630 0.595422 0.019669 0.033500
