2 0.226291 0.727101 0.050376 0.033481
2 0.737578 0.203569 0.047219 0.032003
2 0.912414 0.503476 0.044485 0.029491
2 0.834527 0.342283 0.048116 0.031001
2 0.652685 0.311249 0.044077 0.030219
2 0.848536 0.318435 0.047342 0.031194
2 0.875078 0.593542 0.034255 0.025628
2 0.700142 0.697904 0.045428 0.030979
2 0.758978 0.758555 0.048103 0.032967
2 0.367770 0.832098 0.043350 0.031266
2 0.763557 0.153787 0.045143 0.031767
2 0.771648 0.411272 0.049486 0.031505
2 0.848211 0.643233 0.035868 0.024861
2 0.520775 0.221900 0.047477 0.032427
2 0.259762 0.697050 0.049546 0.034325
2 0.404988 0.738846 0.039218 0.030893
2 0.582861 0.613737 0.045384 0.030433
2 0.817751 0.689977 0.033037 0.020211
2 0.727737 0.443477 0.047533 0.031032
2 0.183402 0.799713 0.043591 0.029608
2 0.195711 0.774309 0.048370 0.032141
2 0.308825 0.758265 0.033821 0.025965
