2 0.210070 0.491581 0.094683 0.055443
2 0.629647 0.682341 0.101602 0.058786
2 0.372113 0.678366 0.100692 0.058945
2 0.142061 0.426299 0.080449 0.044331
2 0.372038 0.390991 0.100350 0.054769
2 0.460850 0.775766 0.091054 0.053353
2 0.672485 0.733250 0.089077 0.056962
2 0.167899 0.175495 0.130676 0.075365
2 0.545470 0.585930 0.092250 0.056054
2 0.768009 0.824321 0.104535 0.059912
2 0.862137 0.927981 0.105764 0.058210
2 0.251642 0.535156 0.094057 0.052201
2 0.420802 0.725822 0.083824 0.050744
2 0.711317 0.978202 0.061901 0.036058
