1 0.104488 0.051112 0.026728 0.024383
0 0.228991 0.368208 0.008751 0.018440
0 0.209432 0.287478 0.007688 0.015956
0 0.422809 0.297066 0.007370 0.017451
0 0.690459 0.258536 0.007907 0.016999
0 0.666416 0.258164 0.007269 0.016913
0 0.267284 0.288474 0.007962 0.017251
0 0.256606 0.246875 0.016428 0.008882
0 0.195904 0.368016 0.008007 0.018776
0 0.502438 0.329626 0.007592 0.016531
0 0.407121 0.296080 0.008592 0.018435
0 0.292459 0.290891 0.007882 0.018879
0 0.418183 0.325314 0.007320 0.018078
0 0.510352 0.329898 0.007975 0.017222
0 0.526548 0.259172 0.007080 0.016341
0 0.319401 0.249588 0.015835 0.009234
0 0.688351 0.309521 0.008307 0.018854
0 0.254033 0.369680 0.007834 0.019884
0 0.390069 0.297191 0.008643 0.019094
0 0.466721 0.257522 0.006748 0.016645
0 0.262264 0.368770 0.008138 0.019001
0 0.504384 0.258548 0.007271 0.016828
0 0.496988 0.257917 0.007122 0.016052
0 0.234698 0.289335 0.007279 0.017877
0 0.540801 0.259445 0.006669 0.016634
0 0.179156 0.366536 0.007963 0.017254
0 0.682516 0.258797 0.008024 0.016837
0 0.403146 0.325934 0.007890 0.017404
0 0.184916 0.286660 0.007668 0.016981
