2 0.343546 0.706695 0.052701 0.042658
2 0.524377 0.445486 0.050419 0.038241
2 0.480238 0.471583 0.057831 0.046605
2 0.571993 0.662878 0.050401 0.040483
2 0.331310 0.570061 0.055660 0.046843
2 0.790090 0.648192 0.075767 0.061001
2 0.704069 0.482672 0.062776 0.047969
2 0.462446 0.799225 0.052117 0.047900
2 0.847627 0.609632 0.075787 0.059265
2 0.503422 0.606328 0.054687 0.042740
2 0.441488 0.746934 0.060936 0.048373
2 0.387925 0.532113 0.054192 0.044858
2 0.300365 0.731950 0.054157 0.044379
2 0.630301 0.271150 0.048428 0.038846
2 0.358395 0.798689 0.052984 0.042874
2 0.703142 0.582225 0.046363 0.036602
2 0.603352 0.392637 0.049584 0.042513
2 0.412606 0.881238 0.052566 0.043756
2 0.614590 0.638349 0.050602 0.041985
2 0.604992 0.146823 0.047847 0.043919
2 0.398644 0.771688 0.051846 0.042060
2 0.762750 0.286647 0.055769 0.050079
2 0.491144 0.835213 0.056215 0.049598
2 0.635197 0.176646 0.046838 0.042620
2 0.382606 0.849998 0.052536 0.044218
2 0.731760 0.255995 0.051455 0.042882
2 0.121583 0.690395 0.051266 0.044931
2 0.571793 0.356050 0.051745 0.043910
2 0.423147 0.655839 0.044845 0.038572
2 0.115236 0.655335 0.069284 0.058451
2 0.584063 0.211202 0.038789 0.034684
2 0.563571 0.181491 0.045875 0.042759
