0 0.081084 0.229646 0.027242 0.021957
0 0.840543 0.733784 0.017293 0.026126
0 0.137643 0.151735 0.024582 0.018212
0 0.134307 0.245113 0.027209 0.021499
0 0.894646 0.766114 0.015801 0.023850
0 0.208795 0.200414 0.026541 0.020396
0 0.857082 0.801810 0.015652 0.022673
0 0.818648 0.876889 0.028981 0.022815
0 0.859724 0.744324 0.016113 0.022715
0 0.158811 0.166677 0.024847 0.019434
0 0.919731 0.823114 0.015652 0.021964
0 0.931031 0.787481 0.016933 0.022757
0 0.817312 0.837470 0.036633 0.011592
0 0.131797 0.264322 0.025959 0.020434
1 0.605699 0.688657 0.094535 0.028245
0 0.730321 0.657407 0.030864 0.022866
0 0.815505 0.742123 0.029690 0.020824
0 0.818337 0.777127 0.032148 0.014265
0 0.182701 0.181882 0.028357 0.020701
0 0.818973 0.822977 0.035329 0.012347
0 0.190177 0.807262 0.025257 0.020264
0 0.814719 0.760741 0.032528 0.019034
0 0.090552 0.121454 0.027955 0.020395
0 0.244168 0.223774 0.026675 0.018965
0 0.817179 0.793076 0.035635 0.014524
0 0.114604 0.137289 0.028427 0.019563
