2 0.458548 0.506505 0.038801 0.044650
2 0.519601 0.389198 0.041504 0.046961
2 0.432036 0.310606 0.045842 0.056398
2 0.540221 0.531789 0.036213 0.038745
2 0.377058 0.592449 0.029992 0.036187
2 0.783348 0.389820 0.029371 0.030960
2 0.466749 0.568022 0.041968 0.052877
2 0.533061 0.488705 0.040555 0.047767
2 0.466462 0.748545 0.025080 0.025335
2 0.790269 0.425288 0.023684 0.026839
2 0.634949 0.825586 0.022662 0.023733
2 0.368152 0.556346 0.032575 0.033198
2 0.511446 0.344877 0.026931 0.030196
2 0.353455 0.515204 0.033299 0.035751
2 0.802142 0.493792 0.026797 0.029979
2 0.622685 0.770338 0.019406 0.019589
2 0.482489 0.301712 0.051844 0.063417
2 0.774455 0.320761 0.029498 0.032621
2 0.763962 0.077230 0.037799 0.046793
2 0.531934 0.287759 0.040605 0.052580
