2 0.413093 0.376696 0.057596 0.070431
2 0.152690 0.398152 0.058682 0.060356
2 0.449856 0.320991 0.062010 0.058125
2 0.471809 0.147350 0.084039 0.097749
2 0.180233 0.456431 0.057315 0.058829
2 0.632779 0.769812 0.061473 0.071974
2 0.322633 0.326605 0.049320 0.058092
2 0.529631 0.256747 0.079881 0.099650
2 0.666246 0.582546 0.119778 0.134057
2 0.390439 0.493958 0.033235 0.038237
2 0.819438 0.281468 0.039529 0.041548
2 0.427691 0.247069 0.054692 0.056136
2 0.180615 0.455726 0.056150 0.058483
2 0.588832 0.631563 0.109850 0.129078
2 0.358382 0.476772 0.043456 0.052193
2 0.360680 0.151726 0.140545 0.149910
2 0.565634 0.431216 0.128924 0.144988
2 0.516626 0.549135 0.117917 0.133308
2 0.391633 0.314967 0.090355 0.101789
