2 0.477688 0.735832 0.081622 0.078340
2 0.483132 0.809395 0.084076 0.084393
2 0.797178 0.600223 0.077824 0.077705
2 0.413006 0.777669 0.088048 0.085284
2 0.288334 0.866352 0.084031 0.081299
2 0.789506 0.525143 0.075075 0.073529
2 0.734030 0.641585 0.085963 0.089479
2 0.604292 0.654775 0.088860 0.087690
2 0.608259 0.724975 0.082940 0.084463
1 0.539313 0.394350 0.069771 0.078890
2 0.550334 0.769627 0.084834 0.082956
1 0.603864 0.345150 0.056464 0.066545
1 0.430337 0.465104 0.067299 0.077461
2 0.859156 0.554613 0.092086 0.092948
2 0.861340 0.555555 0.086744 0.087869
