1 0.505559 0.426543 0.110974 0.083574
1 0.550809 0.651683 0.106530 0.077640
0 0.773851 0.660989 0.061266 0.034984
0 0.676347 0.784175 0.053666 0.055097
0 0.789114 0.708384 0.065726 0.035040
0 0.699671 0.801988 0.052386 0.053251
1 0.515301 0.527607 0.116059 0.080000
1 0.526576 0.451772 0.112798 0.083864
0 0.408464 0.913376 0.051474 0.055402
0 0.339477 0.049328 0.054355 0.030178
0 0.720530 0.823655 0.052947 0.048271
1 0.473396 0.369059 0.084524 0.042059
0 0.803537 0.754142 0.057295 0.036818
0 0.463740 0.905117 0.072949 0.060115
0 0.339895 0.049119 0.053872 0.029153
0 0.798093 0.731077 0.064019 0.033486
0 0.369443 0.119996 0.065891 0.031961
