0 0.515341 0.871150 0.049825 0.042276
0 0.020431 0.212680 0.038960 0.042573
0 0.912623 0.858527 0.039349 0.046317
0 0.580238 0.897575 0.052655 0.035961
0 0.931931 0.845246 0.038202 0.044076
0 0.875086 0.883290 0.048827 0.055931
0 0.116959 0.292531 0.041610 0.045961
0 0.142681 0.378886 0.038179 0.042834
0 0.952315 0.829164 0.038257 0.043163
0 0.891659 0.866778 0.043260 0.051575
0 0.975579 0.790159 0.048842 0.048634
0 0.832314 0.906219 0.045513 0.054856
0 0.087960 0.305603 0.040946 0.043773
0 0.807575 0.917499 0.048139 0.056894
0 0.884973 0.726574 0.047183 0.042011
0 0.843277 0.758868 0.048215 0.042873
0 0.801460 0.789062 0.043311 0.037039
0 0.852335 0.891545 0.046864 0.052400
