1 0.920020 0.368686 0.061055 0.096057
0 0.862365 0.943657 0.029845 0.031843
0 0.906190 0.933185 0.031326 0.033665
0 0.843655 0.949202 0.030762 0.034450
0 0.989849 0.867332 0.020302 0.033607
0 0.883423 0.939237 0.031758 0.034146
0 0.782773 0.966485 0.030812 0.034404
0 0.988324 0.906542 0.023352 0.031064
0 0.871351 0.903674 0.030390 0.034289
0 0.973539 0.872624 0.028588 0.034706
0 0.954999 0.881019 0.032144 0.031143
0 0.929509 0.926117 0.033200 0.035882
0 0.960926 0.787469 0.033103 0.034305
0 0.928509 0.886589 0.032276 0.035224
0 0.848871 0.911495 0.030900 0.033716
0 0.968789 0.913258 0.026725 0.032277
0 0.825548 0.917422 0.032480 0.034941
0 0.806006 0.923742 0.032851 0.033268
