1 0.601065 0.591463 0.082291 0.027668
1 0.239812 0.392831 0.019399 0.076571
1 0.727617 0.595142 0.062110 0.025742
1 0.817140 0.447035 0.063569 0.038493
1 0.129386 0.466984 0.059864 0.024665
1 0.729560 0.538601 0.064204 0.025656
1 0.128073 0.497258 0.062094 0.023168
1 0.814646 0.540706 0.064035 0.034094
1 0.912738 0.137955 0.042625 0.026854
1 0.901947 0.228716 0.048520 0.026178
1 0.895505 0.196504 0.039746 0.026841
1 0.728651 0.413406 0.065212 0.026042
1 0.900099 0.263106 0.055034 0.028634
1 0.257831 0.573047 0.046418 0.030112
1 0.260230 0.395009 0.021108 0.072825
1 0.813660 0.606975 0.066477 0.032646
1 0.129044 0.428189 0.045534 0.026276
0 0.671090 0.722696 0.015866 0.044143
1 0.220478 0.394701 0.019438 0.071091
0 0.782011 0.723341 0.014923 0.046861
0 0.592415 0.720656 0.015185 0.045006
0 0.653405 0.722840 0.015226 0.050325
0 0.830043 0.731209 0.014829 0.046696
1 0.365791 0.602754 0.046506 0.023375
0 0.703438 0.721904 0.014625 0.041965
