1 0.580392 0.784723 0.060030 0.088914
1 0.272272 0.517717 0.073704 0.102685
1 0.466891 0.405562 0.074431 0.066446
1 0.212296 0.634338 0.068057 0.099158
1 0.579939 0.738790 0.062302 0.094469
1 0.652083 0.667347 0.060608 0.089109
1 0.418741 0.497587 0.084448 0.060799
1 0.293027 0.538922 0.055855 0.096329
1 0.637543 0.643064 0.058526 0.084295
1 0.445661 0.424765 0.075505 0.059857
1 0.438300 0.623197 0.067820 0.100351
1 0.594687 0.627087 0.060469 0.083881
1 0.455477 0.640270 0.066288 0.101422
1 0.231909 0.648275 0.066073 0.094855
1 0.501839 0.745785 0.081405 0.031654
1 0.197738 0.608825 0.068503 0.104409
1 0.348950 0.581388 0.079477 0.048394
1 0.161541 0.573588 0.067724 0.101547
1 0.361741 0.553100 0.083023 0.053528
1 0.386299 0.522264 0.080791 0.055384
1 0.532315 0.665317 0.073563 0.034392
1 0.591901 0.813398 0.050770 0.076884
1 0.147807 0.544912 0.073548 0.111050
1 0.612361 0.549095 0.060627 0.068121
1 0.363997 0.700537 0.066678 0.108313
1 0.688683 0.652317 0.054227 0.082153
1 0.238693 0.691533 0.061861 0.083794
1 0.472231 0.814564 0.072082 0.030834
1 0.424388 0.591780 0.072269 0.111327
1 0.618977 0.629606 0.062743 0.089580
1 0.646414 0.718466 0.060328 0.083071
1 0.434111 0.454693 0.089262 0.068065
1 0.499058 0.716935 0.075632 0.029569
1 0.466359 0.668633 0.068220 0.104010
1 0.467495 0.778859 0.074796 0.037380
