2 0.622588 0.686028 0.061474 0.088218
2 0.740062 0.485154 0.069838 0.097285
2 0.681797 0.511637 0.060354 0.090545
2 0.786008 0.927321 0.065260 0.090018
2 0.816139 0.841628 0.069685 0.096450
2 0.594082 0.775355 0.066771 0.094225
2 0.708207 0.577590 0.065231 0.090809
2 0.075052 0.311074 0.074167 0.092192
2 0.848302 0.757840 0.069810 0.102589
2 0.646911 0.748125 0.061961 0.091599
2 0.873972 0.666387 0.070111 0.097163
0 0.144987 0.781025 0.021526 0.037663
2 0.358829 0.602926 0.055942 0.079066
2 0.650756 0.603478 0.062078 0.091976
0 0.109550 0.766477 0.020760 0.035438
0 0.174203 0.795309 0.022077 0.039558
0 0.159556 0.788450 0.022379 0.038189
0 0.129665 0.772746 0.021806 0.037204
0 0.440103 0.971255 0.033219 0.027812
1 0.365450 0.296139 0.048281 0.039626
