1 0.471139 0.439552 0.091011 0.061378
1 0.431979 0.913052 0.097049 0.056345
1 0.732850 0.555279 0.098034 0.056662
1 0.463859 0.876686 0.095210 0.057293
1 0.781324 0.502259 0.096449 0.053866
1 0.765716 0.521381 0.093893 0.054020
1 0.806320 0.464961 0.092473 0.050349
1 0.719900 0.573506 0.096179 0.055230
1 0.684724 0.296406 0.087303 0.070522
1 0.824828 0.447250 0.089308 0.050463
1 0.723201 0.323890 0.088113 0.072268
1 0.448854 0.895452 0.091676 0.054179
1 0.806093 0.380746 0.083188 0.066984
1 0.796374 0.484735 0.078739 0.045835
1 0.490377 0.410263 0.085498 0.060355
1 0.581129 0.226526 0.078374 0.066995
1 0.706195 0.591474 0.096794 0.051971
1 0.662947 0.282313 0.082350 0.066472
1 0.641227 0.662568 0.074944 0.045125
1 0.687279 0.608088 0.080454 0.046181
1 0.519108 0.393514 0.079833 0.066769
1 0.743893 0.534727 0.087658 0.050095
1 0.786800 0.363891 0.074607 0.057315
1 0.603398 0.239427 0.084783 0.070738
1 0.436248 0.133661 0.088183 0.068297
1 0.562364 0.211106 0.080363 0.064726
1 0.330553 0.761945 0.101971 0.074930
1 0.673860 0.628067 0.091470 0.049420
1 0.428577 0.530078 0.073499 0.063484
1 0.467741 0.254273 0.077191 0.062727
1 0.643501 0.267624 0.087258 0.068794
1 0.435375 0.246849 0.076012 0.061664
1 0.391991 0.365891 0.072400 0.060719
1 0.551344 0.772031 0.083409 0.050598
1 0.752404 0.341196 0.080216 0.064034
0 0.553333 0.062721 0.035821 0.030217
1 0.540977 0.198969 0.080727 0.063050
0 0.537275 0.052155 0.033779 0.027973
1 0.392045 0.485844 0.104416 0.083950
1 0.309770 0.789738 0.114677 0.085030
