1 0.780443 0.517259 0.067072 0.032253
1 0.687488 0.681644 0.033271 0.074355
1 0.651285 0.689347 0.031742 0.077741
1 0.431491 0.486842 0.033713 0.076265
1 0.481784 0.604128 0.032536 0.062457
1 0.615624 0.706941 0.034440 0.067113
1 0.779348 0.562233 0.065040 0.036963
1 0.538856 0.594838 0.034536 0.076775
1 0.668328 0.682809 0.033847 0.071979
1 0.615919 0.444583 0.027632 0.070317
1 0.465733 0.611391 0.030766 0.062893
1 0.447290 0.618547 0.030713 0.065817
1 0.782488 0.585439 0.066982 0.036621
1 0.633373 0.440526 0.025505 0.068828
1 0.543941 0.726584 0.037016 0.066299
1 0.667735 0.425008 0.030926 0.076536
1 0.582553 0.582471 0.034134 0.076850
1 0.466345 0.473760 0.033906 0.076568
1 0.668466 0.361778 0.057255 0.030178
1 0.206818 0.774945 0.058213 0.033520
1 0.577873 0.447243 0.036036 0.078617
1 0.133064 0.728804 0.026830 0.055370
1 0.580372 0.721490 0.030237 0.057271
1 0.518765 0.592230 0.031142 0.067487
1 0.747084 0.342853 0.038502 0.028790
1 0.500298 0.597212 0.030316 0.057815
1 0.822524 0.603926 0.046072 0.025202
