0 0.796487 0.185386 0.033905 0.048995
0 0.852875 0.171630 0.031861 0.045601
0 0.839846 0.120898 0.032134 0.050980
0 0.823413 0.179804 0.028383 0.045025
0 0.263409 0.054759 0.033103 0.050619
0 0.351676 0.041422 0.034098 0.047656
0 0.100207 0.044068 0.056711 0.029723
0 0.735275 0.189841 0.032086 0.050454
0 0.876671 0.123579 0.027758 0.045957
0 0.724577 0.138603 0.032163 0.051201
0 0.954781 0.179898 0.032699 0.048498
0 0.592921 0.276954 0.055673 0.026752
0 0.096048 0.020562 0.069222 0.031777
0 0.318887 0.042729 0.029282 0.047957
0 0.593991 0.241393 0.055022 0.029793
0 0.706406 0.194743 0.028340 0.048202
0 0.199946 0.061785 0.027681 0.045508
