0 0.416397 0.152389 0.041671 0.033496
0 0.188580 0.737647 0.042838 0.032478
0 0.100960 0.462710 0.038554 0.034663
0 0.363962 0.189676 0.042802 0.037058
0 0.051798 0.496339 0.037274 0.034576
0 0.688915 0.220972 0.040230 0.031024
0 0.644534 0.178696 0.045162 0.036276
0 0.028790 0.581944 0.039346 0.030553
0 0.160930 0.708333 0.039597 0.030600
0 0.917270 0.666760 0.043410 0.034615
0 0.454483 0.128612 0.038258 0.035064
0 0.065755 0.486278 0.034574 0.033164
0 0.102574 0.654801 0.040689 0.033366
0 0.055440 0.611053 0.041285 0.029595
0 0.142239 0.324605 0.037091 0.032265
0 0.173365 0.722953 0.041333 0.031717
0 0.727048 0.388567 0.046131 0.035248
0 0.798891 0.459890 0.042890 0.033873
0 0.175953 0.412785 0.034631 0.030931
0 0.571371 0.248602 0.042344 0.030824
0 0.088464 0.357635 0.038522 0.036898
0 0.497945 0.177086 0.043692 0.022010
0 0.435664 0.138691 0.037166 0.033916
0 0.160300 0.313549 0.038266 0.035446
0 0.215125 0.280594 0.039286 0.036200
0 0.616329 0.289816 0.039002 0.032471
0 0.040232 0.595297 0.041429 0.031040
0 0.986346 0.600924 0.027307 0.040066
