2 0.773148 0.731995 0.141198 0.039424
2 0.834206 0.387878 0.172538 0.051921
2 0.787317 0.638449 0.131076 0.037138
2 0.433219 0.188628 0.160060 0.047718
2 0.716313 0.168295 0.161640 0.047855
2 0.585183 0.100728 0.150542 0.044446
2 0.797137 0.521452 0.123774 0.035039
2 0.368025 0.155781 0.158940 0.046945
2 0.797198 0.559947 0.128414 0.035683
2 0.653993 0.134026 0.156407 0.048108
2 0.766943 0.352369 0.160957 0.048961
2 0.743445 0.965714 0.126305 0.036284
2 0.297798 0.122468 0.165023 0.049095
2 0.703155 0.322135 0.174098 0.050806
2 0.519204 0.068451 0.158062 0.045521
2 0.792634 0.599831 0.122514 0.036502
2 0.851650 0.234421 0.164202 0.048793
