2 0.702742 0.782790 0.030635 0.032739
2 0.638082 0.859775 0.032213 0.037567
2 0.404803 0.664555 0.019552 0.022854
2 0.696702 0.880283 0.035509 0.040741
2 0.382954 0.693035 0.028055 0.029028
2 0.289199 0.624379 0.028595 0.031150
2 0.250640 0.665121 0.021341 0.025827
2 0.281071 0.289831 0.017283 0.019761
2 0.358028 0.108724 0.026090 0.027161
2 0.871148 0.533597 0.025249 0.026600
2 0.505690 0.703896 0.020984 0.021803
2 0.264512 0.716611 0.018831 0.017555
2 0.251315 0.277815 0.014824 0.015374
2 0.275511 0.304324 0.009052 0.010353
2 0.334058 0.638808 0.023556 0.027057
2 0.264783 0.324570 0.008670 0.009386
