2 0.581935 0.863522 0.022369 0.047440
2 0.766857 0.400534 0.021136 0.044473
2 0.694379 0.501609 0.022377 0.046355
2 0.582513 0.812496 0.021616 0.047858
2 0.882677 0.388810 0.016247 0.045631
2 0.751634 0.327489 0.022513 0.049827
2 0.768712 0.252446 0.020253 0.046079
2 0.526241 0.316292 0.021316 0.052105
2 0.582487 0.569425 0.019339 0.042759
2 0.751838 0.374609 0.021473 0.047072
2 0.882208 0.687263 0.015128 0.039232
2 0.692907 0.647358 0.023448 0.052803
2 0.766315 0.791436 0.021572 0.049166
2 0.128353 0.431724 0.019110 0.036402
2 0.708565 0.672682 0.018860 0.041505
2 0.295468 0.586634 0.023661 0.041939
2 0.653004 0.735981 0.024632 0.056660
2 0.238439 0.366755 0.018302 0.033480
2 0.164692 0.187034 0.014862 0.033849
2 0.749284 0.765203 0.024195 0.049114
2 0.766135 0.641427 0.021580 0.047739
2 0.251472 0.436738 0.020603 0.040905
2 0.133958 0.459776 0.017741 0.036248
2 0.652836 0.628826 0.021263 0.047628
2 0.511234 0.537171 0.022735 0.047658
2 0.766112 0.744013 0.021664 0.043624
2 0.169013 0.429455 0.019765 0.037784
2 0.708664 0.573590 0.018790 0.046532
2 0.653524 0.373949 0.022973 0.051597
2 0.453017 0.718829 0.016282 0.039708
2 0.582452 0.764793 0.020876 0.046257
2 0.823469 0.895880 0.021378 0.050515
2 0.695467 0.257795 0.022237 0.054941
2 0.709106 0.722173 0.020882 0.045477
2 0.189151 0.434141 0.020110 0.044027
2 0.334365 0.399294 0.017041 0.041007
2 0.825693 0.403922 0.022780 0.056153
2 0.259137 0.191224 0.013185 0.043106
2 0.128283 0.357949 0.020381 0.040519
2 0.154433 0.358876 0.019215 0.037009
2 0.708438 0.623303 0.020679 0.044999
2 0.709521 0.474726 0.018301 0.042009
2 0.525333 0.461572 0.020755 0.048597
2 0.752060 0.571291 0.018878 0.041633
2 0.288436 0.504415 0.019868 0.044052
2 0.284302 0.474148 0.019286 0.040113
2 0.766212 0.548656 0.022463 0.047548
2 0.767223 0.352635 0.022226 0.046830
2 0.509616 0.634858 0.021087 0.051682
2 0.509506 0.782440 0.021477 0.048024
2 0.766189 0.850613 0.023239 0.051796
2 0.638642 0.448231 0.021741 0.048764
2 0.710285 0.325391 0.023768 0.050700
2 0.073033 0.457776 0.018703 0.039042
2 0.709602 0.524104 0.021528 0.044739
2 0.882854 0.338582 0.015181 0.040617
2 0.466327 0.473390 0.016190 0.036322
2 0.637556 0.867787 0.024439 0.048736
2 0.811315 0.623588 0.024401 0.054058
2 0.240738 0.465249 0.020543 0.041755
2 0.511519 0.489334 0.023200 0.051042
2 0.568511 0.250843 0.022359 0.051977
2 0.582277 0.714865 0.021769 0.050053
2 0.653065 0.419401 0.021351 0.046745
2 0.178169 0.462493 0.020997 0.040663
2 0.766415 0.596226 0.021028 0.047794
2 0.582200 0.420605 0.021624 0.050264
2 0.195952 0.186603 0.014414 0.037391
2 0.811042 0.524692 0.021731 0.047318
2 0.811163 0.328498 0.021375 0.046683
2 0.220503 0.463482 0.021578 0.042678
2 0.695147 0.355759 0.020958 0.051222
2 0.653663 0.324345 0.020381 0.046168
2 0.510806 0.436776 0.022526 0.046160
2 0.751473 0.429593 0.021300 0.051073
2 0.258146 0.555915 0.019431 0.042176
2 0.652709 0.571165 0.024905 0.064058
2 0.582062 0.519261 0.021145 0.050659
2 0.242759 0.185860 0.017714 0.047936
2 0.510960 0.734093 0.023085 0.055933
2 0.114020 0.459345 0.019586 0.036605
2 0.510648 0.684613 0.022534 0.051881
2 0.882715 0.588434 0.016203 0.042091
2 0.092401 0.458243 0.020506 0.046492
2 0.278023 0.368874 0.018267 0.039768
2 0.637171 0.761588 0.021977 0.047878
2 0.811039 0.575295 0.022680 0.049299
2 0.584024 0.616752 0.018861 0.044312
2 0.229622 0.432625 0.019115 0.042671
2 0.212368 0.189917 0.015787 0.043400
2 0.811464 0.673093 0.022625 0.048891
2 0.708891 0.870461 0.019642 0.037480
2 0.109224 0.356914 0.017084 0.039788
2 0.176029 0.364780 0.018164 0.031439
2 0.824093 0.745496 0.020811 0.048867
2 0.810364 0.720238 0.020699 0.049138
2 0.153853 0.458285 0.023321 0.047805
2 0.294694 0.763260 0.011538 0.023183
2 0.279279 0.555017 0.019086 0.038066
2 0.651618 0.839996 0.020344 0.050396
2 0.882246 0.536051 0.014558 0.039488
2 0.227838 0.191097 0.012673 0.044020
2 0.581892 0.273661 0.020162 0.049177
2 0.208943 0.432402 0.022203 0.049371
2 0.811971 0.429433 0.022859 0.050050
2 0.582534 0.468647 0.021844 0.049934
2 0.525362 0.414671 0.021564 0.051260
2 0.352372 0.437263 0.019994 0.043599
2 0.526219 0.365687 0.021721 0.047738
2 0.811258 0.279670 0.022474 0.048942
2 0.752286 0.281188 0.020502 0.049553
2 0.292694 0.443883 0.020519 0.039283
2 0.569331 0.398690 0.023790 0.050086
2 0.924172 0.566355 0.016174 0.040593
2 0.651359 0.792169 0.022035 0.050438
2 0.524499 0.806251 0.019669 0.045418
2 0.882096 0.641276 0.016383 0.043146
2 0.749321 0.818776 0.022879 0.048218
2 0.452987 0.758566 0.016964 0.036675
2 0.881756 0.439651 0.017398 0.039324
2 0.290118 0.193726 0.014796 0.043484
2 0.217180 0.364183 0.018488 0.036836
2 0.710432 0.277782 0.020298 0.046813
2 0.196082 0.554557 0.021228 0.041698
2 0.082928 0.432798 0.022093 0.044645
2 0.282141 0.761327 0.011255 0.020244
2 0.707894 0.772304 0.020131 0.049521
2 0.695471 0.454163 0.022105 0.045828
2 0.709464 0.428493 0.020191 0.041274
2 0.810825 0.821624 0.021715 0.049056
2 0.766073 0.694348 0.021104 0.052461
2 0.654069 0.277536 0.021317 0.046397
2 0.184609 0.582227 0.020227 0.043243
2 0.882136 0.492716 0.015419 0.037209
2 0.466015 0.588628 0.019038 0.038088
2 0.766149 0.499693 0.022879 0.048291
2 0.581826 0.322645 0.021032 0.051495
2 0.653117 0.474252 0.021436 0.047493
2 0.227227 0.583250 0.019473 0.035479
2 0.810136 0.869475 0.020067 0.045572
2 0.709545 0.380382 0.021158 0.047151
2 0.881647 0.289909 0.016098 0.035751
2 0.751522 0.522867 0.021974 0.047945
2 0.694143 0.598345 0.022403 0.046963
2 0.208026 0.582646 0.021714 0.032691
2 0.767119 0.447988 0.020737 0.045119
2 0.692665 0.696294 0.020827 0.044460
2 0.640392 0.298663 0.021799 0.041028
2 0.258221 0.364848 0.012106 0.038449
2 0.824259 0.794914 0.020239 0.046272
2 0.751235 0.479726 0.019416 0.044879
2 0.637478 0.650653 0.021883 0.047491
2 0.114752 0.576428 0.016127 0.034755
2 0.126146 0.221989 0.010724 0.026600
2 0.336212 0.452845 0.017645 0.033485
2 0.825297 0.356114 0.021651 0.051641
2 0.694352 0.554671 0.019450 0.044173
2 0.923072 0.616711 0.017049 0.037345
2 0.454454 0.568928 0.016205 0.037476
2 0.269643 0.582444 0.020400 0.035531
2 0.452936 0.683004 0.015572 0.037059
2 0.299178 0.370497 0.018363 0.038452
2 0.638114 0.598375 0.021059 0.047551
2 0.196926 0.363891 0.020809 0.037202
2 0.923770 0.415190 0.014952 0.026350
2 0.693805 0.745171 0.023260 0.051700
2 0.246999 0.582907 0.019662 0.041093
2 0.935105 0.389633 0.013677 0.038400
2 0.270042 0.761046 0.009686 0.019327
2 0.811889 0.379284 0.022369 0.050573
2 0.344606 0.534446 0.013141 0.034719
2 0.298104 0.734471 0.010169 0.021556
2 0.512014 0.295592 0.019827 0.047306
2 0.321348 0.198382 0.013798 0.040451
2 0.276463 0.780507 0.009224 0.018248
2 0.452787 0.643477 0.014283 0.036463
2 0.652557 0.523886 0.021187 0.042547
2 0.350877 0.250728 0.014496 0.030160
2 0.180199 0.185040 0.015101 0.041433
2 0.290227 0.779021 0.009815 0.020179
2 0.509988 0.831647 0.020152 0.053230
2 0.810855 0.476925 0.021326 0.045160
2 0.825267 0.601283 0.019676 0.045584
2 0.338051 0.838252 0.010213 0.022210
2 0.525275 0.561759 0.023558 0.055323
2 0.115563 0.223613 0.009619 0.024453
2 0.261626 0.471174 0.020479 0.036539
2 0.825914 0.308608 0.023976 0.059816
2 0.283861 0.834192 0.009308 0.019982
2 0.569869 0.299636 0.021773 0.047736
2 0.136682 0.225281 0.008599 0.021001
2 0.934814 0.340390 0.015915 0.041373
2 0.305699 0.191322 0.015595 0.046342
2 0.338033 0.809690 0.011058 0.026464
2 0.523765 0.659307 0.022683 0.047119
2 0.352176 0.277581 0.017133 0.025078
2 0.200221 0.462639 0.018738 0.043928
2 0.393319 0.857621 0.015220 0.022686
2 0.103821 0.431150 0.020333 0.040556
2 0.750836 0.716911 0.021612 0.047540
2 0.248410 0.832745 0.007235 0.018501
2 0.510524 0.587715 0.021390 0.047314
2 0.064036 0.429887 0.011661 0.034730
2 0.824681 0.508696 0.021856 0.045137
2 0.347328 0.791617 0.011598 0.024551
2 0.934764 0.838670 0.014194 0.036077
2 0.165375 0.225669 0.010508 0.025363
2 0.466747 0.510532 0.016979 0.032858
2 0.260502 0.834284 0.009021 0.021668
2 0.252620 0.315006 0.007915 0.026328
2 0.377732 0.316047 0.017447 0.021393
2 0.636951 0.812723 0.020380 0.046738
2 0.295678 0.833827 0.010926 0.022319
2 0.652509 0.678045 0.024418 0.054844
2 0.465160 0.626350 0.016140 0.037065
2 0.367024 0.763618 0.009468 0.019462
2 0.467742 0.549520 0.018442 0.035610
2 0.241496 0.762323 0.009168 0.020372
2 0.568845 0.494401 0.021422 0.048327
2 0.366375 0.719322 0.010334 0.024003
2 0.510320 0.831144 0.020207 0.052505
2 0.104539 0.222303 0.009549 0.025913
2 0.271801 0.833369 0.010669 0.022807
2 0.369667 0.790861 0.010940 0.020740
2 0.214247 0.764362 0.009470 0.023194
2 0.751601 0.663821 0.022828 0.049635
2 0.934831 0.291342 0.017529 0.041775
2 0.197833 0.226842 0.013900 0.025433
2 0.751678 0.665177 0.023402 0.052586
2 0.922723 0.863123 0.016203 0.041870
2 0.578904 0.367041 0.029304 0.059775
2 0.227910 0.763861 0.009077 0.022925
2 0.453761 0.607778 0.017061 0.034922
2 0.823501 0.551200 0.022924 0.053061
2 0.339446 0.714898 0.011419 0.025130
2 0.695354 0.308401 0.022566 0.044916
2 0.272014 0.832223 0.008013 0.019530
2 0.285182 0.736335 0.007042 0.021299
2 0.272822 0.437850 0.018243 0.037663
2 0.824508 0.700849 0.021359 0.050421
2 0.199547 0.466091 0.017036 0.036828
2 0.749680 0.869727 0.021820 0.044883
2 0.233978 0.781970 0.008613 0.019006
2 0.276503 0.619767 0.011914 0.022702
2 0.694150 0.842351 0.020663 0.045281
2 0.464855 0.666906 0.017424 0.036752
2 0.924648 0.366583 0.016501 0.041486
2 0.823465 0.701158 0.022237 0.048042
2 0.266209 0.316153 0.006301 0.023669
2 0.221516 0.780104 0.007913 0.018305
2 0.280322 0.314511 0.007527 0.024587
2 0.467449 0.432594 0.015148 0.035879
