2 0.194816 0.377484 0.075467 0.088473
2 0.697401 0.563299 0.051604 0.063996
2 0.797889 0.860725 0.075396 0.091217
2 0.267573 0.254083 0.063551 0.085606
2 0.585199 0.251697 0.044625 0.055339
2 0.368400 0.356476 0.039272 0.047400
2 0.546289 0.443210 0.043962 0.053970
2 0.802301 0.634462 0.040165 0.050531
2 0.502303 0.450538 0.047140 0.054304
2 0.591377 0.492506 0.044737 0.056518
2 0.111434 0.183948 0.042493 0.046487
2 0.855440 0.735781 0.047268 0.054066
2 0.082730 0.247313 0.044188 0.052125
2 0.455606 0.161879 0.032572 0.038018
2 0.410542 0.351590 0.043000 0.052462
2 0.478604 0.397602 0.043459 0.053936
2 0.861485 0.663004 0.063421 0.075575
2 0.750161 0.598948 0.043152 0.050787
2 0.629754 0.158952 0.079268 0.093652
