1 0.648778 0.450513 0.053622 0.038091
1 0.573000 0.534806 0.039011 0.035418
1 0.679574 0.382994 0.058420 0.038199
1 0.397264 0.382439 0.040366 0.030963
1 0.398411 0.348927 0.040876 0.033495
1 0.447454 0.468813 0.046689 0.038605
1 0.454022 0.608518 0.051087 0.040258
1 0.402192 0.573208 0.049797 0.036121
1 0.817329 0.533595 0.049368 0.043535
1 0.689742 0.341140 0.052354 0.044067
1 0.349680 0.480271 0.054843 0.041436
1 0.399190 0.435560 0.051628 0.041449
1 0.459048 0.386754 0.050615 0.039384
1 0.365697 0.531813 0.050631 0.043016
1 0.279982 0.318772 0.054907 0.030170
1 0.583897 0.488751 0.053762 0.033127
1 0.519263 0.612939 0.049707 0.040672
1 0.408583 0.519812 0.055177 0.042579
1 0.345331 0.399364 0.051357 0.041309
1 0.577855 0.367078 0.038568 0.034254
1 0.460618 0.537172 0.039825 0.035393
1 0.460858 0.554148 0.049307 0.038532
1 0.146809 0.584405 0.019150 0.029825
1 0.611597 0.711850 0.054602 0.042642
1 0.153642 0.595717 0.027890 0.045920
1 0.173984 0.360441 0.051434 0.036682
1 0.654258 0.628737 0.053248 0.044076
1 0.627542 0.347431 0.053108 0.039954
1 0.500307 0.523818 0.043870 0.037366
1 0.250765 0.377604 0.055972 0.045982
1 0.129100 0.269249 0.050609 0.017300
1 0.478873 0.452485 0.049937 0.038240
1 0.594248 0.624726 0.048758 0.038848
1 0.463264 0.408586 0.043392 0.034821
1 0.299545 0.297454 0.048254 0.023108
1 0.545382 0.593216 0.039078 0.032953
1 0.139459 0.133284 0.041953 0.048047
1 0.268864 0.444555 0.038932 0.034606
1 0.629608 0.667996 0.052253 0.042000
1 0.561001 0.446265 0.045344 0.033899
1 0.605823 0.576414 0.050448 0.042494
1 0.596653 0.587878 0.052859 0.041155
0 0.246440 0.554002 0.015408 0.017352
1 0.499949 0.544478 0.047584 0.039145
1 0.704966 0.601101 0.055435 0.044288
1 0.229907 0.400061 0.053258 0.043530
1 0.671025 0.733300 0.050134 0.040403
0 0.084587 0.755676 0.015297 0.021813
0 0.783936 0.197898 0.015275 0.015038
1 0.405227 0.370845 0.044478 0.030255
0 0.738618 0.155198 0.015723 0.014855
0 0.370268 0.635261 0.015661 0.017511
0 0.857991 0.131912 0.016998 0.017963
0 0.619306 0.117231 0.015946 0.016795
0 0.206627 0.608359 0.013899 0.020831
1 0.470577 0.581036 0.043467 0.035833
0 0.709671 0.170605 0.016484 0.017323
1 0.352477 0.342357 0.052667 0.040322
1 0.677270 0.719415 0.051185 0.042138
0 0.501068 0.058306 0.017129 0.017263
1 0.535961 0.449913 0.051953 0.037375
0 0.906610 0.176815 0.016314 0.015294
1 0.514741 0.295545 0.039541 0.037773
1 0.596747 0.277916 0.043394 0.035885
0 0.840174 0.176821 0.016396 0.016863
1 0.624225 0.684284 0.052016 0.041342
0 0.701024 0.050721 0.017047 0.017014
0 0.968900 0.367170 0.016469 0.017157
0 0.658170 0.044039 0.016954 0.016256
1 0.557874 0.678304 0.051917 0.039313
0 0.974432 0.220470 0.016032 0.015323
1 0.708190 0.662502 0.048761 0.037684
1 0.578432 0.516984 0.039167 0.035901
0 0.831674 0.102396 0.016975 0.016952
0 0.956896 0.256603 0.016171 0.016086
0 0.520079 0.108449 0.015603 0.015399
1 0.295116 0.425342 0.050660 0.041922
0 0.270330 0.569554 0.014900 0.018396
0 0.911966 0.352653 0.017177 0.016822
1 0.274204 0.330826 0.057100 0.036411
1 0.568525 0.403463 0.051909 0.038841
0 0.915218 0.296272 0.015536 0.015233
1 0.349935 0.462082 0.051389 0.041563
0 0.838897 0.223398 0.015672 0.016078
1 0.636952 0.303103 0.039025 0.032222
0 0.833394 0.184157 0.016658 0.016708
0 0.959845 0.210192 0.015666 0.015649
0 0.965522 0.238859 0.016629 0.017788
1 0.420288 0.431596 0.037898 0.033820
0 0.620501 0.074675 0.019018 0.019692
1 0.501351 0.505149 0.046888 0.039341
0 0.501599 0.093626 0.017632 0.017803
0 0.627059 0.059058 0.017022 0.017057
0 0.894312 0.339718 0.014943 0.016833
1 0.212920 0.406947 0.051359 0.039501
0 0.775041 0.169021 0.015817 0.016192
1 0.413112 0.543472 0.042916 0.036843
1 0.529239 0.463730 0.051162 0.039051
1 0.598333 0.609279 0.052731 0.042920
0 0.308869 0.597073 0.015054 0.017653
1 0.502909 0.641438 0.044688 0.039248
0 0.869853 0.153142 0.015813 0.016311
0 0.901251 0.229254 0.014474 0.015698
0 0.887937 0.071252 0.016861 0.017021
0 0.812083 0.274480 0.015635 0.015158
0 0.939690 0.289761 0.016635 0.015167
0 0.123237 0.834429 0.012489 0.018188
0 0.195113 0.603390 0.014871 0.021973
0 0.745476 0.137625 0.016495 0.016053
0 0.774652 0.215473 0.015316 0.015142
0 0.708584 0.216423 0.015162 0.016578
0 0.793476 0.272172 0.016130 0.016696
0 0.925410 0.458346 0.015739 0.015537
0 0.589021 0.044516 0.017242 0.015786
0 0.236194 0.548212 0.017496 0.021067
0 0.262798 0.564803 0.015856 0.019177
1 0.762237 0.546602 0.053684 0.036264
0 0.771068 0.222834 0.014725 0.014029
0 0.058017 0.791560 0.013905 0.020133
1 0.388026 0.242318 0.057490 0.039591
0 0.877336 0.237025 0.016081 0.016511
0 0.325947 0.607918 0.014932 0.017390
0 0.658010 0.183298 0.016073 0.017126
0 0.350178 0.624002 0.018306 0.021827
0 0.951146 0.265409 0.015240 0.016304
0 0.751642 0.221606 0.015165 0.014750
0 0.502643 0.046100 0.016482 0.014336
0 0.611732 0.139351 0.015434 0.016484
0 0.945168 0.237074 0.016299 0.014657
0 0.768271 0.289329 0.014670 0.018346
0 0.581235 0.062437 0.015568 0.015223
0 0.158476 0.857244 0.014558 0.019710
1 0.550026 0.616674 0.039185 0.035529
0 0.919434 0.286916 0.015601 0.017252
0 0.638170 0.182031 0.015599 0.017008
0 0.733208 0.161713 0.015338 0.015603
0 0.851465 0.196494 0.015078 0.015497
0 0.958419 0.348664 0.015688 0.016306
0 0.678618 0.138223 0.016603 0.016118
1 0.347523 0.422745 0.049735 0.040346
0 0.825531 0.249469 0.016734 0.016428
0 0.247472 0.918781 0.014927 0.021129
0 0.646201 0.164228 0.014340 0.017142
1 0.490967 0.355853 0.041177 0.032823
0 0.844578 0.167993 0.017179 0.016622
0 0.738092 0.108499 0.018692 0.018811
0 0.610302 0.098087 0.015213 0.015273
0 0.182793 0.865067 0.012796 0.019902
0 0.207533 0.527805 0.016767 0.019741
0 0.564356 0.087484 0.015825 0.015486
0 0.360734 0.628073 0.015761 0.018597
0 0.902007 0.322594 0.016073 0.015785
0 0.565427 0.052999 0.013755 0.014182
0 0.641041 0.079781 0.016594 0.015921
0 0.043996 0.782779 0.013097 0.020311
0 0.863584 0.309321 0.016025 0.015793
1 0.717991 0.634821 0.054893 0.046011
1 0.643653 0.657497 0.041919 0.036406
1 0.749400 0.575001 0.040758 0.035104
0 0.186215 0.822284 0.015796 0.022054
1 0.618789 0.565265 0.040265 0.036782
0 0.079594 0.806651 0.012759 0.017451
0 0.764497 0.104587 0.018021 0.017057
0 0.268935 0.681045 0.013641 0.019830
0 0.754607 0.074209 0.015016 0.015067
0 0.894155 0.097762 0.017116 0.015583
0 0.915852 0.437503 0.015497 0.015736
0 0.527391 0.038563 0.015364 0.015620
0 0.482730 0.083422 0.016984 0.016807
0 0.819002 0.127440 0.015313 0.014795
0 0.719475 0.051202 0.014676 0.015141
1 0.671484 0.752403 0.052272 0.041673
1 0.570839 0.313741 0.055748 0.045484
1 0.477423 0.467316 0.049613 0.039544
1 0.562413 0.662332 0.039865 0.034819
0 0.747455 0.090925 0.015376 0.016297
0 0.518541 0.056522 0.015337 0.015939
0 0.848612 0.204905 0.014669 0.015890
0 0.226141 0.542048 0.018181 0.022097
1 0.310408 0.492773 0.037795 0.034647
1 0.407631 0.501223 0.054618 0.045722
0 0.638716 0.043304 0.017361 0.018202
0 0.652599 0.193758 0.016574 0.017738
0 0.859845 0.176556 0.015479 0.015116
1 0.320722 0.360694 0.028835 0.025672
0 0.881700 0.227942 0.017564 0.018242
0 0.833662 0.046403 0.016538 0.018065
0 0.094379 0.815326 0.013624 0.020107
0 0.898472 0.192758 0.015239 0.013671
0 0.956797 0.396591 0.014373 0.014456
0 0.696670 0.058801 0.016305 0.015847
0 0.460839 0.068395 0.015883 0.014891
0 0.855506 0.186372 0.016683 0.015227
0 0.791544 0.144512 0.016872 0.017333
0 0.795435 0.170547 0.014160 0.015365
0 0.801156 0.116509 0.015906 0.016223
0 0.773547 0.075711 0.016626 0.014750
0 0.836517 0.366773 0.018498 0.018538
0 0.786998 0.050221 0.014795 0.013892
1 0.693278 0.692800 0.057447 0.044256
0 0.795250 0.035540 0.016159 0.014367
0 0.885362 0.264884 0.016839 0.016757
0 0.382722 0.642133 0.015014 0.017103
0 0.827382 0.111132 0.015604 0.016953
0 0.222727 0.845894 0.015702 0.021867
0 0.973077 0.229745 0.016756 0.017468
0 0.873519 0.290948 0.016074 0.015797
0 0.215507 0.897840 0.014001 0.019651
0 0.222729 0.619760 0.013318 0.020298
0 0.116689 0.829735 0.012865 0.020518
0 0.069954 0.746947 0.013432 0.018400
0 0.897866 0.238858 0.015760 0.017743
0 0.940217 0.384610 0.015979 0.016401
0 0.809646 0.238255 0.014875 0.014581
0 0.935722 0.254644 0.015870 0.015610
0 0.763190 0.056647 0.016758 0.016577
0 0.763565 0.195224 0.016578 0.015688
0 0.512192 0.028003 0.016297 0.017586
0 0.760526 0.111932 0.015059 0.017301
1 0.373174 0.398333 0.038377 0.032943
0 0.693934 0.206641 0.014651 0.014595
0 0.634504 0.088932 0.015215 0.015183
