1 0.629820 0.762863 0.059591 0.019074
1 0.637844 0.263570 0.055326 0.014098
1 0.680266 0.170997 0.057520 0.010984
1 0.565487 0.670648 0.041496 0.021747
1 0.671141 0.187065 0.063054 0.012739
1 0.517046 0.686592 0.035954 0.015515
1 0.624971 0.290095 0.053349 0.014321
1 0.676684 0.179563 0.061215 0.014519
1 0.495216 0.703727 0.040798 0.016322
1 0.367728 0.302664 0.051791 0.012748
1 0.648477 0.238000 0.058112 0.014083
1 0.665530 0.875699 0.015735 0.032622
1 0.551868 0.886822 0.019378 0.032593
1 0.626852 0.749914 0.055844 0.017409
1 0.520739 0.888614 0.023894 0.029877
1 0.623442 0.732465 0.061553 0.021798
1 0.604044 0.671400 0.059527 0.021833
1 0.489349 0.710374 0.038858 0.015227
1 0.505411 0.697721 0.042472 0.017406
1 0.619524 0.713516 0.058868 0.020206
1 0.460501 0.161250 0.053027 0.012515
1 0.648039 0.228301 0.047640 0.012475
1 0.536312 0.888472 0.021245 0.031887
1 0.394450 0.289659 0.053006 0.012564
