2 0.423228 0.213153 0.024122 0.012857
2 0.672901 0.750719 0.022451 0.011944
2 0.657752 0.713414 0.022672 0.011852
2 0.427877 0.225608 0.025505 0.011502
2 0.662343 0.725827 0.025468 0.010625
2 0.440470 0.249848 0.026531 0.012539
2 0.651919 0.700730 0.025875 0.013362
2 0.667916 0.737402 0.025868 0.013242
2 0.479502 0.336629 0.027337 0.013177
2 0.452721 0.273906 0.026683 0.011491
2 0.433811 0.237836 0.026128 0.013277
2 0.639241 0.676362 0.023733 0.013552
2 0.625437 0.629091 0.025304 0.013165
2 0.475062 0.323609 0.025601 0.011599
2 0.458435 0.285709 0.021929 0.010611
2 0.608885 0.597664 0.022692 0.013362
