1 0.316306 0.481196 0.088152 0.051576
1 0.466811 0.409473 0.045792 0.104084
1 0.451866 0.951699 0.050478 0.096601
1 0.325918 0.516536 0.108796 0.058163
1 0.795046 0.321327 0.053847 0.145010
1 0.693694 0.853426 0.053003 0.132099
1 0.662573 0.337384 0.043205 0.090413
1 0.401436 0.794025 0.106274 0.068046
1 0.315897 0.200665 0.065257 0.150667
1 0.717903 0.830225 0.070330 0.160206
1 0.603595 0.413881 0.048526 0.123192
1 0.533086 0.409130 0.058797 0.145512
1 0.375650 0.678484 0.109402 0.063104
1 0.890410 0.709371 0.062765 0.146965
1 0.399848 0.761401 0.108885 0.073739
1 0.865895 0.735543 0.058661 0.147296
1 0.600148 0.393135 0.057482 0.160036
1 0.844957 0.370066 0.034235 0.067288
1 0.365358 0.650597 0.122423 0.065161
1 0.416373 0.820850 0.126039 0.078071
1 0.696082 0.339307 0.055173 0.120946
1 0.412648 0.328326 0.063663 0.153004
1 0.626055 0.377527 0.054089 0.142347
1 0.475891 0.969191 0.039180 0.059381
1 0.638975 0.871500 0.052520 0.128122
1 0.697590 0.339961 0.053728 0.118344
1 0.381261 0.737661 0.116112 0.070140
1 0.368099 0.178148 0.060863 0.128798
