2 0.578473 0.160101 0.057667 0.085593
2 0.439510 0.146069 0.055495 0.090063
2 0.362787 0.796864 0.060317 0.092862
2 0.755495 0.583258 0.066149 0.111522
2 0.302293 0.139744 0.057130 0.086614
2 0.460094 0.556070 0.062087 0.094684
2 0.828245 0.569971 0.058129 0.083379
2 0.150449 0.396218 0.059623 0.092105
2 0.844595 0.834491 0.054518 0.087042
2 0.682503 0.569625 0.054591 0.085142
2 0.533664 0.571165 0.065625 0.106268
2 0.896316 0.680782 0.073915 0.112706
2 0.314715 0.540004 0.058567 0.088023
2 0.246418 0.542140 0.052705 0.083787
