1 0.227091 0.444641 0.037227 0.040655
1 0.274629 0.422130 0.037291 0.040622
1 0.310081 0.599507 0.026486 0.043907
1 0.292211 0.537768 0.039066 0.027291
1 0.358895 0.759835 0.029481 0.017921
1 0.478940 0.408570 0.040106 0.027292
1 0.324468 0.419085 0.039209 0.043229
1 0.434925 0.264029 0.025512 0.024641
1 0.286652 0.516523 0.039779 0.026250
1 0.588317 0.357359 0.041637 0.026403
1 0.363633 0.677391 0.015476 0.035380
1 0.282868 0.614954 0.025330 0.043546
1 0.237037 0.515523 0.042374 0.026037
1 0.775551 0.768320 0.029311 0.014830
1 0.961047 0.798397 0.025940 0.012632
1 0.241760 0.524902 0.040623 0.028452
1 0.342465 0.573507 0.029343 0.049807
1 0.345993 0.482784 0.041493 0.048244
1 0.962166 0.788116 0.025565 0.011959
1 0.373789 0.676768 0.014340 0.035058
1 0.365380 0.553444 0.029881 0.050491
1 0.910779 0.701630 0.025564 0.012028
1 0.464092 0.749128 0.009761 0.032214
1 0.709608 0.768358 0.024659 0.012961
1 0.569587 0.650090 0.026146 0.016724
1 0.428427 0.758824 0.017234 0.034482
1 0.315356 0.676485 0.029442 0.016090
1 0.273503 0.618375 0.026031 0.045779
1 0.370136 0.394397 0.046064 0.032816
1 0.236597 0.641822 0.032199 0.047200
1 0.449804 0.306031 0.023249 0.022785
1 0.325723 0.586557 0.025645 0.043710
1 0.547274 0.876222 0.029825 0.022363
1 0.266202 0.625333 0.025690 0.045932
1 0.577349 0.247597 0.028431 0.027930
1 0.417053 0.897543 0.030518 0.011234
1 0.440141 0.274213 0.026864 0.026928
1 0.630677 0.856197 0.009248 0.034404
1 0.458559 0.317652 0.024571 0.024647
1 0.482662 0.707273 0.032790 0.010933
1 0.442449 0.756226 0.015304 0.034573
1 0.279632 0.572651 0.047456 0.037251
1 0.359682 0.563955 0.027980 0.044474
1 0.284663 0.415441 0.036944 0.041255
1 0.442901 0.712793 0.022809 0.032034
1 0.956959 0.775570 0.032364 0.011895
1 0.696042 0.792883 0.028890 0.014050
1 0.333784 0.581155 0.028318 0.046286
1 0.652053 0.832055 0.032536 0.014854
1 0.281699 0.507436 0.042559 0.029484
1 0.664596 0.775461 0.031646 0.015427
