1 0.313619 0.171881 0.069412 0.051031
1 0.305195 0.203362 0.069782 0.051635
1 0.299146 0.236642 0.069548 0.049575
1 0.321280 0.140412 0.074911 0.053072
1 0.333530 0.113362 0.065412 0.049349
1 0.299487 0.270358 0.068764 0.047893
1 0.368696 0.155691 0.043937 0.097446
1 0.594357 0.135548 0.056335 0.040684
1 0.441440 0.978609 0.053410 0.037449
1 0.714149 0.186709 0.051748 0.038773
1 0.470055 0.302616 0.052125 0.037513
1 0.881463 0.364713 0.036099 0.075032
1 0.293886 0.298258 0.067966 0.048030
1 0.857875 0.623435 0.044290 0.093060
1 0.044753 0.812694 0.052084 0.035249
1 0.355145 0.433421 0.040928 0.076459
1 0.446876 0.202683 0.049316 0.051980
1 0.333172 0.427624 0.038535 0.072731
1 0.859228 0.359511 0.032814 0.078372
1 0.312820 0.421668 0.043057 0.072854
1 0.049324 0.764184 0.078940 0.054402
1 0.931702 0.501525 0.048450 0.127651
1 0.835438 0.613330 0.039000 0.090001
