1 0.417245 0.356850 0.050773 0.023818
1 0.496291 0.309704 0.028803 0.051353
1 0.383841 0.868896 0.054171 0.026791
1 0.582102 0.284452 0.028916 0.055310
1 0.527787 0.294412 0.034041 0.053761
1 0.219111 0.500500 0.051569 0.024970
1 0.356486 0.425457 0.032261 0.048360
1 0.224153 0.516068 0.051257 0.023739
1 0.214201 0.485133 0.051880 0.025187
1 0.315802 0.286191 0.031182 0.049423
1 0.548161 0.293185 0.032253 0.053179
1 0.281843 0.298364 0.028702 0.048988
1 0.690599 0.273445 0.030624 0.054904
1 0.577288 0.387854 0.032593 0.053449
1 0.599397 0.280976 0.028904 0.053200
1 0.302641 0.439996 0.031501 0.049221
1 0.732227 0.265417 0.057051 0.025478
1 0.639144 0.284986 0.032428 0.054486
1 0.456933 0.309795 0.030777 0.052459
1 0.677078 0.487051 0.060041 0.027844
1 0.202639 0.438085 0.057450 0.025269
1 0.239435 0.561110 0.054255 0.024695
1 0.656982 0.282873 0.029270 0.053090
1 0.712438 0.206821 0.059125 0.026609
1 0.198733 0.423564 0.059218 0.024400
1 0.411325 0.341496 0.047364 0.023275
1 0.172803 0.348818 0.060869 0.026234
1 0.674215 0.279348 0.030210 0.051855
1 0.478372 0.247918 0.033975 0.057092
1 0.512041 0.240460 0.032021 0.057399
1 0.420266 0.372598 0.045923 0.021467
1 0.652017 0.364899 0.030615 0.040922
1 0.676037 0.222985 0.029981 0.049280
1 0.594845 0.384229 0.024153 0.038892
1 0.203153 0.454255 0.050855 0.023269
1 0.494958 0.244200 0.029196 0.055108
0 0.751218 0.631690 0.020855 0.023842
1 0.296084 0.485246 0.028049 0.039607
1 0.281861 0.440575 0.032138 0.050052
1 0.190282 0.394413 0.063021 0.026077
1 0.716989 0.221235 0.057449 0.025298
1 0.547674 0.394062 0.031682 0.055452
1 0.620574 0.281627 0.035474 0.055579
1 0.207138 0.471157 0.050765 0.025425
1 0.727156 0.249677 0.059559 0.026908
1 0.227444 0.307637 0.032407 0.052183
0 0.946768 0.203809 0.025247 0.026219
1 0.439613 0.417705 0.058957 0.026249
0 0.882927 0.226425 0.022149 0.025284
1 0.183450 0.379088 0.062991 0.025431
0 0.667172 0.829731 0.032387 0.025118
0 0.720635 0.638247 0.021775 0.031212
0 0.825360 0.216615 0.017625 0.024466
0 0.843709 0.156470 0.016892 0.025620
1 0.321619 0.435179 0.029061 0.048684
0 0.912344 0.091838 0.030698 0.018505
1 0.692715 0.351132 0.063024 0.023198
0 0.904892 0.215467 0.026510 0.026197
0 0.815595 0.161664 0.019738 0.026740
1 0.638768 0.229468 0.029096 0.053782
1 0.435130 0.402101 0.061926 0.025231
0 0.869233 0.230015 0.020868 0.021081
0 0.765274 0.627545 0.019189 0.023323
0 0.944515 0.178295 0.026284 0.025662
1 0.474128 0.446526 0.046377 0.047924
1 0.401303 0.279482 0.051952 0.023834
0 0.830043 0.159175 0.019719 0.028255
0 0.115398 0.277743 0.030920 0.016674
0 0.702870 0.640923 0.015994 0.022293
0 0.932431 0.207877 0.024034 0.024670
1 0.264585 0.300743 0.028069 0.048258
1 0.235729 0.547144 0.055501 0.023549
1 0.530422 0.236391 0.031767 0.062345
1 0.747279 0.294319 0.042334 0.021882
1 0.440075 0.253179 0.029922 0.041405
1 0.229606 0.531978 0.051653 0.022936
1 0.398354 0.295727 0.055941 0.023415
1 0.334093 0.282211 0.028294 0.048455
1 0.195753 0.408864 0.062422 0.026069
1 0.564586 0.290275 0.028144 0.051691
1 0.246425 0.304451 0.029658 0.052133
0 0.815801 0.630995 0.030996 0.016819
0 0.779645 0.624299 0.019728 0.025117
1 0.526045 0.393162 0.024884 0.047005
1 0.656745 0.225666 0.030910 0.050969
0 0.893110 0.261955 0.028176 0.016583
1 0.408172 0.324691 0.042064 0.020354
1 0.372863 0.469005 0.039210 0.040707
0 0.761826 0.724368 0.023212 0.029793
0 0.569762 0.850599 0.029111 0.027201
0 0.857241 0.712407 0.028821 0.018097
0 0.963573 0.200864 0.024040 0.023692
0 0.472811 0.196449 0.029456 0.016345
1 0.478268 0.313607 0.028469 0.051364
1 0.432371 0.457111 0.044927 0.047203
1 0.354069 0.474333 0.037195 0.040523
0 0.868973 0.062553 0.029263 0.015760
