1 0.671432 0.484195 0.067007 0.048308
1 0.505471 0.590909 0.039812 0.062074
1 0.480665 0.472453 0.051421 0.041450
1 0.649159 0.675628 0.039034 0.060381
1 0.551190 0.426785 0.047515 0.036389
1 0.397471 0.431416 0.053691 0.042114
1 0.549443 0.566789 0.053828 0.042523
1 0.602895 0.649588 0.040054 0.064113
1 0.669881 0.680157 0.039359 0.063406
1 0.748896 0.518501 0.072345 0.047851
1 0.600643 0.448239 0.053748 0.033648
1 0.343171 0.506830 0.061972 0.101737
1 0.633541 0.668466 0.038273 0.060418
1 0.523256 0.604633 0.039754 0.061051
1 0.557755 0.621970 0.036488 0.061677
1 0.534305 0.500263 0.052407 0.041614
1 0.402066 0.532431 0.045279 0.066477
1 0.618761 0.660090 0.039208 0.060494
1 0.469191 0.568419 0.036875 0.062245
1 0.517477 0.466474 0.037097 0.032672
1 0.380406 0.524205 0.044816 0.057553
1 0.910856 0.654428 0.056620 0.036942
1 0.204097 0.384270 0.052379 0.041243
1 0.449804 0.563868 0.030623 0.051986
0 0.971695 0.656702 0.018751 0.034020
1 0.278639 0.479834 0.029120 0.046987
1 0.294597 0.489022 0.034856 0.061892
1 0.716894 0.563214 0.051480 0.039720
1 0.313393 0.490855 0.031406 0.060622
1 0.543127 0.613020 0.038372 0.062674
0 0.991990 0.707131 0.015576 0.033646
0 0.841098 0.621423 0.014917 0.029775
1 0.571617 0.632762 0.035833 0.060309
0 0.550675 0.482049 0.028888 0.028251
0 0.820027 0.619777 0.022310 0.028274
1 0.419040 0.541678 0.036675 0.055224
0 0.172005 0.867432 0.027800 0.033536
