1 0.353271 0.282988 0.035523 0.116614
1 0.492642 0.262266 0.045299 0.128657
1 0.457085 0.268884 0.043556 0.123336
1 0.590097 0.262212 0.040093 0.103065
1 0.853289 0.200812 0.048816 0.122563
1 0.685342 0.515384 0.041478 0.141113
1 0.249751 0.300834 0.039331 0.113356
1 0.291409 0.184435 0.131663 0.062314
1 0.652442 0.520566 0.037042 0.132250
1 0.216191 0.300041 0.036642 0.090434
1 0.819314 0.202205 0.043599 0.117257
1 0.722696 0.214525 0.049095 0.127885
1 0.412259 0.652528 0.081185 0.049173
1 0.723539 0.505182 0.044908 0.143219
1 0.692533 0.416230 0.102893 0.045328
1 0.472628 0.427878 0.087033 0.043225
1 0.422379 0.274550 0.045005 0.119361
1 0.315716 0.821404 0.035664 0.106975
1 0.266317 0.456171 0.125305 0.062798
1 0.409021 0.483023 0.171001 0.078815
1 0.787694 0.212091 0.042879 0.112752
1 0.558095 0.265882 0.041651 0.143766
0 0.876400 0.460439 0.025302 0.052840
1 0.658301 0.239628 0.041944 0.131757
1 0.243290 0.563581 0.098548 0.047891
1 0.384060 0.437000 0.077991 0.050344
1 0.757708 0.218474 0.033960 0.090615
1 0.795714 0.415088 0.103434 0.049444
1 0.625760 0.241258 0.042113 0.128932
1 0.359753 0.615169 0.143431 0.078654
1 0.691601 0.222426 0.036992 0.138996
1 0.908869 0.353816 0.114488 0.051739
