1 0.427747 0.755235 0.069694 0.090511
1 0.700106 0.524703 0.137632 0.045813
1 0.626804 0.716100 0.071021 0.090656
1 0.676366 0.698067 0.084232 0.093505
1 0.372993 0.766478 0.081381 0.096494
1 0.247701 0.734790 0.134756 0.041113
1 0.576501 0.726225 0.060906 0.087228
1 0.727912 0.552197 0.131617 0.043688
1 0.155809 0.679745 0.138826 0.040969
1 0.801449 0.632758 0.149043 0.046530
1 0.531060 0.732273 0.063481 0.083112
1 0.699999 0.431219 0.177576 0.049536
1 0.298248 0.655450 0.140208 0.042330
1 0.791118 0.606339 0.159328 0.043330
0 0.259180 0.450033 0.043634 0.036773
0 0.036355 0.553583 0.072709 0.031565
1 0.471606 0.744912 0.060601 0.095367
