2 0.896598 0.903503 0.020873 0.072497
2 0.656928 0.244991 0.033576 0.100092
2 0.350377 0.506720 0.029179 0.088949
2 0.346697 0.694496 0.030191 0.086581
2 0.763068 0.461674 0.035138 0.105888
2 0.270327 0.699298 0.021550 0.064788
2 0.270539 0.486663 0.031024 0.090203
2 0.212307 0.693140 0.029622 0.078445
2 0.269495 0.790682 0.027608 0.079155
2 0.414162 0.372120 0.027860 0.081944
2 0.320911 0.242920 0.030567 0.085525
2 0.212179 0.244548 0.028758 0.083255
2 0.349308 0.872857 0.024996 0.079898
2 0.519080 0.906365 0.029707 0.098246
2 0.210138 0.602558 0.027982 0.076635
2 0.767772 0.221863 0.032696 0.111471
2 0.549016 0.603238 0.024767 0.073771
2 0.411912 0.132820 0.028347 0.088471
2 0.348741 0.133164 0.026578 0.078524
2 0.347117 0.373714 0.030834 0.085101
2 0.705106 0.806645 0.032269 0.105816
2 0.274583 0.135040 0.027836 0.083631
2 0.582922 0.844187 0.026995 0.095292
2 0.119632 0.414383 0.022685 0.065927
2 0.210652 0.424780 0.025984 0.076456
2 0.310712 0.713726 0.023536 0.074617
2 0.270096 0.599762 0.026853 0.075086
2 0.683933 0.903331 0.036009 0.107076
2 0.415152 0.246029 0.033087 0.104183
2 0.547201 0.390888 0.030698 0.089656
2 0.688894 0.733528 0.030724 0.102778
2 0.211951 0.331377 0.031526 0.081472
2 0.348112 0.605117 0.026616 0.078484
2 0.965250 0.901501 0.033113 0.103803
2 0.450775 0.646555 0.016952 0.056171
2 0.490973 0.615684 0.018606 0.042847
2 0.212348 0.783529 0.029625 0.080226
2 0.779185 0.890392 0.029919 0.091912
2 0.347379 0.784273 0.030332 0.083865
2 0.708411 0.090745 0.030299 0.098490
2 0.703501 0.552111 0.028101 0.095715
2 0.413685 0.599536 0.031654 0.107561
2 0.719378 0.628575 0.033564 0.108404
2 0.116668 0.485335 0.024016 0.065322
2 0.932425 0.903069 0.027529 0.097716
2 0.120406 0.240510 0.018656 0.056165
2 0.864014 0.910592 0.034249 0.098327
2 0.212626 0.515347 0.027131 0.078655
2 0.747966 0.389475 0.034209 0.108614
2 0.783350 0.286022 0.032484 0.112575
2 0.718932 0.889826 0.033725 0.109317
2 0.121330 0.297542 0.016551 0.047494
2 0.268930 0.878351 0.017347 0.052322
2 0.779062 0.534729 0.031662 0.098423
2 0.653891 0.487412 0.036771 0.120399
2 0.122740 0.601172 0.020245 0.050543
2 0.269754 0.254316 0.023509 0.074494
2 0.101718 0.764641 0.016440 0.049989
2 0.121694 0.547381 0.019934 0.048170
2 0.490500 0.391603 0.015976 0.047099
2 0.654312 0.574309 0.035971 0.109617
2 0.857478 0.090905 0.030503 0.098563
2 0.038763 0.897749 0.015549 0.059502
2 0.413308 0.878973 0.021007 0.054398
2 0.020171 0.100784 0.016231 0.057884
2 0.120633 0.766890 0.013163 0.038601
2 0.413903 0.599884 0.033251 0.107072
2 0.114650 0.678159 0.019879 0.051011
2 0.114542 0.742048 0.014655 0.037419
2 0.054080 0.902634 0.016268 0.055205
2 0.823920 0.776764 0.020079 0.062789
2 0.752983 0.144308 0.030510 0.095024
2 0.063809 0.763751 0.012440 0.046233
2 0.083335 0.763043 0.013949 0.049803
2 0.656356 0.244273 0.036131 0.099863
2 0.093338 0.895539 0.022113 0.074172
2 0.212690 0.872573 0.028521 0.081829
2 0.806207 0.067353 0.019358 0.057509
2 0.053452 0.112274 0.016490 0.058725
