2 0.246981 0.555562 0.024038 0.033646
2 0.323283 0.559497 0.025138 0.026707
2 0.667526 0.875980 0.021870 0.029013
2 0.690405 0.873334 0.024383 0.023672
2 0.297847 0.558090 0.023351 0.027836
2 0.455657 0.475651 0.023559 0.028676
2 0.602566 0.618491 0.021762 0.024923
2 0.571196 0.872603 0.021245 0.023637
2 0.277308 0.469979 0.020894 0.024875
2 0.609565 0.480860 0.024705 0.028600
2 0.953634 0.216536 0.021213 0.015507
2 0.932674 0.846941 0.020586 0.018821
2 0.354928 0.562864 0.020184 0.022862
2 0.332299 0.468407 0.022464 0.024665
2 0.315537 0.854267 0.032654 0.033628
2 0.667356 0.283489 0.019943 0.023912
2 0.903608 0.532066 0.016766 0.015314
2 0.379216 0.474161 0.026449 0.031532
2 0.753455 0.083810 0.021005 0.033029
2 0.635622 0.283274 0.020882 0.023216
2 0.482029 0.566898 0.038658 0.039701
2 0.468646 0.108544 0.023745 0.028552
2 0.404122 0.129941 0.022218 0.020335
2 0.431985 0.474200 0.023139 0.026517
2 0.664505 0.482498 0.023070 0.027218
2 0.638766 0.483389 0.023820 0.024672
2 0.632691 0.574977 0.023336 0.028157
2 0.750805 0.768070 0.012294 0.013788
2 0.907149 0.550846 0.017012 0.013512
2 0.440458 0.206703 0.021477 0.022400
2 0.688438 0.485853 0.023495 0.027409
2 0.842203 0.549194 0.016877 0.021727
2 0.644992 0.875031 0.026800 0.031122
2 0.865738 0.489662 0.020416 0.024718
2 0.744799 0.488773 0.019575 0.022270
2 0.428978 0.866512 0.024426 0.027745
2 0.306685 0.471705 0.024249 0.027777
2 0.417210 0.166947 0.027781 0.025198
2 0.402930 0.472886 0.023827 0.026753
2 0.843932 0.802740 0.018279 0.015192
2 0.495101 0.164943 0.022834 0.022825
2 0.355940 0.472089 0.025059 0.029779
2 0.885250 0.492148 0.019019 0.021416
2 0.589504 0.212931 0.022950 0.025042
2 0.483400 0.277063 0.019300 0.022802
2 0.651580 0.661629 0.020505 0.017037
2 0.464860 0.206563 0.019757 0.021259
2 0.708548 0.090012 0.013161 0.016733
2 0.633309 0.214167 0.024143 0.029247
2 0.686099 0.795025 0.024386 0.029073
2 0.565022 0.211962 0.025561 0.027159
2 0.340000 0.205225 0.023301 0.026717
2 0.957416 0.185607 0.018157 0.013687
2 0.357586 0.864799 0.022203 0.026754
2 0.384305 0.273408 0.020876 0.021969
2 0.930543 0.821282 0.030041 0.029267
2 0.336831 0.271123 0.020586 0.023223
2 0.387510 0.207342 0.020969 0.026080
2 0.450650 0.866391 0.023343 0.026910
2 0.814410 0.456234 0.013246 0.018424
2 0.686629 0.362420 0.018418 0.014365
2 0.684938 0.573850 0.016914 0.019504
2 0.951600 0.244494 0.019110 0.015641
2 0.381334 0.564138 0.024067 0.029329
2 0.506898 0.290219 0.024541 0.026561
2 0.950894 0.271860 0.022745 0.019192
2 0.406128 0.566511 0.025087 0.027900
2 0.742523 0.578192 0.015585 0.020622
2 0.730995 0.092038 0.015868 0.020657
2 0.685936 0.087933 0.016316 0.020745
2 0.789635 0.872578 0.012523 0.012311
2 0.361135 0.271900 0.018814 0.021659
2 0.352620 0.075149 0.018773 0.020257
2 0.459166 0.275470 0.022250 0.027266
2 0.787887 0.423127 0.015677 0.017039
2 0.918220 0.571878 0.015312 0.017623
2 0.904845 0.572425 0.015277 0.018455
2 0.586040 0.482032 0.023782 0.026665
2 0.765056 0.488387 0.015543 0.020771
2 0.674624 0.175971 0.026160 0.025166
2 0.703936 0.574997 0.017752 0.019708
2 0.255732 0.467081 0.022810 0.026502
2 0.796686 0.581700 0.015689 0.018632
2 0.631105 0.087062 0.019220 0.020681
2 0.750945 0.781229 0.011021 0.012879
2 0.611009 0.282028 0.016787 0.020284
2 0.594846 0.872414 0.021153 0.024406
2 0.722659 0.654287 0.017255 0.020415
2 0.722464 0.487031 0.016403 0.019529
2 0.510353 0.209723 0.026203 0.031342
2 0.048593 0.346829 0.021166 0.022614
2 0.654767 0.087457 0.014524 0.019263
2 0.790904 0.844707 0.012752 0.012138
2 0.547589 0.871524 0.028475 0.032303
2 0.844746 0.609395 0.018935 0.021962
2 0.889683 0.572147 0.016068 0.019863
2 0.848850 0.456837 0.013573 0.019172
2 0.876989 0.610604 0.018467 0.022487
2 0.792480 0.814759 0.011195 0.011311
2 0.915641 0.514573 0.016086 0.015505
2 0.593172 0.659288 0.016436 0.014213
2 0.919173 0.602009 0.015458 0.014469
2 0.867210 0.508607 0.029294 0.022141
2 0.918866 0.587897 0.016784 0.016836
2 0.792042 0.829736 0.011202 0.010875
2 0.780087 0.581285 0.016328 0.019950
2 0.364355 0.205583 0.024775 0.028508
2 0.464532 0.546578 0.027957 0.029918
2 0.805661 0.634910 0.019448 0.023820
2 0.766709 0.810420 0.013968 0.017036
2 0.780569 0.490247 0.015492 0.021744
2 0.410621 0.273576 0.020813 0.025381
2 0.894145 0.610591 0.016294 0.021365
2 0.364043 0.202873 0.026157 0.026308
2 0.438054 0.277147 0.022627 0.025113
2 0.749887 0.811615 0.013087 0.013842
2 0.444189 0.078970 0.021932 0.025425
2 0.315233 0.206858 0.026579 0.030499
2 0.789292 0.887909 0.012314 0.013683
2 0.306409 0.072797 0.019642 0.023112
2 0.931462 0.532313 0.019640 0.016541
2 0.790522 0.858088 0.011249 0.011488
