1 0.246346 0.608083 0.102014 0.035641
1 0.407862 0.858278 0.091318 0.038364
1 0.486178 0.855583 0.095870 0.042069
1 0.447290 0.857031 0.091309 0.039958
1 0.252131 0.650466 0.107924 0.031812
1 0.252095 0.635829 0.107705 0.030421
1 0.694398 0.190341 0.026031 0.044331
1 0.249436 0.622142 0.105871 0.033759
1 0.731077 0.192473 0.032539 0.048245
1 0.549986 0.632549 0.088425 0.037449
1 0.843241 0.359832 0.028668 0.046974
1 0.798752 0.194879 0.034421 0.048799
1 0.431049 0.024447 0.040117 0.046176
1 0.446872 0.620182 0.091049 0.041338
1 0.626144 0.841422 0.108844 0.012806
1 0.367732 0.857777 0.091611 0.039739
1 0.772134 0.363605 0.032465 0.045845
1 0.587077 0.695392 0.030441 0.047172
1 0.711515 0.367836 0.029419 0.046278
1 0.877251 0.360610 0.032154 0.046574
1 0.551464 0.650349 0.091091 0.041663
1 0.764875 0.193548 0.030011 0.047487
1 0.445301 0.635010 0.088098 0.039779
1 0.543485 0.617079 0.088524 0.040447
1 0.264560 0.074617 0.117346 0.009930
1 0.260570 0.050125 0.105862 0.013849
