1 0.511595 0.519943 0.059184 0.033781
1 0.704939 0.171902 0.053259 0.033635
1 0.547152 0.219078 0.039623 0.043129
1 0.654965 0.488826 0.048532 0.028841
1 0.326064 0.509725 0.058583 0.029509
1 0.648927 0.473258 0.055763 0.032471
1 0.716979 0.181183 0.053486 0.032715
1 0.893316 0.422841 0.052908 0.030995
1 0.288156 0.470302 0.042449 0.046925
1 0.423275 0.402952 0.039464 0.046157
1 0.441133 0.397365 0.040938 0.047607
1 0.643636 0.458161 0.049576 0.031623
1 0.379467 0.484687 0.055223 0.035094
1 0.557207 0.334771 0.035129 0.038207
1 0.333986 0.689783 0.035300 0.039837
1 0.169752 0.427901 0.058872 0.037824
1 0.316475 0.453882 0.042207 0.046202
1 0.414858 0.466386 0.053712 0.036607
1 0.457266 0.390871 0.040781 0.046381
1 0.617279 0.434371 0.054948 0.033115
1 0.844492 0.351085 0.046589 0.030183
1 0.462430 0.442263 0.056230 0.034153
1 0.319023 0.696686 0.034868 0.038877
1 0.596877 0.179430 0.039725 0.046149
1 0.536452 0.407892 0.049789 0.022606
1 0.852023 0.363333 0.045077 0.029571
1 0.448840 0.452943 0.052741 0.035654
1 0.342383 0.499906 0.045566 0.026931
1 0.363872 0.431559 0.038910 0.044955
1 0.356415 0.491864 0.049347 0.030692
1 0.649235 0.543879 0.038969 0.041939
1 0.614740 0.418193 0.048185 0.029172
1 0.124600 0.651204 0.034715 0.039035
1 0.574131 0.329044 0.036046 0.038173
1 0.833464 0.340260 0.051918 0.034135
1 0.347620 0.679539 0.038256 0.046251
1 0.529943 0.532399 0.053549 0.033648
1 0.364324 0.673580 0.038531 0.044721
1 0.591334 0.570663 0.031012 0.030517
1 0.630181 0.447859 0.054968 0.032955
1 0.138048 0.639581 0.034144 0.038940
1 0.218579 0.366326 0.041927 0.044208
1 0.602385 0.313038 0.037725 0.039644
1 0.611667 0.170857 0.038106 0.041745
1 0.286073 0.390154 0.057003 0.018753
1 0.912219 0.444858 0.050022 0.029654
1 0.430484 0.458839 0.051687 0.035541
1 0.500081 0.235535 0.040858 0.046147
1 0.332197 0.365246 0.052596 0.016306
1 0.724935 0.193546 0.054047 0.032765
1 0.156475 0.636059 0.041415 0.043812
1 0.677715 0.121004 0.046312 0.028254
1 0.581965 0.186135 0.041260 0.046708
1 0.379605 0.665041 0.040590 0.045761
1 0.358918 0.353197 0.048576 0.013406
1 0.170648 0.627457 0.042884 0.047175
1 0.733827 0.205986 0.053470 0.032158
1 0.487323 0.376000 0.039549 0.045075
1 0.289001 0.568378 0.043190 0.047312
1 0.788204 0.279233 0.054901 0.034687
1 0.591427 0.324834 0.041822 0.042516
1 0.694106 0.145234 0.045271 0.027956
1 0.568360 0.193571 0.039475 0.044323
1 0.334252 0.446946 0.043651 0.047750
1 0.826184 0.327080 0.047993 0.030437
1 0.888094 0.408974 0.048094 0.027942
1 0.797439 0.292075 0.057001 0.034897
1 0.509614 0.281455 0.060477 0.016620
1 0.601202 0.360015 0.055760 0.014753
1 0.517054 0.416208 0.056609 0.026602
1 0.621698 0.308326 0.034431 0.038622
1 0.530154 0.353830 0.043800 0.045804
1 0.634004 0.551286 0.037978 0.042087
1 0.236264 0.359792 0.041743 0.044639
1 0.471389 0.381543 0.040049 0.044335
1 0.305981 0.377844 0.054418 0.013663
1 0.200790 0.613445 0.041490 0.045101
1 0.212668 0.604374 0.035264 0.039922
1 0.618071 0.556929 0.036872 0.041211
1 0.556213 0.203320 0.040861 0.045238
1 0.286461 0.706629 0.039159 0.045481
1 0.303120 0.462175 0.041188 0.045279
1 0.444324 0.265911 0.042409 0.047206
1 0.742472 0.217983 0.049242 0.029793
1 0.700918 0.157474 0.044545 0.027238
1 0.280180 0.339108 0.038407 0.042250
1 0.471710 0.249729 0.041735 0.046650
1 0.771298 0.457477 0.053910 0.033155
1 0.302158 0.700167 0.039852 0.044546
1 0.500259 0.367263 0.039491 0.046485
1 0.499859 0.425834 0.058287 0.027273
1 0.427033 0.327785 0.054942 0.012519
1 0.660132 0.531865 0.038625 0.041180
1 0.379190 0.425775 0.039770 0.044491
1 0.395672 0.474840 0.054958 0.034575
1 0.153372 0.419442 0.059862 0.039282
1 0.259157 0.722902 0.038792 0.043458
1 0.879985 0.397788 0.050701 0.029978
1 0.806696 0.196067 0.032112 0.030775
1 0.790970 0.486451 0.059501 0.035361
1 0.397250 0.636358 0.045299 0.050717
1 0.255425 0.398231 0.057487 0.025302
1 0.349140 0.439039 0.039853 0.046615
1 0.244672 0.590963 0.041648 0.045716
1 0.385503 0.294494 0.039857 0.045677
1 0.686942 0.132922 0.046431 0.028078
1 0.572305 0.386219 0.059838 0.023533
1 0.384168 0.340133 0.058924 0.013081
0 0.868909 0.160621 0.028224 0.019409
1 0.266374 0.345754 0.041105 0.043695
1 0.545845 0.346551 0.043155 0.046574
1 0.323093 0.319006 0.040091 0.045449
1 0.414555 0.279555 0.043361 0.048379
1 0.392257 0.417766 0.038416 0.045535
1 0.249523 0.350920 0.038395 0.042299
1 0.763329 0.139978 0.032734 0.031457
1 0.790710 0.486352 0.058250 0.035479
0 0.849910 0.510746 0.030804 0.020801
1 0.398856 0.286392 0.044443 0.049869
1 0.771873 0.151311 0.030592 0.029681
1 0.678961 0.526482 0.034213 0.033012
1 0.566249 0.587275 0.029542 0.029268
1 0.399281 0.287766 0.042196 0.047888
1 0.232589 0.600631 0.040581 0.044925
1 0.185685 0.619582 0.041920 0.044464
1 0.906517 0.433201 0.044260 0.027162
1 0.870571 0.385826 0.047681 0.028841
1 0.243676 0.730351 0.037917 0.043272
1 0.535291 0.547909 0.056412 0.031836
1 0.781038 0.471880 0.057204 0.034355
1 0.228746 0.736650 0.038648 0.044737
1 0.196104 0.749654 0.039566 0.044625
1 0.486407 0.435882 0.057636 0.029945
1 0.384033 0.643983 0.040581 0.043037
1 0.936913 0.193419 0.033789 0.026729
1 0.575763 0.574959 0.027354 0.029031
1 0.482361 0.298872 0.058008 0.012482
1 0.805674 0.305882 0.056262 0.035266
1 0.309694 0.326766 0.040310 0.046343
1 0.640480 0.346246 0.052034 0.012968
1 0.274330 0.717245 0.035590 0.039787
1 0.257743 0.582061 0.040498 0.044292
0 0.833103 0.237308 0.028310 0.025943
