1 0.338736 0.444351 0.040589 0.046118
1 0.366712 0.597725 0.038761 0.050694
1 0.376985 0.350484 0.041673 0.025937
1 0.335954 0.424940 0.039907 0.045184
1 0.383891 0.389071 0.040068 0.024243
1 0.391421 0.426719 0.039402 0.023451
1 0.212237 0.392204 0.041417 0.027160
1 0.348701 0.504127 0.037711 0.049660
1 0.182184 0.558261 0.042557 0.031449
1 0.171591 0.496005 0.040226 0.029370
1 0.327433 0.367727 0.038405 0.047759
1 0.705010 0.624616 0.036131 0.047747
1 0.405595 0.522863 0.040988 0.025403
1 0.034326 0.869663 0.038437 0.026198
1 0.016797 0.743024 0.033214 0.024556
1 0.161091 0.400460 0.041177 0.029916
1 0.562643 0.707907 0.038699 0.048327
1 0.376695 0.656131 0.037668 0.045262
1 0.207416 0.691471 0.041617 0.027726
1 0.034212 0.852287 0.037554 0.025770
1 0.587928 0.535619 0.041460 0.027763
1 0.530750 0.556283 0.039581 0.049426
1 0.201546 0.653877 0.043332 0.023989
1 0.401038 0.483990 0.042340 0.025526
1 0.604318 0.631034 0.042180 0.026494
1 0.591716 0.573620 0.042414 0.028124
1 0.709838 0.664442 0.036780 0.049583
1 0.169687 0.458223 0.042188 0.029416
1 0.218666 0.750235 0.041443 0.024614
1 0.294671 0.850312 0.042358 0.026907
1 0.373178 0.635960 0.038786 0.044110
1 0.387599 0.713061 0.037710 0.048023
1 0.355827 0.540324 0.041798 0.049004
1 0.418583 0.580943 0.042353 0.022100
1 0.054236 0.961121 0.037379 0.025262
1 0.215949 0.731040 0.042747 0.025205
1 0.619079 0.708090 0.043005 0.028597
1 0.039647 0.889638 0.038317 0.022806
1 0.286172 0.813728 0.041724 0.023733
1 0.034920 0.609270 0.035276 0.028962
1 0.077341 0.843370 0.034641 0.022514
1 0.026932 0.814668 0.039486 0.026141
1 0.713988 0.725867 0.035613 0.049648
1 0.690684 0.485531 0.037766 0.049258
1 0.046188 0.908105 0.036417 0.021953
1 0.840453 0.640997 0.035809 0.048627
1 0.070308 0.803581 0.034657 0.020806
1 0.166062 0.440115 0.043076 0.028255
1 0.595476 0.592975 0.042865 0.027380
1 0.523249 0.496748 0.037775 0.048928
1 0.425350 0.618344 0.042128 0.025467
1 0.243863 0.588479 0.040971 0.031254
1 0.536730 0.572990 0.038600 0.047426
1 0.836078 0.623676 0.035821 0.047776
1 0.241684 0.568661 0.042501 0.028922
1 0.404440 0.504408 0.040978 0.024173
1 0.456802 0.812407 0.033187 0.020753
1 0.047730 0.699536 0.035123 0.019462
1 0.341768 0.486878 0.038539 0.048075
1 0.743320 0.592788 0.035093 0.032840
1 0.362653 0.578460 0.040715 0.046254
1 0.695716 0.525019 0.036394 0.048617
1 0.017332 0.759647 0.034663 0.025877
1 0.703822 0.603492 0.037119 0.049988
1 0.069823 0.785635 0.037321 0.021446
1 0.252226 0.628380 0.040944 0.028096
1 0.415570 0.562374 0.042899 0.022818
1 0.374721 0.330264 0.041780 0.025749
1 0.736921 0.493262 0.031744 0.031216
1 0.079708 0.862459 0.034592 0.025370
1 0.399756 0.791092 0.040245 0.044348
1 0.627141 0.784978 0.031106 0.025033
1 0.235818 0.511781 0.040274 0.028699
1 0.023494 0.797064 0.037791 0.024901
1 0.580303 0.802948 0.039172 0.048160
1 0.739649 0.531862 0.032632 0.030276
1 0.757967 0.736599 0.032915 0.035230
1 0.237500 0.846379 0.040376 0.022274
1 0.032233 0.834698 0.038472 0.025771
1 0.754800 0.694924 0.033385 0.033904
1 0.743528 0.573128 0.033258 0.031181
1 0.548897 0.629230 0.038276 0.047276
1 0.741610 0.552427 0.032550 0.030489
1 0.041242 0.646017 0.036205 0.021610
1 0.257676 0.668394 0.044082 0.032368
1 0.527683 0.514640 0.037628 0.050024
1 0.588951 0.554109 0.040712 0.026361
1 0.294344 0.867752 0.043160 0.026327
1 0.693615 0.503836 0.036542 0.050551
1 0.751617 0.674445 0.032680 0.032197
1 0.226116 0.790298 0.041091 0.023304
1 0.176021 0.516046 0.043802 0.028664
1 0.825672 0.546131 0.035929 0.048685
1 0.749408 0.632191 0.031997 0.032376
1 0.236844 0.530656 0.040851 0.029857
1 0.321912 0.348079 0.039753 0.046604
1 0.575380 0.474882 0.042259 0.022709
1 0.830639 0.562871 0.036304 0.049149
1 0.123703 0.724981 0.020160 0.058439
1 0.042090 0.665557 0.034940 0.023911
1 0.576600 0.496219 0.041367 0.025455
1 0.699732 0.564845 0.037108 0.048659
1 0.088662 0.898183 0.036424 0.027882
1 0.749989 0.653311 0.031461 0.032097
1 0.606259 0.650693 0.043217 0.027831
1 0.332832 0.404165 0.039445 0.047815
1 0.073988 0.823946 0.034239 0.020891
1 0.847660 0.800398 0.031235 0.021996
1 0.439145 0.697159 0.041229 0.022782
1 0.060861 0.750774 0.035873 0.024360
1 0.755851 0.714130 0.032706 0.035209
1 0.228491 0.491212 0.045157 0.030244
1 0.407448 0.828988 0.040484 0.046489
1 0.246924 0.904573 0.039948 0.024352
1 0.021949 0.552339 0.036443 0.025021
1 0.020526 0.534528 0.036933 0.026475
1 0.623178 0.744912 0.034621 0.024720
1 0.015798 0.496390 0.031596 0.026192
1 0.017401 0.514941 0.034802 0.025834
1 0.012443 0.705562 0.024885 0.027041
1 0.390753 0.732548 0.037234 0.046292
1 0.551658 0.649537 0.038680 0.046454
1 0.558353 0.688954 0.038913 0.046226
1 0.237186 0.548636 0.040896 0.028693
1 0.737640 0.475010 0.029300 0.029564
1 0.633984 0.766766 0.032624 0.022766
1 0.046817 0.924115 0.037648 0.026045
1 0.013525 0.458805 0.027051 0.026298
1 0.707300 0.645474 0.037855 0.048263
1 0.426961 0.638591 0.041704 0.023864
1 0.402728 0.810446 0.038641 0.043708
1 0.819067 0.530320 0.029795 0.040141
1 0.427058 0.603559 0.041398 0.026453
1 0.025512 0.570068 0.034936 0.022215
1 0.253993 0.646903 0.041942 0.027851
1 0.051349 0.942702 0.039735 0.025897
1 0.452447 0.792297 0.035377 0.023746
1 0.014891 0.478054 0.029783 0.029857
1 0.238076 0.865897 0.040674 0.023335
1 0.701854 0.585084 0.037044 0.047239
