1 0.139237 0.404128 0.082627 0.040020
1 0.462733 0.549686 0.083772 0.042229
1 0.656905 0.320483 0.083059 0.042522
1 0.694434 0.446311 0.083387 0.040347
1 0.481240 0.610563 0.083735 0.040080
1 0.499522 0.671587 0.082122 0.040639
1 0.450185 0.509518 0.081898 0.040215
1 0.672178 0.684179 0.078809 0.038470
1 0.518871 0.733176 0.081895 0.039157
1 0.468829 0.570007 0.082688 0.039989
1 0.456322 0.529149 0.083303 0.040488
1 0.662702 0.341213 0.083201 0.042388
1 0.506029 0.692170 0.081837 0.041188
1 0.805469 0.211733 0.091869 0.043138
1 0.487582 0.630867 0.083500 0.040671
1 0.475151 0.590438 0.082498 0.038815
1 0.821836 0.273013 0.084211 0.041254
1 0.668938 0.362871 0.084459 0.043190
1 0.763884 0.673984 0.084278 0.041909
1 0.678466 0.703532 0.078276 0.038492
1 0.602039 0.448806 0.082726 0.040002
1 0.493504 0.650965 0.083236 0.039815
1 0.855195 0.436272 0.068440 0.039157
1 0.511644 0.712592 0.080925 0.040764
1 0.700759 0.467035 0.082009 0.040473
1 0.930049 0.669525 0.065109 0.036178
1 0.151426 0.439565 0.080891 0.041793
1 0.649361 0.300527 0.081983 0.042916
1 0.673975 0.386232 0.082224 0.043613
1 0.395829 0.441027 0.046180 0.086228
1 0.757030 0.653498 0.084508 0.040680
1 0.751856 0.632081 0.087698 0.042834
1 0.835398 0.312086 0.091808 0.044106
1 0.768960 0.695570 0.083042 0.040574
1 0.158127 0.461036 0.080342 0.040824
1 0.928410 0.629203 0.081692 0.041311
1 0.705672 0.487414 0.083618 0.040231
1 0.524262 0.752064 0.082902 0.038585
1 0.442533 0.489265 0.081365 0.039809
1 0.891385 0.492766 0.090464 0.043884
1 0.847650 0.351901 0.089694 0.046238
1 0.685038 0.723437 0.078174 0.039921
1 0.607169 0.467979 0.081784 0.038457
1 0.646997 0.278747 0.077190 0.037670
1 0.928631 0.648993 0.072540 0.039588
1 0.814394 0.253806 0.082330 0.038196
1 0.685218 0.425187 0.083544 0.042436
1 0.917834 0.589985 0.083242 0.039347
1 0.897705 0.510953 0.090266 0.047005
1 0.267084 0.834939 0.081461 0.038390
1 0.613716 0.489570 0.080016 0.038148
1 0.884538 0.470958 0.089871 0.047946
1 0.828072 0.293130 0.087798 0.041544
1 0.863632 0.455771 0.066825 0.036913
1 0.648613 0.301085 0.082816 0.041916
1 0.273677 0.853753 0.081618 0.038319
1 0.863392 0.455587 0.065465 0.037413
1 0.907055 0.550463 0.088315 0.042057
1 0.852733 0.395317 0.080572 0.047082
1 0.840680 0.333299 0.086602 0.040385
1 0.811252 0.232123 0.090329 0.042452
1 0.665545 0.662871 0.079823 0.039574
1 0.419318 0.432420 0.049574 0.082479
1 0.711417 0.783532 0.084283 0.037846
1 0.704954 0.488316 0.083900 0.039837
1 0.684810 0.425561 0.083437 0.040921
1 0.926818 0.607042 0.089829 0.044163
1 0.595324 0.421158 0.085780 0.049864
