1 0.703628 0.132691 0.039553 0.055820
1 0.376513 0.600464 0.031218 0.053685
1 0.072821 0.569462 0.053800 0.015852
1 0.276920 0.530651 0.029659 0.054892
1 0.130600 0.395120 0.048634 0.014320
1 0.633885 0.134659 0.038663 0.056679
1 0.072794 0.549396 0.047907 0.014297
1 0.122563 0.768526 0.050452 0.016023
1 0.557121 0.510790 0.029254 0.055946
1 0.256865 0.610664 0.029625 0.052670
1 0.510814 0.139299 0.038248 0.054636
1 0.529843 0.138495 0.040259 0.056237
1 0.597104 0.136114 0.039167 0.057131
1 0.287621 0.606150 0.033662 0.054561
1 0.477977 0.140851 0.035814 0.056511
1 0.071270 0.508947 0.051986 0.014778
1 0.723858 0.133060 0.039834 0.055710
1 0.241942 0.611394 0.029615 0.053200
1 0.741345 0.131788 0.038841 0.055935
1 0.497964 0.511700 0.029906 0.056796
1 0.066048 0.474595 0.049784 0.015751
1 0.226615 0.613331 0.030189 0.053918
1 0.272252 0.608743 0.030630 0.053468
1 0.274985 0.725222 0.050805 0.070622
1 0.514015 0.511787 0.028583 0.055859
1 0.320306 0.526341 0.033201 0.059903
1 0.129215 0.447728 0.049524 0.015299
1 0.065336 0.457227 0.053066 0.014606
1 0.348024 0.602290 0.030533 0.054704
1 0.394375 0.599269 0.032736 0.054790
1 0.799109 0.130251 0.043093 0.057133
1 0.462046 0.143882 0.038278 0.056418
1 0.573172 0.509681 0.030615 0.055438
1 0.219160 0.535588 0.031374 0.055578
1 0.117117 0.652222 0.052311 0.015532
1 0.112995 0.718394 0.063906 0.016720
1 0.332287 0.604335 0.030609 0.053378
1 0.380036 0.521011 0.031737 0.061145
1 0.070661 0.492918 0.050464 0.015760
1 0.546005 0.136832 0.036053 0.055085
1 0.107171 0.685837 0.077730 0.018023
0 0.328563 0.233939 0.019073 0.011469
1 0.089766 0.606120 0.014830 0.033547
0 0.353284 0.207501 0.017704 0.009991
