1 0.582791 0.501620 0.065037 0.050159
1 0.551839 0.469090 0.058425 0.046260
1 0.425793 0.142047 0.031362 0.071906
1 0.539065 0.354058 0.060113 0.049777
1 0.491916 0.309159 0.059879 0.054317
1 0.483963 0.413726 0.061739 0.050936
1 0.417000 0.357115 0.059120 0.050242
1 0.609105 0.412773 0.060780 0.049965
1 0.453350 0.284345 0.057951 0.051144
1 0.385683 0.324516 0.050479 0.043294
1 0.509635 0.323534 0.058321 0.050731
1 0.523667 0.338929 0.058615 0.047929
1 0.532643 0.456127 0.061268 0.049393
1 0.400248 0.341670 0.058701 0.050034
1 0.592062 0.399180 0.060193 0.049832
1 0.431661 0.372602 0.060211 0.049742
1 0.515379 0.441264 0.061775 0.050269
1 0.469238 0.398410 0.059292 0.050975
1 0.716080 0.464590 0.060981 0.061041
1 0.420679 0.251933 0.057864 0.052362
1 0.570487 0.483457 0.064243 0.049199
1 0.480862 0.579713 0.051220 0.055444
1 0.451857 0.384234 0.056898 0.049096
1 0.303972 0.436400 0.046428 0.049104
1 0.574939 0.383459 0.060313 0.051322
1 0.367188 0.153422 0.058763 0.048371
1 0.475399 0.127951 0.033639 0.080382
1 0.371012 0.309219 0.050810 0.045347
1 0.557035 0.369278 0.059598 0.052399
1 0.340839 0.166003 0.063701 0.052028
1 0.321501 0.447089 0.046126 0.046463
1 0.358062 0.471142 0.049752 0.050463
1 0.460186 0.133790 0.032234 0.072985
1 0.435794 0.268529 0.058527 0.053128
1 0.505134 0.118328 0.019393 0.073524
1 0.646286 0.251705 0.017332 0.084863
1 0.287776 0.422449 0.051369 0.052466
1 0.628384 0.240305 0.014970 0.082035
1 0.525138 0.150209 0.017884 0.085915
1 0.577025 0.201801 0.016069 0.079356
1 0.595809 0.217773 0.016017 0.078246
1 0.443747 0.138629 0.033692 0.073081
0 0.786039 0.333904 0.023004 0.036535
1 0.697772 0.282974 0.018805 0.064676
0 0.111939 0.781399 0.032202 0.031743
1 0.560066 0.200676 0.016392 0.078003
1 0.543195 0.168388 0.018187 0.089910
1 0.728975 0.444446 0.059491 0.055540
0 0.774732 0.324257 0.024114 0.038135
0 0.760202 0.315844 0.025558 0.040665
