1 0.512577 0.439867 0.107087 0.021716
1 0.247956 0.390159 0.101448 0.018239
1 0.555480 0.338396 0.040265 0.067316
1 0.388884 0.333359 0.038110 0.068716
1 0.541177 0.061969 0.035354 0.068793
1 0.371798 0.581016 0.035458 0.070399
1 0.222605 0.326823 0.044439 0.075020
1 0.471028 0.336245 0.041647 0.068011
1 0.593896 0.612561 0.035378 0.045383
1 0.541492 0.890210 0.033415 0.048927
1 0.512554 0.063950 0.037537 0.068722
1 0.488240 0.595108 0.034710 0.065747
1 0.268525 0.783835 0.026833 0.064661
1 0.562829 0.508351 0.058166 0.067462
1 0.512543 0.595845 0.035901 0.068781
1 0.416689 0.333970 0.040969 0.066637
1 0.399423 0.582963 0.033016 0.070103
1 0.451511 0.498913 0.053331 0.057641
1 0.334298 0.330307 0.038837 0.069209
1 0.528638 0.337656 0.038338 0.065599
1 0.612736 0.339895 0.038626 0.070583
1 0.568676 0.060687 0.034837 0.067795
1 0.347301 0.482099 0.053451 0.065216
1 0.238646 0.469325 0.059131 0.066919
1 0.265613 0.471904 0.055868 0.066318
1 0.276983 0.324376 0.042258 0.071824
1 0.521895 0.950769 0.033481 0.052882
1 0.306409 0.328500 0.040145 0.072232
1 0.364730 0.399953 0.100376 0.018362
1 0.319154 0.573882 0.032514 0.066691
1 0.374501 0.485587 0.053835 0.064383
1 0.322292 0.478346 0.057589 0.065232
1 0.287643 0.568646 0.035315 0.069689
1 0.429056 0.585900 0.035525 0.071015
1 0.708962 0.338118 0.045497 0.069687
1 0.246560 0.408151 0.104286 0.015761
1 0.209382 0.466512 0.057108 0.062602
1 0.499408 0.336765 0.038421 0.066909
1 0.360368 0.330867 0.036069 0.067516
1 0.367108 0.417432 0.104995 0.020744
1 0.288594 0.712745 0.063338 0.068981
1 0.735594 0.342925 0.040329 0.068921
1 0.444081 0.335611 0.040748 0.067925
1 0.400954 0.489212 0.055306 0.064409
1 0.209251 0.560481 0.031080 0.069968
1 0.583684 0.339571 0.042879 0.071237
1 0.260651 0.564784 0.036217 0.069128
1 0.458537 0.588963 0.035760 0.067211
1 0.161725 0.901046 0.043409 0.069244
1 0.346017 0.577192 0.031046 0.066754
1 0.321654 0.790481 0.027650 0.065301
1 0.621315 0.059105 0.030866 0.065349
1 0.481375 0.498364 0.056104 0.065664
1 0.233421 0.560541 0.034459 0.070154
1 0.188795 0.903870 0.041425 0.068562
1 0.215146 0.907225 0.042876 0.072104
1 0.246763 0.425524 0.103082 0.017346
1 0.238422 0.703356 0.064558 0.064541
1 0.499976 0.415928 0.108108 0.018273
1 0.294229 0.784751 0.025041 0.063803
1 0.424740 0.495539 0.055239 0.056111
1 0.507663 0.500302 0.057431 0.069636
0 0.369573 0.791591 0.020071 0.027154
1 0.571146 0.890859 0.042188 0.075757
1 0.590967 0.511929 0.057480 0.068794
1 0.596137 0.060486 0.032459 0.066618
1 0.291760 0.477451 0.050273 0.061089
