1 0.378336 0.589767 0.050128 0.076201
1 0.565498 0.500020 0.046143 0.067915
1 0.542543 0.292372 0.045718 0.067246
1 0.708122 0.555925 0.059628 0.063350
1 0.529945 0.185707 0.044498 0.067775
1 0.089405 0.620110 0.053642 0.079231
1 0.603232 0.359302 0.044659 0.068328
1 0.571771 0.258622 0.046520 0.066775
1 0.109623 0.701864 0.052501 0.081381
1 0.429141 0.679403 0.048948 0.077956
1 0.408128 0.429682 0.051710 0.080121
1 0.465122 0.240929 0.045277 0.068042
1 0.284592 0.424035 0.049757 0.077275
1 0.526558 0.432424 0.047926 0.068836
1 0.298536 0.409650 0.049265 0.075689
1 0.240952 0.472383 0.052264 0.084108
1 0.396411 0.704198 0.050964 0.084118
1 0.197152 0.771430 0.050681 0.076663
1 0.436942 0.275952 0.044143 0.067849
1 0.535097 0.755396 0.050425 0.055828
1 0.541503 0.417455 0.045162 0.067370
1 0.664566 0.424305 0.042609 0.068199
1 0.317464 0.649979 0.050776 0.082979
1 0.649527 0.439927 0.043642 0.067012
1 0.421964 0.289954 0.043199 0.066794
1 0.585529 0.243155 0.045947 0.068837
1 0.302795 0.667540 0.051156 0.081832
1 0.471769 0.627840 0.050872 0.078840
1 0.347606 0.492750 0.050533 0.076860
1 0.210290 0.502592 0.050174 0.081259
1 0.272964 0.570853 0.053572 0.085707
1 0.348418 0.620287 0.052117 0.082674
1 0.396344 0.577124 0.049304 0.079155
1 0.425382 0.547662 0.049710 0.077591
1 0.315127 0.522023 0.053168 0.084839
1 0.632891 0.451897 0.045025 0.067933
1 0.363297 0.350951 0.049368 0.075392
1 0.377618 0.462417 0.050799 0.079075
1 0.547675 0.509824 0.044100 0.064137
1 0.497338 0.338932 0.046689 0.068278
1 0.255849 0.459363 0.052710 0.081162
1 0.458505 0.521480 0.051418 0.078767
1 0.149601 0.683629 0.051817 0.076512
1 0.381839 0.719332 0.050493 0.082704
1 0.362864 0.478683 0.051347 0.080469
1 0.365473 0.735060 0.050757 0.081240
1 0.258097 0.585954 0.052294 0.082840
1 0.409702 0.561361 0.048705 0.077881
1 0.555797 0.275429 0.046161 0.070532
1 0.226113 0.489011 0.052305 0.084244
1 0.659559 0.633141 0.059778 0.067269
1 0.718566 0.576923 0.059983 0.065206
1 0.101430 0.600796 0.047593 0.070196
1 0.268602 0.439890 0.054108 0.083270
1 0.621015 0.346515 0.046311 0.066231
1 0.331029 0.505791 0.050606 0.080033
1 0.544386 0.169220 0.043537 0.065858
1 0.313307 0.394557 0.049271 0.076461
1 0.509905 0.445393 0.044553 0.065643
1 0.335423 0.634933 0.052171 0.084012
1 0.392121 0.447252 0.044189 0.066575
1 0.467459 0.367981 0.045139 0.069675
1 0.671358 0.745606 0.050400 0.058672
1 0.629380 0.320061 0.045021 0.066508
1 0.351617 0.750544 0.052710 0.081326
1 0.589655 0.377133 0.046581 0.070033
1 0.512416 0.197676 0.043559 0.066937
1 0.597436 0.693392 0.059107 0.062658
1 0.070759 0.631778 0.045502 0.071558
1 0.330562 0.380298 0.047772 0.078540
1 0.442808 0.660078 0.047848 0.075376
1 0.483032 0.356489 0.045571 0.067149
1 0.151977 0.772664 0.045782 0.071967
1 0.129782 0.692477 0.044660 0.068802
1 0.497669 0.214580 0.045038 0.067496
1 0.287497 0.552408 0.053814 0.084426
1 0.345730 0.365460 0.047469 0.080987
1 0.454617 0.262277 0.044342 0.069421
1 0.377059 0.335898 0.048087 0.073805
1 0.457827 0.647383 0.044274 0.070916
1 0.300949 0.535544 0.053975 0.086387
0 0.844365 0.950014 0.030461 0.047114
0 0.870751 0.929024 0.030789 0.049900
1 0.476893 0.219387 0.032222 0.055004
1 0.521289 0.298097 0.034057 0.053952
1 0.168506 0.854751 0.053377 0.088314
1 0.615254 0.461347 0.032748 0.052416
0 0.812096 0.856552 0.032048 0.038681
1 0.737657 0.683588 0.051051 0.057941
1 0.190130 0.844238 0.051029 0.077838
1 0.113389 0.759105 0.052437 0.081651
