1 0.522399 0.608259 0.070461 0.023762
1 0.285669 0.160716 0.073880 0.024689
1 0.435710 0.642420 0.093495 0.029528
1 0.412080 0.585802 0.086075 0.027899
1 0.670679 0.612268 0.085136 0.026456
1 0.657238 0.737281 0.037151 0.055451
1 0.791984 0.699884 0.036774 0.058553
1 0.704498 0.679823 0.039496 0.056113
1 0.471766 0.822116 0.024803 0.052290
1 0.634287 0.733163 0.039973 0.054870
1 0.749425 0.691321 0.042709 0.058574
1 0.266032 0.574461 0.063742 0.048018
1 0.652339 0.861553 0.022318 0.057619
1 0.445069 0.690432 0.089664 0.027875
1 0.429576 0.609624 0.096140 0.029928
1 0.539599 0.715017 0.069150 0.048724
1 0.770730 0.697748 0.039951 0.054821
1 0.680159 0.740519 0.038230 0.056907
1 0.766593 0.758585 0.039552 0.057666
1 0.494734 0.827571 0.022191 0.052310
1 0.744169 0.755675 0.040551 0.056194
1 0.381060 0.799421 0.022939 0.055294
1 0.585816 0.849123 0.021855 0.052433
1 0.659004 0.673030 0.041388 0.061231
1 0.403403 0.804795 0.023211 0.054445
1 0.512650 0.709891 0.071525 0.046126
1 0.517154 0.585603 0.082945 0.027773
1 0.682963 0.675436 0.040248 0.056449
1 0.263718 0.173190 0.081998 0.028077
1 0.254550 0.187881 0.071903 0.023677
1 0.540006 0.838212 0.022439 0.053588
1 0.719845 0.751726 0.038722 0.058997
1 0.718604 0.876513 0.023058 0.056785
1 0.498303 0.074264 0.084643 0.028201
1 0.443023 0.659695 0.086266 0.028376
1 0.607414 0.853901 0.021535 0.055406
1 0.069306 0.806535 0.056936 0.014960
1 0.075309 0.840710 0.057019 0.014974
1 0.516715 0.831729 0.023451 0.053484
1 0.565247 0.718537 0.068482 0.047583
1 0.434927 0.627124 0.089743 0.027103
1 0.445603 0.676034 0.085186 0.028000
1 0.288288 0.650556 0.062569 0.045257
1 0.727099 0.681935 0.041014 0.054804
1 0.563318 0.843845 0.021782 0.052766
1 0.280261 0.632196 0.068686 0.046536
1 0.028905 0.777432 0.052499 0.012168
1 0.741336 0.878251 0.022544 0.057938
1 0.323004 0.765402 0.060904 0.049384
1 0.257672 0.487183 0.051369 0.040239
1 0.695703 0.874131 0.021858 0.057108
1 0.247422 0.470286 0.064436 0.047801
1 0.222864 0.373071 0.067147 0.051516
1 0.583886 0.618460 0.052697 0.021407
1 0.039679 0.758615 0.054858 0.014155
1 0.316183 0.744656 0.053155 0.039398
1 0.224177 0.345695 0.060556 0.041315
1 0.629395 0.855779 0.022643 0.056417
1 0.261282 0.506764 0.051781 0.038498
1 0.292596 0.670354 0.059822 0.044975
1 0.279870 0.609308 0.055069 0.037995
