1 0.464472 0.570301 0.110571 0.013534
1 0.447615 0.388005 0.110665 0.012796
1 0.458034 0.468974 0.109425 0.014108
1 0.468856 0.675083 0.106760 0.012286
1 0.460588 0.431320 0.108278 0.014794
1 0.462271 0.589874 0.112037 0.013576
1 0.468072 0.694359 0.105165 0.013436
1 0.464327 0.552249 0.111836 0.013119
1 0.463020 0.509861 0.109131 0.012435
1 0.460415 0.491940 0.112083 0.012400
1 0.533830 0.840726 0.096668 0.039192
1 0.453968 0.363048 0.106199 0.013019
1 0.463337 0.530243 0.112270 0.013323
1 0.466752 0.609889 0.111744 0.012160
1 0.637450 0.463074 0.030304 0.052840
1 0.452305 0.342837 0.095975 0.013592
0 0.720695 0.856566 0.043525 0.011842
0 0.347951 0.164055 0.031085 0.026636
