1 0.306056 0.210811 0.041057 0.058952
1 0.676917 0.823892 0.015179 0.062778
1 0.869274 0.774856 0.016692 0.065076
1 0.568765 0.262122 0.055299 0.018756
1 0.329410 0.335505 0.013437 0.067396
1 0.812823 0.139729 0.019247 0.062844
1 0.569175 0.352795 0.054843 0.017224
1 0.135838 0.384226 0.016552 0.065644
1 0.253829 0.382152 0.059540 0.019176
1 0.501195 0.203586 0.042739 0.061778
1 0.272432 0.208855 0.040239 0.060804
1 0.565293 0.810749 0.012894 0.053296
1 0.191323 0.210692 0.039246 0.058910
1 0.703176 0.828535 0.016131 0.065335
1 0.371582 0.207078 0.039659 0.057107
1 0.772817 0.838791 0.014252 0.063813
1 0.420115 0.206432 0.041609 0.061470
1 0.239626 0.211947 0.038586 0.059666
0 0.679834 0.673021 0.021137 0.013059
1 0.568829 0.280076 0.054642 0.016692
1 0.606072 0.812422 0.014237 0.053567
1 0.634828 0.821718 0.015468 0.065983
1 0.845398 0.844406 0.016952 0.070756
1 0.311649 0.336755 0.013944 0.063837
1 0.818167 0.843110 0.016030 0.069479
1 0.533347 0.203395 0.043038 0.060225
1 0.450000 0.207444 0.038132 0.058177
1 0.787600 0.839776 0.015037 0.067102
1 0.376106 0.384914 0.056112 0.016223
1 0.621575 0.820699 0.015238 0.067832
1 0.208071 0.211738 0.037972 0.060295
1 0.439741 0.398601 0.042254 0.014401
1 0.353857 0.207950 0.038448 0.057901
1 0.885475 0.769940 0.014948 0.065755
1 0.758990 0.837793 0.015141 0.065354
0 0.228983 0.706327 0.010430 0.027294
1 0.568317 0.243828 0.056542 0.018874
1 0.432169 0.927879 0.042092 0.025653
0 0.217451 0.705141 0.009993 0.025765
1 0.743689 0.836260 0.015532 0.064583
0 0.626637 0.630431 0.017183 0.020765
0 0.272358 0.771562 0.010694 0.025705
1 0.404791 0.205664 0.036502 0.060054
1 0.803487 0.841716 0.015213 0.069097
0 0.643220 0.648660 0.019553 0.023446
0 0.327655 0.771372 0.010004 0.024834
1 0.139540 0.213038 0.043051 0.065669
0 0.152117 0.705654 0.010364 0.024099
0 0.571873 0.697226 0.022528 0.027954
0 0.348753 0.704362 0.010035 0.025194
0 0.184955 0.709018 0.010564 0.024259
0 0.701585 0.658533 0.018543 0.012252
0 0.768931 0.711890 0.022181 0.013806
0 0.338619 0.772402 0.010424 0.023361
1 0.569357 0.316863 0.054841 0.015690
0 0.272402 0.707044 0.010663 0.026985
0 0.677415 0.658678 0.018495 0.011686
1 0.387401 0.208985 0.039591 0.057254
