1 0.648579 0.481302 0.033631 0.056325
1 0.727649 0.388910 0.034047 0.055226
1 0.736194 0.459902 0.036761 0.064783
1 0.696546 0.772390 0.024525 0.072019
1 0.647860 0.580422 0.036781 0.070010
1 0.764054 0.433289 0.036078 0.060342
1 0.734832 0.609996 0.029981 0.071849
1 0.328530 0.283206 0.050357 0.049501
1 0.813421 0.548152 0.026005 0.068584
1 0.634140 0.495518 0.037038 0.071530
1 0.742393 0.374510 0.031889 0.054296
1 0.771504 0.615624 0.030943 0.067676
1 0.671393 0.542257 0.036632 0.067414
1 0.786020 0.385350 0.035390 0.052150
1 0.789663 0.619365 0.033543 0.068467
1 0.690900 0.640383 0.016256 0.069205
1 0.773809 0.404795 0.032687 0.057443
1 0.774956 0.546357 0.033303 0.069633
1 0.463647 0.272217 0.049447 0.046063
1 0.410468 0.316153 0.039088 0.066391
1 0.598888 0.545050 0.030339 0.064781
1 0.732625 0.778766 0.024596 0.061582
1 0.216419 0.400801 0.052177 0.045609
1 0.685576 0.421021 0.031114 0.060552
1 0.612447 0.533818 0.033957 0.069982
1 0.634955 0.601480 0.034053 0.057151
1 0.934202 0.701176 0.047789 0.020030
1 0.695446 0.504145 0.033443 0.071327
0 0.845979 0.122277 0.018003 0.022058
1 0.751801 0.612127 0.030277 0.071273
1 0.318189 0.423647 0.052657 0.052201
1 0.792109 0.342113 0.079371 0.023518
0 0.905731 0.139954 0.016911 0.021875
1 0.584161 0.562078 0.031733 0.055264
