1 0.171720 0.401836 0.073002 0.054035
1 0.770470 0.195170 0.073495 0.057798
1 0.216844 0.643916 0.073579 0.056136
1 0.207011 0.581000 0.071394 0.053413
1 0.212523 0.610482 0.072175 0.054751
1 0.544324 0.140063 0.105619 0.071218
1 0.164982 0.372486 0.073406 0.054659
1 0.801936 0.315327 0.072731 0.053040
1 0.762676 0.163914 0.072946 0.056137
1 0.160306 0.339682 0.074808 0.059291
1 0.788351 0.291425 0.070965 0.052565
1 0.780874 0.266489 0.070339 0.051252
1 0.581392 0.320246 0.100603 0.068898
1 0.574307 0.288176 0.101716 0.071537
1 0.153139 0.310658 0.075571 0.056913
1 0.334544 0.234517 0.103642 0.076818
1 0.586993 0.347813 0.101397 0.070286
1 0.808977 0.385803 0.073831 0.049175
1 0.351442 0.322229 0.104902 0.069593
1 0.596445 0.376915 0.099570 0.067118
1 0.370018 0.415537 0.102134 0.065133
1 0.561506 0.228130 0.106754 0.068572
1 0.550429 0.170591 0.103855 0.063756
1 0.569242 0.257112 0.102537 0.068814
1 0.374314 0.444370 0.100737 0.065156
0 0.397165 0.800221 0.022475 0.045568
1 0.364552 0.380857 0.103502 0.067371
0 0.415400 0.806904 0.020643 0.039062
