1 0.549020 0.442948 0.041143 0.043896
1 0.738497 0.687656 0.041355 0.043489
1 0.554784 0.642623 0.041648 0.044879
1 0.640361 0.559526 0.039044 0.041972
1 0.747199 0.700087 0.039357 0.043795
1 0.528022 0.421243 0.039199 0.045551
1 0.648996 0.572185 0.041688 0.042755
1 0.539496 0.432003 0.042015 0.045749
1 0.537596 0.617670 0.044056 0.047931
1 0.764006 0.726212 0.043993 0.047126
1 0.620260 0.536880 0.043662 0.046565
1 0.789469 0.761497 0.043877 0.048073
1 0.622353 0.724434 0.040647 0.043199
1 0.756758 0.902777 0.039574 0.044735
1 0.420585 0.231184 0.046912 0.033518
1 0.545451 0.631679 0.040382 0.043165
1 0.565695 0.467236 0.039771 0.045044
1 0.316834 0.511270 0.031964 0.054705
1 0.773905 0.735652 0.041148 0.045444
1 0.362174 0.359517 0.050097 0.039668
1 0.221110 0.358283 0.034196 0.055085
1 0.729058 0.675696 0.041730 0.046590
1 0.663801 0.775981 0.041802 0.045927
1 0.672119 0.795816 0.039640 0.045654
1 0.631079 0.547925 0.042904 0.046463
1 0.747360 0.890946 0.040022 0.047348
1 0.682685 0.808096 0.040853 0.046093
1 0.755602 0.711950 0.041583 0.044657
1 0.345823 0.491754 0.032599 0.055992
1 0.691761 0.819207 0.040382 0.045480
1 0.773596 0.921124 0.041559 0.045656
1 0.573239 0.665577 0.040882 0.044267
1 0.521676 0.405805 0.038967 0.043833
1 0.594229 0.501493 0.041725 0.044110
1 0.780629 0.750296 0.040834 0.043586
1 0.329267 0.504839 0.031476 0.053803
1 0.234603 0.346598 0.029160 0.053763
1 0.510844 0.395590 0.041090 0.045994
1 0.585185 0.489171 0.039225 0.043837
0 0.116432 0.193838 0.017917 0.020076
0 0.927639 0.658313 0.015437 0.023361
1 0.503086 0.383721 0.038980 0.042570
1 0.359317 0.485920 0.029413 0.053088
0 0.073193 0.254757 0.020601 0.023460
1 0.575385 0.478435 0.042227 0.045084
0 0.989326 0.617959 0.015122 0.022655
0 0.977146 0.575004 0.014365 0.021546
0 0.105641 0.307821 0.024227 0.025132
1 0.371153 0.480155 0.030860 0.053560
0 0.146910 0.357273 0.019234 0.021797
1 0.676558 0.505980 0.040445 0.048933
1 0.595016 0.685931 0.034859 0.038107
0 0.953867 0.640817 0.016099 0.022512
0 0.990128 0.684171 0.016196 0.023210
0 0.176489 0.271756 0.018608 0.018269
0 0.952052 0.711427 0.014871 0.021496
0 0.966830 0.580512 0.014587 0.021327
0 0.306803 0.065723 0.018717 0.016464
1 0.611268 0.711937 0.039620 0.044492
1 0.611849 0.524550 0.041294 0.043214
0 0.202660 0.430790 0.017334 0.021983
1 0.603685 0.697856 0.036514 0.040109
0 0.039490 0.180039 0.021600 0.022082
0 0.090705 0.287440 0.015744 0.018282
0 0.295183 0.400270 0.016423 0.025007
0 0.258460 0.474692 0.017049 0.022103
0 0.971406 0.629899 0.014084 0.022993
0 0.327765 0.382747 0.019053 0.026530
1 0.493573 0.372155 0.043895 0.048894
0 0.980090 0.624928 0.015626 0.022381
0 0.130439 0.210475 0.017453 0.019496
0 0.122876 0.329003 0.018634 0.021614
0 0.130229 0.337795 0.018166 0.019405
0 0.272921 0.090032 0.018603 0.018268
