1 0.416574 0.811617 0.039883 0.156079
1 0.215231 0.827252 0.068126 0.144537
1 0.632779 0.799726 0.036742 0.154545
1 0.697263 0.810555 0.036784 0.159107
1 0.396008 0.818616 0.035456 0.148385
1 0.379030 0.819856 0.032800 0.147256
1 0.190599 0.425622 0.096775 0.033025
1 0.193209 0.263511 0.103165 0.038916
1 0.654296 0.801284 0.033027 0.151267
1 0.188691 0.643346 0.106448 0.031410
1 0.188405 0.197957 0.104121 0.045505
1 0.273887 0.833647 0.036883 0.155654
1 0.198946 0.389963 0.103970 0.033399
1 0.191369 0.521273 0.098931 0.030926
0 0.257507 0.558959 0.016821 0.049683
1 0.190546 0.357481 0.099126 0.029817
