1 0.234513 0.262517 0.091604 0.090701
1 0.237929 0.179772 0.093212 0.092106
1 0.235249 0.349895 0.091054 0.091888
1 0.453909 0.371203 0.033004 0.107497
1 0.243954 0.099835 0.098844 0.088677
1 0.237650 0.138083 0.094613 0.093105
1 0.229798 0.386317 0.094880 0.094485
1 0.409918 0.725687 0.026420 0.100933
1 0.221098 0.461263 0.089131 0.087555
1 0.218062 0.500296 0.087024 0.081376
1 0.378750 0.733198 0.026233 0.100572
1 0.199476 0.697536 0.093209 0.093752
1 0.232405 0.217764 0.094489 0.095986
1 0.202518 0.657194 0.089643 0.095027
1 0.658636 0.382613 0.023187 0.104030
1 0.583419 0.384194 0.023125 0.103745
1 0.572656 0.724107 0.026885 0.096055
1 0.423442 0.375008 0.027900 0.106807
1 0.608347 0.385107 0.022936 0.104481
1 0.558292 0.382669 0.023534 0.106160
1 0.231642 0.301838 0.092890 0.093672
1 0.633294 0.382591 0.022654 0.104759
1 0.545690 0.722796 0.026177 0.088868
1 0.214156 0.413367 0.073007 0.068643
1 0.437543 0.720987 0.027128 0.091931
1 0.254463 0.043812 0.089773 0.023207
1 0.468304 0.714451 0.030768 0.107832
1 0.207081 0.619686 0.087810 0.093015
0 0.668946 0.251398 0.055516 0.030827
1 0.506006 0.381103 0.023133 0.103814
1 0.599296 0.729438 0.026774 0.097964
1 0.625768 0.729911 0.025369 0.098407
