1 0.205664 0.670751 0.053906 0.035470
1 0.200304 0.689488 0.054134 0.034836
1 0.359650 0.394654 0.039383 0.027614
1 0.267762 0.296560 0.057072 0.035502
1 0.257367 0.327136 0.058664 0.036193
1 0.250660 0.346793 0.056710 0.034067
1 0.370290 0.362520 0.039532 0.029786
1 0.837048 0.266549 0.053820 0.033950
1 0.707002 0.396328 0.036002 0.058642
1 0.199949 0.730535 0.053863 0.027392
1 0.654642 0.328156 0.053113 0.031243
1 0.783278 0.246876 0.051739 0.033004
1 0.247197 0.364200 0.055917 0.035396
1 0.541804 0.862966 0.051548 0.039094
1 0.224213 0.547363 0.053986 0.034173
1 0.290188 0.211600 0.053358 0.034274
1 0.213857 0.576728 0.053660 0.034138
1 0.374506 0.748711 0.054533 0.035401
1 0.413990 0.217916 0.040239 0.052100
1 0.773505 0.285851 0.052007 0.029239
1 0.214425 0.633325 0.051511 0.034048
1 0.281528 0.248944 0.056734 0.034222
1 0.645692 0.421544 0.050530 0.037156
1 0.690069 0.433557 0.032677 0.060357
1 0.842531 0.251418 0.052367 0.033631
1 0.287414 0.232370 0.056872 0.034480
1 0.812750 0.318971 0.053437 0.032905
1 0.272214 0.280044 0.056344 0.034786
1 0.444639 0.128013 0.042995 0.055608
1 0.670258 0.468946 0.031350 0.062913
1 0.219877 0.561934 0.052957 0.033538
1 0.553692 0.942753 0.030883 0.066542
1 0.192072 0.706022 0.055354 0.034707
1 0.677388 0.212502 0.015981 0.060052
1 0.565909 0.652388 0.030814 0.059617
1 0.551783 0.397789 0.029627 0.058560
1 0.237869 0.495237 0.054871 0.038288
1 0.508753 0.913076 0.031265 0.061836
1 0.228427 0.532031 0.053091 0.032644
1 0.226009 0.421344 0.052544 0.033228
1 0.524704 0.918320 0.030791 0.059948
1 0.609287 0.675026 0.030204 0.059538
1 0.651299 0.147606 0.015645 0.059685
1 0.232204 0.516118 0.053476 0.034458
1 0.431265 0.163281 0.041094 0.052639
1 0.219690 0.438624 0.053292 0.035797
1 0.595572 0.890508 0.053319 0.038188
1 0.466563 0.556640 0.057695 0.036789
1 0.475550 0.290673 0.055805 0.018200
1 0.236435 0.407431 0.052102 0.034378
1 0.617234 0.537749 0.041347 0.057385
1 0.595174 0.666979 0.033441 0.060807
1 0.825875 0.300170 0.055154 0.034902
1 0.142273 0.705148 0.054109 0.032029
1 0.379407 0.329658 0.042248 0.029432
1 0.642733 0.402122 0.052443 0.036652
1 0.434603 0.861092 0.029296 0.060004
1 0.276205 0.265490 0.056046 0.034048
1 0.634908 0.149933 0.017025 0.061908
0 0.804205 0.144876 0.016259 0.027376
1 0.436114 0.142004 0.040701 0.051058
1 0.696834 0.151752 0.016403 0.060458
1 0.649534 0.311686 0.052130 0.030142
1 0.480907 0.872429 0.030949 0.062415
1 0.614855 0.051021 0.051018 0.019216
1 0.581325 0.956723 0.027928 0.060033
1 0.565696 0.953474 0.026451 0.055090
1 0.566911 0.402007 0.029509 0.057738
1 0.681906 0.456229 0.032112 0.062456
1 0.264802 0.534087 0.026532 0.059929
1 0.692645 0.212012 0.015973 0.058970
1 0.665771 0.148392 0.016378 0.060653
1 0.706500 0.358044 0.038597 0.056366
1 0.423497 0.177625 0.041321 0.050891
0 0.840371 0.158845 0.015956 0.027551
1 0.423971 0.480006 0.053420 0.035984
1 0.624089 0.679075 0.029911 0.060684
1 0.360681 0.723844 0.049224 0.032756
1 0.618856 0.499765 0.032737 0.063506
1 0.418630 0.198353 0.042633 0.053373
1 0.781563 0.268674 0.052402 0.030199
1 0.494945 0.880533 0.030587 0.058803
0 0.828760 0.152540 0.014875 0.024920
1 0.653882 0.472464 0.029472 0.062837
1 0.069053 0.623151 0.031623 0.059296
1 0.632217 0.492309 0.032136 0.057814
0 0.814178 0.148897 0.014912 0.027218
1 0.644015 0.483441 0.031455 0.058742
1 0.681682 0.150020 0.014368 0.060282
0 0.085111 0.808141 0.022376 0.019494
1 0.699307 0.057952 0.052908 0.020540
0 0.016887 0.704122 0.015415 0.025630
0 0.781425 0.135110 0.013880 0.022829
1 0.795971 0.213243 0.052648 0.034969
1 0.083400 0.487918 0.030877 0.056405
1 0.719735 0.344659 0.037212 0.058516
