0 0.886679 0.946279 0.032940 0.034686
0 0.163452 0.710131 0.034728 0.029583
0 0.880781 0.779361 0.030463 0.032075
0 0.924704 0.908841 0.031292 0.032279
0 0.873589 0.909515 0.032351 0.032830
0 0.088677 0.758350 0.032266 0.030953
0 0.231567 0.813642 0.034064 0.030313
0 0.221151 0.799944 0.034850 0.031938
0 0.830533 0.830432 0.032586 0.031256
0 0.845982 0.933322 0.032138 0.032457
0 0.105708 0.832839 0.032817 0.028299
0 0.858882 0.921581 0.034721 0.034759
0 0.855292 0.802692 0.030513 0.031481
0 0.068302 0.731384 0.032782 0.028221
0 0.842964 0.817118 0.032255 0.032705
0 0.143777 0.678585 0.030928 0.027964
0 0.900274 0.934081 0.033097 0.034169
0 0.911339 0.922144 0.034501 0.034097
0 0.099563 0.773972 0.033364 0.029609
0 0.872298 0.960235 0.031172 0.032905
0 0.894237 0.768364 0.032164 0.033258
0 0.886698 0.895721 0.032932 0.034963
0 0.078224 0.809266 0.037364 0.034941
0 0.740924 0.914343 0.032542 0.033387
0 0.793066 0.866052 0.037488 0.038498
0 0.157397 0.862254 0.030376 0.028446
0 0.120830 0.651535 0.033162 0.029692
0 0.753998 0.902777 0.034229 0.036886
0 0.150505 0.694140 0.032431 0.027209
0 0.900402 0.884177 0.031655 0.031829
0 0.191774 0.903213 0.034009 0.029636
0 0.770285 0.890248 0.032697 0.033339
0 0.138388 0.897243 0.034425 0.032039
0 0.192063 0.752696 0.034121 0.028633
0 0.110206 0.788689 0.035318 0.029721
0 0.151776 0.907302 0.033714 0.031173
0 0.151037 0.845889 0.033299 0.032088
0 0.957137 0.987738 0.033379 0.024524
0 0.933513 0.765245 0.032377 0.034039
0 0.242395 0.827786 0.031607 0.028041
0 0.133221 0.664548 0.028665 0.025276
0 0.171271 0.725213 0.032475 0.027885
0 0.835509 0.946890 0.030171 0.033126
0 0.018675 0.870007 0.031463 0.028094
