0 0.421492 0.457896 0.024039 0.027060
0 0.675055 0.788782 0.025402 0.028876
0 0.264049 0.389647 0.024156 0.028763
0 0.754246 0.768759 0.022687 0.027663
0 0.439822 0.654210 0.019593 0.022988
0 0.259426 0.220271 0.029707 0.026156
0 0.576903 0.852701 0.025777 0.028038
0 0.344396 0.609603 0.025118 0.028546
0 0.212818 0.426361 0.024361 0.027958
0 0.546391 0.662979 0.020309 0.023298
0 0.724762 0.465055 0.027098 0.030919
0 0.596763 0.766674 0.022634 0.023853
0 0.541799 0.777474 0.020248 0.023286
0 0.325406 0.456261 0.023743 0.029014
0 0.496131 0.233034 0.022235 0.024367
0 0.463467 0.538013 0.021897 0.025684
0 0.517913 0.220653 0.020845 0.023803
0 0.602241 0.165538 0.023219 0.026527
0 0.639619 0.738376 0.020100 0.022024
0 0.464781 0.254412 0.021027 0.024216
0 0.434289 0.584879 0.025174 0.028417
0 0.340833 0.540966 0.024635 0.028203
0 0.556437 0.297304 0.020759 0.024846
0 0.706713 0.765021 0.023761 0.027718
0 0.631980 0.814995 0.022568 0.025927
0 0.406143 0.502662 0.021033 0.024169
0 0.652857 0.801849 0.022874 0.027655
0 0.682480 0.712580 0.020923 0.023850
0 0.679702 0.316400 0.022501 0.025263
0 0.457406 0.572596 0.021384 0.025092
0 0.612042 0.155449 0.021454 0.026621
0 0.582999 0.354705 0.019944 0.024038
0 0.724464 0.357374 0.023441 0.025654
0 0.284156 0.376982 0.024364 0.029884
0 0.647428 0.444390 0.023598 0.028568
0 0.757061 0.334709 0.022969 0.025786
0 0.619005 0.613107 0.021438 0.026031
0 0.565862 0.687066 0.023655 0.025950
0 0.670137 0.500713 0.023489 0.028932
0 0.509053 0.796212 0.024498 0.027751
0 0.243544 0.579665 0.025300 0.028650
0 0.475826 0.711855 0.024128 0.026440
0 0.517312 0.685416 0.021736 0.024315
0 0.380309 0.619954 0.023419 0.028553
0 0.707788 0.266235 0.021856 0.024693
0 0.671009 0.325931 0.023369 0.028351
0 0.307454 0.535142 0.024915 0.029024
0 0.505382 0.334544 0.024270 0.028515
0 0.581398 0.746246 0.020238 0.024141
0 0.797653 0.416713 0.022516 0.025737
0 0.698095 0.409036 0.020876 0.024234
0 0.700828 0.367737 0.023837 0.026247
0 0.652610 0.407285 0.022825 0.025383
0 0.593675 0.741257 0.020836 0.022238
0 0.571128 0.753743 0.022594 0.025377
0 0.685402 0.675829 0.022453 0.025273
0 0.378088 0.419990 0.022158 0.025489
0 0.581105 0.179999 0.023202 0.026122
0 0.427105 0.554273 0.022318 0.025391
0 0.450448 0.262571 0.026970 0.028540
0 0.330559 0.416133 0.024457 0.028775
0 0.287879 0.445669 0.021212 0.024664
0 0.521418 0.287547 0.020417 0.024976
0 0.502818 0.727724 0.022778 0.025347
0 0.635243 0.712074 0.020722 0.023272
0 0.484535 0.239117 0.019882 0.023254
0 0.264340 0.562182 0.022664 0.026579
0 0.621297 0.822795 0.024258 0.026864
0 0.346351 0.505004 0.023800 0.029306
0 0.620206 0.425921 0.025055 0.030053
0 0.390637 0.587783 0.022414 0.026499
0 0.727643 0.754481 0.024476 0.027138
0 0.693629 0.876265 0.025287 0.030458
0 0.613668 0.332221 0.019276 0.022313
0 0.403314 0.475313 0.020323 0.022951
0 0.300408 0.571490 0.020875 0.025830
0 0.718952 0.392552 0.021735 0.024912
0 0.271375 0.594384 0.022005 0.025635
0 0.380916 0.216864 0.027751 0.025937
0 0.449574 0.646478 0.022132 0.024948
0 0.658186 0.624834 0.020944 0.025762
0 0.390964 0.481892 0.018715 0.023575
0 0.763285 0.366104 0.023968 0.028564
0 0.654986 0.698077 0.023181 0.026064
0 0.192454 0.440978 0.021672 0.025064
0 0.970507 0.456833 0.026109 0.031407
0 0.731465 0.782031 0.019931 0.023027
0 0.582455 0.245200 0.019299 0.022073
0 0.510739 0.295459 0.021250 0.025064
0 0.567440 0.291101 0.021388 0.024040
0 0.372900 0.521790 0.023879 0.026396
0 0.609973 0.828504 0.019862 0.023782
0 0.549343 0.199496 0.022039 0.025468
0 0.316511 0.355930 0.022490 0.026334
0 0.602426 0.229212 0.017044 0.019626
0 0.724185 0.289804 0.023194 0.026716
0 0.736107 0.350733 0.020775 0.024525
0 0.226985 0.286881 0.024755 0.020359
0 0.784248 0.853001 0.022471 0.024497
0 0.598180 0.269151 0.024233 0.028989
0 0.361148 0.396472 0.021278 0.025242
0 0.496622 0.699715 0.023891 0.028876
0 0.630455 0.607868 0.022023 0.027256
0 0.700125 0.807915 0.024626 0.027926
0 0.673002 0.721269 0.019803 0.023347
0 0.206745 0.259434 0.028800 0.024686
0 0.393277 0.614994 0.022322 0.024832
0 0.544649 0.802107 0.021171 0.023515
1 0.249331 0.073336 0.050472 0.041711
0 0.750775 0.370187 0.020567 0.022688
0 0.473774 0.529632 0.020404 0.023365
0 0.619960 0.362937 0.021563 0.023997
0 0.697206 0.275043 0.020552 0.025275
0 0.652891 0.594620 0.021299 0.024224
0 0.618989 0.253089 0.020721 0.024195
0 0.305806 0.362208 0.020496 0.024319
0 0.624330 0.717304 0.021413 0.024967
0 0.800414 0.808073 0.024303 0.028673
0 0.562038 0.259850 0.020327 0.023357
0 0.809736 0.404918 0.026321 0.032827
0 0.491859 0.620047 0.020394 0.024258
0 0.696244 0.772715 0.021343 0.024918
0 0.268772 0.461353 0.022886 0.025327
0 0.604899 0.340356 0.021470 0.024761
0 0.662442 0.226663 0.026748 0.031106
0 0.607155 0.260426 0.021474 0.024522
0 0.747121 0.845540 0.020279 0.023348
0 0.635793 0.142096 0.024810 0.027828
0 0.607897 0.621316 0.019803 0.021958
0 0.571290 0.359958 0.021677 0.024844
1 0.856778 0.589779 0.089762 0.069712
0 0.475305 0.246769 0.020351 0.024171
0 0.709067 0.399606 0.021029 0.024845
0 0.168641 0.453821 0.025279 0.029456
0 0.427403 0.487130 0.020795 0.023860
0 0.480169 0.742668 0.023222 0.025368
0 0.381470 0.489657 0.020749 0.023230
0 0.693322 0.705402 0.022107 0.026343
0 0.644711 0.310593 0.021797 0.024272
0 0.376133 0.592230 0.024499 0.029508
0 0.550296 0.768840 0.022441 0.028222
0 0.718630 0.546136 0.025140 0.027705
0 0.337117 0.341899 0.024032 0.026703
0 0.562074 0.762011 0.023448 0.027134
0 0.352431 0.534724 0.021194 0.024645
0 0.784821 0.421456 0.021729 0.024406
0 0.912555 0.496964 0.021483 0.025910
0 0.530323 0.781672 0.018931 0.022185
0 0.579856 0.391335 0.022882 0.026676
0 0.485521 0.704817 0.023576 0.027886
0 0.468899 0.566701 0.021995 0.026028
0 0.417676 0.664256 0.022335 0.026351
0 0.763369 0.516943 0.024535 0.026031
0 0.290653 0.216088 0.028499 0.025316
0 0.748940 0.736572 0.024676 0.028355
0 0.681199 0.493195 0.021729 0.024851
0 0.777569 0.823261 0.021495 0.022621
0 0.628800 0.747024 0.022201 0.024977
0 0.154038 0.463368 0.026264 0.029640
0 0.659542 0.332529 0.022374 0.024593
0 0.624479 0.927627 0.024199 0.027096
0 0.686796 0.781202 0.023323 0.027267
0 0.528080 0.678665 0.023959 0.026922
0 0.649991 0.731103 0.019742 0.022639
0 0.623979 0.456062 0.019904 0.025400
0 0.334192 0.446878 0.023445 0.027656
0 0.736275 0.743903 0.021386 0.025135
0 0.310010 0.124702 0.029154 0.026468
0 0.173574 0.265238 0.029662 0.027792
0 0.451589 0.543581 0.021325 0.025321
0 0.585676 0.672877 0.023860 0.026350
0 0.505074 0.689453 0.022210 0.024606
0 0.775554 0.356733 0.023739 0.029108
0 0.366664 0.427081 0.023479 0.029328
0 0.656920 0.197305 0.018186 0.019749
0 0.588529 0.278138 0.024322 0.026455
0 0.592741 0.237881 0.018608 0.023924
0 0.538873 0.380774 0.023830 0.027339
0 0.578946 0.642774 0.025402 0.028405
0 0.671096 0.618989 0.021433 0.024713
0 0.730462 0.538415 0.023226 0.025583
0 0.765699 0.762121 0.023810 0.029659
0 0.359056 0.500134 0.021747 0.025589
0 0.537596 0.671961 0.022094 0.025958
0 0.703449 0.697952 0.021161 0.024268
0 0.819970 0.396128 0.024126 0.027344
0 0.649186 0.730536 0.020075 0.021975
0 0.543592 0.700433 0.018593 0.021947
0 0.710810 0.867622 0.021242 0.024020
0 0.686175 0.281344 0.022933 0.028069
0 0.828927 0.823498 0.023799 0.026907
0 0.283053 0.248008 0.024859 0.021688
0 0.708736 0.656037 0.024437 0.026103
0 0.742976 0.380240 0.023021 0.025982
0 0.863581 0.363447 0.028594 0.025830
0 0.739907 0.531425 0.021339 0.025838
0 0.178670 0.230462 0.026116 0.024876
0 0.409767 0.674295 0.023307 0.026052
0 0.625023 0.218228 0.022814 0.026791
0 0.752750 0.440227 0.024529 0.029855
0 0.319269 0.664695 0.024431 0.026148
0 0.675620 0.288160 0.019824 0.023609
0 0.463792 0.717855 0.021426 0.023922
0 0.384376 0.515324 0.022150 0.025343
0 0.640543 0.239470 0.023983 0.027369
0 0.844824 0.988455 0.023082 0.021081
0 0.574941 0.679803 0.019432 0.022015
0 0.711925 0.159756 0.026343 0.022407
0 0.624020 0.717186 0.020476 0.024548
0 0.804119 0.838277 0.020849 0.022222
0 0.593464 0.347195 0.018794 0.023351
0 0.694124 0.128322 0.029586 0.022999
0 0.359341 0.631963 0.019192 0.020498
0 0.324469 0.624280 0.024499 0.030566
0 0.180972 0.447648 0.021971 0.027499
0 0.307056 0.638216 0.027952 0.029548
0 0.526901 0.210634 0.017937 0.020189
0 0.700219 0.137924 0.026137 0.022592
0 0.670946 0.215772 0.020023 0.022967
0 0.458631 0.637860 0.020222 0.023523
0 0.324433 0.624292 0.023860 0.030286
0 0.318672 0.133648 0.022633 0.021227
0 0.703477 0.305359 0.020243 0.023878
0 0.479621 0.624511 0.019626 0.024175
0 0.546498 0.873011 0.018669 0.022025
0 0.488814 0.550172 0.021710 0.025244
0 0.603893 0.732263 0.024206 0.026551
0 0.424847 0.592701 0.022232 0.025113
0 0.671795 0.393538 0.023087 0.027592
0 0.560894 0.367014 0.024789 0.026694
0 0.469530 0.630661 0.023606 0.028819
0 0.566880 0.861570 0.025341 0.028399
0 0.439442 0.548904 0.021589 0.026840
0 0.574144 0.255029 0.022294 0.026163
1 0.597389 0.962081 0.039531 0.052208
0 0.238545 0.308623 0.023965 0.020336
0 0.337795 0.164984 0.022662 0.020476
0 0.346300 0.440752 0.021817 0.026434
0 0.762621 0.728107 0.024347 0.028423
0 0.622760 0.149423 0.024106 0.028945
0 0.371939 0.207555 0.023433 0.020617
0 0.893483 0.952091 0.019440 0.023094
0 0.623427 0.149166 0.024155 0.028114
0 0.855856 0.352945 0.030756 0.025868
0 0.663301 0.727919 0.020465 0.024160
0 0.706782 0.553800 0.025584 0.026663
0 0.230562 0.298864 0.024325 0.021455
0 0.597601 0.268568 0.023572 0.030240
0 0.708657 0.399750 0.020438 0.025506
0 0.362550 0.529011 0.022624 0.024926
0 0.414337 0.599446 0.024041 0.028920
0 0.463032 0.757167 0.021839 0.023370
