0 0.267337 0.553405 0.022100 0.071095
0 0.341697 0.232259 0.020754 0.068426
0 0.441695 0.734405 0.021095 0.063398
0 0.373488 0.819476 0.021724 0.070662
0 0.623051 0.315817 0.023889 0.069359
0 0.555923 0.316628 0.021158 0.063487
0 0.534532 0.233868 0.021008 0.069527
0 0.269722 0.466667 0.019835 0.066127
0 0.373758 0.731974 0.019521 0.061026
0 0.440620 0.815699 0.019645 0.066575
0 0.548443 0.818545 0.020337 0.068206
0 0.747544 0.572404 0.020584 0.067295
0 0.312052 0.552759 0.020886 0.073536
0 0.797817 0.500731 0.020693 0.063803
0 0.418561 0.815732 0.019767 0.063898
0 0.202697 0.555044 0.020771 0.068575
0 0.793059 0.582359 0.021134 0.072624
0 0.861955 0.577190 0.019397 0.066285
0 0.692765 0.315239 0.022855 0.068941
0 0.428900 0.229590 0.019104 0.065185
0 0.594985 0.740509 0.019095 0.068900
0 0.423375 0.484624 0.020724 0.067437
0 0.242042 0.730168 0.019485 0.060623
0 0.313691 0.475639 0.019815 0.064288
0 0.599576 0.314661 0.022109 0.072326
0 0.841365 0.506282 0.019340 0.068087
0 0.715723 0.068585 0.019287 0.066742
0 0.382742 0.476036 0.019822 0.066953
0 0.552425 0.487324 0.018919 0.063390
0 0.405197 0.297891 0.021575 0.066078
0 0.263830 0.816782 0.020019 0.068288
0 0.419773 0.729924 0.020936 0.064636
0 0.841162 0.580141 0.019757 0.065030
0 0.358799 0.474612 0.018781 0.067217
0 0.730428 0.495247 0.019183 0.067920
0 0.934997 0.329614 0.021438 0.070465
0 0.664630 0.576507 0.021781 0.072063
0 0.222932 0.475561 0.019492 0.059868
0 0.384733 0.303168 0.019519 0.064735
0 0.289772 0.552657 0.022407 0.079215
0 0.605441 0.233671 0.020659 0.076937
0 0.245202 0.552506 0.021359 0.069824
0 0.473188 0.219368 0.019521 0.062071
0 0.298264 0.219946 0.020753 0.069594
0 0.890267 0.249925 0.019542 0.068797
0 0.672193 0.066024 0.020132 0.067080
0 0.330271 0.806813 0.021430 0.069967
0 0.804144 0.077133 0.020863 0.069897
0 0.428288 0.303832 0.019972 0.066808
0 0.518685 0.734675 0.021567 0.069568
0 0.408083 0.227476 0.020261 0.064208
0 0.291251 0.470264 0.021408 0.069452
0 0.660921 0.823266 0.019450 0.064454
0 0.707542 0.573342 0.020136 0.069764
0 0.339685 0.306719 0.021432 0.068956
0 0.648273 0.238900 0.021294 0.066989
0 0.307824 0.728348 0.019264 0.065297
0 0.294759 0.299347 0.021341 0.066401
0 0.909864 0.331151 0.020551 0.071442
0 0.713920 0.240872 0.019610 0.066819
0 0.234807 0.220660 0.023202 0.069542
0 0.333665 0.556572 0.019501 0.068110
0 0.683893 0.747858 0.017895 0.061914
0 0.558967 0.238500 0.019457 0.067004
0 0.777462 0.314308 0.017932 0.062067
0 0.664019 0.497213 0.021003 0.070047
0 0.575300 0.485944 0.019741 0.068520
0 0.669424 0.310678 0.019740 0.062227
0 0.351507 0.809628 0.019966 0.066774
0 0.263799 0.733307 0.019562 0.064019
0 0.465815 0.558362 0.020552 0.066728
0 0.637500 0.755988 0.019415 0.068008
0 0.536194 0.319199 0.021428 0.075390
0 0.933576 0.245733 0.019189 0.066093
0 0.775034 0.497198 0.017512 0.062643
0 0.822080 0.314984 0.019040 0.065057
0 0.506758 0.487625 0.021769 0.069546
0 0.525564 0.817688 0.019074 0.065620
0 0.736953 0.074940 0.020491 0.069905
0 0.229136 0.300923 0.024212 0.075129
0 0.285080 0.815798 0.019688 0.066945
0 0.198580 0.811890 0.017476 0.064347
0 0.359607 0.556294 0.021588 0.075159
0 0.686600 0.500171 0.020299 0.069169
0 0.617170 0.817899 0.017997 0.068018
0 0.285531 0.727978 0.019351 0.060740
0 0.338305 0.478520 0.017839 0.062730
0 0.725655 0.754274 0.019165 0.067271
0 0.485227 0.739130 0.021204 0.074419
0 0.489322 0.564638 0.019158 0.069978
0 0.624215 0.563078 0.023522 0.066621
0 0.770025 0.751121 0.018798 0.065460
0 0.887487 0.503058 0.019820 0.069731
0 0.759101 0.076914 0.019031 0.067117
0 0.733555 0.315604 0.019746 0.061062
0 0.105152 0.645763 0.023677 0.068936
0 0.625182 0.491996 0.018959 0.065846
0 0.450407 0.221930 0.018038 0.065622
0 0.444395 0.555328 0.020438 0.067472
0 0.902661 0.109411 0.047758 0.033863
0 0.447136 0.478158 0.018632 0.063602
0 0.199800 0.729954 0.019845 0.064144
0 0.220322 0.728247 0.021405 0.068607
0 0.243735 0.806809 0.019097 0.065300
0 0.865952 0.234265 0.018530 0.062868
0 0.463640 0.734728 0.019673 0.069421
0 0.758092 0.235129 0.017630 0.063288
0 0.576189 0.561645 0.018586 0.063696
0 0.402525 0.483721 0.020558 0.062541
0 0.648105 0.315837 0.020521 0.069885
0 0.319138 0.226773 0.025176 0.075979
0 0.650542 0.067035 0.018044 0.061440
0 0.396156 0.733652 0.023476 0.073755
0 0.844925 0.105680 0.048528 0.033070
0 0.702998 0.837021 0.023144 0.072515
0 0.951607 0.045419 0.020164 0.066717
0 0.548259 0.744278 0.019035 0.063699
0 0.531609 0.488601 0.018801 0.067146
0 0.246154 0.477416 0.018583 0.063812
0 0.929961 0.500708 0.019104 0.067417
0 0.256525 0.224369 0.018506 0.059346
0 0.175433 0.727982 0.020313 0.066344
0 0.472819 0.298021 0.019435 0.064294
0 0.515665 0.308789 0.018761 0.068813
0 0.553153 0.566340 0.019528 0.068398
0 0.813876 0.754824 0.019431 0.066604
0 0.450628 0.299406 0.019819 0.067985
0 0.351896 0.732481 0.021010 0.072156
0 0.493590 0.216838 0.018126 0.054582
0 0.593878 0.815792 0.018480 0.063635
0 0.219948 0.808580 0.020101 0.073226
0 0.756592 0.309896 0.017470 0.064094
0 0.199319 0.481628 0.019490 0.061081
0 0.597676 0.560203 0.020957 0.062180
0 0.225061 0.554038 0.019428 0.067999
0 0.423109 0.560801 0.019303 0.059191
0 0.800145 0.318826 0.018614 0.065419
0 0.253138 0.296087 0.022028 0.074454
0 0.469270 0.481916 0.018370 0.066805
0 0.615680 0.745908 0.019004 0.062629
0 0.401298 0.554479 0.019548 0.064019
