0 0.683260 0.817914 0.045649 0.022963
0 0.544923 0.653966 0.045343 0.021768
0 0.497358 0.605192 0.045728 0.023030
0 0.564640 0.803825 0.041947 0.019390
0 0.496306 0.632434 0.040762 0.020872
0 0.334961 0.728639 0.047639 0.023650
0 0.564500 0.854559 0.038753 0.021898
0 0.373951 0.620111 0.044294 0.021687
0 0.285666 0.252196 0.044990 0.022261
0 0.372196 0.595873 0.043975 0.021457
0 0.364331 0.519411 0.046832 0.022732
0 0.302261 0.453937 0.044284 0.023064
0 0.529462 0.454726 0.044436 0.020978
0 0.321188 0.578993 0.044117 0.021215
0 0.342315 0.322531 0.043579 0.021843
0 0.364124 0.545703 0.044042 0.022421
0 0.286093 0.276091 0.041765 0.019176
0 0.520249 0.859804 0.046350 0.023240
0 0.730145 0.811447 0.042630 0.021272
0 0.637668 0.442782 0.046973 0.024456
0 0.335379 0.245113 0.047407 0.022584
0 0.335279 0.701093 0.043390 0.022317
0 0.729365 0.784138 0.043585 0.019791
0 0.655093 0.592686 0.044637 0.023769
0 0.396198 0.822735 0.042119 0.020463
0 0.164044 0.234002 0.044320 0.021248
0 0.389675 0.796073 0.046812 0.021622
0 0.539040 0.578454 0.046255 0.020391
0 0.283301 0.227498 0.042800 0.024013
0 0.708806 0.688009 0.045574 0.021807
0 0.324562 0.601761 0.043460 0.020455
0 0.383529 0.670692 0.047333 0.021481
0 0.707290 0.612726 0.044838 0.022233
0 0.310230 0.505562 0.044587 0.020042
0 0.684924 0.841554 0.044578 0.022656
0 0.563417 0.780098 0.044037 0.021433
0 0.483206 0.483937 0.042444 0.019788
0 0.511250 0.782882 0.044400 0.021203
0 0.202243 0.582962 0.045996 0.022612
0 0.337470 0.777034 0.043731 0.021470
0 0.840841 0.746288 0.048505 0.024455
0 0.312921 0.527052 0.044031 0.020668
0 0.661181 0.667138 0.046477 0.022567
0 0.531550 0.478759 0.047296 0.021950
0 0.496376 0.657465 0.044406 0.020878
0 0.709062 0.635878 0.042218 0.021681
0 0.391093 0.770976 0.048193 0.023901
0 0.490614 0.582120 0.039050 0.020544
0 0.342612 0.296086 0.045280 0.020295
0 0.199027 0.532728 0.044672 0.021977
0 0.660403 0.693333 0.042141 0.020475
0 0.517416 0.833319 0.045485 0.021140
0 0.665773 0.716879 0.043911 0.023448
0 0.198416 0.607595 0.042618 0.021500
0 0.346549 0.367709 0.045582 0.021414
0 0.733024 0.835383 0.042914 0.021984
0 0.198790 0.558162 0.055016 0.025378
0 0.481674 0.462091 0.047911 0.023187
0 0.513182 0.354038 0.042288 0.022089
0 0.484181 0.509028 0.043258 0.022052
0 0.529951 0.505443 0.041897 0.020901
0 0.550882 0.702522 0.042179 0.019902
0 0.397541 0.846129 0.044726 0.020382
0 0.305037 0.476606 0.042949 0.021069
0 0.725121 0.759578 0.042578 0.018864
0 0.173438 0.385924 0.044700 0.023052
0 0.335481 0.221803 0.057085 0.025079
0 0.384727 0.695286 0.046201 0.021683
0 0.190102 0.509373 0.042844 0.022725
0 0.290127 0.328234 0.046831 0.024856
0 0.315777 0.553231 0.043229 0.021157
0 0.549331 0.728408 0.041691 0.019114
0 0.546757 0.602690 0.043656 0.019599
0 0.332793 0.272088 0.042558 0.022947
0 0.523947 0.431428 0.041286 0.018983
0 0.163906 0.255202 0.043254 0.023405
0 0.298954 0.375036 0.042953 0.023214
0 0.325543 0.624884 0.042145 0.021154
0 0.486178 0.532673 0.042588 0.021285
0 0.166084 0.306626 0.047893 0.023023
0 0.172085 0.360129 0.046874 0.023035
0 0.722219 0.735814 0.046203 0.022818
0 0.353049 0.875617 0.040797 0.020732
0 0.167787 0.335070 0.042633 0.021812
0 0.460212 0.332548 0.046583 0.023458
0 0.348930 0.850815 0.042844 0.021134
0 0.270632 0.151727 0.044595 0.022825
0 0.331079 0.674637 0.046493 0.020551
0 0.544726 0.629666 0.044816 0.020539
0 0.382382 0.746057 0.044181 0.022399
0 0.508392 0.758515 0.044474 0.021533
0 0.658271 0.565308 0.040772 0.021157
0 0.367870 0.570684 0.044156 0.021040
0 0.384085 0.718762 0.040815 0.019131
0 0.403647 0.870555 0.043641 0.020820
0 0.679893 0.790435 0.043966 0.020518
0 0.451641 0.283048 0.042578 0.022869
0 0.851542 0.820953 0.053460 0.022845
0 0.563115 0.829635 0.042980 0.019646
0 0.656816 0.618624 0.054232 0.028083
0 0.860035 0.845608 0.041786 0.021594
0 0.297136 0.351752 0.040823 0.020239
0 0.715029 0.661929 0.045238 0.021961
0 0.500174 0.682526 0.047771 0.022944
0 0.487889 0.557768 0.044175 0.021117
0 0.645743 0.465844 0.046384 0.022089
0 0.358168 0.495787 0.044162 0.022063
0 0.531409 0.529215 0.041373 0.019602
0 0.375797 0.642221 0.044767 0.021751
0 0.503788 0.709393 0.045232 0.020889
0 0.463755 0.358633 0.043436 0.024341
0 0.185454 0.457514 0.037925 0.019059
0 0.181004 0.433807 0.042699 0.020946
0 0.336943 0.751944 0.045970 0.021455
0 0.506297 0.734352 0.041715 0.021612
0 0.673580 0.766049 0.044051 0.023590
0 0.274067 0.178408 0.045477 0.021193
0 0.291601 0.301333 0.056041 0.024775
0 0.718281 0.713085 0.046817 0.022725
0 0.346623 0.825782 0.049093 0.024297
0 0.445299 0.258382 0.042557 0.019817
0 0.457277 0.303628 0.045460 0.020796
0 0.153640 0.183598 0.041891 0.020979
0 0.644865 0.515231 0.046753 0.023462
0 0.817528 0.495872 0.060404 0.031635
0 0.167250 0.281656 0.042265 0.024391
0 0.176062 0.408140 0.043757 0.022661
