1 0.340290 0.243863 0.060305 0.042474
1 0.401728 0.166650 0.027432 0.049299
1 0.437144 0.225444 0.054230 0.042374
1 0.264343 0.379062 0.058554 0.030103
1 0.504357 0.209956 0.053915 0.040820
1 0.299327 0.427958 0.063178 0.028431
1 0.250651 0.353568 0.062687 0.030011
1 0.531455 0.484698 0.028952 0.049639
1 0.734490 0.669581 0.031078 0.050353
1 0.510376 0.493020 0.027750 0.048919
1 0.815602 0.641506 0.029676 0.050897
1 0.847781 0.503323 0.028621 0.049433
1 0.710324 0.550618 0.030270 0.051367
1 0.390710 0.236201 0.059620 0.044928
1 0.765842 0.401934 0.028371 0.048500
1 0.234256 0.326332 0.060556 0.032252
1 0.668179 0.439211 0.029493 0.048520
1 0.368742 0.241342 0.056294 0.043272
1 0.805703 0.391304 0.027468 0.048799
1 0.855549 0.628088 0.031629 0.046559
1 0.690683 0.557298 0.028207 0.048958
1 0.319381 0.453224 0.064830 0.027834
1 0.569839 0.472814 0.030132 0.047682
1 0.789202 0.524442 0.031885 0.050842
1 0.473633 0.507696 0.025539 0.047298
1 0.588475 0.466489 0.027824 0.048184
1 0.628368 0.452223 0.027807 0.048009
1 0.331276 0.179835 0.028520 0.047796
1 0.676341 0.690094 0.029908 0.049533
1 0.222894 0.301828 0.059460 0.033050
1 0.482268 0.215759 0.054539 0.042093
1 0.560126 0.127538 0.020975 0.049115
1 0.308556 0.182891 0.027060 0.048017
1 0.785969 0.396629 0.027217 0.048721
1 0.514890 0.141250 0.024003 0.052268
1 0.650782 0.571765 0.026306 0.048044
1 0.593536 0.594175 0.030176 0.045752
1 0.730145 0.544251 0.029727 0.046259
1 0.835126 0.633121 0.030476 0.047683
1 0.354146 0.175942 0.028591 0.048591
1 0.611983 0.585512 0.029181 0.052151
1 0.827710 0.511110 0.027508 0.046764
1 0.685648 0.432005 0.029401 0.048836
1 0.654972 0.696193 0.027245 0.048587
1 0.694209 0.683093 0.026337 0.049470
1 0.358919 0.496554 0.065817 0.027138
1 0.469937 0.151136 0.024157 0.048594
1 0.458832 0.220343 0.056425 0.045052
1 0.609305 0.458360 0.026599 0.047599
1 0.467559 0.315302 0.058411 0.019161
1 0.411410 0.230270 0.054498 0.043611
1 0.754419 0.660388 0.029020 0.047848
1 0.284702 0.185822 0.029633 0.048401
1 0.795790 0.646665 0.028370 0.047805
1 0.774989 0.654421 0.027786 0.051004
1 0.603234 0.114608 0.022935 0.047829
1 0.554866 0.644124 0.064338 0.020365
1 0.412277 0.542086 0.064599 0.024058
1 0.627774 0.107841 0.024388 0.048288
1 0.769659 0.530558 0.029463 0.046153
1 0.648201 0.446187 0.027315 0.049256
1 0.464353 0.581922 0.063293 0.021059
1 0.745892 0.410713 0.028149 0.048228
1 0.715592 0.674444 0.027102 0.047401
1 0.582071 0.120896 0.021501 0.048829
1 0.537322 0.132730 0.022234 0.047879
1 0.448001 0.155949 0.022657 0.050009
1 0.550362 0.478035 0.027843 0.050092
1 0.341311 0.476707 0.065504 0.025006
1 0.894877 0.614044 0.032645 0.047615
1 0.217588 0.278167 0.059348 0.038132
1 0.489500 0.600803 0.061810 0.019175
1 0.631442 0.578097 0.026473 0.049300
1 0.553102 0.199818 0.059354 0.046167
1 0.913056 0.606784 0.030656 0.047273
1 0.492292 0.144787 0.021846 0.048456
1 0.919870 0.481876 0.052678 0.037113
1 0.385766 0.520808 0.065899 0.025951
1 0.378919 0.170400 0.026467 0.049544
1 0.705373 0.424551 0.028256 0.047699
1 0.518848 0.620381 0.063114 0.021357
1 0.874115 0.618710 0.032173 0.047265
1 0.938488 0.541631 0.048066 0.036028
0 0.303241 0.777620 0.036157 0.027924
1 0.929742 0.512602 0.049264 0.035920
1 0.528477 0.205013 0.057472 0.041612
0 0.282679 0.735634 0.032497 0.025601
0 0.015777 0.563600 0.031555 0.027454
