1 0.249958 0.826964 0.122551 0.014049
1 0.723495 0.172879 0.128934 0.016801
1 0.258896 0.778908 0.120064 0.014429
1 0.697356 0.314229 0.136056 0.016016
1 0.271699 0.683664 0.126612 0.013510
1 0.633952 0.693458 0.127439 0.016743
1 0.624068 0.741290 0.131569 0.013888
1 0.677472 0.424965 0.132303 0.013290
1 0.301405 0.479148 0.124489 0.014441
1 0.292600 0.541357 0.127888 0.013586
1 0.728737 0.157388 0.131720 0.016004
1 0.699751 0.297680 0.135700 0.014743
1 0.341083 0.240648 0.124204 0.014344
1 0.618109 0.772602 0.126144 0.013431
1 0.693980 0.330964 0.129615 0.014693
1 0.327038 0.335547 0.121678 0.012696
1 0.309009 0.446235 0.120379 0.013518
1 0.331228 0.303644 0.123711 0.014932
1 0.311031 0.463014 0.125858 0.016184
1 0.361308 0.160826 0.124047 0.014805
1 0.640654 0.662234 0.133188 0.014697
1 0.327820 0.318362 0.121871 0.016250
1 0.710787 0.219314 0.133606 0.012773
1 0.684842 0.377157 0.132373 0.012788
1 0.631330 0.709654 0.127269 0.013921
1 0.644526 0.614613 0.129323 0.013845
1 0.611739 0.820089 0.131467 0.013605
1 0.708728 0.251984 0.134493 0.014221
1 0.264857 0.745855 0.120685 0.014734
1 0.337550 0.271802 0.122128 0.014426
1 0.252019 0.810369 0.118491 0.012916
1 0.263332 0.761776 0.119491 0.016078
1 0.701896 0.281751 0.134004 0.013041
1 0.688949 0.346930 0.133876 0.013254
1 0.277448 0.635277 0.125226 0.014301
1 0.266634 0.715208 0.124061 0.013140
1 0.283114 0.604240 0.124470 0.014086
1 0.711988 0.267212 0.133190 0.014505
1 0.657611 0.551117 0.135999 0.013879
1 0.709338 0.235229 0.134407 0.013007
1 0.626809 0.725768 0.132499 0.013700
1 0.677681 0.408860 0.133700 0.012719
1 0.650791 0.598781 0.129621 0.013969
1 0.335154 0.288163 0.123454 0.015827
1 0.327131 0.353031 0.123274 0.013174
1 0.347935 0.208048 0.120658 0.013461
1 0.655395 0.566108 0.137985 0.012994
1 0.343729 0.225025 0.123063 0.014715
1 0.280099 0.620706 0.125108 0.013763
1 0.620730 0.757801 0.128521 0.013369
1 0.644848 0.629574 0.128069 0.014951
1 0.287560 0.572943 0.122634 0.012768
1 0.681363 0.393786 0.132061 0.012452
1 0.295119 0.526256 0.125023 0.012890
1 0.641813 0.645562 0.133134 0.012763
1 0.290900 0.557767 0.125763 0.012265
1 0.272004 0.667889 0.124056 0.014197
0 0.420126 0.861156 0.027550 0.021869
1 0.678138 0.443084 0.127692 0.013322
0 0.482348 0.864379 0.030668 0.026448
0 0.369888 0.858237 0.026943 0.024602
1 0.286163 0.588951 0.125889 0.013069
