1 0.257513 0.811475 0.034647 0.038226
1 0.283130 0.786158 0.036097 0.038130
1 0.366934 0.634171 0.036471 0.035973
1 0.211248 0.663801 0.035830 0.035633
1 0.205129 0.606167 0.039173 0.036897
1 0.494927 0.734805 0.033925 0.035822
1 0.277022 0.663755 0.038044 0.036841
1 0.779372 0.138710 0.037720 0.039010
1 0.126931 0.679628 0.037571 0.036158
1 0.400030 0.873141 0.037477 0.037339
1 0.364808 0.717644 0.038403 0.039755
1 0.415789 0.809952 0.035186 0.035788
1 0.402253 0.827405 0.035660 0.036717
1 0.116425 0.687676 0.036035 0.035283
1 0.668022 0.284538 0.034969 0.036301
1 0.299089 0.768517 0.036557 0.037238
1 0.748521 0.237807 0.036508 0.035331
1 0.565855 0.234217 0.035619 0.036679
1 0.232556 0.771387 0.036170 0.035908
1 0.840401 0.129498 0.036732 0.034878
1 0.849809 0.157394 0.034868 0.034069
1 0.275703 0.795601 0.036008 0.036439
1 0.497118 0.242594 0.039535 0.039120
1 0.564620 0.659391 0.030227 0.028796
1 0.296388 0.646976 0.039013 0.038538
1 0.889812 0.119811 0.035911 0.034471
1 0.779223 0.190554 0.034457 0.035565
1 0.389941 0.881665 0.036357 0.040324
1 0.538726 0.201964 0.035726 0.036005
1 0.748278 0.079185 0.035948 0.035163
1 0.218263 0.789963 0.037183 0.037389
1 0.593305 0.358037 0.036407 0.034591
1 0.813154 0.173029 0.036815 0.035598
1 0.733859 0.268179 0.036006 0.035268
1 0.241955 0.695822 0.038323 0.036941
1 0.618763 0.456408 0.035710 0.037049
1 0.149433 0.720173 0.035179 0.035540
1 0.364372 0.902062 0.035163 0.034856
1 0.227944 0.646712 0.036425 0.037698
1 0.249424 0.820217 0.035189 0.036689
1 0.638807 0.258798 0.038902 0.035120
1 0.633882 0.169140 0.038545 0.036276
1 0.512395 0.720860 0.034627 0.036706
1 0.644049 0.102998 0.037000 0.037071
1 0.438486 0.788763 0.033575 0.033677
1 0.746537 0.170810 0.034305 0.036023
1 0.175821 0.696640 0.037787 0.039447
1 0.589426 0.244626 0.037754 0.036102
1 0.846579 0.141958 0.035804 0.033934
1 0.545903 0.359631 0.038691 0.037337
1 0.384904 0.841368 0.035157 0.037008
1 0.577880 0.587618 0.039295 0.037660
1 0.410213 0.678210 0.035831 0.035473
1 0.702518 0.250511 0.036866 0.035382
1 0.190986 0.745427 0.034800 0.037447
1 0.177863 0.631132 0.038512 0.038298
1 0.589784 0.151872 0.038119 0.036825
1 0.815076 0.137110 0.037640 0.037873
1 0.092576 0.631994 0.039325 0.036110
1 0.192528 0.678873 0.035883 0.036949
1 0.473005 0.758580 0.033372 0.034959
1 0.329527 0.878548 0.036993 0.034902
1 0.605899 0.290530 0.040185 0.036620
1 0.469723 0.672771 0.036520 0.035830
1 0.311857 0.910474 0.035831 0.037482
1 0.497686 0.298477 0.037214 0.035974
1 0.399615 0.602868 0.036024 0.034376
1 0.724362 0.211192 0.037242 0.037847
1 0.423117 0.564906 0.036188 0.037105
1 0.357661 0.909978 0.034410 0.035849
1 0.679459 0.231838 0.037286 0.036737
1 0.345551 0.730782 0.038107 0.038614
1 0.642569 0.416928 0.031183 0.032212
1 0.882473 0.109781 0.035565 0.034613
1 0.612690 0.296019 0.038249 0.034766
1 0.772385 0.179576 0.034731 0.034023
1 0.519614 0.310086 0.036408 0.036300
1 0.461936 0.664091 0.035952 0.035779
1 0.726335 0.083559 0.031316 0.028941
1 0.572590 0.320790 0.037793 0.035813
0 0.211598 0.947577 0.019083 0.018587
1 0.552910 0.278602 0.034666 0.035319
1 0.782809 0.080038 0.030346 0.027580
1 0.544228 0.618801 0.037019 0.035940
1 0.222921 0.777896 0.035473 0.035778
1 0.806793 0.197468 0.036550 0.035515
1 0.630291 0.189461 0.041267 0.036943
1 0.225593 0.712062 0.038912 0.039231
1 0.428054 0.696049 0.035888 0.034831
1 0.240091 0.760303 0.037142 0.036798
1 0.338925 0.787730 0.023714 0.041670
1 0.159202 0.712413 0.036388 0.036643
1 0.621890 0.306037 0.041151 0.032794
1 0.562597 0.673760 0.035297 0.036154
1 0.329040 0.680879 0.037740 0.036711
1 0.298810 0.914474 0.036601 0.036867
1 0.872435 0.098297 0.035822 0.038430
1 0.545165 0.685989 0.035233 0.034072
1 0.487377 0.741503 0.034104 0.034929
1 0.697678 0.301881 0.037074 0.034984
1 0.672034 0.226715 0.039521 0.039926
1 0.633458 0.333764 0.038748 0.036375
1 0.653512 0.274012 0.035867 0.035206
1 0.624347 0.210914 0.035394 0.034339
1 0.665765 0.157327 0.036139 0.035544
1 0.811147 0.157928 0.037186 0.036232
1 0.603415 0.440812 0.035233 0.036913
