2 0.466418 0.704561 0.034544 0.038134
2 0.424896 0.574657 0.029860 0.030006
2 0.450358 0.670906 0.040189 0.044446
2 0.739209 0.576321 0.040281 0.041749
2 0.964342 0.871806 0.050702 0.053864
2 0.148428 0.413958 0.032707 0.034943
2 0.254904 0.518494 0.035134 0.039354
2 0.587037 0.812312 0.026556 0.029522
2 0.205235 0.569003 0.043009 0.046714
2 0.645575 0.792684 0.027779 0.030444
2 0.596442 0.572616 0.037277 0.041836
2 0.242402 0.089049 0.029444 0.031946
2 0.561238 0.645407 0.037696 0.040165
2 0.253568 0.600272 0.019953 0.020417
2 0.477002 0.768408 0.029486 0.029677
2 0.680468 0.737179 0.027491 0.033083
2 0.265431 0.626431 0.021135 0.020757
2 0.161561 0.135508 0.030761 0.035580
2 0.578616 0.714099 0.029288 0.030056
2 0.429071 0.608925 0.033152 0.034665
2 0.087216 0.580641 0.038383 0.040832
2 0.677735 0.123045 0.043259 0.043190
2 0.610374 0.080886 0.045563 0.047715
2 0.170971 0.271896 0.040157 0.043000
2 0.516112 0.554288 0.026770 0.029879
2 0.163128 0.532711 0.039561 0.040219
2 0.704337 0.528906 0.041790 0.045228
2 0.206762 0.439722 0.041952 0.045409
2 0.270544 0.143624 0.029373 0.030229
2 0.689682 0.432233 0.027120 0.029702
2 0.651788 0.592707 0.037532 0.042896
2 0.188903 0.196516 0.042646 0.048636
2 0.438950 0.822612 0.037396 0.037915
2 0.545176 0.615433 0.033886 0.038246
2 0.483556 0.803615 0.032951 0.036055
2 0.223542 0.540677 0.035270 0.035854
2 0.642983 0.755143 0.031285 0.036123
2 0.497432 0.526125 0.035456 0.040605
2 0.919093 0.365319 0.031656 0.038546
2 0.117905 0.101354 0.026524 0.029425
2 0.604832 0.109962 0.039714 0.041902
2 0.672275 0.509015 0.030693 0.039575
2 0.519184 0.066123 0.039980 0.041362
2 0.187722 0.510035 0.044021 0.050685
2 0.437148 0.639993 0.035290 0.037921
2 0.200672 0.112498 0.031272 0.032978
2 0.549341 0.043710 0.042692 0.047081
2 0.567313 0.079603 0.048203 0.053165
2 0.744888 0.215255 0.024559 0.028486
2 0.494412 0.145281 0.021000 0.021878
2 0.220348 0.176393 0.037837 0.040712
2 0.508636 0.094419 0.032092 0.036760
2 0.834869 0.383307 0.022866 0.022752
2 0.847619 0.300010 0.025740 0.028870
2 0.212042 0.478720 0.035173 0.036352
2 0.582951 0.778781 0.023436 0.023116
2 0.198994 0.257938 0.028705 0.032980
2 0.739370 0.528794 0.034003 0.037845
2 0.763424 0.516733 0.040780 0.039414
2 0.778709 0.236418 0.021155 0.024084
2 0.808539 0.259915 0.028192 0.032578
2 0.181128 0.587176 0.030048 0.036884
2 0.501348 0.124471 0.017851 0.019401
2 0.311970 0.646432 0.019907 0.023331
2 0.730711 0.197791 0.026640 0.029745
2 0.405398 0.713940 0.033195 0.031861
2 0.955363 0.364623 0.021977 0.030083
2 0.291527 0.565559 0.018343 0.019110
2 0.061960 0.491783 0.031383 0.040149
2 0.792577 0.245609 0.025623 0.027498
2 0.168296 0.166612 0.024152 0.024690
2 0.148947 0.566140 0.033293 0.036690
2 0.138296 0.087461 0.026903 0.033997
2 0.595883 0.835726 0.016858 0.016953
2 0.283587 0.056266 0.027966 0.026574
2 0.084569 0.180673 0.019465 0.020212
2 0.581097 0.747999 0.022022 0.023543
2 0.078512 0.105823 0.018390 0.020237
2 0.325775 0.630593 0.025321 0.023944
2 0.280790 0.588137 0.024363 0.022919
2 0.643561 0.816088 0.017401 0.017890
2 0.747647 0.487627 0.052134 0.054211
2 0.136733 0.501582 0.033223 0.037854
2 0.333617 0.611244 0.021249 0.019155
2 0.809025 0.424041 0.016769 0.020293
2 0.973915 0.218925 0.024549 0.023237
2 0.224097 0.041851 0.030582 0.032301
2 0.874034 0.393920 0.018690 0.020805
