1 0.327938 0.702826 0.046509 0.016110
1 0.843471 0.630111 0.065068 0.015145
1 0.326239 0.751416 0.043680 0.017757
1 0.323929 0.717756 0.043724 0.014859
1 0.840050 0.877537 0.064112 0.015538
1 0.911137 0.942220 0.069302 0.016265
1 0.840801 0.746076 0.063433 0.015069
1 0.917026 0.728139 0.066893 0.013942
1 0.917118 0.777912 0.070989 0.017544
1 0.831013 0.909678 0.070296 0.017023
1 0.917907 0.711669 0.065991 0.015291
1 0.660314 0.758837 0.070613 0.017338
1 0.916511 0.794810 0.070926 0.016600
1 0.915243 0.826997 0.070541 0.016391
1 0.103646 0.493896 0.056998 0.014070
1 0.325615 0.733377 0.042070 0.015029
1 0.329682 0.686578 0.043906 0.014411
1 0.911117 0.860421 0.070837 0.016891
1 0.841862 0.663064 0.069168 0.014784
1 0.841182 0.779258 0.065827 0.015747
1 0.916220 0.811480 0.070843 0.017023
1 0.840450 0.795461 0.065521 0.013312
1 0.831163 0.927356 0.069306 0.016844
1 0.912153 0.877450 0.070029 0.015699
1 0.135024 0.416780 0.073008 0.022225
1 0.839473 0.761605 0.066316 0.013326
1 0.643212 0.923468 0.071929 0.018527
1 0.665862 0.644912 0.070506 0.014956
1 0.912964 0.909208 0.067751 0.016265
1 0.125506 0.336417 0.039519 0.014425
1 0.661043 0.727777 0.068955 0.013924
1 0.841990 0.859610 0.050060 0.015751
1 0.141158 0.434260 0.067733 0.019580
1 0.925930 0.629563 0.068246 0.015373
1 0.675159 0.596942 0.066857 0.014158
1 0.129427 0.384304 0.075127 0.020824
1 0.920778 0.676119 0.068363 0.015194
1 0.659081 0.682714 0.067193 0.014797
1 0.665541 0.629699 0.069923 0.015728
1 0.927034 0.466610 0.015816 0.065105
1 0.911547 0.844113 0.070367 0.016107
1 0.843108 0.712031 0.066976 0.016303
1 0.661791 0.712342 0.067386 0.013837
1 0.659496 0.777085 0.074423 0.016958
1 0.643578 0.889628 0.073915 0.016167
1 0.657580 0.742669 0.064751 0.016012
1 0.132987 0.401781 0.073554 0.020325
1 0.124379 0.275413 0.032774 0.014690
1 0.926534 0.615309 0.073222 0.016550
1 0.946307 0.466407 0.015240 0.075377
