1 0.237320 0.615896 0.054998 0.031607
1 0.110447 0.758538 0.060010 0.035825
1 0.859992 0.449354 0.048531 0.021554
1 0.477367 0.348773 0.058951 0.033749
1 0.133680 0.733783 0.056404 0.030278
1 0.875965 0.373446 0.045607 0.024490
1 0.794820 0.708564 0.030366 0.050297
1 0.155948 0.707793 0.056697 0.030967
1 0.871616 0.388220 0.047291 0.022666
1 0.179279 0.681503 0.056649 0.031797
1 0.840103 0.553122 0.050121 0.022384
1 0.724173 0.291803 0.023313 0.055083
1 0.866522 0.402948 0.050653 0.022861
1 0.854677 0.478523 0.048618 0.021997
1 0.854342 0.494142 0.046993 0.021059
1 0.467462 0.362818 0.052141 0.033127
1 0.845210 0.522323 0.047796 0.021756
1 0.732016 0.780087 0.029387 0.050342
1 0.259202 0.592996 0.056271 0.033547
1 0.680423 0.282160 0.023005 0.056451
1 0.619974 0.269543 0.022233 0.058861
1 0.479301 0.046473 0.048489 0.043556
1 0.740186 0.295411 0.024990 0.050678
1 0.837009 0.568329 0.049068 0.022157
1 0.649612 0.271799 0.020045 0.049057
1 0.300187 0.755704 0.052116 0.050138
1 0.317694 0.528534 0.056252 0.033927
1 0.839134 0.313290 0.021029 0.051437
1 0.328695 0.516104 0.057169 0.031720
1 0.443395 0.386779 0.056308 0.033427
1 0.766533 0.301351 0.021977 0.048928
1 0.863415 0.419350 0.049551 0.021854
1 0.853692 0.313827 0.020925 0.051308
1 0.830728 0.614608 0.050625 0.023153
1 0.213379 0.642812 0.057655 0.033627
1 0.443090 0.068971 0.045631 0.044693
1 0.709686 0.285996 0.021426 0.052055
1 0.603018 0.264140 0.023698 0.052367
1 0.823947 0.313271 0.022776 0.053343
1 0.833838 0.598514 0.047721 0.020374
1 0.359811 0.478288 0.060830 0.032683
1 0.338847 0.502814 0.056731 0.032438
1 0.816462 0.685710 0.030805 0.051157
1 0.710546 0.802804 0.030184 0.049965
1 0.721150 0.789818 0.030100 0.049244
1 0.270062 0.578742 0.060078 0.034928
1 0.375246 0.465696 0.053515 0.030266
1 0.492512 0.030849 0.053698 0.043824
1 0.792281 0.316366 0.021413 0.045205
1 0.762443 0.742403 0.029099 0.049748
0 0.344751 0.729072 0.021166 0.022997
1 0.687033 0.826866 0.030671 0.052978
1 0.777548 0.311703 0.022528 0.047047
1 0.699289 0.815289 0.030751 0.048584
1 0.782624 0.717354 0.029887 0.049518
1 0.857296 0.463702 0.048689 0.022415
1 0.752191 0.755702 0.028130 0.050050
1 0.407414 0.425601 0.060563 0.034265
1 0.743186 0.769466 0.029944 0.050197
0 0.719180 0.942862 0.023002 0.023259
0 0.357142 0.669922 0.021498 0.023825
0 0.703664 0.878827 0.020602 0.020589
1 0.426887 0.415332 0.040500 0.027985
0 0.476701 0.928380 0.014041 0.025284
0 0.688028 0.481546 0.019603 0.021974
0 0.348316 0.681183 0.023559 0.023632
0 0.639518 0.912463 0.020806 0.022958
0 0.712889 0.869870 0.022456 0.022341
0 0.757335 0.899821 0.019459 0.021435
0 0.367635 0.705009 0.024093 0.024226
0 0.386252 0.911528 0.011468 0.022158
0 0.663312 0.457798 0.019005 0.023308
1 0.458251 0.063194 0.046645 0.047342
0 0.765482 0.889462 0.020687 0.022489
0 0.202710 0.932599 0.014372 0.028536
0 0.356059 0.717652 0.022977 0.023470
1 0.753945 0.297936 0.024101 0.048097
0 0.319046 0.898536 0.011917 0.023863
0 0.706295 0.583847 0.020245 0.024034
0 0.257653 0.944358 0.012328 0.022931
