2 0.533097 0.399483 0.022708 0.050613
2 0.857303 0.578457 0.015763 0.044087
2 0.763264 0.449563 0.021593 0.062649
2 0.811805 0.504897 0.012706 0.042871
2 0.359418 0.262527 0.012621 0.032222
2 0.896236 0.733535 0.020734 0.057922
2 0.602861 0.300353 0.013526 0.030270
2 0.936219 0.885658 0.025600 0.066478
2 0.834283 0.594363 0.014392 0.040479
2 0.077885 0.767953 0.013585 0.036753
2 0.039984 0.850817 0.011983 0.033060
2 0.626321 0.385842 0.008539 0.025921
2 0.821341 0.430081 0.011635 0.031827
2 0.326261 0.169026 0.011647 0.033109
2 0.845588 0.575108 0.012598 0.035347
2 0.813818 0.446064 0.010618 0.031292
2 0.616974 0.306383 0.009122 0.027736
2 0.874372 0.643648 0.017637 0.047273
2 0.919284 0.816736 0.014019 0.043868
2 0.883504 0.677355 0.015765 0.045123
2 0.673155 0.454072 0.009545 0.025145
2 0.076440 0.727169 0.010426 0.027922
2 0.562887 0.267514 0.012626 0.027055
2 0.866291 0.609483 0.016549 0.045401
2 0.078692 0.691914 0.013149 0.022413
2 0.685871 0.456246 0.009017 0.028896
2 0.121899 0.615647 0.015965 0.037762
2 0.508940 0.432051 0.014304 0.049100
2 0.654946 0.450517 0.010926 0.027658
2 0.597749 0.414400 0.008297 0.031139
2 0.874602 0.643493 0.015579 0.043235
2 0.341540 0.181944 0.016616 0.038636
2 0.582228 0.285943 0.021366 0.047263
2 0.637908 0.316549 0.011014 0.026475
2 0.556329 0.279126 0.012227 0.033454
