1 0.368420 0.235320 0.059024 0.097209
1 0.588521 0.257846 0.055631 0.102734
1 0.340286 0.245919 0.061242 0.096285
1 0.308733 0.250076 0.063915 0.107227
1 0.557319 0.258618 0.061864 0.107213
1 0.523265 0.249444 0.056649 0.096210
1 0.670041 0.496692 0.064389 0.086359
1 0.507557 0.493779 0.070366 0.095565
1 0.438475 0.500606 0.069129 0.093593
1 0.370172 0.500087 0.066962 0.088733
1 0.736920 0.501061 0.067401 0.090297
1 0.681436 0.262226 0.061869 0.108186
1 0.404859 0.500326 0.066853 0.090956
1 0.607474 0.494618 0.065133 0.088337
1 0.542501 0.492134 0.066292 0.092831
1 0.648193 0.262034 0.062468 0.106842
0 0.602801 0.722279 0.017587 0.043610
0 0.646195 0.716350 0.017442 0.042776
0 0.316435 0.707653 0.020052 0.049835
0 0.491569 0.715924 0.018606 0.047109
0 0.535872 0.715756 0.017525 0.044036
0 0.758681 0.723295 0.017091 0.042387
0 0.736763 0.714978 0.019547 0.045310
0 0.925756 0.938693 0.017611 0.045740
1 0.703417 0.501383 0.066056 0.085457
0 0.741129 0.607107 0.018765 0.041892
1 0.745736 0.261730 0.062315 0.108356
0 0.065610 0.137134 0.037482 0.031243
0 0.514164 0.717476 0.018288 0.039112
0 0.669586 0.715963 0.017318 0.045506
0 0.903096 0.941461 0.016710 0.041798
1 0.704186 0.500247 0.065159 0.085131
0 0.579904 0.717321 0.017757 0.048228
0 0.856756 0.940029 0.017315 0.039523
0 0.356819 0.708414 0.017703 0.043322
0 0.880657 0.941079 0.016732 0.040457
0 0.558416 0.719695 0.017434 0.042927
0 0.628489 0.603974 0.020584 0.054797
