2 0.306390 0.648097 0.012203 0.050997
2 0.401082 0.582271 0.019126 0.075123
2 0.937062 0.715175 0.018635 0.076859
2 0.095906 0.374866 0.011322 0.039848
2 0.508958 0.341703 0.008967 0.024686
2 0.351084 0.332748 0.012653 0.042653
2 0.547184 0.339441 0.008973 0.023166
2 0.527583 0.511368 0.008980 0.023382
2 0.482762 0.429387 0.008493 0.026767
2 0.315918 0.623133 0.010116 0.036588
2 0.259175 0.491744 0.007412 0.035881
2 0.709303 0.391517 0.009193 0.026224
2 0.548414 0.418165 0.008428 0.026154
2 0.490262 0.343016 0.008085 0.021990
2 0.569940 0.418565 0.008428 0.024953
2 0.736429 0.286727 0.010937 0.038382
2 0.501959 0.506811 0.008784 0.026514
2 0.335145 0.454837 0.008700 0.029988
2 0.325832 0.355872 0.012666 0.052365
2 0.682015 0.313971 0.009539 0.025807
2 0.721305 0.289176 0.012278 0.044154
2 0.276405 0.427478 0.008915 0.040719
2 0.464262 0.433586 0.008046 0.027899
2 0.329817 0.539322 0.007347 0.023958
2 0.528640 0.340027 0.007854 0.025449
2 0.054052 0.638264 0.008728 0.033977
2 0.639302 0.717257 0.009458 0.041563
2 0.719799 0.394522 0.008852 0.029970
2 0.056988 0.465523 0.008502 0.028594
2 0.349100 0.453799 0.008332 0.033772
2 0.758834 0.469770 0.008346 0.025961
2 0.740115 0.469776 0.008254 0.029288
2 0.316643 0.368936 0.009301 0.031567
2 0.368931 0.569533 0.011094 0.040127
2 0.558574 0.419509 0.008184 0.025367
2 0.315985 0.457463 0.007219 0.022678
2 0.583650 0.335466 0.009448 0.029479
2 0.306276 0.458473 0.007464 0.024793
2 0.533128 0.542117 0.008688 0.035887
2 0.070402 0.540064 0.009652 0.025293
2 0.483198 0.511239 0.009421 0.024239
2 0.076359 0.457743 0.009176 0.028279
2 0.569281 0.334934 0.010731 0.027740
2 0.581933 0.419508 0.008908 0.025197
2 0.185191 0.390943 0.007194 0.032810
2 0.352257 0.523210 0.010120 0.027746
2 0.427225 0.434536 0.010187 0.029282
2 0.673076 0.402838 0.008756 0.032721
2 0.204696 0.538981 0.006200 0.030585
2 0.370504 0.436446 0.009999 0.031070
2 0.358374 0.534852 0.009712 0.033308
2 0.788063 0.470080 0.010616 0.036035
2 0.296287 0.457683 0.008098 0.029554
2 0.517145 0.509759 0.008820 0.022225
2 0.641117 0.581117 0.007931 0.044676
2 0.715142 0.305639 0.010512 0.033866
2 0.463587 0.347035 0.008129 0.023851
2 0.377614 0.499684 0.014471 0.051237
2 0.260159 0.580764 0.007601 0.037866
2 0.745096 0.292856 0.009223 0.036585
2 0.312502 0.539298 0.008158 0.026968
2 0.273093 0.495024 0.012428 0.046211
2 0.438389 0.434842 0.011452 0.025868
2 0.320835 0.537683 0.007633 0.024718
2 0.401880 0.614344 0.013044 0.040612
2 0.366421 0.536179 0.011317 0.034336
2 0.218635 0.369701 0.010280 0.039444
2 0.097307 0.535101 0.010418 0.028724
2 0.682696 0.396645 0.007522 0.026732
2 0.038859 0.611209 0.009774 0.040691
2 0.080888 0.381085 0.011336 0.027521
2 0.277866 0.546100 0.007654 0.033505
2 0.450799 0.347779 0.009310 0.025290
2 0.241331 0.535153 0.006152 0.030685
2 0.240767 0.496488 0.006401 0.029841
2 0.203632 0.465861 0.006466 0.031920
2 0.185177 0.467614 0.006447 0.030761
2 0.222764 0.540795 0.006019 0.028273
2 0.341318 0.360279 0.019585 0.071709
2 0.580098 0.497603 0.007486 0.030806
2 0.748997 0.386236 0.006896 0.020258
2 0.539075 0.420770 0.007877 0.025994
2 0.094523 0.456924 0.010193 0.027521
2 0.738093 0.389903 0.009848 0.026119
2 0.241109 0.460504 0.006658 0.030685
2 0.221734 0.463744 0.005838 0.027156
2 0.387507 0.344890 0.011164 0.039254
2 0.187287 0.509440 0.009869 0.043487
