2 0.890635 0.347636 0.044851 0.087217
2 0.427883 0.384402 0.038274 0.078530
2 0.709825 0.717192 0.043537 0.093187
2 0.901659 0.657047 0.044289 0.084004
2 0.898498 0.566681 0.045963 0.090417
2 0.364364 0.391388 0.039234 0.088893
2 0.799201 0.474797 0.036345 0.078359
2 0.567935 0.392946 0.030133 0.061034
2 0.491209 0.759734 0.040192 0.080397
2 0.761787 0.817109 0.036371 0.090117
2 0.270984 0.161578 0.033211 0.072085
2 0.899341 0.476384 0.038623 0.070709
2 0.469810 0.804125 0.035872 0.065532
2 0.157131 0.540953 0.041045 0.095783
2 0.364642 0.782290 0.045799 0.106819
2 0.237308 0.196098 0.029340 0.068334
