2 0.740339 0.786705 0.064022 0.050864
2 0.201752 0.654974 0.043867 0.034256
2 0.204640 0.191148 0.051570 0.040986
2 0.707398 0.543232 0.034926 0.027338
2 0.620894 0.921158 0.034571 0.031732
2 0.835088 0.536049 0.044847 0.035118
2 0.922493 0.235731 0.043516 0.033934
2 0.275314 0.721677 0.048190 0.038348
2 0.841351 0.385544 0.026395 0.022010
2 0.738937 0.555927 0.032810 0.026056
2 0.111560 0.707123 0.028291 0.022411
2 0.681935 0.797011 0.046808 0.038230
2 0.880883 0.249215 0.025368 0.021730
2 0.249734 0.376656 0.023130 0.020228
2 0.191679 0.220653 0.033784 0.022692
2 0.243953 0.192432 0.024696 0.024963
2 0.704886 0.936569 0.046671 0.042137
2 0.161770 0.669655 0.045234 0.036599
2 0.779063 0.374581 0.025570 0.021498
2 0.077886 0.625277 0.032147 0.024294
2 0.081344 0.666326 0.055512 0.041333
2 0.143730 0.595891 0.034417 0.027574
2 0.642227 0.638474 0.035717 0.030291
2 0.285624 0.457128 0.023041 0.019915
2 0.204376 0.376511 0.024970 0.020644
2 0.810301 0.237493 0.023938 0.021345
2 0.071619 0.241714 0.021892 0.021306
2 0.813364 0.378727 0.024155 0.020638
2 0.135629 0.439591 0.031113 0.024599
2 0.064238 0.763319 0.022121 0.021295
2 0.694307 0.696233 0.050823 0.039449
2 0.786726 0.231680 0.025222 0.022351
2 0.204674 0.572264 0.033787 0.027438
2 0.667746 0.667646 0.046105 0.039364
2 0.017068 0.753304 0.018573 0.018669
2 0.825833 0.306983 0.025531 0.022105
2 0.055197 0.321594 0.025493 0.017631
2 0.754169 0.476679 0.027214 0.024529
2 0.303972 0.133192 0.021063 0.018868
2 0.574214 0.686154 0.029701 0.026994
2 0.232608 0.738577 0.047465 0.037196
2 0.242018 0.095967 0.044656 0.034860
2 0.623551 0.740265 0.050065 0.038434
2 0.542575 0.844607 0.028985 0.022797
2 0.727725 0.465571 0.023703 0.019594
2 0.072503 0.927308 0.030578 0.020957
2 0.319724 0.037670 0.022430 0.019457
2 0.026988 0.208298 0.023537 0.020627
2 0.503286 0.801447 0.035609 0.026809
2 0.276639 0.197395 0.023760 0.020991
2 0.272334 0.030260 0.025050 0.022124
2 0.329262 0.980090 0.026989 0.018099
2 0.650955 0.769979 0.049420 0.036024
2 0.287872 0.375464 0.024876 0.023058
