1 0.889329 0.431987 0.055900 0.021201
1 0.736716 0.686639 0.056017 0.019544
1 0.710388 0.769184 0.055515 0.021248
1 0.894711 0.711816 0.055673 0.019545
1 0.887354 0.382411 0.056368 0.020444
1 0.475391 0.898554 0.065517 0.021603
1 0.732547 0.719810 0.052569 0.019604
1 0.724271 0.745348 0.063178 0.020681
1 0.877647 0.663392 0.089231 0.021815
1 0.866260 0.206180 0.090075 0.022391
1 0.738588 0.665465 0.060436 0.019233
1 0.626221 0.892998 0.067704 0.021998
1 0.874165 0.310163 0.079164 0.022478
1 0.738639 0.643654 0.062466 0.019083
1 0.383860 0.902840 0.080558 0.022341
1 0.552021 0.894196 0.065212 0.023483
1 0.311093 0.687259 0.047913 0.018533
1 0.887519 0.407211 0.054412 0.019324
1 0.685461 0.891942 0.047316 0.021684
1 0.300210 0.613732 0.063834 0.021924
1 0.705736 0.817546 0.066278 0.021584
1 0.181532 0.556937 0.020616 0.117861
1 0.880749 0.738000 0.087399 0.020242
1 0.294722 0.478664 0.069281 0.020194
1 0.621069 0.062898 0.038334 0.041901
1 0.893651 0.480151 0.043194 0.021149
