1 0.124572 0.793694 0.027827 0.055532
1 0.325079 0.760243 0.036231 0.057289
1 0.150692 0.795568 0.027032 0.062379
1 0.372805 0.749611 0.038199 0.057465
1 0.450566 0.754454 0.036450 0.047862
1 0.174805 0.794955 0.024777 0.064164
1 0.225590 0.785713 0.029224 0.053997
1 0.277108 0.783194 0.036158 0.064021
1 0.441072 0.147381 0.031190 0.056716
1 0.348886 0.755161 0.037152 0.057247
1 0.258866 0.681201 0.028921 0.068376
1 0.548453 0.137987 0.025896 0.046393
1 0.361723 0.150509 0.028694 0.056471
1 0.597027 0.134847 0.025719 0.052182
1 0.572213 0.138515 0.024025 0.046050
1 0.199528 0.645316 0.026981 0.066182
1 0.522979 0.140976 0.030273 0.059157
1 0.243878 0.284951 0.024683 0.063234
0 0.200450 0.232850 0.020370 0.022720
1 0.348769 0.754490 0.036707 0.056753
0 0.317234 0.226302 0.023085 0.027215
1 0.487053 0.743224 0.038667 0.052399
0 0.396548 0.220285 0.019732 0.024111
1 0.412705 0.146017 0.025661 0.045444
1 0.224512 0.642833 0.028309 0.064699
1 0.385017 0.632764 0.028836 0.061845
0 0.351068 0.289103 0.020801 0.023359
0 0.800027 0.451535 0.031397 0.014308
1 0.491879 0.145423 0.024107 0.043043
0 0.257341 0.229112 0.020389 0.025922
0 0.293392 0.228726 0.018296 0.023812
0 0.643465 0.349335 0.036124 0.033989
