1 0.475206 0.838537 0.036925 0.066964
1 0.189827 0.868234 0.038507 0.068289
1 0.452343 0.835399 0.041366 0.067852
1 0.740106 0.808481 0.038905 0.072093
1 0.367436 0.850771 0.035959 0.065625
1 0.343398 0.849942 0.037354 0.065801
1 0.519834 0.833361 0.035255 0.064643
1 0.339965 0.690218 0.052167 0.033117
1 0.806001 0.801219 0.038263 0.063533
1 0.254045 0.862291 0.037467 0.070709
1 0.829307 0.797477 0.040261 0.071468
1 0.848566 0.792673 0.040741 0.072149
1 0.275322 0.858740 0.043074 0.074590
1 0.696101 0.814263 0.037166 0.061778
1 0.409053 0.848290 0.039042 0.064424
1 0.121845 0.873146 0.037341 0.066428
1 0.543260 0.832835 0.037837 0.063822
1 0.564795 0.829912 0.037977 0.063306
1 0.603853 0.660668 0.018742 0.064091
1 0.430594 0.845230 0.037403 0.065540
1 0.782982 0.803250 0.039293 0.066832
1 0.386625 0.847383 0.036502 0.065909
1 0.653463 0.822463 0.037825 0.065735
1 0.872499 0.791346 0.037878 0.063699
1 0.298203 0.854063 0.042783 0.076708
1 0.235666 0.867796 0.036340 0.067215
1 0.674232 0.817887 0.036155 0.062373
1 0.497976 0.837231 0.036309 0.067181
1 0.584894 0.826890 0.042490 0.072091
1 0.718944 0.810924 0.036823 0.063580
1 0.669199 0.657226 0.020884 0.071712
1 0.100569 0.875333 0.036474 0.065830
1 0.166130 0.870080 0.036336 0.068918
1 0.649775 0.657401 0.021069 0.068886
1 0.630386 0.823266 0.036707 0.065158
1 0.608955 0.826144 0.036382 0.070696
1 0.289889 0.733078 0.029902 0.065930
1 0.688694 0.656896 0.020439 0.071160
1 0.701258 0.911469 0.058002 0.020084
1 0.621982 0.660468 0.017354 0.066936
1 0.584348 0.663231 0.020051 0.066267
1 0.463283 0.675945 0.022262 0.062099
1 0.763996 0.809048 0.036325 0.065157
1 0.320417 0.852857 0.040989 0.073005
