2 0.699034 0.765447 0.048046 0.040680
2 0.097149 0.136754 0.048543 0.043327
2 0.403699 0.341817 0.041961 0.036665
2 0.900134 0.889107 0.051450 0.045762
2 0.320576 0.501314 0.051170 0.044759
2 0.787681 0.810677 0.051756 0.042090
2 0.082974 0.179960 0.061143 0.045203
2 0.843983 0.850096 0.049503 0.043255
2 0.666540 0.742451 0.061011 0.050230
2 0.872127 0.871599 0.049646 0.042753
2 0.077185 0.221683 0.060107 0.046012
2 0.465513 0.596895 0.064563 0.052822
2 0.852106 0.770678 0.050616 0.042221
2 0.355745 0.319097 0.064657 0.056305
2 0.092984 0.099901 0.062444 0.044730
2 0.749677 0.703257 0.048660 0.039065
2 0.534468 0.426303 0.038795 0.033644
2 0.631451 0.722609 0.069582 0.061035
2 0.927420 0.913236 0.048813 0.040333
2 0.598082 0.696343 0.063917 0.053577
2 0.199040 0.081170 0.066437 0.052424
2 0.329537 0.297871 0.060272 0.050350
