11 0.920312 0.795312 0.109375 0.043750
11 0.921875 0.836719 0.106250 0.042188
11 0.873437 0.703906 0.153125 0.054688
11 0.814063 0.871875 0.156250 0.056250
11 0.718750 0.780469 0.121875 0.042188
11 0.947656 0.900781 0.104688 0.048438
11 0.590625 0.765625 0.118750 0.056250
11 0.722656 0.736719 0.132812 0.051562
11 0.601562 0.810937 0.156250 0.050000
11 0.668750 0.950781 0.125000 0.054688
11 0.735156 0.692187 0.142187 0.056250
10 0.982812 0.848437 0.034375 0.040625
11 0.948438 0.755469 0.103125 0.042188
