12 0.362500 0.440625 0.093750 0.053125
12 0.358594 0.623437 0.092188 0.050000
12 0.794531 0.632031 0.089063 0.045312
12 0.363281 0.385937 0.089063 0.053125
12 0.366406 0.508594 0.095312 0.051562
12 0.696094 0.635156 0.092188 0.048438
12 0.972656 0.948438 0.054688 0.050000
12 0.600000 0.635938 0.093750 0.053125
12 0.361719 0.561719 0.092188 0.051562
12 0.364844 0.330469 0.092188 0.051562
12 0.972656 0.985938 0.054688 0.028125
12 0.599219 0.127344 0.089063 0.051562
12 0.784375 0.082812 0.087500 0.043750
12 0.379688 0.024219 0.093750 0.045312
12 0.597656 0.546094 0.092188 0.051562
12 0.365625 0.279687 0.093750 0.050000
12 0.599219 0.378125 0.089063 0.050000
12 0.599219 0.252344 0.089063 0.048438
12 0.789844 0.376563 0.085938 0.050000
12 0.598437 0.504687 0.090625 0.053125
12 0.600000 0.589063 0.090625 0.053125
12 0.690625 0.125000 0.090625 0.050000
12 0.691406 0.082812 0.089063 0.046875
12 0.792188 0.504687 0.093750 0.050000
12 0.696094 0.504687 0.092188 0.050000
12 0.598437 0.083594 0.087500 0.051562
12 0.794531 0.588281 0.092188 0.048438
12 0.790625 0.416406 0.087500 0.048438
12 0.782813 0.124219 0.093750 0.048438
12 0.785156 0.293750 0.085938 0.046875
12 0.366406 0.221094 0.095312 0.054688
12 0.783594 0.167187 0.089063 0.046875
12 0.696094 0.549219 0.092188 0.051562
12 0.372656 0.110156 0.098437 0.054688
12 0.600000 0.460938 0.087500 0.050000
12 0.698438 0.378906 0.090625 0.051562
12 0.693750 0.210156 0.087500 0.048438
12 0.694531 0.299219 0.089063 0.048438
12 0.599219 0.418750 0.089063 0.050000
12 0.369531 0.164844 0.095312 0.054688
12 0.790625 0.459375 0.090625 0.050000
12 0.598437 0.335938 0.087500 0.046875
12 0.786719 0.333594 0.085938 0.048438
12 0.599219 0.210156 0.089063 0.048438
12 0.698438 0.421094 0.087500 0.048438
12 0.600781 0.295312 0.089063 0.046875
12 0.784375 0.251563 0.087500 0.050000
12 0.697656 0.592969 0.092188 0.048438
12 0.598437 0.169531 0.087500 0.048438
12 0.697656 0.460938 0.089063 0.050000
12 0.694531 0.256250 0.089063 0.050000
13 0.901563 0.716406 0.040625 0.098437
12 0.360156 0.678125 0.092188 0.050000
