12 0.485938 0.399219 0.062500 0.057813
12 0.464062 0.428125 0.062500 0.056250
12 0.440625 0.464062 0.059375 0.059375
12 0.422656 0.495312 0.060937 0.059375
12 0.375000 0.625000 0.062500 0.062500
12 0.646875 0.854688 0.059375 0.059375
12 0.603906 0.883594 0.057813 0.064062
12 0.324219 0.697656 0.057813 0.060937
12 0.255469 0.697656 0.057813 0.064062
12 0.202344 0.735938 0.060937 0.059375
12 0.268750 0.776563 0.059375 0.056250
12 0.146094 0.853906 0.060937 0.057813
12 0.128906 0.890625 0.060937 0.056250
12 0.206250 0.891406 0.059375 0.060937
12 0.174219 0.956250 0.060937 0.056250
12 0.160156 0.981250 0.060937 0.034375
12 0.110156 0.924219 0.060937 0.057813
12 0.071875 0.984375 0.059375 0.028125
12 0.090625 0.960938 0.062500 0.056250
