11 0.069531 0.812500 0.098437 0.084375
10 0.011719 0.125000 0.020313 0.046875
10 0.023438 0.099219 0.043750 0.054688
10 0.043750 0.085938 0.053125 0.056250
10 0.092969 0.044531 0.054688 0.057813
10 0.117188 0.028125 0.053125 0.053125
10 0.150781 0.015625 0.045312 0.028125
10 0.332813 0.249219 0.056250 0.051562
10 0.304688 0.274219 0.053125 0.057813
10 0.273438 0.295312 0.053125 0.056250
10 0.158594 0.377344 0.048438 0.051562
10 0.133594 0.392969 0.054688 0.051562
10 0.108594 0.414844 0.051562 0.054688
10 0.082812 0.431250 0.053125 0.056250
10 0.061719 0.450000 0.057813 0.056250
10 0.035937 0.469531 0.053125 0.051562
10 0.015625 0.492969 0.028125 0.051562
