12 0.097656 0.096094 0.076563 0.098437
12 0.386719 0.735938 0.070312 0.090625
11 0.582031 0.225781 0.079687 0.095312
12 0.057813 0.191406 0.071875 0.095312
12 0.186719 0.546094 0.070312 0.098437
12 0.378906 0.186719 0.098437 0.073438
12 0.310937 0.902344 0.075000 0.098437
12 0.321875 0.282813 0.071875 0.093750
12 0.260937 0.439063 0.071875 0.093750
12 0.217188 0.860938 0.071875 0.096875
12 0.150781 0.639844 0.070312 0.098437
12 0.111719 0.717969 0.070312 0.098437
12 0.071094 0.799219 0.070312 0.098437
13 0.728906 0.682813 0.129688 0.165625
