11 0.567187 0.643750 0.043750 0.100000
11 0.381250 0.635938 0.043750 0.103125
11 0.516406 0.641406 0.035937 0.092188
11 0.326562 0.643750 0.043750 0.125000
11 0.264844 0.643750 0.032813 0.106250
11 0.725000 0.532813 0.043750 0.100000
11 0.464844 0.640625 0.039062 0.103125
10 0.620313 0.543750 0.034375 0.059375
10 0.664844 0.542969 0.032813 0.057813
11 0.887500 0.971875 0.090625 0.034375
11 0.886719 0.925781 0.092188 0.039062
11 0.888281 0.872656 0.092188 0.039062
13 0.778125 0.637500 0.034375 0.093750
11 0.617188 0.646875 0.043750 0.100000
11 0.664062 0.640625 0.043750 0.100000
