10 0.858594 0.926562 0.051562 0.068750
13 0.498437 0.286719 0.062500 0.067187
11 0.940625 0.585938 0.075000 0.100000
10 0.660937 0.682031 0.062500 0.064062
10 0.662500 0.681250 0.062500 0.065625
11 0.972656 0.632812 0.054688 0.084375
10 0.638281 0.772656 0.057813 0.064062
10 0.755469 0.849219 0.054688 0.060937
10 0.832812 0.807031 0.062500 0.064062
10 0.622656 0.662500 0.060937 0.062500
10 0.410938 0.796875 0.112500 0.140625
10 0.541406 0.694531 0.054688 0.064062
10 0.678125 0.808594 0.062500 0.060937
10 0.788281 0.866406 0.060937 0.064062
11 0.665625 0.375781 0.081250 0.092188
10 0.343750 0.544531 0.059375 0.064062
10 0.594531 0.631250 0.057813 0.065625
11 0.953906 0.946875 0.092188 0.106250
10 0.818750 0.896094 0.062500 0.070312
10 0.697656 0.706250 0.064062 0.065625
10 0.767188 0.756250 0.059375 0.062500
10 0.609375 0.750000 0.059375 0.065625
11 0.908594 0.549219 0.082812 0.098437
10 0.734375 0.732812 0.059375 0.065625
11 0.861719 0.525781 0.085938 0.101562
10 0.720313 0.817187 0.062500 0.065625
11 0.824219 0.495312 0.085938 0.103125
10 0.579688 0.721094 0.062500 0.064062
11 0.695312 0.406250 0.100000 0.106250
11 0.728125 0.432031 0.087500 0.098437
11 0.772656 0.460156 0.089063 0.104688
11 0.465625 0.619531 0.078125 0.098437
11 0.518750 0.647656 0.078125 0.098437
10 0.907813 0.862500 0.059375 0.068750
11 0.935156 0.913281 0.107813 0.135937
11 0.489063 0.850781 0.106250 0.151562
11 0.491406 0.941406 0.110937 0.117188
11 0.584375 0.911719 0.112500 0.139063
11 0.671875 0.953125 0.096875 0.093750
