11 0.935937 0.034375 0.040625 0.065625
10 0.555469 0.235156 0.029687 0.057813
10 0.463281 0.517188 0.051562 0.028125
11 0.693750 0.393750 0.062500 0.031250
11 0.845313 0.031250 0.037500 0.059375
10 0.557813 0.082812 0.031250 0.090625
11 0.464062 0.517188 0.053125 0.028125
10 0.649219 0.543750 0.054688 0.028125
11 0.658594 0.012500 0.035937 0.021875
11 0.464062 0.479687 0.068750 0.031250
11 0.971094 0.039062 0.045312 0.075000
11 0.485938 0.246094 0.087500 0.035937
10 0.722656 0.065625 0.051562 0.028125
11 0.489063 0.407813 0.062500 0.031250
11 0.489063 0.365625 0.059375 0.031250
10 0.692969 0.353906 0.057813 0.029687
11 0.682813 0.434375 0.068750 0.037500
11 0.721875 0.184375 0.068750 0.037500
10 0.482031 0.446875 0.051562 0.028125
11 0.801562 0.031250 0.037500 0.059375
