11 0.960938 0.196094 0.078125 0.042188
11 0.961719 0.242969 0.076563 0.042188
11 0.451562 0.464062 0.096875 0.093750
11 0.115625 0.734375 0.071875 0.121875
11 0.286719 0.679688 0.064062 0.100000
11 0.316406 0.664062 0.067187 0.103125
11 0.203125 0.701562 0.062500 0.121875
11 0.031250 0.375781 0.059375 0.142187
11 0.156250 0.716406 0.071875 0.120313
11 0.443750 0.625781 0.071875 0.104688
11 0.357812 0.642188 0.071875 0.118750
11 0.044531 0.778906 0.070312 0.107813
11 0.392969 0.631250 0.073438 0.112500
11 0.403125 0.474219 0.093750 0.095312
11 0.247656 0.696094 0.067187 0.120313
11 0.513281 0.592187 0.070312 0.106250
11 0.292187 0.531250 0.121875 0.112500
11 0.251563 0.554688 0.118750 0.103125
11 0.131250 0.610156 0.121875 0.092188
10 0.484375 0.781250 0.053125 0.071875
10 0.448437 0.796875 0.053125 0.071875
10 0.409375 0.817187 0.053125 0.071875
10 0.368750 0.828125 0.053125 0.071875
10 0.343750 0.850000 0.053125 0.071875
10 0.275000 0.867188 0.053125 0.071875
10 0.235937 0.879687 0.053125 0.071875
10 0.196875 0.893750 0.046875 0.068750
10 0.164062 0.906250 0.053125 0.071875
10 0.134375 0.920312 0.053125 0.071875
10 0.100000 0.925000 0.053125 0.071875
10 0.064062 0.943750 0.053125 0.071875
10 0.031250 0.951562 0.053125 0.071875
11 0.078906 0.766406 0.070312 0.107813
