12 0.246875 0.582031 0.143750 0.260937
11 0.907031 0.325000 0.079687 0.118750
11 0.968750 0.307812 0.062500 0.143750
11 0.714844 0.400781 0.079687 0.120313
11 0.844531 0.057031 0.057813 0.110937
11 0.254688 0.022656 0.121875 0.042188
11 0.796094 0.072656 0.054688 0.123438
11 0.940625 0.317969 0.084375 0.135937
11 0.825000 0.353125 0.078125 0.109375
11 0.750781 0.080469 0.057813 0.129688
11 0.283594 0.087500 0.110937 0.068750
11 0.867969 0.337500 0.076563 0.115625
11 0.618750 0.429688 0.068750 0.109375
11 0.708594 0.092969 0.057813 0.142187
11 0.609375 0.142969 0.068750 0.142187
11 0.296094 0.118750 0.114062 0.065625
11 0.669531 0.414062 0.076563 0.115625
11 0.268750 0.046094 0.112500 0.070312
11 0.313281 0.157812 0.114062 0.071875
11 0.658594 0.117188 0.060937 0.143750
11 0.321094 0.552344 0.145313 0.260937
11 0.360156 0.525000 0.139063 0.262500
